1670627833980 0.046285714285714284 0
1670627838931 0.04214285714285714 0
1670627843881 0.039857142857142855 0
1670627848525 0.04471428571428571 0
1670627853673 0.040285714285714286 0
1670627858424 0.043 0
1670627863131 0.04342857142857143 0
1670627868047 0.048857142857142856 0
1670627872917 0.039857142857142855 0
1670627878922 0.04471428571428571 0
1670627884624 0.04042857142857143 0
1670627890234 0.05085714285714286 0
1670627896116 0.047714285714285716 0
1670627902059 0.04128571428571429 0
1670627908012 0.04528571428571428 0
1670627914804 0.04428571428571428 0
1670627921621 0.04271428571428571 0
1670627928407 0.04757142857142857 0
1670627935131 0.04585714285714286 0
1670627941846 0.039857142857142855 0
1670627948603 0.03757142857142857 0
1670627955354 0.04342857142857143 0
1670627961863 0.046142857142857145 0
1670627968569 0.04185714285714286 0
1670627975390 0.04657142857142857 0
1670627982147 0.04471428571428571 0
1670627988691 0.04428571428571428 0
1670627995530 0.045142857142857144 0
1670628002268 0.04057142857142857 0
1670628009013 0.04485714285714286 0
1670628015994 0.04985714285714286 0
1670628022746 0.04228571428571429 0
1670628029483 0.04528571428571428 0
1670628036315 0.04757142857142857 0
1670628043173 0.04557142857142857 0
1670628050091 0.046 0
1670628056829 0.04757142857142857 0
1670628063512 0.04214285714285714 0
1670628070160 0.04985714285714286 0
1670628076897 0.04171428571428572 0
1670628083592 0.04071428571428572 0
1670628090269 0.04542857142857143 0
1670628096996 0.046142857142857145 0
1670628103689 0.04328571428571429 0
1670628110232 0.052 0
1670628116889 0.047285714285714285 0
1670628123532 0.04228571428571429 0
1670628130208 0.045714285714285714 0
1670628137007 0.04814285714285714 0
1670628143522 0.051 0
1670628150084 0.04185714285714286 0
1670628156577 0.043 0
1670628163082 0.046 0
1670628169586 0.038142857142857145 0
1670628176077 0.046714285714285715 0
1670628182583 0.05 0
1670628189066 0.039714285714285716 0
1670628195475 0.04485714285714286 0
1670628202013 0.052714285714285714 0
1670628208811 0.045142857142857144 0
1670628215737 0.04528571428571428 0
1670628222693 0.046142857142857145 0
1670628229623 0.04471428571428571 0
1670628236449 0.048 0
1670628243139 0.046857142857142854 0
1670628249790 0.043 0
1670628256282 0.04414285714285714 0
1670628260545 0.04257142857142857 0
1670628267148 0.046 0
1670628273814 0.04914285714285714 0
1670628280685 0.042 0
1670628287491 0.04157142857142857 0
1670628294470 0.048285714285714286 0
1670628301428 0.039714285714285716 0
1670628308301 0.047142857142857146 0
1670628315203 0.04014285714285714 0
1670628322222 0.04957142857142857 0
1670628329113 0.04371428571428571 0
1670628336157 0.051 0
1670628343242 0.04485714285714286 0
1670628349979 0.05085714285714286 0
1670628356609 0.04414285714285714 0
1670628363410 0.04428571428571428 0
1670628370207 0.04357142857142857 0
1670628376684 0.04528571428571428 0
1670628383477 0.04357142857142857 0
1670628389803 0.05071428571428571 0
1670628396263 0.04042857142857143 0
1670628402826 0.046857142857142854 0
1670628409551 0.04157142857142857 0
1670628416468 0.03942857142857143 0
1670628423373 0.045 0
1670628430008 0.04285714285714286 0
1670628436346 0.04057142857142857 0
1670628442745 0.04542857142857143 0
1670628449071 0.04057142857142857 0
1670628455553 0.045142857142857144 0
1670628461664 0.04228571428571429 0
1670628467841 0.044571428571428574 0
1670628474332 0.04257142857142857 0
1670628480488 0.044571428571428574 0
1670628486486 0.042 0
1670628493366 0.04357142857142857 0
