1670576373853 0.0 0
1670576375006 0.0 0
1670576376003 0.0 0
1670576377250 0.0 0
1670576378207 0.0 0
1670576379332 0.0 0
1670576380397 0.0 0
1670576381599 0.0 0
1670576382845 0.0 0
1670576384608 0.0 0
1670576385727 0.0 0
1670576387351 0.0 0
1670576388636 0.0 0
1670576389962 0.0 0
1670576391412 0.0 0
1670576393027 0.0 0
1670576394515 0.0 0
1670576396009 0.0 0
1670576397109 0.0 0
1670576398711 0.0 0
1670576400361 0.0 0
1670576401604 0.0 0
1670576402922 0.0 0
1670576404352 0.0 0
1670576405982 0.0 0
1670576406961 0.0 0
1670576408141 0.0 0
1670576409754 0.0 0
1670576411394 0.0 0
1670576412813 0.0 0
1670576414218 0.0 0
1670576415431 0.0 0
1670576417387 0.0 0
1670576418733 0.0 0
1670576420334 0.0 0
1670576421704 0.0 0
1670576423329 0.0 0
1670576424403 0.0 0
1670576425703 0.0 0
1670576426977 0.0 0
1670576428268 0.0 0
1670576429867 0.0 0
1670576431201 0.0 0
1670576432793 0.0 0
1670576433986 0.0 0
1670576435289 0.0 0
1670576436450 0.0 0
1670576437795 0.0 0
1670576438778 0.0 0
1670576440125 0.0 0
1670576441356 0.0 0
1670576442699 0.0 0
1670576443693 0.0 0
1670576445002 0.0 0
1670576446175 0.0 0
1670576447536 0.0 0
1670576448716 0.0 0
1670576449955 0.0 0
1670576451253 0.0 0
1670576452907 0.0 0
1670576454237 0.0 0
1670576455731 0.0 0
1670576457026 0.0 0
1670576458348 0.0 0
1670576459760 0.0 0
1670576460834 0.0 0
1670576462352 0.0 0
1670576463708 0.0 0
1670576464960 0.0 0
1670576466110 0.0 0
1670576467376 0.0 0
1670576468491 0.0 0
1670576469773 0.0 0
1670576471279 0.0 0
1670576472438 0.0 0
1670576474035 0.0 0
1670576475566 0.0 0
1670576477265 0.0 0
1670576478382 0.0 0
1670576479490 0.0 0
1670576480772 0.0 0
1670576481989 0.0 0
1670576483365 0.0 0
1670576484763 0.0 0
1670576486069 0.0 0
1670576487372 0.0 0
1670576488895 0.0 0
1670576490167 0.0 0
1670576491606 0.0 0
1670576493138 0.0 0
1670576494513 0.0 0
1670576495911 0.0 0
1670576497093 0.0 0
1670576498195 0.0 0
1670576499321 0.0 0
1670576500186 0.0 0
1670576501408 0.0 0
1670576502743 0.0 0
1670576503915 0.0 0
1670576504999 0.0 0
1670576506139 0.0 0
1670576507483 0.0 0
