1670592577121 0.335 0
1670592577863 0.335 0
1670592578570 0.3353333333333333 0
1670592579275 0.3363333333333333 0
1670592580110 0.336 0
1670592580824 0.33566666666666667 0
1670592581606 0.335 0
1670592582372 0.3353333333333333 0
1670592583363 0.3353333333333333 0
1670592584173 0.3363333333333333 0
1670592584860 0.3353333333333333 0
1670592585538 0.335 0
1670592586240 0.3363333333333333 0
1670592587177 0.335 0
1670592588231 0.33666666666666667 0
1670592589190 0.3353333333333333 0
1670592589902 0.33566666666666667 0
1670592590993 0.3353333333333333 0
1670592591905 0.335 0
1670592592578 0.335 0
1670592593402 0.337 0
1670592594220 0.33566666666666667 0
1670592594944 0.33666666666666667 0
1670592595748 0.3373333333333333 0
1670592596708 0.337 0
1670592597466 0.337 0
1670592598389 0.3363333333333333 0
1670592599096 0.3373333333333333 0
1670592599779 0.334 0
1670592600459 0.335 0
1670592601640 0.33566666666666667 0
1670592602491 0.337 0
1670592603205 0.336 0
1670592604088 0.33366666666666667 0
1670592604820 0.335 0
1670592605633 0.335 0
1670592606372 0.33466666666666667 0
1670592607153 0.336 0
1670592608070 0.3343333333333333 0
1670592608736 0.336 0
1670592609414 0.3363333333333333 0
1670592610131 0.3343333333333333 0
1670592610818 0.334 0
1670592611538 0.338 0
1670592612274 0.335 0
1670592612990 0.3343333333333333 0
1670592613868 0.336 0
1670592614859 0.3353333333333333 0
1670592615569 0.3353333333333333 0
1670592616264 0.335 0
1670592616986 0.3363333333333333 0
1670592617734 0.3353333333333333 0
1670592618654 0.3353333333333333 0
1670592619444 0.33666666666666667 0
1670592620270 0.336 0
1670592621030 0.336 0
1670592621861 0.336 0
1670592622914 0.3353333333333333 0
1670592623783 0.33466666666666667 0
1670592624471 0.33466666666666667 0
1670592625182 0.33566666666666667 0
1670592625962 0.33466666666666667 0
1670592626654 0.3343333333333333 0
1670592627425 0.33466666666666667 0
1670592628141 0.33666666666666667 0
1670592629328 0.3363333333333333 0
1670592630111 0.3353333333333333 0
1670592630949 0.3353333333333333 0
1670592631657 0.335 0
1670592632358 0.3353333333333333 0
1670592633211 0.33566666666666667 0
1670592633946 0.33466666666666667 0
1670592634882 0.335 0
1670592635567 0.3353333333333333 0
1670592636397 0.33566666666666667 0
1670592637301 0.336 0
1670592637982 0.3363333333333333 0
1670592638784 0.3343333333333333 0
1670592639482 0.33466666666666667 0
1670592640305 0.33466666666666667 0
1670592641273 0.335 0
1670592642020 0.33566666666666667 0
1670592642756 0.33666666666666667 0
1670592643454 0.3353333333333333 0
1670592644383 0.335 0
1670592645264 0.3373333333333333 0
1670592646175 0.3353333333333333 0
1670592646955 0.33566666666666667 0
1670592647979 0.33566666666666667 0
1670592648670 0.33566666666666667 0
1670592649530 0.335 0
1670592650479 0.335 0
1670592651484 0.334 0
1670592652332 0.33366666666666667 0
1670592653074 0.3363333333333333 0
1670592653842 0.33666666666666667 0
1670592654682 0.3353333333333333 0
1670592655419 0.33566666666666667 0
1670592656103 0.3363333333333333 0
1670592656990 0.336 0
1670592657684 0.3343333333333333 0
1670592658421 0.33466666666666667 0
