1670570990613 0.0006666666666666666 0
1670570991159 0.0023333333333333335 0
1670570992089 0.0016666666666666668 0
1670570992724 0.002 0
1670570993309 0.0016666666666666668 0
1670570993885 0.001 0
1670570994479 0.002 0
1670570995153 0.0013333333333333333 0
1670570996087 0.0006666666666666666 0
1670570996724 0.0023333333333333335 0
1670570997225 0.001 0
1670570998152 0.001 0
1670570998696 0.0013333333333333333 0
1670570999432 0.0006666666666666666 0
1670571000045 0.0013333333333333333 0
1670571000846 0.0016666666666666668 0
1670571001382 0.002 0
1670571002043 0.0016666666666666668 0
1670571002815 0.0013333333333333333 0
1670571003596 0.0013333333333333333 0
1670571004355 0.0013333333333333333 0
1670571005048 0.0023333333333333335 0
1670571005722 0.001 0
1670571006824 0.001 0
1670571007406 0.0013333333333333333 0
1670571008272 0.0013333333333333333 0
1670571008727 0.001 0
1670571009423 0.0013333333333333333 0
1670571010051 0.0003333333333333333 0
1670571010578 0.0006666666666666666 0
1670571011185 0.002 0
1670571011934 0.0033333333333333335 0
1670571012692 0.0013333333333333333 0
1670571013482 0.001 0
1670571014484 0.001 0
1670571014908 0.001 0
1670571015330 0.001 0
1670571016105 0.002 0
1670571016977 0.0013333333333333333 0
1670571017786 0.0016666666666666668 0
1670571018480 0.001 0
1670571019286 0.002 0
1670571020177 0.0026666666666666666 0
1670571020951 0.0013333333333333333 0
1670571022072 0.002 0
1670571022647 0.0023333333333333335 0
1670571023639 0.0023333333333333335 0
1670571024513 0.0013333333333333333 0
1670571025475 0.0016666666666666668 0
1670571026458 0.001 0
1670571027328 0.0003333333333333333 0
1670571028227 0.002 0
1670571029091 0.0003333333333333333 0
1670571030083 0.0023333333333333335 0
1670571030979 0.002 0
1670571032085 0.0016666666666666668 0
1670571033014 0.001 0
1670571033724 0.0026666666666666666 0
1670571034520 0.0016666666666666668 0
1670571035513 0.0023333333333333335 0
1670571036395 0.0013333333333333333 0
1670571037478 0.0023333333333333335 0
1670571038232 0.001 0
1670571038968 0.001 0
1670571039793 0.0023333333333333335 0
1670571040245 0.0013333333333333333 0
1670571040848 0.0016666666666666668 0
1670571041776 0.001 0
1670571042688 0.0016666666666666668 0
1670571043720 0.001 0
1670571044575 0.001 0
1670571045299 0.001 0
1670571045788 0.0026666666666666666 0
1670571046207 0.001 0
1670571046643 0.0023333333333333335 0
1670571047071 0.001 0
1670571047490 0.0016666666666666668 0
1670571047950 0.0013333333333333333 0
1670571048364 0.002 0
1670571048851 0.001 0
1670571049348 0.001 0
1670571050003 0.0016666666666666668 0
1670571050946 0.0013333333333333333 0
1670571051897 0.002 0
1670571052895 0.001 0
1670571053779 0.0013333333333333333 0
1670571054758 0.0016666666666666668 0
1670571055469 0.0006666666666666666 0
1670571056097 0.0026666666666666666 0
1670571056866 0.001 0
1670571057656 0.002 0
1670571058208 0.0006666666666666666 0
1670571059027 0.0013333333333333333 0
1670571059965 0.0006666666666666666 0
1670571060926 0.0023333333333333335 0
1670571061644 0.0016666666666666668 0
1670571062199 0.002 0
1670571063011 0.001 0
1670571063826 0.001 0
1670571064508 0.0006666666666666666 0
1670571065335 0.001 0
1670571066065 0.001 0
1670571066999 0.001 0
1670571067780 0.001 0
