1670570991160 0.021177007894053496 0
1670570992090 0.005894073941817278 0
1670570992725 0.0039692079087261 0
1670570993310 0.0030972541805135935 0
1670570993886 0.0029127659880412754 0
1670570994481 0.0026774168392266666 0
1670570995154 0.0024611789524206056 0
1670570996088 0.002624111682426519 0
1670570996726 0.0027019918285013864 0
1670570997226 0.0026393074808013918 0
1670570998154 0.002573632145373704 0
1670570998697 0.002453063732459651 0
1670570999434 0.00250516260146784 0
1670571000046 0.0024039760972166223 0
1670571000847 0.002329474893776117 0
1670571001383 0.0023217934485003943 0
1670571002044 0.0022552943461429014 0
1670571002816 0.002189270221008551 0
1670571003597 0.0021287654125652588 0
1670571004356 0.002073047140740537 0
1670571005049 0.0021610878467437627 0
1670571005723 0.0021472786887316367 0
1670571006826 0.0021315490529811073 0
1670571007407 0.002085615763241482 0
1670571008273 0.0020425425652788884 0
1670571008728 0.002028883289898282 0
1670571009424 0.0019898273106466993 0
1670571010052 0.0021132786111507833 0
1670571010579 0.002050314368748217 0
1670571011187 0.0020657684471605186 0
1670571011935 0.002432196500263763 0
1670571012693 0.002396084126542298 0
1670571013484 0.0023780478995487405 0
1670571014486 0.002359943075334358 0
1670571014911 0.002341841708859019 0
1670571015334 0.0023238016517998917 0
1670571016106 0.002325018143027901 0
1670571016985 0.0022954284896307096 0
1670571017787 0.00227234700214331 0
1670571018481 0.0022580046597081684 0
1670571019287 0.0022597476061794403 0
1670571020178 0.0023529851618010736 0
1670571020966 0.002326956909159455 0
1670571022073 0.002323646077171854 0
1670571022648 0.0023528417068776324 0
1670571023641 0.0023782372471581456 0
1670571024514 0.0023549543017896382 0
1670571025476 0.0023329475817502584 0
1670571026459 0.002325089743534012 0
1670571027329 0.002385041818517935 0
1670571028229 0.0023799833382628496 0
1670571029092 0.002433852001028509 0
1670571030085 0.0024563320234006437 0
1670571030980 0.002450097159428108 0
1670571032086 0.002430209102557966 0
1670571033015 0.002421231018759697 0
1670571033725 0.0024769887105486367 0
1670571034524 0.002457561500988488 0
1670571035514 0.0024733387573099537 0
1670571036396 0.0024544792219843257 0
1670571037480 0.0024689113553851894 0
1670571038233 0.0024622572001590224 0
1670571038969 0.0024553932892106113 0
1670571039795 0.002469380959924159 0
1670571040252 0.0024521087744880095 0
1670571040850 0.0024348781240792787 0
1670571041777 0.002428973169667578 0
1670571042689 0.002412498217541496 0
1670571043722 0.0024067978725807854 0
1670571044577 0.0024009231608597276 0
1670571045300 0.0023948927812483083 0
1670571045789 0.002438501110943064 0
1670571046209 0.0024326140809180635 0
1670571046644 0.0024455287228042945 0
1670571047072 0.0024399053134297223 0
1670571047491 0.0024251382845922828 0
1670571047953 0.0024106923700674397 0
1670571048378 0.0024053868174977898 0
1670571048852 0.002400455838177655 0
1670571049349 0.0023953893260364803 0
1670571050004 0.0023818995420923695 0
1670571050947 0.002368528321943195 0
1670571051903 0.0023641963137617577 0
1670571052897 0.002359730540020351 0
1670571053780 0.002346943859420807 0
1670571054760 0.0023345545128154533 0
1670571055470 0.002346581285054451 0
1670571056099 0.0023839050256073448 0
1670571056867 0.0023794435769049754 0
1670571057657 0.0023754011928896835 0
1670571058209 0.002386508033620176 0
1670571059029 0.002374478222555743 0
1670571059967 0.00238476859357078 0
1670571060927 0.0023966947141429093 0
1670571061645 0.002385242714043304 0
1670571062200 0.0023815066404315874 0
1670571063013 0.0023773311512352495 0
1670571063827 0.0023730727703987755 0
1670571064509 0.002382644163733509 0
1670571065336 0.002378026560136414 0
1670571066067 0.0023733507892851006 0
1670571067001 0.0023686219880131158 0
1670571067782 0.0023638449647755484 0
