1670589334086 0.0 0
1670589336015 0.0 0
1670589338152 0.0 0
1670589340291 0.0 0
1670589342441 0.0 0
1670589344476 0.0 0
1670589346635 0.0 0
1670589348581 0.0 0
1670589350917 0.0 0
1670589352934 0.0 0
1670589355539 0.0 0
1670589357665 0.0 0
1670589359640 0.0 0
1670589361968 0.0 0
1670589363914 0.0 0
1670589366166 0.0 0
1670589368208 0.0 0
1670589370128 0.0 0
1670589372193 0.0 0
1670589374152 0.0 0
1670589375987 0.0 0
1670589377905 0.0 0
1670589380205 0.0 0
1670589382627 0.0 0
1670589384766 0.0 0
1670589386718 0.0 0
1670589388772 0.0 0
1670589391179 0.0 0
1670589393261 0.0 0
1670589395420 0.0 0
1670589397522 0.0 0
1670589399831 0.0 0
1670589401680 0.0 0
1670589403585 0.0 0
1670589405778 0.0 0
1670589407856 0.0 0
1670589409928 0.0 0
1670589412277 0.0 0
1670589414144 0.0 0
1670589416277 0.0 0
1670589418195 0.0 0
1670589420082 0.0 0
1670589422383 0.0 0
1670589424316 0.0 0
1670589426288 0.0 0
1670589428237 0.0 0
1670589430177 0.0 0
1670589431884 0.0 0
1670589433767 0.0 0
1670589435811 0.0 0
1670589437645 0.0 0
1670589439720 0.0 0
1670589441714 0.0 0
1670589443521 0.0 0
1670589445450 0.0 0
1670589447582 0.0 0
1670589449600 0.0 0
1670589451577 0.0 0
1670589453653 0.0 0
1670589455603 0.0 0
1670589457507 0.0 0
1670589459259 0.0 0
1670589461007 0.0 0
1670589463038 0.0 0
1670589464814 0.0 0
1670589466747 0.0 0
1670589468814 0.0 0
1670589470646 0.0 0
1670589472480 0.0 0
1670589474499 0.0 0
1670589476492 0.0 0
1670589478100 0.0 0
1670589480213 0.0 0
1670589482098 0.0 0
1670589484074 0.0 0
1670589485955 0.0 0
1670589487648 0.0 0
1670589489290 0.0 0
1670589490914 0.0 0
1670589492644 0.0 0
1670589494337 0.0 0
1670589496087 0.0 0
1670589497843 0.0 0
1670589499434 0.0 0
1670589501058 0.0 0
1670589502746 0.0 0
1670589504445 0.0 0
1670589506538 0.0 0
1670589508459 0.0 0
1670589510497 0.0 0
1670589512382 0.0 0
1670589514362 0.0 0
1670589516336 0.0 0
1670589518020 0.0 0
1670589519700 0.0 0
1670589521940 0.0 0
1670589523936 0.0 0
1670589525736 0.0 0
1670589527595 0.0 0
1670589529385 0.0 0
1670589531337 0.0 0
1670589533035 0.0 0
