1670599295385 0.0012706204736432102 0
1670599297695 0.001462620682002057 0
1670599300429 0.0013121562264543684 0
1670599302871 0.001029907707171633 0
1670599305670 0.0009108553248927305 0
1670599308303 0.0009379647820882088 0
1670599310911 0.0009290746803174339 0
1670599313926 0.0008544171675114106 0
1670599316718 0.0008354682674688889 0
1670599319287 0.00078554936961434 0
1670599321539 0.0010650736768914185 0
1670599324289 0.0011267972774917253 0
1670599326716 0.0010815061941073841 0
1670599329088 0.0010374108520009064 0
1670599331488 0.0010050496572132145 0
1670599334061 0.0010876841278014513 0
1670599336891 0.0010763097846982698 0
1670599339559 0.0010494711999110844 0
1670599342219 0.0010245133607145649 0
1670599345062 0.0010106470923479092 0
1670599347780 0.0010492171315670778 0
1670599350399 0.001023321896951607 0
1670599353279 0.0012458546633252725 0
1670599355692 0.0012229430604695482 0
1670599357865 0.0012040379231480795 0
1670599360425 0.0011841202924256279 0
1670599362910 0.0011881252522369322 0
1670599365067 0.0011839695430561751 0
1670599367545 0.0011297737461497775 0
1670599369842 0.0011390266737991237 0
1670599372639 0.0011341465853194634 0
1670599375079 0.0011300260011031663 0
1670599378127 0.0011177974034254435 0
1670599380504 0.0011593815764968274 0
1670599383427 0.0011434160214105523 0
1670599386634 0.0011834471095302094 0
1670599389166 0.0011714906857860368 0
1670599391694 0.0011603686095313993 0
1670599394468 0.001178588778821093 0
1670599397424 0.0011681403971762535 0
1670599400622 0.0011546369814679088 0
1670599403744 0.0011502929045294282 0
1670599406993 0.0011543164651387204 0
1670599409988 0.0011439571676492594 0
1670599412771 0.0011511708678931883 0
1670599415620 0.0011467191971410997 0
1670599418429 0.0011532729185548087 0
1670599421130 0.0011696211880210825 0
1670599424119 0.0011581778606264486 0
1670599427255 0.001147063655793405 0
1670599430528 0.0011389605322684234 0
1670599433445 0.0011360163889645048 0
1670599436033 0.0011258199817002507 0
1670599438925 0.0011158928325006798 0
1670599441955 0.0011087230594797424 0
1670599444699 0.0011064599648572026 0
1670599447702 0.0010993936381631549 0
1670599450269 0.0010904170327473645 0
1670599453237 0.001088892835151896 0
1670599455986 0.001082566159760467 0
1670599458879 0.0010809195601071105 0
1670599461726 0.0010747149244681887 0
1670599464701 0.001098645017541465 0
1670599467208 0.0011102637045617956 0
1670599470068 0.0011035568353921406 0
1670599472999 0.001128612328786735 0
1670599475729 0.0011206921988524046 0
1670599478661 0.001118057032244977 0
1670599481586 0.0011374271902476877 0
1670599484646 0.0011322544762614596 0
1670599487880 0.0011259004263002566 0
1670599490638 0.0011186651054161045 0
1670599493681 0.0011791833629761599 0
1670599496475 0.001173525150946418 0
1670599499332 0.0011674871330920465 0
1670599502146 0.0011615317914132985 0
1670599504912 0.0011636288720383511 0
1670599507788 0.0011826070257477416 0
1670599510281 0.0011754780851577146 0
1670599513041 0.00117355618755352 0
1670599515904 0.0011666232865951954 0
1670599518780 0.0011694641205349755 0
1670599521567 0.001162671868880413 0
1670599524314 0.0011651772433662509 0
1670599527016 0.0011586161781411723 0
1670599529870 0.0011521645343455364 0
1670599532832 0.0011684967394084958 0
1670599535617 0.001162080930311598 0
1670599538610 0.0011571884546073008 0
1670599541124 0.001151027766267104 0
1670599544207 0.001153368730534381 0
1670599547146 0.001147387470233878 0
1670599550260 0.0011413990942300968 0
1670599552660 0.0011395147889395258 0
1670599555224 0.0011349328120270577 0
1670599558095 0.001129329694450134 0
1670599561363 0.0011282416487456799 0
1670599564277 0.0011226487739940914 0
1670599567138 0.001117255116359568 0
1670599569992 0.0011203595070645228 0
1670599572503 0.0011150523903469792 0
