1670567538924 0.0 0
1670567539062 0.0 0
1670567539397 0.0 0
1670567539686 0.0 0
1670567539855 0.0 0
1670567540034 0.0 0
1670567540169 0.0 0
1670567540299 0.0 0
1670567540557 0.0 0
1670567540855 0.0 0
1670567541096 0.0 0
1670567541274 0.0 0
1670567541399 0.0 0
1670567541834 0.0 0
1670567542117 0.0 0
1670567542340 0.0 0
1670567542556 0.0 0
1670567542807 0.0 0
1670567543104 0.0 0
1670567543379 0.0 0
1670567543543 0.0 0
1670567543664 0.0 0
1670567543995 0.0 0
1670567544261 0.0 0
1670567544487 0.0 0
1670567544868 0.0 0
1670567545177 0.0 0
1670567545326 0.0 0
1670567545475 0.0 0
1670567545653 0.0 0
1670567545996 0.0 0
1670567546339 0.0 0
1670567546501 0.0 0
1670567546681 0.0 0
1670567546993 0.0 0
1670567547142 0.0 0
1670567547312 0.0 0
1670567547513 0.0 0
1670567547745 0.0 0
1670567548113 0.0 0
1670567548272 0.0 0
1670567548437 0.0 0
1670567548662 0.0 0
1670567548914 0.0 0
1670567549147 0.0 0
1670567549370 0.0 0
1670567549444 0.0 0
1670567549726 0.0 0
1670567549916 0.0 0
1670567550332 0.0 0
1670567550432 0.0 0
1670567550588 0.0 0
1670567550746 0.0 0
1670567550882 0.0 0
1670567551129 0.0 0
1670567551412 0.0 0
1670567551639 0.0 0
1670567551888 0.0 0
1670567552193 0.0 0
1670567552374 0.0 0
1670567552652 0.0 0
1670567552916 0.0 0
1670567553091 0.0 0
1670567553246 0.0 0
1670567553407 0.0 0
1670567553676 0.0 0
1670567553898 0.0 0
1670567554183 0.0 0
1670567554453 0.0 0
1670567554732 0.0 0
1670567554986 0.0 0
1670567555108 0.0 0
1670567555257 0.0 0
1670567555611 0.0 0
1670567555864 0.0 0
1670567556112 0.0 0
1670567556385 0.0 0
1670567556607 0.0 0
1670567556910 0.0 0
1670567557099 0.0 0
1670567557243 0.0 0
1670567557402 0.0 0
1670567557704 0.0 0
1670567557892 0.0 0
1670567558097 0.0 0
1670567558272 0.0 0
1670567558376 0.0 0
1670567558665 0.0 0
1670567558876 0.0 0
1670567559120 0.0 0
1670567559372 0.0 0
1670567559598 0.0 0
1670567559800 0.0 0
1670567559990 0.0 0
1670567560129 0.0 0
1670567560267 0.0 0
1670567560412 0.0 0
1670567560634 0.0 0
1670567560873 0.0 0
1670567561192 0.0 0
1670567561376 0.0 0
1670567561582 0.0 0
