1670614165483 0.019333333333333334 0
1670614167478 0.025333333333333333 0
1670614169796 0.021666666666666667 0
1670614172272 0.017 0
1670614174736 0.020666666666666667 0
1670614177179 0.017333333333333333 0
1670614179603 0.017 0
1670614182249 0.023666666666666666 0
1670614184866 0.018333333333333333 0
1670614187356 0.019333333333333334 0
1670614189776 0.02033333333333333 0
1670614192438 0.022 0
1670614194993 0.019333333333333334 0
1670614197567 0.016666666666666666 0
1670614200128 0.019 0
1670614202712 0.017 0
1670614205286 0.021 0
1670614207874 0.017666666666666667 0
1670614210460 0.021666666666666667 0
1670614213096 0.022 0
1670614215678 0.018333333333333333 0
1670614218272 0.016666666666666666 0
1670614220879 0.020666666666666667 0
1670614223488 0.018666666666666668 0
1670614226069 0.018 0
1670614228622 0.015666666666666666 0
1670614230998 0.017 0
1670614233480 0.023333333333333334 0
1670614236008 0.023 0
1670614238713 0.02 0
1670614241397 0.019666666666666666 0
1670614244107 0.017 0
1670614246818 0.017 0
1670614249525 0.018333333333333333 0
1670614252125 0.02 0
1670614254608 0.021666666666666667 0
1670614257353 0.019666666666666666 0
1670614260054 0.02 0
1670614262682 0.018666666666666668 0
1670614265214 0.019333333333333334 0
1670614267984 0.017 0
1670614270739 0.022333333333333334 0
1670614273512 0.023666666666666666 0
1670614276275 0.023 0
1670614279030 0.013666666666666667 0
1670614281784 0.01633333333333333 0
1670614284573 0.014 0
1670614286255 0.018333333333333333 0
1670614287758 0.019666666666666666 0
1670614290165 0.021333333333333333 0
1670614292768 0.017333333333333333 0
1670614295496 0.014333333333333333 0
1670614298191 0.01633333333333333 0
1670614300906 0.017 0
1670614303584 0.02033333333333333 0
1670614306307 0.018666666666666668 0
1670614308992 0.016666666666666666 0
1670614311674 0.025333333333333333 0
1670614314343 0.017666666666666667 0
1670614317031 0.015666666666666666 0
1670614319646 0.016666666666666666 0
1670614322371 0.015333333333333332 0
1670614325080 0.021666666666666667 0
1670614327801 0.022 0
1670614330384 0.019 0
1670614332957 0.015333333333333332 0
1670614335502 0.019 0
1670614338002 0.021 0
1670614340481 0.017 0
1670614343002 0.020666666666666667 0
1670614345540 0.020666666666666667 0
1670614348084 0.017 0
1670614350684 0.02033333333333333 0
1670614353343 0.020666666666666667 0
1670614356073 0.02 0
1670614358781 0.014333333333333333 0
1670614361573 0.021666666666666667 0
1670614364365 0.022 0
1670614367130 0.020666666666666667 0
1670614369895 0.021666666666666667 0
1670614372674 0.021333333333333333 0
1670614375511 0.02266666666666667 0
1670614378299 0.018666666666666668 0
1670614380988 0.01633333333333333 0
1670614383682 0.019 0
1670614386439 0.01633333333333333 0
1670614389156 0.02 0
1670614391896 0.022 0
1670614394649 0.021 0
1670614397361 0.021333333333333333 0
1670614400118 0.019 0
1670614402840 0.021666666666666667 0
1670614405533 0.017 0
1670614408066 0.020666666666666667 0
1670614410109 0.023666666666666666 0
1670614412579 0.018 0
1670614414915 0.020666666666666667 0
1670614417309 0.016666666666666666 0
1670614419830 0.01633333333333333 0
1670614422285 0.021333333333333333 0
1670614424741 0.018666666666666668 0
1670614427292 0.021666666666666667 0
1670614430080 0.022 0
1670614432690 0.020666666666666667 0
1670614435259 0.02033333333333333 0
1670614437864 0.023333333333333334 0
1670614440450 0.02033333333333333 0
1670614443085 0.018 0
1670614445709 0.017 0
1670614448319 0.019 0
1670614450898 0.016666666666666666 0
1670614453554 0.02266666666666667 0
1670614456135 0.018333333333333333 0
1670614458657 0.02266666666666667 0
1670614461163 0.021 0
1670614463748 0.021 0
1670614466479 0.015 0
1670614469307 0.017666666666666667 0
1670614471926 0.022333333333333334 0
1670614474446 0.021 0
1670614477527 0.017333333333333333 0
1670614480183 0.018 0
1670614482912 0.017 0
1670614485631 0.019666666666666666 0
1670614488349 0.019666666666666666 0
1670614491061 0.019666666666666666 0
1670614493758 0.017666666666666667 0
1670614496475 0.018666666666666668 0
1670614499069 0.016 0
1670614501596 0.021333333333333333 0
1670614503960 0.020666666666666667 0
1670614506547 0.016 0
1670614509203 0.015666666666666666 0
1670614511786 0.020666666666666667 0
1670614514332 0.02033333333333333 0
1670614516910 0.019666666666666666 0
1670614519437 0.023 0
1670614521894 0.015666666666666666 0
1670614524465 0.016 0
1670614527103 0.01633333333333333 0
1670614529577 0.018666666666666668 0
1670614532161 0.019333333333333334 0
1670614534738 0.015666666666666666 0
1670614537315 0.017333333333333333 0
1670614539923 0.01633333333333333 0
1670614542493 0.02 0
1670614545059 0.023333333333333334 0
1670614547692 0.018 0
1670614550099 0.019666666666666666 0
1670614552517 0.019 0
1670614554904 0.016 0
1670614557354 0.019 0
1670614559804 0.019666666666666666 0
1670614562242 0.018333333333333333 0
1670614564557 0.017333333333333333 0
1670614567323 0.016 0
1670614569936 0.018 0
1670614572452 0.021333333333333333 0
1670614575018 0.016666666666666666 0
1670614577463 0.017666666666666667 0
1670614579906 0.020666666666666667 0
1670614582433 0.018333333333333333 0
1670614585100 0.018333333333333333 0
1670614587799 0.016666666666666666 0
1670614590298 0.019666666666666666 0
1670614593034 0.021 0
1670614595500 0.019 0
1670614598019 0.01633333333333333 0
1670614600621 0.018666666666666668 0
1670614603184 0.020666666666666667 0
1670614605704 0.015666666666666666 0
1670614608253 0.018666666666666668 0
1670614610782 0.017666666666666667 0
1670614613256 0.019 0
1670614615823 0.019 0
1670614618346 0.019666666666666666 0
1670614621012 0.021666666666666667 0
1670614623521 0.02033333333333333 0
1670614626094 0.021333333333333333 0
1670614628673 0.022 0
1670614631213 0.019 0
1670614633598 0.01633333333333333 0
1670614636036 0.023666666666666666 0
1670614638549 0.018 0
1670614640948 0.021 0
1670614643278 0.025 0
1670614645677 0.020666666666666667 0
1670614648234 0.018 0
1670614650863 0.019 0
1670614653225 0.020666666666666667 0
1670614655751 0.017666666666666667 0
1670614657939 0.019666666666666666 0
1670614660147 0.019666666666666666 0
1670614662921 0.023 0
1670614665446 0.023 0
1670614667856 0.02033333333333333 0
1670614670425 0.01633333333333333 0
1670614672995 0.016666666666666666 0
1670614675605 0.018333333333333333 0
1670614678058 0.016666666666666666 0
1670614680562 0.019 0
1670614683002 0.02 0
1670614685454 0.020666666666666667 0
1670614687916 0.015333333333333332 0
1670614690254 0.018 0
1670614692689 0.014666666666666666 0
1670614695119 0.015666666666666666 0
1670614697499 0.021333333333333333 0
1670614699941 0.019666666666666666 0
1670614702380 0.02033333333333333 0
1670614704784 0.018333333333333333 0
1670614707063 0.01633333333333333 0
1670614709734 0.019 0
1670614712364 0.019 0
1670614714975 0.017 0
1670614717338 0.019 0
1670614719700 0.02033333333333333 0
1670614722190 0.019666666666666666 0
1670614724389 0.017 0
1670614726513 0.01633333333333333 0
1670614728675 0.018666666666666668 0
1670614730785 0.01633333333333333 0
1670614732833 0.020666666666666667 0
1670614734926 0.017666666666666667 0
1670614737124 0.021333333333333333 0
1670614739360 0.018666666666666668 0
1670614741705 0.018666666666666668 0
1670614744022 0.017666666666666667 0
1670614746328 0.017333333333333333 0
1670614748628 0.018666666666666668 0
1670614750889 0.023333333333333334 0
1670614753049 0.02033333333333333 0
1670614755436 0.02033333333333333 0
1670614757655 0.020666666666666667 0
1670614759568 0.018666666666666668 0
1670614761380 0.019666666666666666 0
1670614763428 0.021333333333333333 0
1670614765506 0.018 0
1670614767643 0.022333333333333334 0
1670614769765 0.021 0
1670614771787 0.017 0
1670614773777 0.018666666666666668 0
1670614775877 0.02033333333333333 0
1670614777895 0.022333333333333334 0
1670614779941 0.015666666666666666 0
1670614781899 0.022333333333333334 0
1670614783935 0.02033333333333333 0
1670614785926 0.01633333333333333 0
1670614788078 0.02033333333333333 0
1670614790314 0.017 0
1670614792536 0.017333333333333333 0
1670614794757 0.017333333333333333 0
1670614796843 0.02 0
1670614798863 0.019333333333333334 0
1670614800814 0.020666666666666667 0
1670614802758 0.019333333333333334 0
1670614804782 0.01633333333333333 0
1670614806767 0.017666666666666667 0
1670614808740 0.021666666666666667 0
1670614810805 0.018666666666666668 0
1670614812951 0.017666666666666667 0
1670614814991 0.019 0
1670614817051 0.014333333333333333 0
1670614819096 0.021 0
1670614821148 0.018333333333333333 0
1670614823097 0.021 0
1670614825136 0.019333333333333334 0
1670614827177 0.017666666666666667 0
1670614829276 0.02 0
1670614831232 0.01633333333333333 0
1670614833320 0.023666666666666666 0
1670614835219 0.015666666666666666 0
1670614837204 0.019333333333333334 0
1670614839094 0.018 0
1670614840969 0.02033333333333333 0
1670614842825 0.018333333333333333 0
1670614844863 0.018 0
1670614846915 0.019666666666666666 0
1670614848960 0.017333333333333333 0
1670614851006 0.022 0
1670614853015 0.015666666666666666 0
1670614854993 0.018 0
1670614856879 0.02033333333333333 0
1670614858774 0.019666666666666666 0
1670614860798 0.024 0
1670614862881 0.016666666666666666 0
1670614864735 0.021666666666666667 0
1670614866823 0.018 0
1670614869045 0.017666666666666667 0
1670614871241 0.02 0
1670614873434 0.02033333333333333 0
1670614875629 0.021666666666666667 0
1670614877841 0.02033333333333333 0
1670614880045 0.02266666666666667 0
1670614882256 0.017333333333333333 0
1670614884459 0.022333333333333334 0
1670614886645 0.017333333333333333 0
1670614888867 0.018666666666666668 0
1670614891056 0.022 0
1670614892671 0.022 0
1670614894751 0.01633333333333333 0
1670614897063 0.019666666666666666 0
1670614899397 0.020666666666666667 0
1670614901731 0.018 0
1670614904063 0.020666666666666667 0
1670614906390 0.02 0
1670614908712 0.019666666666666666 0
1670614910989 0.01633333333333333 0
1670614913260 0.021666666666666667 0
1670614915544 0.017666666666666667 0
1670614917865 0.021666666666666667 0
1670614920185 0.014333333333333333 0
1670614922485 0.021 0
1670614924804 0.023 0
1670614927132 0.020666666666666667 0
1670614929464 0.014666666666666666 0
1670614931795 0.023333333333333334 0
1670614934116 0.017666666666666667 0
1670614936476 0.019 0
1670614938697 0.015 0
1670614941017 0.019666666666666666 0
1670614943272 0.015 0
