1670630696835 0.0001 0
1670630702342 0.0 0
1670630708061 0.0 0
1670630714040 0.0001 0
1670630719743 0.0 0
1670630725415 0.0001 0
1670630730955 0.0 0
1670630735952 0.0001 0
1670630741250 0.0 0
1670630746972 0.0 0
1670630751864 0.0001 0
1670630757115 0.0 0
1670630762542 0.0001 0
1670630767956 0.0002 0
1670630773319 0.0 0
1670630778509 0.0001 0
1670630783931 0.0 0
1670630789269 0.0 0
1670630794714 0.0 0
1670630800183 0.0 0
1670630805698 0.0 0
1670630811240 0.0001 0
1670630816380 0.0 0
1670630821592 0.0 0
1670630826578 0.0001 0
1670630832251 0.0 0
1670630837902 0.0 0
1670630843162 0.0 0
1670630848935 0.0 0
1670630854846 0.0 0
1670630860481 0.0001 0
1670630865880 0.0 0
1670630871414 0.0001 0
1670630876555 0.0 0
1670630882364 0.0 0
1670630887870 0.0001 0
1670630893381 0.0 0
1670630898977 0.0 0
1670630904962 0.0 0
1670630910819 0.0001 0
1670630916497 0.0003 0
1670630921775 0.0001 0
1670630927243 0.0002 0
1670630933405 0.0 0
1670630938947 0.0001 0
1670630944929 0.0001 0
1670630950840 0.0 0
1670630956853 0.0 0
1670630962623 0.0 0
1670630968364 0.0 0
1670630974198 0.0 0
1670630980111 0.0 0
1670630986107 0.0002 0
1670630991801 0.0 0
1670630997651 0.0002 0
1670631003114 0.0001 0
1670631008910 0.0001 0
1670631014742 0.0 0
1670631020557 0.0 0
1670631025926 0.0 0
1670631031509 0.0 0
1670631037187 0.0 0
1670631042890 0.0001 0
1670631048814 0.0002 0
1670631053667 0.0001 0
1670631059289 0.0 0
1670631065089 0.0 0
1670631070545 0.0002 0
1670631076134 0.0002 0
1670631081297 0.0 0
1670631086964 0.0 0
1670631092618 0.0 0
1670631097982 0.0001 0
1670631103707 0.0001 0
1670631109416 0.0 0
1670631115120 0.0002 0
1670631120948 0.0001 0
1670631126635 0.0 0
1670631132248 0.0002 0
1670631137552 0.0 0
1670631143489 0.0001 0
1670631149011 0.0 0
1670631154258 0.0 0
1670631159464 0.0001 0
1670631164497 0.0 0
1670631169887 0.0 0
1670631175176 0.0002 0
1670631180806 0.0 0
1670631185840 0.0 0
1670631190777 0.0001 0
1670631196247 0.0001 0
1670631201534 0.0 0
1670631206796 0.0 0
1670631211865 0.0 0
1670631217213 0.0001 0
1670631222769 0.0 0
1670631227910 0.0 0
1670631233325 0.0 0
1670631238596 0.0 0
1670631244140 0.0 0
1670631249716 0.0 0
1670631255175 0.0001 0
