1670611269050 0.1867 0
1670611272320 0.188 0
1670611275910 0.1871 0
1670611277626 0.1885 0
1670611280837 0.187 0
1670611284517 0.1877 0
1670611288151 0.1865 0
1670611291940 0.1868 0
1670611295653 0.1885 0
1670611299042 0.1894 0
1670611302380 0.1864 0
1670611304620 0.1879 0
1670611308218 0.1878 0
1670611310925 0.1876 0
1670611314492 0.1868 0
1670611318315 0.1869 0
1670611321841 0.1864 0
1670611325041 0.1875 0
1670611328428 0.187 0
1670611331486 0.1859 0
1670611335279 0.1882 0
1670611339181 0.1863 0
1670611343549 0.1873 0
1670611347698 0.1889 0
1670611351332 0.1892 0
1670611354770 0.1863 0
1670611357974 0.1869 0
1670611361283 0.188 0
1670611364747 0.1906 0
1670611368742 0.1884 0
1670611373102 0.188 0
1670611376373 0.1874 0
1670611379204 0.1878 0
1670611382072 0.187 0
1670611384749 0.1856 0
1670611387787 0.1892 0
1670611391185 0.1863 0
1670611394904 0.1893 0
1670611398105 0.1888 0
1670611401126 0.1887 0
1670611403603 0.189 0
1670611406585 0.1882 0
1670611409256 0.1887 0
1670611412404 0.1878 0
1670611416022 0.1842 0
1670611419186 0.1866 0
1670611422895 0.1851 0
1670611426063 0.1859 0
1670611429711 0.1882 0
1670611432506 0.1884 0
1670611436242 0.188 0
1670611438189 0.1884 0
1670611442038 0.1883 0
1670611445806 0.1878 0
1670611449144 0.1879 0
1670611452395 0.1874 0
1670611455737 0.1874 0
1670611457988 0.1889 0
1670611461156 0.1889 0
1670611464161 0.1882 0
1670611467286 0.1862 0
1670611470180 0.186 0
1670611472769 0.1867 0
1670611475578 0.1879 0
1670611477903 0.1854 0
1670611480559 0.1879 0
1670611482852 0.1866 0
1670611484996 0.1902 0
1670611487133 0.1883 0
1670611489419 0.1889 0
1670611491461 0.1888 0
1670611494328 0.1873 0
1670611496563 0.1886 0
1670611499044 0.186 0
1670611501760 0.1873 0
1670611504420 0.1862 0
1670611506649 0.1862 0
1670611508710 0.1883 0
1670611511489 0.1888 0
1670611513491 0.188 0
1670611516192 0.1886 0
1670611518635 0.1885 0
1670611521223 0.1871 0
1670611523184 0.187 0
1670611525662 0.187 0
1670611527905 0.1882 0
1670611530573 0.1874 0
1670611533006 0.1876 0
1670611535385 0.186 0
1670611537978 0.1874 0
1670611540711 0.1892 0
1670611543006 0.1883 0
1670611545092 0.1855 0
1670611547481 0.1878 0
1670611549753 0.1852 0
1670611552938 0.1897 0
1670611555670 0.1881 0
1670611558155 0.1874 0
1670611561568 0.1882 0
1670611564932 0.1883 0
1670611568638 0.1869 0
1670611571994 0.1871 0
