1670562411202 0.0931788347338355 0
1670562411942 0.026324394122462486 0
1670562412738 0.017647518464221468 0
1670562413449 0.024122250477124157 0
1670562413894 0.02645651092528889 0
1670562414331 0.03033630107896715 0
1670562415029 0.027674411235725588 0
1670562415873 0.025684824014185814 0
1670562416533 0.024793994709940842 0
1670562417170 0.023386273315067013 0
1670562417809 0.022441402333567062 0
1670562418483 0.022269568346793778 0
1670562419141 0.02160858480445646 0
1670562419812 0.020761351318120264 0
1670562420414 0.024897342024457758 0
1670562421062 0.02497163310724257 0
1670562421821 0.024200102422464287 0
1670562422517 0.02345577163694698 0
1670562423076 0.023466254576002127 0
1670562423654 0.022823701633862492 0
1670562424340 0.023229856620075345 0
1670562425041 0.022725456667678084 0
1670562425593 0.022300270712517917 0
1670562426235 0.024401701947226656 0
1670562427020 0.024163361967630775 0
1670562427784 0.024144949816335498 0
1670562428402 0.023836912534075216 0
1670562429121 0.023537185678490363 0
1670562429760 0.022166589227388095 0
1670562430485 0.022053471432593258 0
1670562431206 0.02174625454890719 0
1670562431894 0.02141644571885462 0
1670562432880 0.023352441137804353 0
1670562433589 0.023082205549322943 0
1670562434341 0.023346414163418622 0
1670562435021 0.023231253432045795 0
1670562435875 0.022985354211775055 0
1670562436528 0.022820197018220578 0
1670562437099 0.022635462748906432 0
1670562437765 0.02236241830706595 0
1670562438410 0.02224079387365202 0
1670562439129 0.021991610140566054 0
1670562439893 0.02192141263217995 0
1670562440600 0.021679517649354357 0
1670562441385 0.02258117540964147 0
1670562442179 0.02235026987872707 0
1670562442731 0.022221463665127533 0
1670562443378 0.022199588065859616 0
1670562443998 0.022038053667051943 0
1670562444608 0.021846383193669827 0
1670562445204 0.021668741637805355 0
1670562446044 0.0225324243776803 0
1670562446673 0.022377177007963045 0
1670562447180 0.022313202944410943 0
1670562447763 0.02211564283764772 0
1670562448348 0.021931050608448688 0
1670562448919 0.021758860257096724 0
1670562449653 0.021720159500317054 0
1670562450384 0.02159477091022849 0
1670562450993 0.021426475351904783 0
1670562451685 0.021348095639415726 0
1670562452445 0.02124126743366217 0
1670562453162 0.021194234714808663 0
1670562453901 0.021128831537046783 0
1670562454877 0.021047808245283822 0
1670562455624 0.021332833496071568 0
1670562456452 0.02196549609428952 0
1670562457158 0.021866445662550166 0
1670562458033 0.021722051453504254 0
1670562458868 0.021586118530367127 0
1670562459884 0.021603553735567826 0
1670562461048 0.021729513671018275 0
1670562462020 0.021593561307875098 0
1670562463048 0.021734379716075947 0
1670562463551 0.021723694449624575 0
1670562464512 0.022098596408647142 0
1670562465482 0.02214639935721993 0
1670562466253 0.022050089443709453 0
1670562467179 0.021938467942059364 0
1670562467756 0.02180282643551218 0
1670562468371 0.021949232440922534 0
1670562469294 0.02182063019183758 0
1670562470250 0.021712409667158095 0
1670562471283 0.021623015027091408 0
1670562472204 0.021513744293303244 0
1670562473139 0.021426443429936298 0
1670562474239 0.02137909481450251 0
1670562475020 0.02128542640614048 0
1670562476183 0.021169985799025626 0
1670562477240 0.021056401512856815 0
1670562478348 0.02100888407336754 0
1670562479481 0.02132890002468449 0
1670562480210 0.021254157491661485 0
1670562480880 0.021188312543560822 0
1670562481810 0.02113387188322255 0
1670562482897 0.02102721966990173 0
1670562483696 0.021250956125517334 0
1670562484471 0.021174784097783533 0
1670562485556 0.021074246347691367 0
1670562486617 0.021067796103971664 0
1670562487677 0.02103666266592294 0
1670562488607 0.02100655891013789 0
1670562489987 0.020909966774112304 0
1670562490737 0.02081826178404833 0
1670562491995 0.020727509742634154 0
1670562492947 0.020690920774220634 0
1670562493922 0.0206027497060573 0
1670562494988 0.02062357789555297 0
1670562495917 0.020659643177741882 0
1670562497206 0.020599852093236448 0
1670562497970 0.020555693021670873 0
1670562499048 0.020806047313489867 0
1670562499891 0.02071666775520889 0
1670562500846 0.02062653313093657 0
1670562502113 0.02053985057535973 0
1670562503199 0.02050631879445805 0
1670562504245 0.02042697589072237 0
1670562505514 0.020485239511929293 0
1670562506554 0.020497348602384335 0
1670562507633 0.020413067303722693 0
1670562508638 0.020329266970785492 0
1670562509616 0.020259963331963782 0
1670562510244 0.02019132863164738 0
1670562511226 0.020110615865424564 0
1670562512262 0.020118608539769434 0
1670562513388 0.020078893840259376 0
1670562514285 0.02020874621482513 0
1670562515452 0.0202139215286396 0
1670562516617 0.020442807791536094 0
1670562517732 0.020392260256273498 0
1670562518924 0.020383400368922555 0
1670562519929 0.02032366420853654 0
1670562521028 0.020368328477687353 0
1670562521904 0.020327064117820648 0
1670562523015 0.020261637207650368 0
1670562523916 0.02018946913977121 0
1670562524797 0.020129007624518885 0
1670562525609 0.02015004841909121 0
1670562526919 0.020217642854873236 0
1670562527859 0.020149285149357044 0
1670562528863 0.02007878023661766 0
1670562529713 0.020014792746896687 0
1670562530574 0.019945280150459044 0
1670562531520 0.01989252792743121 0
1670562532307 0.019824826456308786 0
1670562533236 0.0199484311040678 0
1670562534277 0.019907043772669414 0
1670562535495 0.019885186744352606 0
1670562536383 0.019839179046605426 0
1670562537382 0.019776660209031405 0
1670562538321 0.019717545112451107 0
1670562539365 0.019672931339277777 0
1670562540150 0.019635074563272903 0
1670562541150 0.019602929970111538 0
1670562542217 0.019565180607188093 0
1670562543248 0.019560569665797833 0
1670562544266 0.019807650851995096 0
1670562545223 0.019753663419443512 0
1670562546181 0.019727160292506235 0
1670562547074 0.01968566497489907 0
1670562547925 0.01963007500251923 0
1670562548683 0.019589366893038307 0
1670562549739 0.019558923669532602 0
1670562550283 0.01950285088517445 0
1670562551060 0.019484991471106577 0
1670562551791 0.01942809180210775 0
1670562552611 0.019377789560736658 0
1670562553288 0.019348297144509113 0
1670562554066 0.019469574864390826 0
1670562554779 0.019414634988403234 0
1670562555843 0.019360675399560545 0
1670562556788 0.019854576379715633 0
1670562557630 0.019797523114163745 0
1670562558619 0.019785111218970308 0
1670562559518 0.019728927184089834 0
1670562560397 0.019699223992073328 0
1670562561389 0.01972857818978474 0
1670562562137 0.02006295669950131 0
1670562562896 0.020026974485574695 0
1670562564110 0.020131190182411524 0
1670562565050 0.020084233172562693 0
1670562565803 0.020037650410717478 0
1670562566412 0.02005761928055927 0
1670562567124 0.020076554009347408 0
1670562567825 0.020023237459812715 0
1670562568683 0.01997034333567896 0
1670562569492 0.019956844038438476 0
1670562570527 0.01993735385683293 0
1670562571409 0.019886978470523786 0
1670562572124 0.019852660094038577 0
1670562573114 0.01980618802543993 0
1670562573614 0.019812865185097478 0
1670562574116 0.01980465762093092 0
1670562574696 0.01975482494110231 0
1670562575624 0.019776543441936606 0
1670562576285 0.019752909190142165 0
1670562577140 0.01972921807505626 0
1670562577809 0.019775641161082297 0
1670562578510 0.019811769724898176 0
1670562579123 0.01983262666128552 0
1670562579704 0.019838119079201327 0
1670562580516 0.019794409020982312 0
1670562581502 0.019749108593844572 0
1670562582420 0.019776044661409586 0
1670562583213 0.019738731717811958 0
1670562584021 0.01983285480567601 0
1670562584762 0.019795207196861397 0
1670562585617 0.019747793844228118 0
1670562586417 0.01971371662384022 0
1670562587107 0.019672231028879883 0
1670562587649 0.019625961052993524 0
1670562588199 0.019582996742337044 0
1670562588768 0.019582376205194013 0
1670562589281 0.01961082191245775 0
1670562589927 0.019630846233594262 0
1670562590596 0.01959051313380414 0
1670562591174 0.019547269161813513 0
1670562592147 0.019504452050879723 0
1670562592762 0.01966285069066201 0
1670562593521 0.01962819213054079 0
1670562594446 0.019596229155807277 0
1670562595341 0.01963085715073884 0
1670562595999 0.019738119438028945 0
1670562596725 0.019879298762094016 0
1670562597239 0.01986728381607275 0
1670562598207 0.019950181154163138 0
1670562599124 0.019932564439665845 0
1670562599884 0.02003709359450917 0
1670562600727 0.0202072731597564 0
