1670610254693 0.033883212630485326 0
1670610255654 0.022341899960941047 0
1670610256343 0.01652796747260943 0
1670610257095 0.013004252924138093 0
1670610258119 0.01117939516651656 0
1670610258764 0.010034226263759605 0
1670610259362 0.009805194510791537 0
1670610259995 0.009112630506093233 0
1670610260492 0.008622614604658518 0
1670610261325 0.008363683821689283 0
1670610261966 0.008113700115078948 0
1670610262564 0.00772824529257099 0
1670610263300 0.007421252648721843 0
1670610263868 0.007124461649139047 0
1670610264565 0.006896972260391765 0
1670610265083 0.006864434707495981 0
1670610265721 0.0067206076166181905 0
1670610266210 0.006702939679301245 0
1670610266807 0.006531367927470777 0
1670610267377 0.006503164518056659 0
1670610268111 0.006376099883437125 0
1670610268597 0.006415417710035953 0
1670610269159 0.006583682172317862 0
1670610269736 0.006633307045206149 0
1670610270349 0.006530365116751091 0
1670610270893 0.006753881468288814 0
1670610271718 0.006666077681141691 0
1670610272407 0.006765546934944022 0
1670610273197 0.006366894839402226 0
1670610273948 0.006265445674885406 0
1670610274432 0.006189336072429552 0
1670610275246 0.007156995634159946 0
1670610275803 0.007061628408468135 0
1670610276492 0.006977910215066663 0
1670610277112 0.007133453276436552 0
1670610277760 0.007264699840247579 0
1670610278552 0.007201572741922124 0
1670610279326 0.007288412558611457 0
1670610279851 0.007233892846387202 0
1670610280438 0.007576326521920307 0
1670610281031 0.0075064129492833365 0
1670610281628 0.0075204083491843265 0
1670610282337 0.00743644945321198 0
1670610283107 0.007353404929810514 0
1670610283673 0.007276242851003367 0
1670610284143 0.007219034429758353 0
1670610284912 0.007179106665246016 0
1670610285515 0.007230616287651315 0
1670610285998 0.007180402651998152 0
1670610286635 0.007129852477083087 0
1670610287468 0.0071452539935423776 0
1670610288086 0.00708662295560758 0
1670610288655 0.007029368078657727 0
1670610289565 0.00722248290596228 0
1670610290291 0.007266954373834178 0
1670610290953 0.007210105025219349 0
1670610291645 0.007201314657162006 0
1670610292214 0.007213025736584111 0
1670610292856 0.007170645957100263 0
1670610293336 0.007160173682782878 0
1670610293984 0.0071200981276133835 0
1670610294838 0.007070789824567214 0
1670610295445 0.007163762205204094 0
1670610295985 0.007157228270378457 0
1670610296504 0.007213643844656059 0
1670610297234 0.007227269113299517 0
1670610297749 0.007203341218811277 0
1670610298450 0.007235760260426605 0
1670610299098 0.007225121216726471 0
1670610299610 0.007175397922030924 0
1670610300287 0.0071530941580697505 0
1670610300866 0.00737547552222706 0
1670610301275 0.007326665672317656 0
1670610302267 0.007278811478005243 0
1670610302898 0.00724592880654662 0
1670610303650 0.007270624111226254 0
1670610304364 0.0072928005488041014 0
1670610304944 0.007246613709849803 0
1670610305611 0.007248923256561457 0
1670610306306 0.007214177288696111 0
1670610306850 0.00717819144926457 0
1670610307339 0.0072944531450548356 0
1670610308043 0.007292950146384092 0
1670610308708 0.007267132313162006 0
1670610309301 0.007282008265377615 0
1670610310088 0.00731362454469664 0
1670610310649 0.007286691018809077 0
1670610311117 0.007263469963518454 0
1670610311736 0.007427955303160094 0
1670610312271 0.007402301731070149 0
1670610312802 0.007369444677129633 0
1670610313306 0.007355613383805748 0
1670610313706 0.007384647965710367 0
1670610314385 0.007456541730884503 0
1670610314885 0.007420253953951517 0
1670610315450 0.007384634643817778 0
1670610316001 0.007354222602622418 0
1670610316481 0.00734035752959028 0
1670610317187 0.007385421245012291 0
1670610317763 0.007622572241794967 0
1670610318417 0.007598524466823964 0
1670610318946 0.007561852671758795 0
1670610319641 0.007603499034474881 0
