1670697039917 0.0 0
1670697041212 0.0 0
1670697042532 0.0 0
1670697043885 0.0 0
1670697045201 0.0 0
1670697046522 0.0 0
1670697047939 0.0 0
1670697049262 0.0 0
1670697050577 0.0 0
1670697051892 0.0 0
1670697053222 0.0 0
1670697054534 0.0 0
1670697055918 0.0 0
1670697057229 0.0 0
1670697058590 0.0 0
1670697059959 0.0 0
1670697061335 0.0 0
1670697062710 0.0 0
1670697064070 0.0 0
1670697065425 0.0 0
1670697066782 0.0 0
1670697068116 0.0 0
1670697069488 0.0 0
1670697070851 0.0 0
1670697072191 0.0 0
1670697073423 0.0 0
1670697074623 0.0 0
1670697075839 0.0 0
1670697077074 0.0 0
1670697078603 0.0 0
1670697080139 0.0 0
1670697081694 0.0 0
1670697083228 0.0 0
1670697084774 0.0 0
1670697086312 0.0 0
1670697087845 0.0 0
1670697089382 0.0 0
1670697090943 0.0 0
1670697092494 0.0 0
1670697094077 0.0 0
1670697095647 0.0 0
1670697097254 0.0 0
1670697098458 0.0003333333333333333 0
1670697099728 0.0 0
1670697101025 0.0 0
1670697102342 0.0 0
1670697103680 0.0 0
1670697105202 0.0 0
1670697106707 0.0 0
1670697108234 0.0 0
1670697109756 0.0003333333333333333 0
1670697111269 0.0 0
1670697112775 0.0 0
1670697114301 0.0 0
1670697115899 0.0 0
1670697117500 0.0 0
1670697118973 0.0 0
1670697120440 0.0 0
1670697121883 0.0 0
1670697123351 0.0 0
1670697124789 0.0 0
1670697126252 0.0 0
1670697127710 0.0 0
1670697129188 0.0 0
1670697130650 0.0 0
1670697132108 0.0 0
1670697133588 0.0 0
1670697135059 0.0 0
1670697136534 0.0 0
1670697138034 0.0 0
1670697139502 0.0 0
1670697140982 0.0 0
1670697142419 0.0 0
1670697143874 0.0 0
1670697145318 0.0 0
1670697146690 0.0 0
1670697147965 0.0 0
1670697149442 0.0 0
1670697150915 0.0003333333333333333 0
1670697152529 0.0 0
1670697153992 0.0 0
1670697155362 0.0 0
1670697156706 0.0 0
1670697158025 0.0 0
1670697159410 0.0 0
1670697160764 0.0 0
1670697162134 0.0003333333333333333 0
1670697163491 0.0 0
1670697164841 0.0 0
1670697166189 0.0 0
1670697167547 0.0 0
1670697168894 0.0 0
1670697170242 0.0 0
1670697171448 0.0 0
1670697172666 0.0 0
1670697173835 0.0 0
1670697175023 0.0 0
1670697176225 0.0 0
1670697177502 0.0 0
1670697178711 0.0 0
1670697180000 0.0 0
1670697181206 0.0 0
