1670591773434 0.0 0
1670591776383 0.0 0
1670591779432 0.0 0
1670591782810 0.0 0
1670591786022 0.0 0
1670591789176 0.0 0
1670591792417 0.0 0
1670591795407 0.0 0
1670591798414 0.0 0
1670591801275 0.0 0
1670591804047 0.0 0
1670591807209 0.0 0
1670591810381 0.0 0
1670591813477 0.0 0
1670591816461 0.0 0
1670591819574 0.0 0
1670591823053 0.0 0
1670591825759 0.0 0
1670591828625 0.0 0
1670591831427 0.0 0
1670591834259 0.0 0
1670591837470 0.0 0
1670591840477 0.0 0
1670591843947 0.0 0
1670591847277 0.0 0
1670591850601 0.0 0
1670591854129 0.0 0
1670591857085 0.0 0
1670591860691 0.0 0
1670591863851 0.0 0
1670591866894 0.0 0
1670591870090 0.0 0
1670591873468 0.0 0
1670591877208 0.0 0
1670591880544 0.0 0
1670591883672 0.0 0
1670591887138 0.0 0
1670591890097 0.0 0
1670591893146 0.0 0
1670591896340 0.0 0
1670591899746 0.0 0
1670591902853 0.0 0
1670591906367 0.0 0
1670591909924 0.0 0
1670591913154 0.0 0
1670591916427 0.0 0
1670591919907 0.0 0
1670591922926 0.0 0
1670591926771 0.0 0
1670591929901 0.0 0
1670591933389 0.0 0
1670591936688 0.0 0
1670591939879 0.0 0
1670591943384 0.0 0
1670591946488 0.0 0
1670591949499 0.0 0
1670591952405 0.0 0
1670591955909 0.0 0
1670591959323 0.0 0
1670591962374 0.0 0
1670591965749 0.0 0
1670591968733 0.0 0
1670591971591 0.0 0
1670591974932 0.0 0
1670591977726 0.0 0
1670591980824 0.0 0
1670591983942 0.0 0
1670591986880 0.0 0
1670591989941 0.0 0
1670591993207 0.0 0
1670591996722 0.0 0
1670592000231 0.0 0
1670592004335 0.0 0
1670592008273 0.0 0
1670592011374 0.0 0
1670592014960 0.0 0
1670592018399 0.0 0
1670592022196 0.0 0
1670592025599 0.0 0
1670592028988 0.0 0
1670592032372 0.0 0
1670592035579 0.0 0
1670592038994 0.0 0
1670592042535 0.0 0
1670592045416 0.0 0
1670592048455 0.0 0
1670592051601 0.0 0
1670592055180 0.0 0
1670592058709 0.0 0
1670592061640 0.0 0
1670592064608 0.0 0
1670592067935 0.0 0
1670592071039 0.0 0
1670592074181 0.0 0
1670592077186 0.0 0
1670592080435 0.0 0
1670592083249 0.0 0
1670592086138 0.0 0
1670592089234 0.0 0
1670592092135 0.0 0
1670592095104 0.0 0
1670592098164 0.0 0
