1670565938824 0.0018 0
1670565941029 0.0009 0
1670565943154 0.0012 0
1670565945491 0.0007 0
1670565947511 0.0007 0
1670565949437 0.0015 0
1670565951428 0.0005 0
1670565953615 0.0014 0
1670565955892 0.001 0
1670565957981 0.0016 0
1670565960196 0.0006 0
1670565962251 0.0012 0
1670565964259 0.0009 0
1670565966646 0.0015 0
1670565968670 0.001 0
1670565970357 0.0013 0
1670565972922 0.0015 0
1670565975251 0.0011 0
1670565977331 0.0016 0
1670565979499 0.0015 0
1670565981188 0.0006 0
1670565983510 0.0009 0
1670565985182 0.0008 0
1670565987104 0.0012 0
1670565988790 0.0007 0
1670565991445 0.0013 0
1670565993911 0.0011 0
1670565995867 0.0014 0
1670565997833 0.0014 0
1670565999753 0.0016 0
1670566001928 0.0011 0
1670566003933 0.001 0
1670566005980 0.0015 0
1670566008163 0.0014 0
1670566010336 0.001 0
1670566012274 0.0016 0
1670566014197 0.0006 0
1670566016283 0.0011 0
1670566018306 0.0011 0
1670566020600 0.0008 0
1670566022734 0.0009 0
1670566024836 0.0018 0
1670566026825 0.0016 0
1670566029028 0.0012 0
1670566030788 0.001 0
1670566033078 0.0018 0
1670566035259 0.0014 0
1670566037328 0.0011 0
1670566039161 0.001 0
1670566041191 0.0011 0
1670566043178 0.0009 0
1670566045017 0.0008 0
1670566047276 0.0013 0
1670566049993 0.0011 0
1670566052299 0.0012 0
1670566053961 0.0017 0
1670566055676 0.0009 0
1670566057913 0.0012 0
1670566059856 0.001 0
1670566061921 0.0006 0
1670566063912 0.0013 0
1670566066075 0.0006 0
1670566067980 0.0011 0
1670566070489 0.001 0
1670566072400 0.0011 0
1670566074559 0.001 0
1670566076604 0.0016 0
1670566078738 0.0007 0
1670566080784 0.0013 0
1670566082556 0.0009 0
1670566084325 0.0011 0
1670566086181 0.0008 0
1670566088083 0.0012 0
1670566090029 0.0014 0
1670566091786 0.0009 0
1670566093748 0.0012 0
1670566095788 0.0011 0
1670566097792 0.001 0
1670566100068 0.0009 0
1670566102168 0.0012 0
1670566104073 0.0007 0
1670566105806 0.0012 0
1670566107939 0.0008 0
1670566109632 0.0009 0
1670566111611 0.0015 0
1670566114006 0.0011 0
1670566115989 0.0006 0
1670566117934 0.0017 0
1670566120165 0.0008 0
1670566122310 0.0013 0
1670566124343 0.0007 0
1670566126434 0.001 0
1670566128459 0.0012 0
1670566130592 0.0007 0
1670566132433 0.0013 0
1670566134730 0.0011 0
1670566136286 0.002 0
1670566138396 0.0016 0
1670566140447 0.0014 0
1670566142597 0.0007 0
1670566144419 0.0013 0
1670566146345 0.001 0
1670566148515 0.0008 0
1670566150376 0.0015 0
1670566152159 0.0013 0
1670566153939 0.0002 0
1670566155553 0.001 0
1670566157501 0.0013 0
1670566159174 0.0007 0
1670566161073 0.0012 0
1670566162768 0.0008 0
1670566164594 0.0013 0
1670566166403 0.0011 0
1670566168275 0.0013 0
1670566170178 0.001 0
1670566172091 0.0017 0
1670566173877 0.0016 0
1670566175792 0.0013 0
1670566177754 0.0008 0
1670566179478 0.0012 0
1670566181210 0.0014 0
1670566183001 0.0015 0
1670566185006 0.0013 0
1670566186659 0.001 0
1670566188528 0.0013 0
1670566190885 0.0008 0
1670566192807 0.0009 0
1670566194666 0.0013 0
1670566196750 0.0012 0
1670566198384 0.0009 0
1670566200265 0.0011 0
1670566202154 0.0013 0
1670566204481 0.0012 0
1670566206456 0.0012 0
1670566208288 0.0011 0
1670566210254 0.0011 0
1670566211996 0.0009 0
1670566214071 0.0004 0
1670566216046 0.0008 0
1670566218087 0.0008 0
1670566220253 0.0018 0
1670566222328 0.001 0
1670566224530 0.0014 0
1670566226821 0.0009 0
1670566228837 0.0008 0
1670566231667 0.0013 0
1670566234402 0.0008 0
1670566236928 0.0011 0
1670566239170 0.0015 0
1670566240820 0.0006 0
1670566242771 0.0009 0
1670566245027 0.0008 0
1670566246920 0.001 0
1670566249053 0.0015 0
1670566251141 0.001 0
1670566252688 0.0016 0
1670566255398 0.0014 0
1670566257644 0.0016 0
1670566260177 0.0011 0
1670566262296 0.0007 0
1670566264567 0.0008 0
1670566266780 0.0005 0
1670566269112 0.0011 0
1670566271196 0.0007 0
1670566273439 0.0007 0
