1670569802970 0.08983333333333333 0
1670569803932 0.08233333333333333 0
1670569805225 0.0895 0
1670569806372 0.08616666666666667 0
1670569807499 0.0885 0
1670569808821 0.09166666666666666 0
1670569810002 0.091 0
1670569811276 0.08966666666666667 0
1670569812906 0.08733333333333333 0
1670569814090 0.081 0
1670569815436 0.086 0
1670569816717 0.09133333333333334 0
1670569818169 0.08983333333333333 0
1670569819514 0.0845 0
1670569820606 0.09066666666666667 0
1670569821886 0.085 0
1670569823008 0.08883333333333333 0
1670569824218 0.083 0
1670569825575 0.09266666666666666 0
1670569826625 0.09233333333333334 0
1670569827757 0.08316666666666667 0
1670569829227 0.09 0
1670569830185 0.088 0
1670569831609 0.08433333333333333 0
1670569833321 0.0865 0
1670569834470 0.084 0
1670569835963 0.09166666666666666 0
1670569836936 0.08316666666666667 0
1670569838204 0.09 0
1670569839493 0.09216666666666666 0
1670569840579 0.08416666666666667 0
1670569841742 0.09 0
1670569842887 0.0895 0
1670569844285 0.09116666666666666 0
1670569845466 0.0885 0
1670569846864 0.0895 0
1670569848171 0.08866666666666667 0
1670569849132 0.08466666666666667 0
1670569850420 0.08783333333333333 0
1670569851668 0.09066666666666667 0
1670569852898 0.083 0
1670569853993 0.09033333333333333 0
1670569855246 0.08166666666666667 0
1670569856572 0.08016666666666666 0
1670569857916 0.085 0
1670569859168 0.09133333333333334 0
1670569860010 0.087 0
1670569860701 0.0885 0
1670569861465 0.086 0
1670569862904 0.08816666666666667 0
1670569864013 0.09183333333333334 0
1670569865592 0.0865 0
1670569867081 0.08316666666666667 0
1670569868509 0.086 0
1670569870032 0.08816666666666667 0
1670569871324 0.08666666666666667 0
1670569873177 0.0855 0
1670569874344 0.08316666666666667 0
1670569875634 0.08633333333333333 0
1670569876820 0.0915 0
1670569878129 0.08366666666666667 0
1670569879157 0.09 0
1670569880701 0.09283333333333334 0
1670569881927 0.08683333333333333 0
1670569883102 0.07983333333333334 0
1670569884436 0.08983333333333333 0
1670569885666 0.089 0
1670569886870 0.09016666666666667 0
1670569888098 0.09016666666666667 0
1670569889516 0.0865 0
1670569890618 0.08616666666666667 0
1670569891640 0.08716666666666667 0
1670569892606 0.085 0
1670569893707 0.091 0
1670569894801 0.09433333333333334 0
1670569896116 0.08783333333333333 0
1670569897095 0.09233333333333334 0
1670569898402 0.08833333333333333 0
1670569899549 0.0885 0
1670569900310 0.08716666666666667 0
1670569901386 0.08933333333333333 0
1670569902399 0.08616666666666667 0
1670569903549 0.089 0
1670569904848 0.08616666666666667 0
1670569906143 0.09166666666666666 0
1670569907425 0.089 0
1670569908697 0.08483333333333333 0
1670569910109 0.0905 0
1670569911622 0.088 0
1670569912845 0.091 0
1670569913946 0.08733333333333333 0
1670569915100 0.09866666666666667 0
1670569916803 0.094 0
1670569918040 0.08716666666666667 0
1670569919260 0.09616666666666666 0
1670569920541 0.09216666666666666 0
1670569921828 0.0865 0
1670569923086 0.0935 0
1670569924320 0.08916666666666667 0
1670569925546 0.085 0
1670569926877 0.08816666666666667 0
1670569927954 0.08383333333333333 0
1670569929200 0.088 0
