1670011067419 0.0 0
1670011067435 0.0 0
1670011067452 0.0 0
1670011067467 0.0 0
1670011067482 0.0 0
1670011067497 0.0 0
1670011067512 0.0 0
1670011067527 0.0 0
1670011067541 0.0 0
1670011067556 0.0 0
1670011067571 0.0 0
1670011067585 0.0 0
1670011067600 0.0 0
1670011067615 0.0 0
1670011067630 0.0 0
1670011067646 0.0 0
1670011067660 0.0 0
1670011067675 0.0 0
1670011067689 0.0 0
1670011067704 0.0 0
1670011067719 0.0 0
1670011067734 0.0 0
1670011067749 0.0 0
1670011067764 0.0 0
1670011067778 0.0 0
1670011067793 0.0 0
1670011067812 0.0 0
1670011067826 0.0 0
1670011067841 0.0 0
1670011067856 0.0 0
1670011067872 0.0 0
1670011067887 0.0 0
1670011067901 0.0 0
1670011067916 0.0 0
1670011067931 0.0 0
1670011067946 0.0 0
1670011067961 0.0 0
1670011067976 0.0 0
1670011067992 0.0 0
1670011068006 0.0 0
1670011068021 0.0 0
1670011068037 0.0 0
1670011068052 0.0 0
1670011068068 0.0 0
1670011068084 0.0 0
1670011068099 0.0 0
1670011068115 0.0 0
1670011068132 0.0 0
1670011068148 0.0 0
1670011068164 0.0 0
1670011068179 0.0 0
1670011068194 0.0 0
1670011068210 0.0 0
1670011068225 0.0 0
1670011068240 0.0 0
1670011068255 0.0 0
1670011068269 0.0 0
1670011068284 0.0 0
1670011068299 0.0 0
1670011068314 0.0 0
1670011068329 0.0 0
1670011068343 0.0 0
1670011068358 0.0 0
1670011068373 0.0 0
1670011068387 0.0 0
1670011068402 0.0 0
1670011068417 0.0 0
1670011068432 0.0 0
1670011068447 0.0 0
1670011068462 0.0 0
1670011068477 0.0 0
1670011068493 0.0 0
1670011068508 0.0 0
1670011068523 0.0 0
1670011068538 0.0 0
1670011068554 0.0 0
1670011068569 0.0 0
1670011068584 0.0 0
1670011068598 0.0 0
1670011068612 0.0 0
1670011068627 0.0 0
1670011068641 0.0 0
1670011068656 0.0 0
1670011068670 0.0 0
1670011068686 0.0 0
1670011068702 0.0 0
1670011068717 0.0 0
1670011068732 0.0 0
1670011068747 0.0 0
1670011068762 0.0 0
1670011068776 0.0 0
1670011068791 0.0 0
1670011068806 0.0 0
1670011068821 0.0 0
1670011068835 0.0 0
1670011068849 0.0 0
1670011068866 0.0 0
1670011068880 0.0 0
1670011068895 0.0 0
1670011068910 0.0 0
1670011068925 0.0 0
