1670566158845 0.0 0
1670566159018 0.0 0
1670566159135 0.0 0
1670566159296 0.0 0
1670566159499 0.0 0
1670566159688 0.0 0
1670566159880 0.0 0
1670566160167 0.0 0
1670566160392 0.0 0
1670566160607 0.0 0
1670566160832 0.0 0
1670566161020 0.0 0
1670566161157 0.0 0
1670566161312 0.0 0
1670566161479 0.0 0
1670566161620 0.0 0
1670566161779 0.0 0
1670566161873 0.0 0
1670566162075 0.0 0
1670566162285 0.0 0
1670566162440 0.0 0
1670566162655 0.0 0
1670566162915 0.0 0
1670566163055 0.0 0
1670566163171 0.0 0
1670566163405 0.0 0
1670566163575 0.0 0
1670566163946 0.0 0
1670566164193 0.0 0
1670566164377 0.0 0
1670566164624 0.0 0
1670566164845 0.0 0
1670566164993 0.0 0
1670566165156 0.0 0
1670566165352 0.0 0
1670566165509 0.0 0
1670566165803 0.0 0
1670566166061 0.0 0
1670566166186 0.0 0
1670566166332 0.0 0
1670566166573 0.0 0
1670566166847 0.0 0
1670566166956 0.0 0
1670566167161 0.0 0
1670566167305 0.0 0
1670566167424 0.0 0
1670566167648 0.0 0
1670566167821 0.0 0
1670566168064 0.0 0
1670566168212 0.0 0
1670566168345 0.0 0
1670566168440 0.0 0
1670566168653 0.0 0
1670566168822 0.0 0
1670566169094 0.0 0
1670566169322 0.0 0
1670566169615 0.0 0
1670566169734 0.0 0
1670566170170 0.0 0
1670566170331 0.0 0
1670566170498 0.0 0
1670566170648 0.0 0
1670566170801 0.0 0
1670566171079 0.0 0
1670566171325 0.0 0
1670566171644 0.0 0
1670566171880 0.0 0
1670566172103 0.0 0
1670566172293 0.0 0
1670566172492 0.0 0
1670566172786 0.0 0
1670566172937 0.0 0
1670566173177 0.0 0
1670566173327 0.0 0
1670566173456 0.0 0
1670566173734 0.0 0
1670566173901 0.0 0
1670566174066 0.0 0
1670566174263 0.0 0
1670566174401 0.0 0
1670566174579 0.0 0
1670566174772 0.0 0
1670566174889 0.0 0
1670566175082 0.0 0
1670566175203 0.0 0
1670566175578 0.0 0
1670566175735 0.0 0
1670566175856 0.0 0
1670566176098 0.0 0
1670566176319 0.0 0
1670566176495 0.0 0
1670566176628 0.0 0
1670566176739 0.0 0
1670566177012 0.0 0
1670566177161 0.0 0
1670566177321 0.0 0
1670566177684 0.0 0
1670566177919 0.0 0
1670566178127 0.0 0
1670566178414 0.0 0
1670566178666 0.0 0
