1670640819577 0.0 0
1670640820135 0.0 0
1670640820678 0.0 0
1670640821216 0.0 0
1670640821805 0.0 0
1670640822434 0.0 0
1670640823046 0.0 0
1670640823578 0.0 0
1670640824183 0.0 0
1670640824798 0.0 0
1670640825442 0.0 0
1670640826052 0.0 0
1670640826589 0.0 0
1670640827228 0.0 0
1670640827763 0.0 0
1670640828356 0.0 0
1670640828938 0.0 0
1670640829570 0.0 0
1670640830217 0.0 0
1670640830753 0.0 0
1670640831372 0.0 0
1670640831931 0.0 0
1670640832462 0.0 0
1670640833002 0.0 0
1670640833534 0.0 0
1670640834131 0.0 0
1670640834660 0.0 0
1670640835168 0.0 0
1670640835774 0.0 0
1670640836269 0.0 0
1670640836902 0.0 0
1670640837397 0.0 0
1670640837988 0.0 0
1670640838561 0.0 0
1670640839145 0.0 0
1670640839774 0.0 0
1670640840317 0.0 0
1670640840948 0.0 0
1670640841570 0.0 0
1670640842166 0.0 0
1670640842669 0.0 0
1670640843157 0.0 0
1670640843767 0.0 0
1670640844405 0.0 0
1670640844970 0.0 0
1670640845476 0.0 0
1670640846084 0.0 0
1670640846641 0.0 0
1670640847251 0.0 0
1670640847839 0.0 0
1670640848465 0.0 0
1670640849101 0.0 0
1670640849765 0.0 0
1670640850421 0.0 0
1670640851056 0.0 0
1670640851701 0.0 0
1670640852353 0.0 0
1670640852999 0.0 0
1670640853557 0.0 0
1670640854188 0.0 0
1670640854879 0.0 0
1670640855526 0.0 0
1670640856169 0.0 0
1670640856804 0.0 0
1670640857426 0.0 0
1670640858055 0.0 0
1670640858690 0.0 0
1670640859189 0.0 0
1670640859805 0.0 0
1670640860395 0.0 0
1670640860874 0.0 0
1670640861439 0.0 0
1670640862072 0.0 0
1670640862666 0.0 0
1670640863268 0.0 0
1670640863889 0.0 0
1670640864412 0.0 0
1670640864975 0.0 0
1670640865524 0.0 0
1670640866104 0.0 0
1670640866621 0.0 0
1670640867239 0.0 0
1670640867862 0.0 0
1670640868451 0.0 0
1670640868929 0.0 0
1670640869467 0.0 0
1670640870067 0.0 0
1670640870713 0.0 0
1670640871255 0.0 0
1670640871881 0.0 0
1670640872515 0.0 0
1670640873194 0.0 0
1670640873859 0.0 0
1670640874475 0.0 0
1670640874951 0.0 0
1670640875437 0.0 0
1670640875980 0.0 0
1670640876647 0.0 0
1670640877265 0.0 0
1670640877909 0.0 0
1670640878463 0.0 0
1670640879018 0.0 0
