1670601196599 0.0 0
1670601197583 0.0 0
1670601198413 0.0 0
1670601199283 0.0 0
1670601200140 0.0 0
1670601200950 0.0 0
1670601201731 0.0 0
1670601202548 0.0 0
1670601203420 0.0 0
1670601204306 0.0 0
1670601205106 0.0 0
1670601205932 0.0 0
1670601206749 0.0 0
1670601207555 0.0 0
1670601208333 0.0 0
1670601209379 0.0 0
1670601210225 0.0 0
1670601211255 0.0 0
1670601212049 0.0 0
1670601213031 0.0 0
1670601213932 0.0 0
1670601214755 0.0 0
1670601215836 0.0 0
1670601216779 0.0 0
1670601217765 0.0 0
1670601218628 0.0 0
1670601219629 0.0 0
1670601220428 0.0 0
1670601221613 0.0 0
1670601222648 0.0 0
1670601223426 0.0 0
1670601224407 0.0 0
1670601225436 0.0 0
1670601226287 0.0 0
1670601227200 0.0 0
1670601228345 0.0 0
1670601229323 0.0 0
1670601230260 0.0 0
1670601231021 0.0 0
1670601231932 0.0 0
1670601232942 0.0 0
1670601233948 0.0 0
1670601234863 0.0 0
1670601235649 0.0 0
1670601236480 0.0 0
1670601237554 0.0 0
1670601238386 0.0 0
1670601239245 0.0 0
1670601240168 0.0 0
1670601241019 0.0 0
1670601242108 0.0 0
1670601243018 0.0 0
1670601243838 0.0 0
1670601244800 0.0 0
1670601245709 0.0 0
1670601246677 0.0 0
1670601247699 0.0 0
1670601248648 0.0 0
1670601249467 0.0 0
1670601250274 0.0 0
1670601251093 0.0 0
1670601252024 0.0 0
1670601252857 0.0 0
1670601253683 0.0 0
1670601254690 0.0 0
1670601255604 0.0 0
1670601256593 0.0 0
1670601257492 0.0 0
1670601258490 0.0 0
1670601259329 0.0 0
1670601260211 0.0 0
1670601261208 0.0 0
1670601262043 0.0 0
1670601263166 0.0 0
1670601264174 0.0 0
1670601265151 0.0 0
1670601266025 0.0 0
1670601266938 0.0 0
1670601267988 0.0 0
1670601268975 0.0 0
1670601269957 0.0 0
1670601270754 0.0 0
1670601271589 0.0 0
1670601272605 0.0 0
1670601273517 0.0 0
1670601274402 0.0 0
1670601275364 0.0 0
1670601276143 0.0 0
1670601277000 0.0 0
1670601278097 0.0 0
1670601278997 0.0 0
1670601280161 0.0 0
1670601280932 0.0 0
1670601282047 0.0 0
1670601282886 0.0 0
1670601283843 0.0 0
1670601284844 0.0 0
1670601285868 0.0 0
1670601286740 0.0 0
1670601287534 0.0 0
1670601288324 0.0 0
