1670593698846 0.014823905525837483 0
1670593700813 0.027686962659205214 0
1670593702736 0.020412084794574126 0
1670593704477 0.017059015368742034 0
1670593706022 0.014445720081962918 0
1670593707924 0.01290162053875546 0
1670593709807 0.01366033910881484 0
1670593711502 0.014859933808356332 0
1670593712912 0.013835166131366053 0
1670593714665 0.013153630723798382 0
1670593716464 0.013266345058137799 0
1670593718522 0.013306200189752329 0
1670593720449 0.012880820108018318 0
1670593721874 0.012519219495458256 0
1670593723531 0.0127562773896341 0
1670593725386 0.012562658166883192 0
1670593726999 0.012463785127456897 0
1670593728839 0.012175512759517504 0
1670593730601 0.012046712640082155 0
1670593732081 0.011756803093186871 0
1670593733610 0.011476481500586291 0
1670593735337 0.011194123598014055 0
1670593737050 0.012177757236280798 0
1670593738794 0.01191452568425555 0
1670593740218 0.011775062903510033 0
1670593742304 0.011715943686588431 0
1670593743992 0.011524881918068011 0
1670593745886 0.011335792065006123 0
1670593747798 0.010908618641846696 0
1670593749206 0.010975137882519845 0
1670593750809 0.011238904227185584 0
1670593752351 0.011186826822445178 0
1670593754183 0.01103423672458717 0
1670593756012 0.011786035604591141 0
1670593757615 0.011826918429655373 0
1670593759470 0.011836394138089831 0
1670593761213 0.012197394189451038 0
1670593762999 0.012070201331628672 0
1670593764658 0.011971556264778457 0
1670593766639 0.01222464165622704 0
1670593768194 0.012084722758602506 0
1670593770194 0.011957405838033175 0
1670593771695 0.012008844298966842 0
1670593773390 0.011904523786758672 0
1670593775029 0.012043175078914614 0
1670593777014 0.011915891898474806 0
1670593779097 0.01186304249356529 0
1670593780724 0.01176282200771761 0
1670593782486 0.011700866433540347 0
1670593784712 0.011716473140379297 0
1670593786773 0.011682076805185362 0
1670593788440 0.011709724028356516 0
1670593790025 0.01168809436853406 0
1670593791953 0.011582817523014335 0
1670593793513 0.011789554703740865 0
1670593795411 0.011687675364647404 0
1670593797177 0.01158656791888002 0
1670593799070 0.011772695602345937 0
1670593801147 0.012035597306105206 0
1670593802836 0.011962984987474237 0
1670593804586 0.012180830316023752 0
1670593806519 0.012164296065921607 0
1670593808096 0.012069810400976322 0
1670593809564 0.012198628914832643 0
1670593810997 0.012448954409061089 0
1670593812427 0.012359404179950656 0
1670593813956 0.012347447759341712 0
1670593815602 0.012296440596287192 0
1670593817247 0.012281905506958693 0
1670593818900 0.01220406100973491 0
1670593820404 0.012143041012471364 0
1670593822235 0.01206863080423469 0
1670593824127 0.012027275363649087 0
1670593826101 0.01198001233615957 0
1670593827677 0.011901309072341423 0
1670593829221 0.01183015059714361 0
1670593830826 0.011811429357607747 0
1670593832423 0.01177848968868564 0
1670593834279 0.011745245326119452 0
1670593836175 0.011679823211344656 0
1670593837830 0.011702483006746242 0
1670593839772 0.011724060987413451 0
1670593841396 0.011751838982551749 0
1670593843020 0.011704131210425392 0
1670593844835 0.011646139748853132 0
1670593846248 0.011671917437669974 0
1670593847740 0.0116084912995231 0
1670593849528 0.011553680289556889 0
1670593850863 0.011499023626830765 0
1670593852509 0.011639247261814992 0
1670593854197 0.011584260118735673 0
1670593855515 0.011539741654114338 0
1670593857167 0.011479477492697551 0
1670593858726 0.011535454682303978 0
1670593860375 0.011514209209031151 0
1670593861974 0.011455562212943193 0
1670593863417 0.01144590303765175 0
1670593864988 0.011388744828846581 0
1670593866653 0.01142952194213187 0
1670593868259 0.01137417032050167 0
1670593869530 0.011326498567995488 0
1670593870845 0.011281994563213757 0
1670593872133 0.01123541744376183 0
1670593873521 0.011183992723316827 0
1670593875205 0.011154920219804632 0
1670593876807 0.011351162876845775 0
1670593878214 0.01133857974980465 0
1670593879629 0.011348871308445668 0
1670593880958 0.011301266688251016 0
1670593882702 0.011252772762464447 0
1670593884271 0.011206931548892768 0
1670593885876 0.0112184317960696 0
1670593887617 0.011169120094515025 0
1670593889463 0.011123157563717845 0
1670593891042 0.011098764352969581 0
1670593892685 0.011055507667195527 0
1670593894504 0.01108761213314259 0
1670593896118 0.01104165019268577 0
1670593897515 0.011022202642331433 0
1670593899197 0.011008685078047628 0
1670593900848 0.011115392750363287 0
1670593902854 0.01118992599520384 0
1670593904344 0.01114501005695881 0
1670593906102 0.01122254862659676 0
1670593907781 0.011178622139412439 0
1670593909604 0.01120120824983628 0
1670593911122 0.011162648222544369 0
1670593913026 0.011124750643944886 0
1670593914436 0.011087116696790925 0
1670593916216 0.011129248805124073 0
1670593917843 0.011107463883931315 0
1670593919449 0.011116394406798444 0
1670593920834 0.01107793897434263 0
1670593922830 0.011052877257288068 0
1670593924628 0.011012209206760437 0
1670593926431 0.01098477590599152 0
1670593928097 0.010954972893071638 0
1670593929619 0.010923166707096199 0
1670593931059 0.011317169750149597 0
1670593932504 0.011280240852629325 0
1670593934310 0.011310940238406342 0
1670593936053 0.011293809903219085 0
1670593937764 0.011255053698338138 0
1670593939285 0.011348894653179509 0
1670593941282 0.011310371320268603 0
1670593943107 0.011278512580167946 0
1670593944980 0.011269656313203216 0
1670593946628 0.011238112419530363 0
1670593948249 0.01120258107843286 0
1670593949706 0.011193882405521355 0
1670593951260 0.011184919759741951 0
1670593952885 0.011176781562070026 0
1670593954501 0.011175902301986354 0
1670593956183 0.01115506520496043 0
1670593957901 0.011354338332549549 0
1670593959740 0.011355873432453284 0
1670593961379 0.01132051390685647 0
1670593963143 0.01132016693925171 0
1670593964584 0.011286442082167364 0
1670593966103 0.011256729087696246 0
1670593967970 0.01123801550075361 0
1670593969913 0.011206025871088349 0
1670593971766 0.01124190089224722 0
1670593973583 0.01121605520455951 0
1670593975116 0.011184594350766366 0
1670593976870 0.011157514708425187 0
1670593978574 0.011141938356776848 0
1670593979975 0.011110380844366552 0
1670593981734 0.011078981904801069 0
1670593983606 0.011143278099472007 0
1670593985524 0.011165615767215878 0
1670593987135 0.011197154703472864 0
1670593988783 0.011204173385812657 0
1670593990376 0.011173734312929381 0
1670593991974 0.011172590747196814 0
1670593993481 0.01115119844694451 0
1670593995405 0.011123300529792227 0
1670593996989 0.011118358668033013 0
1670593998597 0.011101315947390958 0
1670594000321 0.011118856682729064 0
1670594001781 0.01109826443768372 0
1670594003690 0.011076963795478803 0
1670594005947 0.011050272692171542 0
1670594007671 0.011076660021654958 0
1670594009325 0.011048628789710746 0
1670594011125 0.01101989330544885 0
1670594012867 0.010999143601890152 0
1670594014443 0.010978484241950928 0
1670594016369 0.010964110556900566 0
1670594018131 0.010943814053217482 0
1670594020030 0.01094474884057571 0
1670594021430 0.010922838753984143 0
1670594023215 0.010909156364237463 0
1670594024881 0.010959088991347857 0
1670594026898 0.011024800814335323 0
1670594028369 0.010997320993298046 0
1670594030069 0.010970211770584187 0
1670594031688 0.010944453175415092 0
1670594033403 0.010931813207937402 0
1670594035350 0.010925615227743546 0
1670594037013 0.010907548030545514 0
1670594038447 0.010900515482945294 0
1670594040266 0.010903682922899977 0
1670594042000 0.010899611966191408 0
1670594043430 0.010898355113198255 0
1670594044963 0.01087923365443419 0
1670594046995 0.010915086790704978 0
1670594048595 0.010892775189477316 0
1670594050069 0.010868030029073647 0
1670594051506 0.010844214309538011 0
1670594053069 0.010827109488158473 0
1670594054855 0.010861707760120604 0
1670594056507 0.010957111887977669 0
1670594057887 0.010952593150235251 0
1670594059711 0.01092930406793459 0
1670594061392 0.010927625430258006 0
1670594063138 0.010931056271676537 0
1670594064635 0.010906985389765547 0
1670594066321 0.010918287584657946 0
1670594068213 0.010904424864922907 0
1670594069674 0.010885535876244412 0
1670594071422 0.010886462885364614 0
1670594073433 0.010872817066769708 0
1670594075204 0.010868160388785436 0
1670594076741 0.010854422324666255 0
1670594078276 0.010832538437928904 0
1670594079838 0.010812801890788842 0
1670594081609 0.010789452241210098 0
1670594083100 0.010772633093655934 0
1670594084741 0.010852276706952907 0
1670594086425 0.010840284141653875 0
1670594088177 0.010817986707617702 0
1670594089630 0.010802577509044758 0
1670594091471 0.010829613656116344 0
1670594093178 0.010814403584371066 0
1670594095132 0.010804769038412751 0
1670594096642 0.010783027754482644 0
1670594098459 0.010762880459123533 0
1670594100166 0.01074046349009354 0
1670594102341 0.010728860276525046 0
1670594104098 0.010712790366759914 0
1670594106143 0.010699919090319088 0
1670594108109 0.010727062373955501 0
1670594109990 0.010790190863379207 0
1670594111488 0.010768461949318436 0
1670594113096 0.010749212296434732 0
1670594114727 0.010747053141886134 0
1670594116391 0.010741986532809444 0
1670594118459 0.010728992355966402 0
1670594119986 0.010719596351165372 0
1670594121743 0.010699402554109283 0
1670594123224 0.010681783145456383 0
1670594124778 0.010699745871923766 0
1670594126497 0.01069354927539122 0
1670594128024 0.010679339145626146 0
1670594129827 0.010707876346973774 0
1670594131319 0.010688428426384497 0
1670594132893 0.010689655218536473 0
1670594134662 0.010678025315002643 0
1670594136282 0.010661549218016222 0
1670594138062 0.010671015899332323 0
1670594140051 0.010662153299930185 0
1670594141784 0.01070210280710894 0
1670594143277 0.010685707365955352 0
1670594145493 0.010666741229398174 0
1670594147421 0.010648705167742717 0
1670594149186 0.010639737531477733 0
1670594151193 0.010621102525026058 0
1670594152784 0.01060512466880982 0
1670594154665 0.01063959862089274 0
1670594156336 0.010622620230590754 0
1670594158456 0.010664403210530249 0
1670594160773 0.010682798956533762 0
1670594162760 0.010663363285049673 0
1670594164601 0.010681362094368652 0
1670594166442 0.010663427463815309 0
1670594167912 0.010644623408407203 0
1670594169632 0.010630923812898832 0
1670594171322 0.010615797471346028 0
1670594173426 0.010604512374351213 0
1670594175410 0.010588011380569612 0
1670594176980 0.010575954047854191 0
1670594179003 0.010583841356879564 0
1670594181087 0.010565465428803794 0
1670594182765 0.010565665368356389 0
1670594184805 0.010562556186286487 0
1670594187141 0.010545761118136016 0
1670594189237 0.010542597394111841 0
1670594191267 0.01053089257580686 0
1670594192850 0.010522161121731474 0
1670594194279 0.010530254065741526 0
1670594196417 0.010522806174312949 0
1670594198469 0.010510089431811434 0
1670594200053 0.010551262154544605 0
1670594202010 0.010554909077587132 0
1670594203979 0.01054300659806516 0
1670594206106 0.010563410739379747 0
1670594208374 0.010590011136759003 0
1670594210211 0.01057512573362697 0
1670594212085 0.010575568350765688 0
1670594213684 0.010565205112517212 0
1670594215442 0.01056019021145281 0
1670594216931 0.0105513880432756 0
1670594218620 0.01058833551270133 0
1670594220527 0.010578365347149524 0
1670594222528 0.010562472477582782 0
1670594224421 0.010552500832882297 0
1670594226140 0.010539140992038995 0
1670594228091 0.010522269428778944 0
1670594229728 0.010505357646365537 0
1670594231263 0.010494415632561108 0
1670594232773 0.010491273498293208 0
1670594234586 0.010474708346162556 0
1670594236075 0.01046821570097245 0
1670594237517 0.010478669494584897 0
1670594239063 0.010465800385991153 0
1670594240849 0.010491019137496657 0
1670594242528 0.010479121024315086 0
1670594244058 0.010486710428988077 0
1670594245573 0.010482107661946169 0
1670594247306 0.010466628678447013 0
1670594248911 0.010454026521436316 0
1670594250471 0.010442374443920016 0
1670594252245 0.010429758667912056 0
1670594253683 0.010428984207211722 0
1670594255174 0.010413769624076474 0
1670594256823 0.010441404555145195 0
1670594258345 0.010426224261214465 0
1670594259878 0.010410756853789283 0
1670594261672 0.010396184733679675 0
1670594263336 0.01038754342632743 0
1670594265047 0.010378904788242077 0
1670594266703 0.010365868235323275 0
1670594268268 0.010358675941613313 0
1670594269909 0.010424095171562273 0
1670594271583 0.010434576463207793 0
1670594273480 0.01043584178345977 0
1670594275016 0.010424880774198855 0
1670594276721 0.010422061577718411 0
1670594278346 0.010413244910090144 0
1670594279905 0.010398344017906055 0
1670594281676 0.010484870590101697 0
1670594283729 0.010469654334531897 0
1670594285183 0.010481048545168015 0
1670594286950 0.010499189993856115 0
1670594288733 0.010505694162683571 0
1670594290311 0.010491612310675691 0
1670594291881 0.010521525132044962 0
1670594293311 0.010508083349777708 0
1670594294864 0.010572942038664518 0
1670594296253 0.010557955644906275 0
1670594297851 0.010747809457943902 0
1670594299877 0.010733132828825348 0
