1670592010124 0.021177007894053496 0
1670592010968 0.00589407394181728 0
1670592011825 0.011943010501743097 0
1670592012629 0.009321213526775105 0
1670592013838 0.011353178565308986 0
1670592014868 0.01012045106036719 0
1670592015865 0.00935115135318517 0
1670592016673 0.008639260774364946 0
1670592017715 0.009128706571649558 0
1670592018691 0.008709735623534233 0
1670592019783 0.008343554269421889 0
1670592020893 0.007973142205038482 0
1670592022106 0.0076245351779637045 0
1670592023134 0.007325686152291223 0
1670592024022 0.0071909006321789 0
1670592024989 0.007539987617206527 0
1670592026091 0.00868634858688127 0
1670592027126 0.008438534287607248 0
1670592027891 0.008236108015071547 0
1670592028899 0.00807353976125892 0
1670592029932 0.007919309710595252 0
1670592031079 0.00790150485863644 0
1670592031914 0.007781053737297584 0
1670592032842 0.007944076369744934 0
1670592033724 0.008066428764038219 0
1670592034529 0.008096466174617095 0
1670592035626 0.008962781288941606 0
1670592036552 0.008954993081774821 0
1670592037589 0.009092518070998938 0
1670592038445 0.008948266649541833 0
1670592039467 0.008878528533292664 0
1670592040693 0.00878389679669929 0
1670592041588 0.008765983610464762 0
1670592042622 0.008686882678049158 0
1670592043446 0.008565384028798383 0
1670592044260 0.008451353792144085 0
1670592045072 0.00838240794409801 0
1670592046115 0.008339786612822746 0
1670592046962 0.008295894702593839 0
1670592047738 0.008791200443368424 0
1670592048785 0.008733809519144018 0
1670592049552 0.008659506282369712 0
1670592050480 0.008625878318883092 0
1670592051318 0.008533274594809011 0
1670592052413 0.008441099600989196 0
1670592053315 0.008351015040243825 0
1670592054337 0.008421637068175877 0
1670592055356 0.008557142435533117 0
1670592056383 0.008485897151698445 0
1670592057171 0.008405692538049223 0
1670592058419 0.008350996745759169 0
1670592059416 0.00830816526864256 0
1670592060219 0.008359209053673003 0
1670592061004 0.008285215018010734 0
1670592061833 0.008212353786346941 0
1670592062759 0.008401537773478726 0
1670592063624 0.008578795537538408 0
1670592064431 0.00863661833552851 0
1670592065280 0.008594093800931683 0
1670592066458 0.008677074929822289 0
1670592067359 0.008627635412199963 0
1670592068125 0.008591517172750971 0
1670592068945 0.00858912194672121 0
1670592069745 0.008655996640366447 0
1670592070859 0.008865641245100184 0
1670592071676 0.00885984970576803 0
1670592072475 0.008980676088810998 0
1670592073417 0.009097614394269277 0
1670592074400 0.009040283819249446 0
1670592075174 0.00912356740678544 0
1670592076149 0.009113528252622695 0
1670592077011 0.00918667483252878 0
1670592077833 0.009126245230067605 0
1670592078828 0.009071208165600239 0
1670592079633 0.00909313290191888 0
1670592080621 0.009045271258126885 0
1670592081437 0.009064210147322477 0
1670592082241 0.009011767344297556 0
1670592083090 0.008966210446671286 0
1670592083924 0.009106338002410005 0
1670592084790 0.009059877437570465 0
1670592085599 0.00902155988406664 0
1670592086506 0.009004915948249538 0
1670592087406 0.00896383738940722 0
1670592088240 0.008961459144321327 0
1670592089101 0.008917523104337615 0
1670592089905 0.00887897006186638 0
1670592090718 0.008834774719403301 0
1670592091597 0.008858858287873288 0
1670592092395 0.008811593305026458 0
1670592093216 0.008817664956518315 0
1670592094124 0.008778716270101633 0
1670592094914 0.008742103581759123 0
1670592095797 0.008697246453882475 0
1670592096536 0.008660348176533026 0
1670592097374 0.008615610093901764 0
1670592098466 0.008575041810896779 0
1670592099425 0.008532341216878825 0
1670592100228 0.00850422628643751 0
1670592101096 0.00846977111379255 0
1670592101999 0.008450514285475852 0
1670592102825 0.008492928566963667 0
1670592103765 0.00868925032659972 0
1670592104722 0.008650350245604111 0
1670592105727 0.008659394089396076 0
1670592106546 0.00876588038498815 0
1670592107510 0.008761909931055108 0
1670592108721 0.008746983962789126 0
