1670626501800 0.0036303442104091707 0
1670626508780 0.0011590228275851705 0
1670626515942 0.001860674691878127 0
1670626523155 0.0014540879837095478 0
1670626530341 0.0014483587842285279 0
1670626537358 0.001339949688697441 0
1670626544371 0.001261120366716373 0
1670626551461 0.0015038542704635437 0
1670626558436 0.0014581883391500505 0
1670626564990 0.0014223287585588148 0
1670626571330 0.0013544284112997796 0
1670626577722 0.0015173137157529245 0
1670626584411 0.00161392811393516 0
1670626591059 0.001582232975898976 0
1670626597648 0.0015507474430492274 0
1670626604635 0.0016650443727676994 0
1670626611572 0.001694762065267822 0
1670626618239 0.0016567410715191025 0
1670626624865 0.001609905140954364 0
1670626631561 0.0015963848303999812 0
1670626638292 0.001619802980541611 0
1670626645141 0.0015809802665585296 0
1670626651180 0.001598851463081664 0
1670626657668 0.0015646119164055645 0
1670626664094 0.0015391622465317366 0
1670626670773 0.0015359179981577387 0
1670626676972 0.0015812668537992561 0
1670626683341 0.0015619374943519869 0
1670626689557 0.0014881638007620604 0
1670626695847 0.0014992184633766353 0
1670626701968 0.0014864429175514005 0
1670626708845 0.0014737009749253129 0
1670626715880 0.0015070986306286523 0
1670626722953 0.0014954376655071588 0
1670626729448 0.0014968663976194473 0
1670626736441 0.0014810522876762594 0
1670626743446 0.0015223669896944757 0
1670626750294 0.0015037621887374918 0
1670626757120 0.0014994110090602022 0
1670626763908 0.0014945684730426113 0
1670626770763 0.0014768464367704813 0
1670626777491 0.0014597401551839796 0
1670626784209 0.0014765010724418735 0
1670626790975 0.0014641930065881948 0
1670626797782 0.0014492827015361058 0
1670626804358 0.0014377808738548262 0
1670626811090 0.0014292237347664962 0
1670626818017 0.001430235575603704 0
1670626824705 0.0014439049893414484 0
1670626831435 0.0014302936098097305 0
1670626838323 0.0014170590596253678 0
1670626845234 0.0014162960585025527 0
1670626852137 0.0014151021372893844 0
1670626859047 0.0014157227606821597 0
1670626865911 0.001403398595175525 0
1670626872625 0.0013916678518342807 0
1670626879334 0.001383598176404997 0
1670626886142 0.0013845015213546756 0
1670626893001 0.0013733074507736082 0
1670626899882 0.0013982801875336776 0
1670626906827 0.001407268354057281 0
1670626913728 0.0014195826241388144 0
1670626920757 0.0014129297153182424 0
1670626927774 0.0014215384469422974 0
1670626934774 0.0014222936499908563 0
1670626941831 0.0014122393238136996 0
1670626948453 0.0014023942838669405 0
1670626954718 0.0014127541862364586 0
1670626960977 0.0014213872623060697 0
1670626967115 0.0014116067482274459 0
1670626973324 0.0014048053562821013 0
1670626979789 0.001403788861205475 0
1670626986467 0.0013944616963762436 0
1670626992981 0.0014634016800893252 0
1670626999544 0.0014580085425392973 0
1670627006435 0.0014526266219176695 0
1670627013294 0.0014439609326671607 0
1670627020087 0.0014371265038940519 0
1670627026943 0.0014282310851917927 0
1670627033726 0.0014194987928863264 0
1670627040539 0.0014115030349893098 0
1670627047851 0.0014036396079146573 0
1670627054623 0.0013974959360261053 0
1670627061219 0.001398884874279734 0
1670627067772 0.0013913312034977998 0
1670627074292 0.00138557307910881 0
1670627080789 0.001378286012765928 0
1670627087271 0.0013741113084174148 0
1670627093784 0.001366599277546134 0
1670627100349 0.0013679570076014376 0
1670627107170 0.0013638199983851697 0
1670627113970 0.001382457679658381 0
1670627120804 0.0013775368456900436 0
1670627127698 0.0013782090262376204 0
1670627134603 0.001371242464326107 0
1670627141496 0.0013665770572259977 0
1670627148266 0.0013619423380586088 0
1670627155681 0.0013554515841956774 0
1670627163559 0.0013515488251065763 0
1670627171454 0.0013582211416293907 0
1670627179582 0.0013544410892931324 0
1670627187236 0.0013482370452581388 0
1670627193719 0.0013491410698430418 0
1670627200600 0.001343043781040919 0
1670627207041 0.0013370280817509583 0
1670627213183 0.0013333742798868993 0
1670627219112 0.0013337680047747422 0
1670627224605 0.0013298736934798444 0
1670627230335 0.001337335054546143 0
1670627236357 0.0013335480085363476 0
1670627242133 0.0013300883360390114 0
1670627248004 0.0013264148999588782 0
1670627254113 0.0013227572094579461 0
1670627260119 0.0013194931540240348 0
1670627265958 0.001315942524683826 0
1670627271830 0.001310502761243496 0
1670627277798 0.0013109150146348198 0
1670627283992 0.0013073984909915107 0
1670627290247 0.0013147506841232636 0
1670627296057 0.0013094908532457817 0
1670627301714 0.001310554135519257 0
1670627307545 0.0013110215164864633 0
1670627313075 0.0013059027795889985 0
1670627318571 0.001302616473920524 0
1670627324191 0.0013084931638109396 0
1670627330354 0.0013051430737296037 0
1670627336061 0.0013001684021319657 0
1670627341789 0.0012968785725352265 0
1670627347560 0.0012983005980148515 0
1670627353588 0.0012934716061919348 0
1670627359515 0.001288912494609318 0
1670627365254 0.0012864282447196738 0
1670627371125 0.001281946969475774 0
1670627376968 0.0012773367691657394 0
1670627382591 0.001274393336060761 0
1670627388464 0.001272051832083657 0
1670627394045 0.0012691813121889542 0
1670627399883 0.0012747518968709687 0
1670627405708 0.0012725236688245745 0
1670627411736 0.001268127932470753 0
1670627417866 0.0012685430862603361 0
1670627423787 0.0012737818390100904 0
1670627429349 0.0012697271781858198 0
1670627435164 0.0012654394986350726 0
1670627441034 0.0012611949345410866 0
1670627446731 0.001259230500139805 0
1670627452729 0.0012608571338554972 0
1670627458726 0.0012623816568726176 0
1670627464827 0.0012582874493445259 0
1670627470681 0.0012597472596777254 0
1670627476704 0.00127276870946317 0
1670627482837 0.0012702371398064715 0
1670627488619 0.0012681034480625918 0
1670627494655 0.0012659681346024426 0
1670627500248 0.0012670850170505032 0
1670627505571 0.0012647057387940833 0
1670627511372 0.0012609373137629845 0
1670627517307 0.0012616342843998368 0
1670627523092 0.0012579335612703745 0
1670627528796 0.0012585979561635526 0
1670627535043 0.0012562573914204676 0
1670627540892 0.0012568368812979215 0
1670627546720 0.0012549420934921123 0
1670627552677 0.0012530440349954176 0
1670627558740 0.0012493955215596188 0
1670627564768 0.0012500135731910952 0
1670627570670 0.0012481891184444632 0
1670627576560 0.0012446157785427777 0
1670627582430 0.0012459028063407976 0
1670627588284 0.001244076814609625 0
1670627594259 0.0012452610496526866 0
1670627600505 0.0012434043442677198 0
1670627606302 0.0012540967614560333 0
1670627612017 0.0012522609184554042 0
1670627617853 0.0012501684177464033 0
1670627623346 0.0012508033850254733 0
1670627629388 0.0012513843935838848 0
1670627635396 0.001256875423996412 0
1670627641330 0.0012621833793309682 0
1670627647118 0.0012588270435406872 0
1670627652412 0.001256782285952625 0
1670627657849 0.001253561483082092 0
1670627663708 0.0012515498499441366 0
1670627669550 0.0012521421296284847 0
1670627675075 0.0012488879280954431 0
1670627681009 0.0012595477353371356 0
1670627687075 0.0012564015973842114 0
1670627692909 0.0012544410216459396 0
1670627698797 0.0012513457810405825 0
1670627704885 0.001248273200972561 0
1670627710907 0.001245144444524911 0
1670627716482 0.001246180361450514 0
1670627722245 0.0012445160148400762 0
1670627728454 0.0012493761464832825 0
1670627734756 0.0012591829608882116 0
1670627740823 0.0012574007743740919 0
1670627746807 0.0012543833574809684 0
1670627752814 0.0012638233610362051 0
1670627758720 0.0012621030141855114 0
1670627764752 0.001271273379612 0
1670627770707 0.001269416310931935 0
1670627776309 0.0012664089830148153 0
1670627781387 0.0012645704650690892 0
1670627786414 0.001261670779503824 0
1670627791668 0.0012657223788296568 0
1670627796992 0.0012661735162196154 0
1670627802128 0.0012707344721613863 0
1670627807793 0.0012678803287107772 0
1670627813349 0.001266295279754096 0
1670627818493 0.0012667798312158674 0
1670627823469 0.0012676260478521116 0
1670627828615 0.0012658533273347304 0
1670627833540 0.001266316020890592 0
1670627837999 0.00126355746368265 0
1670627842659 0.0012644152976021832 0
1670627847573 0.0012616088144981096 0
1670627852508 0.0012598871599809915 0
1670627857446 0.0012571908394277997 0
1670627862246 0.0012576761663645854 0
1670627866994 0.0012620095492884308 0
1670627871966 0.0012657502911525655 0
1670627876899 0.0012693881258651432 0
1670627882091 0.0012781001388721003 0
