1670640888714 0.0025412409472864196 0
1670640894043 0.0010732701579730388 0
1670640898810 0.0014583801089097675 0
1670640903796 0.0011434100763948111 0
1670640908792 0.0010138511489599692 0
1670640913680 0.0009379647820882088 0
1670640918648 0.0008827842567014613 0
1670640923709 0.000816703517832486 0
1670640928733 0.000788841157343574 0
1670640933726 0.0008593811408997911 0
1670640938342 0.0008128428877127167 0
1670640942228 0.0007832544818043557 0
1670640946030 0.00078076406172053 0
1670640949885 0.0008550501774364255 0
1670640953666 0.0009498561632107017 0
1670640957344 0.0009190675229754163 0
1670640961095 0.0009030648439552298 0
1670640965041 0.0008873588190068044 0
1670640970115 0.0008629759253283794 0
1670640975173 0.0008405119847205546 0
1670640980259 0.0008473834608703295 0
1670640984811 0.0008350197005616024 0
1670640988533 0.0008229615253824217 0
1670640992628 0.0008112355391139785 0
1670640995956 0.0007998554188566481 0
1670640999978 0.0007888259483524817 0
1670641003898 0.0007733000967201703 0
1670641007890 0.000763378114403338 0
1670641011989 0.0007465036009661046 0
1670641015959 0.0007500052620336233 0
1670641020069 0.0007382458738022036 0
1670641024085 0.0007522052030113912 0
1670641028205 0.0007637170372480245 0
1670641032322 0.0007828648132661037 0
1670641036583 0.0007757760943567499 0
1670641041458 0.0007688060459552234 0
1670641045694 0.0007796300845936222 0
1670641049677 0.0007711229142054923 0
1670641053644 0.0007615538362153364 0
1670641057869 0.0007598279950556534 0
1670641062210 0.0007545444309201286 0
1670641066300 0.0007573508350162083 0
1670641070723 0.0007487739994550996 0
1670641074851 0.0007419153362275797 0
1670641078813 0.0007562634450589662 0
1670641082598 0.0007509024623291857 0
1670641086813 0.0007447218388349535 0
1670641091558 0.0007464338707579045 0
1670641096303 0.0007477102051788114 0
1670641100879 0.0007576204061185456 0
1670641105846 0.0007663920541286784 0
1670641110678 0.0007591718533720901 0
1670641114674 0.0007521519370028014 0
1670641118470 0.0007515671524287326 0
1670641122280 0.000759058512174704 0
1670641126191 0.0007657359677372064 0
1670641130318 0.0007599928561188526 0
1670641134930 0.0007563600394225158 0
1670641139762 0.0007527384512912726 0
1670641144615 0.0007466466758645864 0
1670641149463 0.0007529840180601174 0
1670641154308 0.0007471194588434258 0
1670641158916 0.000745929823146866 0
1670641163767 0.0007514403661676979 0
1670641168595 0.0007498802785417605 0
1670641173516 0.0007546190070265954 0
1670641178490 0.000757688632549961 0
1670641183485 0.0007559859994150039 0
1670641188440 0.0007510754342694166 0
1670641193356 0.000746258020234281 0
1670641198272 0.0007445825213070606 0
1670641203041 0.0007398981898575408 0
1670641207520 0.00073781457799921 0
1670641212382 0.0007333234343292348 0
1670641217348 0.0007287480367663687 0
1670641221720 0.0007244357520442928 0
1670641226580 0.0007230505432011382 0
1670641231843 0.0007270207205475683 0
1670641236877 0.0007227990036063976 0
1670641241847 0.0007264286079639239 0
