1670590063472 0.0 0
1670590063776 0.0 0
1670590064226 0.0 0
1670590064489 0.0 0
1670590064739 0.0 0
1670590065005 0.0 0
1670590065247 0.0 0
1670590065501 0.0 0
1670590065719 0.0 0
1670590065905 0.0 0
1670590066100 0.0 0
1670590066319 0.0 0
1670590066533 0.0 0
1670590066761 0.0 0
1670590066990 0.0 0
1670590067233 0.0 0
1670590067730 0.0 0
1670590068021 0.0 0
1670590068395 0.0 0
1670590068605 0.0 0
1670590068901 0.0 0
1670590069178 0.0 0
1670590069403 0.0 0
1670590069672 0.0 0
1670590069916 0.0 0
1670590070275 0.0 0
1670590070481 0.0 0
1670590070702 0.0 0
1670590070951 0.0 0
1670590071192 0.0 0
1670590071457 0.0 0
1670590071793 0.0 0
1670590072021 0.0 0
1670590072231 0.0 0
1670590072657 0.0 0
1670590072961 0.0 0
1670590073183 0.0 0
1670590073481 0.0 0
1670590073705 0.0 0
1670590073952 0.0 0
1670590074177 0.0 0
1670590074527 0.0 0
1670590074731 0.0 0
1670590074986 0.0 0
1670590075320 0.0 0
1670590075550 0.0 0
1670590075753 0.0 0
1670590076021 0.0 0
1670590076288 0.0 0
1670590076682 0.0 0
1670590076890 0.0 0
1670590077192 0.0 0
1670590077395 0.0 0
1670590077607 0.0 0
1670590077833 0.0 0
1670590078350 0.0 0
1670590078535 0.0 0
1670590078786 0.0 0
1670590078989 0.0 0
1670590079228 0.0 0
1670590079445 0.0 0
1670590079690 0.0 0
1670590079879 0.0 0
1670590080116 0.0 0
1670590080333 0.0 0
1670590080576 0.0 0
1670590080836 0.0 0
1670590081079 0.0 0
1670590081292 0.0 0
1670590081449 0.0 0
1670590081762 0.0 0
1670590082083 0.0 0
1670590082399 0.0 0
1670590082622 0.0 0
1670590083042 0.0 0
1670590083245 0.0 0
1670590083488 0.0 0
1670590083705 0.0 0
1670590083937 0.0 0
1670590084198 0.0 0
1670590084722 0.0 0
1670590084972 0.0 0
1670590085196 0.0 0
1670590085397 0.0 0
1670590085630 0.0 0
1670590085917 0.0 0
1670590086177 0.0 0
1670590086417 0.0 0
1670590086688 0.0 0
1670590086942 0.0 0
1670590087380 0.0 0
1670590087718 0.0 0
1670590087944 0.0 0
1670590088128 0.0 0
1670590088482 0.0 0
1670590088715 0.0 0
1670590088933 0.0 0
1670590089158 0.0 0
1670590089377 0.0 0
1670590089623 0.0 0
1670590089872 0.0 0
