1670625689760 0.0 0
1670625698311 0.0 0
1670625705849 0.0 0
1670625713539 0.0 0
1670625721577 0.0 0
1670625729524 0.0 0
1670625737448 0.0 0
1670625745347 0.0 0
1670625753119 0.0 0
1670625761168 0.0 0
1670625768687 0.0 0
1670625776228 0.0 0
1670625784129 0.0 0
1670625792327 0.0 0
1670625800457 0.0 0
1670625808725 0.0 0
1670625816865 0.0 0
1670625824984 0.0 0
1670625832721 0.0 0
1670625840709 0.0 0
1670625848373 0.0 0
1670625856131 0.0 0
1670625864761 0.0 0
1670625873065 0.0 0
1670625881190 0.0 0
1670625889206 0.0 0
1670625896644 0.0 0
1670625904049 0.0 0
1670625912025 0.0 0
1670625920103 0.0 0
1670625927800 0.0 0
1670625935514 0.0 0
1670625943398 0.0 0
1670625951286 0.0 0
1670625959050 0.0 0
1670625966678 0.0 0
1670625974511 0.0 0
1670625983102 0.0 0
1670625991686 0.0 0
1670625999931 0.0 0
1670626007816 0.0 0
1670626015851 0.0 0
1670626023496 0.0 0
1670626031139 0.0 0
1670626039171 0.0 0
1670626046569 0.0 0
1670626054462 0.0 0
1670626062850 0.0 0
1670626069684 0.0 0
1670626076637 0.0 0
1670626084248 0.0 0
1670626091891 0.0 0
1670626099610 0.0 0
1670626107304 0.0 0
1670626114794 0.0 0
1670626122551 0.0 0
1670626130053 0.0 0
1670626137641 0.0 0
1670626145462 0.0 0
1670626153125 0.0 0
1670626160860 0.0 0
1670626168377 0.0 0
1670626176020 0.0 0
1670626183630 0.0 0
1670626191298 0.0 0
1670626199484 0.0 0
1670626207642 0.0 0
1670626215723 0.0 0
1670626223909 0.0 0
1670626231842 0.0 0
1670626239614 0.0 0
1670626248084 0.0 0
1670626256061 0.0 0
1670626264423 0.0 0
1670626272525 0.0 0
1670626280174 0.0 0
1670626287757 0.0 0
1670626295343 0.0 0
1670626303056 0.0 0
1670626310779 0.0 0
1670626318583 0.0 0
1670626326550 0.0 0
1670626334590 0.0 0
1670626342610 0.0 0
1670626350682 0.0 0
1670626358389 0.0 0
1670626366228 0.0 0
1670626374014 0.0 0
1670626382182 0.0 0
1670626390261 0.0 0
1670626398390 0.0 0
1670626406363 0.0 0
1670626414304 0.0 0
1670626422179 0.0 0
1670626430261 0.0 0
1670626437483 0.0 0
1670626445112 0.0 0
1670626453039 0.0 0
1670626462247 0.0 0
1670626471540 0.0 0
1670626481361 0.0 0
1670626490317 0.0 0
