1670570706568 0.0 0
1670570706931 0.0 0
1670570707211 0.0 0
1670570707378 0.0 0
1670570707733 0.0 0
1670570708095 0.0 0
1670570708279 0.0 0
1670570708559 0.0 0
1670570708704 0.0 0
1670570708949 0.0 0
1670570709197 0.0 0
1670570709474 0.0 0
1670570709749 0.0 0
1670570709938 0.0 0
1670570710104 0.0 0
1670570710355 0.0 0
1670570710695 0.0 0
1670570710952 0.0 0
1670570711302 0.0 0
1670570711564 0.0 0
1670570711920 0.0 0
1670570712097 0.0 0
1670570712410 0.0 0
1670570712631 0.0 0
1670570712890 0.0 0
1670570713110 0.0 0
1670570713399 0.0 0
1670570713689 0.0 0
1670570713895 0.0 0
1670570714158 0.0 0
1670570714425 0.0 0
1670570714696 0.0 0
1670570715002 0.0 0
1670570715148 0.0 0
1670570715389 0.0 0
1670570715657 0.0 0
1670570715858 0.0 0
1670570716059 0.0 0
1670570716389 0.0 0
1670570716560 0.0 0
1670570716801 0.0 0
1670570717136 0.0 0
1670570717537 0.0 0
1670570717843 0.0 0
1670570718125 0.0 0
1670570718391 0.0 0
1670570718657 0.0 0
1670570719018 0.0 0
1670570719398 0.0 0
1670570719726 0.0 0
1670570720005 0.0 0
1670570720349 0.0 0
1670570720684 0.0 0
1670570721042 0.0 0
1670570721326 0.0 0
1670570721536 0.0 0
1670570721857 0.0 0
1670570722030 0.0 0
1670570722322 0.0 0
1670570722533 0.0 0
1670570722709 0.0 0
1670570722978 0.0 0
1670570723309 0.0 0
1670570723565 0.0 0
1670570723931 0.0 0
1670570724209 0.0 0
1670570724403 0.0 0
1670570724668 0.0 0
1670570725072 0.0 0
1670570725314 0.0 0
1670570725545 0.0 0
1670570725775 0.0 0
1670570725981 0.0 0
1670570726192 0.0 0
1670570726596 0.0 0
1670570726887 0.0 0
1670570727254 0.0 0
1670570727444 0.0 0
1670570727726 0.0 0
1670570727926 0.0 0
1670570728203 0.0 0
1670570728445 0.0 0
1670570728752 0.0 0
1670570729063 0.0 0
1670570729403 0.0 0
1670570729731 0.0 0
1670570730116 0.0 0
1670570730457 0.0 0
1670570730646 0.0 0
1670570730850 0.0 0
1670570731192 0.0 0
1670570731434 0.0 0
1670570731606 0.0 0
1670570731782 0.0 0
1670570732125 0.0 0
1670570732436 0.0 0
1670570732651 0.0 0
1670570732824 0.0 0
1670570733064 0.0 0
1670570733252 0.0 0
1670570733414 0.0 0
