1670600256795 0.0 0
1670600257277 0.0 0
1670600257731 0.0 0
1670600258051 0.0 0
1670600258426 0.0 0
1670600258806 0.0 0
1670600259129 0.0 0
1670600259439 0.0 0
1670600259778 0.0 0
1670600260082 0.0 0
1670600260514 0.0 0
1670600260843 0.0 0
1670600261149 0.0 0
1670600261448 0.0 0
1670600261873 0.0 0
1670600262162 0.0 0
1670600262493 0.0 0
1670600262826 0.0 0
1670600263135 0.0 0
1670600263445 0.0 0
1670600263754 0.0 0
1670600264139 0.0 0
1670600264520 0.0 0
1670600265013 0.0 0
1670600265412 0.0 0
1670600265746 0.0 0
1670600266048 0.0 0
1670600266448 0.0 0
1670600266759 0.0 0
1670600267067 0.0 0
1670600267380 0.0 0
1670600267698 0.0 0
1670600268128 0.0 0
1670600268433 0.0 0
1670600268745 0.0 0
1670600269268 0.0 0
1670600269598 0.0 0
1670600269905 0.0 0
1670600270220 0.0 0
1670600270544 0.0 0
1670600270847 0.0 0
1670600271187 0.0 0
1670600271601 0.0 0
1670600271893 0.0 0
1670600272217 0.0 0
1670600272672 0.0 0
1670600272992 0.0 0
1670600273401 0.0 0
1670600273848 0.0 0
1670600274155 0.0 0
1670600274481 0.0 0
1670600274802 0.0 0
1670600275104 0.0 0
1670600275601 0.0 0
1670600275934 0.0 0
1670600276269 0.0 0
1670600276563 0.0 0
1670600276884 0.0 0
1670600277213 0.0 0
1670600277557 0.0 0
1670600277928 0.0 0
1670600278252 0.0 0
1670600278742 0.0 0
1670600279136 0.0 0
1670600279469 0.0 0
1670600279790 0.0 0
1670600280136 0.0 0
1670600280454 0.0 0
1670600280753 0.0 0
1670600281055 0.0 0
1670600281383 0.0 0
1670600281990 0.0 0
1670600282380 0.0 0
1670600282858 0.0 0
1670600283191 0.0 0
1670600283542 0.0 0
1670600283883 0.0 0
1670600284235 0.0 0
1670600284585 0.0 0
1670600284881 0.0 0
1670600285229 0.0 0
1670600285772 0.0 0
1670600286181 0.0 0
1670600286645 0.0 0
1670600287061 0.0 0
1670600287444 0.0 0
1670600287764 0.0 0
1670600288108 0.0 0
1670600288468 0.0 0
1670600288793 0.0 0
1670600289134 0.0 0
1670600289467 0.0 0
1670600289804 0.0 0
1670600290133 0.0 0
1670600290430 0.0 0
1670600290744 0.0 0
1670600291197 0.0 0
1670600291549 0.0 0
1670600291887 0.0 0
1670600292250 0.0 0
1670600292559 0.0 0
