1670824230603 0.0 0
1670824231585 0.0003 0
1670824232368 0.0 0
1670824233111 0.0002 0
1670824233880 0.0 0
1670824234686 0.0 0
1670824235448 0.0 0
1670824236546 0.0 0
1670824238530 0.0001 0
1670824240084 0.0 0
1670824241170 0.0 0
1670824242342 0.0002 0
1670824243738 0.0 0
1670824244658 0.0001 0
1670824245522 0.0 0
1670824246464 0.0 0
1670824247548 0.0001 0
1670824248668 0.0 0
1670824250386 0.0 0
1670824251448 0.0003 0
1670824252554 0.0 0
1670824253495 0.0 0
1670824254452 0.0 0
1670824255890 0.0001 0
1670824256794 0.0 0
1670824257701 0.0001 0
