1670608892657 0.11435584262788878 0
1670608893416 0.042952096082848 0
1670608894186 0.027555689142252898 0
1670608895015 0.023634418176433636 0
1670608895844 0.020093132680359366 0
1670608896717 0.017951584838536455 0
1670608897569 0.017501059616471942 0
1670608898495 0.016548803079722618 0
1670608899372 0.016996146781951826 0
1670608900021 0.016146023379620816 0
1670608900917 0.015626592782279597 0
1670608901635 0.015407951292501831 0
1670608902509 0.014872422553048242 0
1670608903421 0.015270869317358049 0
1670608904134 0.01475001415528221 0
1670608904674 0.014349147824376934 0
1670608905431 0.01575976908331847 0
1670608906036 0.015289035494079228 0
1670608906643 0.016965262222725708 0
1670608907035 0.01759736721962482 0
1670608907427 0.017468433470168382 0
1670608907833 0.017039043312113533 0
1670608908501 0.016638407219857293 0
1670608909347 0.016628733354898118 0
1670608910197 0.01627235897922283 0
1670608911059 0.016050085988729063 0
1670608911933 0.016071038909516472 0
1670608912531 0.015849064927824313 0
1670608913342 0.014910746373836048 0
1670608914235 0.01489980711822983 0
1670608915138 0.015567017288874607 0
1670608915857 0.015330259377762112 0
1670608916518 0.016380662995217926 0
1670608917472 0.01667269509246294 0
1670608918251 0.017022611467279042 0
1670608919283 0.016796347356704322 0
1670608919989 0.01687030786635549 0
1670608921097 0.01665276724446349 0
1670608921901 0.0166779704354873 0
1670608922608 0.016473455255765074 0
1670608923494 0.016276283805267466 0
1670608924240 0.01609233984672309 0
1670608925033 0.016071966956577477 0
1670608925748 0.01589493315206897 0
1670608926244 0.016109272402475477 0
1670608926977 0.015964354981430284 0
1670608927683 0.01588330911998559 0
1670608928396 0.015734987576732584 0
1670608929136 0.015638629476931343 0
1670608929912 0.015581106394802369 0
1670608930646 0.01562313277613428 0
1670608931435 0.015825675098958075 0
1670608932219 0.015952616133868613 0
1670608932865 0.015827247916905568 0
1670608933633 0.015811223899792698 0
1670608934301 0.015963223966601936 0
1670608935015 0.01620876343997732 0
1670608935722 0.016123767127936506 0
1670608936264 0.017004715781357038 0
1670608936968 0.016963825242158587 0
1670608937746 0.01692621341604103 0
1670608938363 0.01707658488973962 0
1670608939214 0.017099725860473453 0
1670608939798 0.016970586617796435 0
1670608940569 0.016903732751883255 0
1670608941172 0.017236131394785525 0
1670608942136 0.01713025129656026 0
1670608942710 0.0171963282476974 0
1670608943365 0.01710867086006057 0
1670608944136 0.01699884153687667 0
1670608944743 0.01689720404940398 0
1670608945630 0.01688204339924071 0
1670608946415 0.01762396461925736 0
1670608947253 0.017513994763566937 0
1670608948062 0.017691337400910112 0
1670608948883 0.01759012446716915 0
1670608949551 0.017496994621416934 0
1670608950280 0.017442545388467706 0
1670608950796 0.017478749524901693 0
1670608951614 0.01737057945113682 0
1670608952619 0.017508283295627397 0
1670608953321 0.01742307484357064 0
1670608954160 0.017530009121643514 0
1670608954895 0.017650789623138485 0
1670608955544 0.017637398648968988 0
1670608956049 0.017542606046084153 0
1670608956748 0.017557594751625688 0
1670608957452 0.017830967443517587 0
1670608958224 0.017733698325881037 0
1670608959045 0.01772527999536727 0
1670608959672 0.01794860535374615 0
1670608960035 0.017896445058187188 0
1670608960887 0.017870324135453503 0
1670608961728 0.017865523141865125 0
1670608962440 0.0179105640075847 0
1670608963173 0.018236388869492415 0
1670608963791 0.018143472402780914 0
1670608964459 0.01806280497923099 0
1670608965140 0.018182020595914283 0
1670608965861 0.018114243883618236 0
1670608966381 0.01818873362137763 0
