1670603577746 0.0 0
1670603579150 0.0 0
1670603580665 0.0 0
1670603581770 0.0 0
1670603583565 0.0 0
1670603584805 0.0 0
1670603585843 0.0 0
1670603586789 0.0 0
1670603587854 0.0 0
1670603588922 0.0 0
1670603590074 0.0 0
1670603591202 0.0 0
1670603592516 0.0 0
1670603593551 0.0 0
1670603595006 0.0 0
1670603596073 0.0 0
1670603597495 0.0 0
1670603598524 0.0 0
1670603599630 0.0 0
1670603600984 0.0 0
1670603602240 0.0 0
1670603603291 0.0 0
1670603604596 0.0 0
1670603605929 0.0 0
1670603607346 0.0 0
1670603608988 0.0 0
1670603610234 0.0 0
1670603611196 0.0 0
1670603612529 0.0 0
1670603613869 0.0 0
1670603615592 0.0 0
1670603616698 0.0 0
1670603617886 0.0 0
1670603619235 0.0 0
1670603620868 0.0 0
1670603622386 0.0 0
1670603624013 0.0 0
1670603625431 0.0 0
1670603626890 0.0 0
1670603628258 0.0 0
1670603629453 0.0 0
1670603630794 0.0 0
1670603632192 0.0 0
1670603633578 0.0 0
1670603634422 0.0 0
1670603636037 0.0 0
1670603637154 0.0 0
1670603638369 0.0 0
1670603639573 0.0 0
1670603640856 0.0 0
1670603642426 0.0 0
1670603643545 0.0 0
1670603644590 0.0 0
1670603646004 0.0 0
1670603647464 0.0 0
1670603648761 0.0 0
1670603650098 0.0 0
1670603651558 0.0 0
1670603653111 0.0 0
1670603654589 0.0 0
1670603655628 0.0 0
1670603656794 0.0 0
1670603657960 0.0 0
1670603658931 0.0 0
1670603660390 0.0 0
1670603661696 0.0 0
1670603663170 0.0 0
1670603664093 0.0 0
1670603665812 0.0 0
1670603667224 0.0 0
1670603668465 0.0 0
1670603669474 0.0 0
1670603671192 0.0 0
1670603672335 0.0 0
1670603673475 0.0 0
1670603674916 0.0 0
1670603676048 0.0 0
1670603677447 0.0 0
1670603678887 0.0 0
1670603680228 0.0 0
1670603681470 0.0 0
1670603682997 0.0 0
1670603684128 0.0 0
1670603685507 0.0 0
1670603686756 0.0 0
1670603687940 0.0 0
1670603689170 0.0 0
1670603690638 0.0 0
1670603691782 0.0 0
1670603693076 0.0 0
1670603694070 0.0 0
1670603695161 0.0 0
1670603696284 0.0 0
1670603697437 0.0 0
1670603698824 0.0 0
1670603700085 0.0 0
1670603701271 0.0 0
1670603702644 0.0 0
1670603703674 0.0 0
1670603704966 0.0 0
1670603706379 0.0 0
