1670607015070 0.0 0
1670607015467 0.0 0
1670607015588 0.0 0
1670607015800 0.0 0
1670607016239 0.0 0
1670607016420 0.0 0
1670607016586 0.0 0
1670607016754 0.0 0
1670607017037 0.0 0
1670607017313 0.0 0
1670607017502 0.0 0
1670607017817 0.0 0
1670607018022 0.0 0
1670607018399 0.0 0
1670607018681 0.0 0
1670607019026 0.0 0
1670607019194 0.0 0
1670607019363 0.0 0
1670607019561 0.0 0
1670607019932 0.0 0
1670607020153 0.0 0
1670607020392 0.0 0
1670607020805 0.0 0
1670607020983 0.0 0
1670607021268 0.0 0
1670607021561 0.0 0
1670607021885 0.0 0
1670607022049 0.0 0
1670607022304 0.0 0
1670607022539 0.0 0
1670607022835 0.0 0
1670607023079 0.0 0
1670607023304 0.0 0
1670607023682 0.0 0
1670607023986 0.0 0
1670607024316 0.0 0
1670607024575 0.0 0
1670607024968 0.0 0
1670607025283 0.0 0
1670607025528 0.0 0
1670607025832 0.0 0
1670607026033 0.0 0
1670607026241 0.0 0
1670607026452 0.0 0
1670607026722 0.0 0
1670607027040 0.0 0
1670607027365 0.0 0
1670607027598 0.0 0
1670607027934 0.0 0
1670607028083 0.0 0
1670607028460 0.0 0
1670607028786 0.0 0
1670607029008 0.0 0
1670607029307 0.0 0
1670607029691 0.0 0
1670607029975 0.0 0
1670607030213 0.0 0
1670607030546 0.0 0
1670607030799 0.0 0
1670607031178 0.0 0
1670607031563 0.0 0
1670607031894 0.0 0
1670607032243 0.0 0
1670607032473 0.0 0
1670607032726 0.0 0
1670607032965 0.0 0
1670607033183 0.0 0
1670607033364 0.0 0
1670607033537 0.0 0
1670607033769 0.0 0
1670607034044 0.0 0
1670607034419 0.0 0
1670607034709 0.0 0
1670607035142 0.0 0
1670607035424 0.0 0
1670607035783 0.0 0
1670607036050 0.0 0
1670607036391 0.0 0
1670607036598 0.0 0
1670607036960 0.0 0
1670607037088 0.0 0
1670607037430 0.0 0
1670607037767 0.0 0
1670607037978 0.0 0
1670607038356 0.0 0
1670607038597 0.0 0
1670607038820 0.0 0
1670607039167 0.0 0
1670607039620 0.0 0
1670607040267 0.0 0
1670607040870 0.0 0
1670607041105 0.0 0
1670607041343 0.0 0
1670607041697 0.0 0
1670607042193 0.0 0
1670607042466 0.0 0
1670607043075 0.0 0
1670607043360 0.0 0
1670607043770 0.0 0
1670607044088 0.0 0
1670607044341 0.0 0
