1670602251659 0.0 0
1670602252029 0.0 0
1670602252301 0.0 0
1670602252607 0.0 0
1670602252903 0.0 0
1670602253210 0.0 0
1670602253522 0.0 0
1670602253804 0.0 0
1670602254069 0.0 0
1670602254377 0.0 0
1670602254750 0.0 0
1670602255038 0.0 0
1670602255315 0.0 0
1670602255612 0.0 0
1670602255917 0.0 0
1670602256199 0.0 0
1670602256491 0.0 0
1670602256780 0.0 0
1670602257163 0.0 0
1670602257458 0.0 0
1670602257732 0.0 0
1670602258013 0.0 0
1670602258308 0.0 0
1670602258721 0.0 0
1670602259087 0.0 0
1670602259361 0.0 0
1670602259655 0.0 0
1670602259964 0.0 0
1670602260375 0.0 0
1670602260637 0.0 0
1670602260941 0.0 0
1670602261304 0.0 0
1670602261670 0.0 0
1670602262114 0.0 0
1670602262411 0.0 0
1670602262676 0.0 0
1670602262958 0.0 0
1670602263283 0.0 0
1670602263586 0.0 0
1670602263964 0.0 0
1670602264247 0.0 0
1670602264522 0.0 0
1670602264817 0.0 0
1670602265179 0.0 0
1670602265495 0.0 0
1670602265793 0.0 0
1670602266058 0.0 0
1670602266431 0.0 0
1670602266728 0.0 0
1670602267023 0.0 0
1670602267353 0.0 0
1670602267680 0.0 0
1670602267982 0.0 0
1670602268296 0.0 0
1670602268594 0.0 0
1670602268877 0.0 0
1670602269296 0.0 0
1670602269714 0.0 0
1670602270009 0.0 0
1670602270409 0.0 0
1670602270807 0.0 0
1670602271097 0.0 0
1670602271383 0.0 0
1670602271803 0.0 0
1670602272115 0.0 0
1670602272381 0.0 0
1670602272699 0.0 0
1670602272977 0.0 0
1670602273382 0.0 0
1670602273742 0.0 0
1670602274022 0.0 0
1670602274329 0.0 0
1670602274722 0.0 0
1670602275101 0.0 0
1670602275404 0.0 0
1670602275666 0.0 0
1670602275955 0.0 0
1670602276230 0.0 0
1670602276638 0.0 0
1670602276926 0.0 0
1670602277188 0.0 0
1670602277489 0.0 0
1670602277765 0.0 0
1670602278039 0.0 0
1670602278291 0.0 0
1670602278596 0.0 0
1670602278885 0.0 0
1670602279160 0.0 0
1670602279548 0.0 0
1670602279934 0.0 0
1670602280324 0.0 0
1670602280696 0.0 0
1670602280962 0.0 0
1670602281313 0.0 0
1670602281686 0.0 0
1670602281971 0.0 0
1670602282357 0.0 0
1670602282636 0.0 0
1670602283009 0.0 0
1670602283275 0.0 0
1670602283652 0.0 0
