1670640332468 0.034557134329107515 0
1670640373573 0.034951420818095026 0
1670640400652 0.036085729679517405 0
1670640431998 0.03572904095831484 0
1670640475485 0.03371688567048285 0
1670640507175 0.03482726140683827 0
1670640547868 0.03384675003236069 0
1670640581627 0.03556526906340875 0
1670640617244 0.033357204513091175 0
1670640664356 0.03445981574134697 0
1670640693332 0.033538507844138817 0
1670640729349 0.033308767455738006 0
1670640756750 0.03419421006104768 0
1670640784416 0.03637041729227294 0
1670640812952 0.036498449610443066 0
1670640840940 0.03334824353172049 0
1670640868218 0.035411457895095075 0
1670640895427 0.03504931647287571 0
1670640922723 0.03432481393566589 0
1670640950273 0.033551599504323626 0
1670640997922 0.03563752424506981 0
1670641036246 0.03560974021315769 0
1670641063426 0.03619113954301667 0
1670641135884 0.03454139006318443 0
1670641162969 0.036112754874095696 0
1670641190950 0.03535076681130249 0
1670641243209 0.035131659242651325 0
1670641287348 0.03418093316656498 0
1670641330842 0.03399806858529478 0
1670641370177 0.03626639223087363 0
