1670576603780 0.0 0
1670576604400 0.0 0
1670576605237 0.0 0
1670576606012 0.0 0
1670576607104 0.0 0
1670576608094 0.0 0
1670576609144 0.0 0
1670576609852 0.0 0
1670576610566 0.0 0
1670576611170 0.0 0
1670576611902 0.0 0
1670576612700 0.0 0
1670576613332 0.0 0
1670576614010 0.0 0
1670576614612 0.0 0
1670576615154 0.0 0
1670576615783 0.0 0
1670576616409 0.0 0
1670576617048 0.0 0
1670576617850 0.0 0
1670576618562 0.0 0
1670576619005 0.0 0
1670576619651 0.0 0
1670576620401 0.0 0
1670576621044 0.0 0
1670576621877 0.0 0
1670576622586 0.0 0
1670576623485 0.0 0
1670576624323 0.0 0
1670576624948 0.0 0
1670576625745 0.0 0
1670576626150 0.0 0
1670576627145 0.0 0
1670576628083 0.0 0
1670576628772 0.0 0
1670576629459 0.0 0
1670576630176 0.0 0
1670576630789 0.0 0
1670576631556 0.0 0
1670576632060 0.0 0
1670576632927 0.0 0
1670576633626 0.0 0
1670576634409 0.0 0
1670576635364 0.0 0
1670576636043 0.0 0
1670576636738 0.0 0
1670576637272 0.0 0
1670576638011 0.0 0
1670576638784 0.0 0
1670576639503 0.0 0
1670576640207 0.0 0
1670576640959 0.0 0
1670576641676 0.0 0
1670576642368 0.0 0
1670576643241 0.0 0
1670576643936 0.0 0
1670576644575 0.0 0
1670576645243 0.0 0
1670576645764 0.0 0
1670576646633 0.0 0
1670576647196 0.0 0
1670576647831 0.0 0
1670576648396 0.0 0
1670576648998 0.0 0
1670576649617 0.0 0
1670576650199 0.0 0
1670576650840 0.0 0
1670576651491 0.0 0
1670576652039 0.0 0
1670576652632 0.0 0
1670576653426 0.0 0
1670576654011 0.0 0
1670576654708 0.0 0
1670576655359 0.0 0
1670576656005 0.0 0
1670576656601 0.0 0
1670576657131 0.0 0
1670576657755 0.0 0
1670576658370 0.0 0
1670576658982 0.0 0
1670576659507 0.0 0
1670576660177 0.0 0
1670576660835 0.0 0
1670576661486 0.0 0
1670576662156 0.0 0
1670576662809 0.0 0
1670576663411 0.0 0
1670576664052 0.0 0
1670576664635 0.0 0
1670576665160 0.0 0
1670576665826 0.0 0
1670576666506 0.0 0
1670576667439 0.0 0
1670576668063 0.0 0
1670576668785 0.0 0
1670576669476 0.0 0
1670576670198 0.0 0
1670576670861 0.0 0
1670576671798 0.0 0
1670576672628 0.0 0
1670576673185 0.0 0
1670576674187 0.0 0
