1670594699046 0.0 0
1670594700079 0.0003333333333333333 0
1670594701010 0.0 0
1670594701965 0.0 0
1670594702925 0.0 0
1670594703679 0.0003333333333333333 0
1670594704613 0.0003333333333333333 0
1670594705802 0.0 0
1670594706698 0.001 0
1670594707574 0.0003333333333333333 0
1670594708270 0.0 0
1670594709122 0.0003333333333333333 0
1670594709869 0.0003333333333333333 0
1670594710579 0.0006666666666666666 0
1670594711468 0.0003333333333333333 0
1670594712232 0.0 0
1670594712925 0.0 0
1670594713929 0.0 0
1670594714626 0.0003333333333333333 0
1670594715553 0.0 0
1670594716300 0.0 0
1670594717042 0.0003333333333333333 0
1670594717830 0.0006666666666666666 0
1670594718694 0.0 0
1670594719445 0.0003333333333333333 0
1670594720390 0.0 0
1670594721182 0.0 0
1670594722087 0.0003333333333333333 0
1670594722834 0.0 0
1670594723666 0.0 0
1670594724574 0.0 0
1670594725251 0.0 0
1670594726394 0.0003333333333333333 0
1670594727451 0.0003333333333333333 0
1670594728174 0.0 0
1670594729055 0.0 0
1670594729837 0.0 0
1670594730758 0.0 0
1670594731720 0.0 0
1670594732883 0.0003333333333333333 0
1670594733663 0.0003333333333333333 0
1670594734607 0.0 0
1670594735515 0.0 0
1670594736219 0.0006666666666666666 0
1670594737176 0.0003333333333333333 0
1670594737910 0.0006666666666666666 0
1670594738878 0.0003333333333333333 0
1670594739902 0.0 0
1670594740857 0.0 0
1670594741857 0.0006666666666666666 0
1670594742615 0.0 0
1670594743616 0.0003333333333333333 0
1670594744509 0.0 0
1670594745365 0.0 0
1670594746132 0.0 0
1670594746857 0.0 0
1670594747877 0.0003333333333333333 0
1670594748839 0.0 0
1670594749780 0.0 0
1670594750451 0.0 0
1670594751396 0.0 0
1670594752331 0.0 0
1670594753421 0.0 0
1670594754103 0.0 0
1670594754753 0.0 0
1670594755576 0.0003333333333333333 0
1670594756493 0.0 0
1670594757416 0.0 0
1670594758227 0.0003333333333333333 0
1670594759087 0.0 0
1670594759870 0.0 0
1670594760681 0.0003333333333333333 0
1670594761340 0.0 0
1670594762385 0.0 0
1670594763046 0.0003333333333333333 0
1670594764051 0.0003333333333333333 0
1670594764929 0.0 0
1670594765767 0.0003333333333333333 0
1670594766675 0.0 0
1670594767492 0.0 0
1670594768346 0.0003333333333333333 0
1670594769005 0.0 0
1670594769869 0.0 0
1670594770608 0.0003333333333333333 0
1670594771442 0.0 0
1670594772168 0.0 0
1670594773059 0.0 0
1670594773859 0.0 0
1670594774671 0.0 0
1670594775313 0.0 0
1670594775972 0.0006666666666666666 0
1670594776818 0.0 0
1670594777861 0.0 0
1670594778691 0.0 0
1670594779439 0.0006666666666666666 0
1670594780210 0.0006666666666666666 0
1670594780929 0.0 0
1670594781776 0.0003333333333333333 0
1670594782490 0.0003333333333333333 0
1670594783342 0.0 0
1670594784073 0.0 0
1670594784805 0.0003333333333333333 0
1670594785703 0.0 0
1670594786381 0.001 0
1670594787310 0.0 0
1670594788042 0.0 0
1670594788927 0.0003333333333333333 0
1670594789669 0.0003333333333333333 0
1670594790372 0.0 0
1670594791279 0.0003333333333333333 0
1670594792118 0.0 0
1670594792827 0.0 0
1670594794009 0.0003333333333333333 0
1670594794886 0.0006666666666666666 0
1670594795758 0.0003333333333333333 0
1670594796888 0.0 0
1670594797669 0.0 0
1670594798401 0.0 0
1670594799138 0.0 0
1670594799939 0.0003333333333333333 0
1670594800956 0.0 0
1670594801857 0.0003333333333333333 0
1670594802732 0.0003333333333333333 0
1670594803595 0.0 0
1670594804368 0.0 0
1670594805135 0.0 0
1670594806111 0.0 0
1670594806871 0.0 0
1670594807649 0.0006666666666666666 0
1670594808394 0.0 0
1670594809264 0.0 0
1670594810065 0.0006666666666666666 0
