1670585725056 0.002 0
1670585726342 0.0013333333333333333 0
1670585727477 0.0023333333333333335 0
1670585728481 0.0016666666666666668 0
1670585729761 0.0026666666666666666 0
1670585731074 0.0026666666666666666 0
1670585732040 0.0023333333333333335 0
1670585733187 0.0033333333333333335 0
1670585734198 0.004 0
1670585735144 0.0036666666666666666 0
1670585736130 0.0006666666666666666 0
1670585737007 0.003 0
1670585738037 0.001 0
1670585739210 0.0026666666666666666 0
1670585740120 0.004666666666666667 0
1670585741260 0.0026666666666666666 0
1670585742286 0.003 0
1670585743322 0.0036666666666666666 0
1670585744397 0.0023333333333333335 0
1670585745582 0.003 0
1670585746463 0.0016666666666666668 0
1670585747437 0.0016666666666666668 0
1670585748288 0.0026666666666666666 0
1670585749341 0.003 0
1670585750272 0.002 0
1670585751411 0.0026666666666666666 0
1670585752259 0.0026666666666666666 0
1670585753072 0.002 0
1670585753905 0.0036666666666666666 0
1670585754852 0.0023333333333333335 0
1670585756111 0.002 0
1670585757171 0.0026666666666666666 0
1670585758517 0.0026666666666666666 0
1670585759604 0.0033333333333333335 0
1670585760826 0.0023333333333333335 0
1670585761767 0.0026666666666666666 0
1670585762622 0.002 0
1670585763332 0.0023333333333333335 0
1670585764503 0.003 0
1670585765443 0.0033333333333333335 0
1670585766342 0.0026666666666666666 0
1670585767371 0.0013333333333333333 0
1670585768449 0.0026666666666666666 0
1670585769358 0.0006666666666666666 0
1670585770278 0.0026666666666666666 0
1670585771233 0.0016666666666666668 0
1670585772144 0.0026666666666666666 0
1670585772916 0.0023333333333333335 0
1670585773690 0.0026666666666666666 0
1670585774779 0.0003333333333333333 0
1670585775708 0.002 0
1670585776861 0.003 0
1670585777902 0.003 0
1670585778767 0.0026666666666666666 0
1670585779586 0.004 0
1670585780506 0.0023333333333333335 0
1670585781447 0.002 0
1670585782561 0.001 0
1670585783371 0.0033333333333333335 0
1670585784234 0.0013333333333333333 0
1670585785155 0.0026666666666666666 0
1670585786188 0.002 0
1670585787025 0.004333333333333333 0
1670585788032 0.0016666666666666668 0
1670585789118 0.0026666666666666666 0
1670585790250 0.003 0
1670585791339 0.0016666666666666668 0
1670585792156 0.002 0
1670585793269 0.0036666666666666666 0
1670585794130 0.0023333333333333335 0
1670585794948 0.0033333333333333335 0
1670585796067 0.0023333333333333335 0
1670585796936 0.0026666666666666666 0
1670585797929 0.003 0
1670585798843 0.005 0
1670585799897 0.001 0
1670585800911 0.0026666666666666666 0
1670585801682 0.0013333333333333333 0
1670585802788 0.0033333333333333335 0
1670585803719 0.0013333333333333333 0
1670585804485 0.002 0
1670585805407 0.0026666666666666666 0
1670585806323 0.0023333333333333335 0
1670585807454 0.0033333333333333335 0
1670585808314 0.004 0
1670585809319 0.0036666666666666666 0
1670585810378 0.002 0
1670585811437 0.0023333333333333335 0
1670585812344 0.002 0
1670585813578 0.0026666666666666666 0
1670585814510 0.004 0
1670585815575 0.002 0
1670585816641 0.0013333333333333333 0
1670585817442 0.0023333333333333335 0
1670585818226 0.0023333333333333335 0
1670585818962 0.0016666666666666668 0
1670585820084 0.0026666666666666666 0
1670585820829 0.0033333333333333335 0
1670585821576 0.0016666666666666668 0
1670585822616 0.0023333333333333335 0
1670585823415 0.0026666666666666666 0
1670585824483 0.0026666666666666666 0
1670585825278 0.002 0
1670585826345 0.0016666666666666668 0
1670585827220 0.0023333333333333335 0
1670585827980 0.0026666666666666666 0
1670585828790 0.0016666666666666668 0
1670585829537 0.0036666666666666666 0
1670585830329 0.002 0
1670585831128 0.0026666666666666666 0
1670585831867 0.0026666666666666666 0
1670585832652 0.0036666666666666666 0
1670585833778 0.0033333333333333335 0
1670585834523 0.002 0
1670585835429 0.0013333333333333333 0
1670585836417 0.001 0
1670585837324 0.0036666666666666666 0
1670585838400 0.0016666666666666668 0
1670585839181 0.0023333333333333335 0
1670585839918 0.002 0
1670585840832 0.002 0
1670585841746 0.0023333333333333335 0
1670585842679 0.0026666666666666666 0
1670585843452 0.001 0
1670585844175 0.003 0
1670585844795 0.004666666666666667 0
1670585845839 0.0023333333333333335 0
1670585846723 0.001 0
