1670577023076 0.0 0
1670577023207 0.0 0
1670577023457 0.0 0
1670577023766 0.0 0
1670577023981 0.0 0
1670577024431 0.0 0
1670577024509 0.0 0
1670577024769 0.0 0
1670577024875 0.0 0
1670577025023 0.0 0
1670577025398 0.0 0
1670577025509 0.0 0
1670577025632 0.0 0
1670577026048 0.0 0
1670577026153 0.0 0
1670577026333 0.0 0
1670577026593 0.0 0
1670577026794 0.0 0
1670577027132 0.0 0
1670577027216 0.0 0
1670577027527 0.0 0
1670577027637 0.0 0
1670577027778 0.0 0
1670577028098 0.0 0
1670577028171 0.0 0
1670577028362 0.0 0
1670577028586 0.0 0
1670577028703 0.0 0
1670577028889 0.0 0
1670577029025 0.0 0
1670577029167 0.0 0
1670577029307 0.0 0
1670577029573 0.0 0
1670577029831 0.0 0
1670577030004 0.0 0
1670577030138 0.0 0
1670577030357 0.0 0
1670577030536 0.0 0
1670577030634 0.0 0
1670577030886 0.0 0
1670577031172 0.0 0
1670577031418 0.0 0
1670577031752 0.0 0
1670577032013 0.0 0
1670577032235 0.0 0
1670577032435 0.0 0
1670577032757 0.0 0
1670577032908 0.0 0
1670577033019 0.0 0
1670577033161 0.0 0
1670577033561 0.0 0
1670577033686 0.0 0
1670577033900 0.0 0
1670577033995 0.0 0
1670577034185 0.0 0
1670577034353 0.0 0
1670577034687 0.0 0
1670577034942 0.0 0
1670577035156 0.0 0
1670577035393 0.0 0
1670577035706 0.0 0
1670577035928 0.0 0
1670577036124 0.0 0
1670577036301 0.0 0
1670577036482 0.0 0
1670577036560 0.0 0
1670577036772 0.0 0
1670577036894 0.0 0
1670577037122 0.0 0
1670577037335 0.0 0
1670577037479 0.0 0
1670577037596 0.0 0
1670577037874 0.0 0
1670577038142 0.0 0
1670577038269 0.0 0
1670577038483 0.0 0
1670577038788 0.0 0
1670577038926 0.0 0
1670577039058 0.0 0
1670577039206 0.0 0
1670577039425 0.0 0
1670577039681 0.0 0
1670577040011 0.0 0
1670577040111 0.0 0
1670577040253 0.0 0
1670577040379 0.0 0
1670577040707 0.0 0
1670577041031 0.0 0
1670577041283 0.0 0
1670577041441 0.0 0
1670577041771 0.0 0
1670577042016 0.0 0
1670577042290 0.0 0
1670577042410 0.0 0
1670577042587 0.0 0
1670577042709 0.0 0
1670577043000 0.0 0
1670577043140 0.0 0
1670577043390 0.0 0
1670577043527 0.0 0
1670577043787 0.0 0
