1670562660949 0.0003333333333333333 0
1670562661497 0.0003333333333333333 0
1670562662110 0.0006666666666666666 0
1670562662609 0.0003333333333333333 0
1670562663220 0.0006666666666666666 0
1670562663859 0.001 0
1670562664420 0.0 0
1670562665112 0.0003333333333333333 0
1670562665777 0.0003333333333333333 0
1670562666420 0.0003333333333333333 0
1670562666892 0.0006666666666666666 0
1670562667558 0.0003333333333333333 0
1670562668260 0.0 0
1670562668986 0.0 0
1670562669755 0.0003333333333333333 0
1670562670313 0.0 0
1670562670931 0.0 0
1670562671503 0.0 0
1670562672270 0.0003333333333333333 0
1670562673157 0.0 0
1670562673843 0.0003333333333333333 0
1670562674797 0.0 0
1670562675496 0.0 0
1670562676283 0.0006666666666666666 0
1670562676877 0.0 0
1670562677684 0.0 0
1670562678445 0.0003333333333333333 0
1670562679200 0.0 0
1670562679909 0.0 0
1670562680600 0.0 0
1670562681203 0.0003333333333333333 0
1670562681617 0.0 0
1670562682414 0.0 0
1670562683122 0.0 0
1670562683727 0.0 0
1670562684327 0.0 0
1670562685280 0.0003333333333333333 0
1670562686005 0.0003333333333333333 0
1670562686686 0.0 0
1670562687346 0.0 0
1670562688127 0.0006666666666666666 0
1670562688778 0.0 0
1670562689527 0.0 0
1670562690214 0.0 0
1670562690948 0.0003333333333333333 0
1670562691556 0.0003333333333333333 0
1670562692373 0.0 0
1670562692871 0.0 0
1670562693570 0.0006666666666666666 0
1670562694196 0.0 0
1670562694953 0.0 0
1670562695514 0.0003333333333333333 0
1670562696208 0.0003333333333333333 0
1670562696915 0.0006666666666666666 0
1670562697616 0.0 0
1670562698260 0.0003333333333333333 0
1670562698812 0.0003333333333333333 0
1670562699530 0.0 0
1670562700201 0.0006666666666666666 0
1670562700890 0.0006666666666666666 0
1670562701614 0.0003333333333333333 0
1670562702442 0.0003333333333333333 0
1670562703075 0.0003333333333333333 0
1670562703807 0.0003333333333333333 0
1670562704489 0.0003333333333333333 0
1670562705146 0.0 0
1670562706153 0.0006666666666666666 0
1670562706870 0.0003333333333333333 0
1670562707734 0.0 0
1670562708403 0.0 0
1670562709013 0.0006666666666666666 0
1670562709533 0.0003333333333333333 0
1670562710349 0.0 0
1670562710964 0.0003333333333333333 0
1670562711645 0.0003333333333333333 0
1670562712636 0.0003333333333333333 0
1670562713378 0.001 0
1670562714177 0.0003333333333333333 0
1670562714685 0.0 0
1670562715377 0.0 0
1670562716037 0.0 0
1670562716684 0.0 0
1670562717445 0.0003333333333333333 0
1670562718257 0.0 0
1670562718857 0.0003333333333333333 0
1670562719385 0.0 0
1670562719851 0.0 0
1670562720727 0.0 0
1670562721232 0.0006666666666666666 0
1670562721749 0.0 0
1670562722515 0.0 0
1670562723408 0.0003333333333333333 0
1670562724022 0.0 0
1670562724448 0.0006666666666666666 0
1670562725240 0.0 0
1670562725879 0.0006666666666666666 0
1670562726866 0.0 0
1670562727764 0.0 0
1670562728708 0.0003333333333333333 0
1670562729158 0.001 0
1670562730052 0.0006666666666666666 0
1670562730603 0.0 0
1670562731405 0.0 0
1670562732067 0.001 0
1670562732907 0.0 0
