1670575397096 0.1872 0
1670575399899 0.1885 0
1670575401853 0.1865 0
1670575404000 0.1862 0
1670575406066 0.1876 0
1670575408499 0.1864 0
1670575410998 0.1871 0
1670575413238 0.1884 0
1670575415495 0.1872 0
1670575418202 0.1877 0
1670575420111 0.1875 0
1670575422241 0.1882 0
1670575424257 0.1874 0
1670575426564 0.1888 0
1670575429198 0.1878 0
1670575431660 0.1895 0
1670575433848 0.1895 0
1670575436027 0.1878 0
1670575438385 0.1878 0
1670575440618 0.1907 0
1670575442822 0.1884 0
1670575445570 0.1865 0
1670575448153 0.1878 0
1670575450861 0.1875 0
1670575453390 0.1892 0
1670575455597 0.1891 0
1670575457832 0.1889 0
1670575460100 0.1883 0
1670575461969 0.1873 0
1670575464030 0.1873 0
1670575466544 0.1871 0
1670575468852 0.1888 0
1670575470639 0.1872 0
1670575472613 0.1888 0
1670575475206 0.1883 0
1670575477879 0.1873 0
1670575480008 0.1872 0
1670575481846 0.1882 0
1670575483969 0.1896 0
1670575486874 0.1871 0
1670575488954 0.1872 0
1670575491383 0.1879 0
1670575493597 0.1875 0
1670575495815 0.1886 0
1670575498066 0.1878 0
1670575500450 0.1875 0
1670575502714 0.1879 0
1670575504988 0.1892 0
1670575507767 0.1893 0
1670575510103 0.188 0
1670575512450 0.1895 0
1670575514645 0.1886 0
1670575517118 0.1886 0
1670575519207 0.1867 0
1670575521401 0.1873 0
1670575523857 0.1876 0
1670575526370 0.187 0
1670575528500 0.1889 0
1670575530521 0.1893 0
1670575533505 0.1886 0
1670575535441 0.1881 0
1670575537827 0.1889 0
1670575539937 0.187 0
1670575541901 0.1884 0
1670575544396 0.1878 0
1670575546839 0.1883 0
1670575549136 0.1888 0
1670575551413 0.1891 0
1670575553946 0.1875 0
1670575556064 0.1879 0
1670575558693 0.1878 0
1670575560959 0.1881 0
1670575563448 0.1882 0
1670575565927 0.1866 0
1670575568007 0.1896 0
1670575570211 0.1872 0
1670575572645 0.1871 0
1670575575051 0.1871 0
1670575578013 0.1884 0
1670575580531 0.1881 0
1670575582885 0.1888 0
1670575585532 0.1881 0
1670575588056 0.188 0
1670575590166 0.1881 0
1670575593114 0.1874 0
1670575595664 0.1863 0
1670575598163 0.188 0
1670575600817 0.185 0
1670575602955 0.1891 0
1670575605862 0.1876 0
1670575609410 0.1882 0
1670575613296 0.1889 0
1670575617353 0.1891 0
1670575620717 0.1871 0
1670575624748 0.1878 0
1670575627863 0.1879 0
1670575630834 0.1874 0
1670575634315 0.1886 0
1670575637808 0.1885 0
1670575640217 0.1894 0
1670575643692 0.1867 0
1670575647566 0.1885 0
1670575651087 0.1872 0
1670575655182 0.1895 0
1670575659221 0.1858 0
1670575662769 0.1879 0
1670575666177 0.1875 0
1670575669556 0.1868 0
1670575672149 0.1883 0
1670575674724 0.1859 0
1670575676872 0.188 0
1670575679737 0.1887 0
1670575682270 0.1862 0
1670575685406 0.1882 0
1670575687866 0.1861 0
1670575690878 0.1879 0
1670575694027 0.1897 0
1670575696959 0.1874 0
