1670572867107 0.0012706204736432358 0
1670572870178 0.000702620248578395 0
1670572873984 0.0005277490155040643 0
1670572877969 0.002095434458930151 0
1670572881672 0.0018297535615190708 0
1670572885840 0.0016484951562551475 0
1670572889558 0.0015494605254523508 0
1670572892961 0.0015062755934879546 0
1670572897328 0.001557442224841027 0
1670572900938 0.001529816443634563 0
1670572904762 0.0015336864412018036 0
1670572908307 0.0015772312582615078 0
1670572912157 0.0015272995376143517 0
1670572916318 0.0014682349066095501 0
1670572920145 0.001593026839160211 0
1670572923814 0.001661090534642834 0
1670572928038 0.0016098628681326388 0
1670572931401 0.0016587700899217406 0
1670572934452 0.0017950045678799542 0
1670572938217 0.0018190432693019898 0
1670572942032 0.001813753735374013 0
1670572945876 0.0018055306297269924 0
1670572949154 0.0017653588667668196 0
1670572951856 0.0017257154254741724 0
1670572954983 0.0017057122163884608 0
1670572958129 0.0017164396394512282 0
1670572961123 0.001767483555964039 0
1670572964370 0.0017469497936178358 0
1670572968345 0.0016926444854798162 0
1670572971974 0.001693193285721234 0
1670572975694 0.0017282170677000164 0
1670572979617 0.0017021621363559336 0
1670572983024 0.001731569148749057 0
1670572986384 0.001741703038205783 0
1670572989454 0.0017269817444058588 0
1670572993282 0.0018021071143683731 0
1670572996739 0.0017826598308734176 0
1670573000530 0.0018666378888014257 0
1670573004008 0.0018951696390767936 0
1670573007763 0.0018757207617791372 0
1670573011484 0.001862334163155288 0
1670573015681 0.0018556605852246 0
1670573019334 0.0018378320050511932 0
1670573022660 0.001817981952098563 0
1670573025766 0.0018531846191483792 0
1670573029365 0.0018928927319301625 0
1670573033202 0.0018741755278447736 0
1670573036946 0.0019379798683251126 0
1670573039356 0.0019219003482529862 0
1670573043121 0.0019097527945581005 0
1670573046886 0.0018922241905212356 0
1670573050898 0.001875167861931204 0
1670573055017 0.0018647336576549656 0
1670573059342 0.0018477037698206855 0
1670573063534 0.0020327004569317686 0
1670573067506 0.0021632501435631946 0
1670573069335 0.002174356534816402 0
1670573073077 0.0021777350079277835 0
1670573076852 0.00232222420499012 0
1670573080703 0.002305872886737753 0
1670573083970 0.0023423173643548068 0
1670573088146 0.0023362005894866367 0
1670573092441 0.002320216991186841 0
1670573096973 0.002302306036712526 0
1670573100362 0.0022854133307569635 0
1670573102070 0.0022701081538727963 0
1670573104351 0.0022919849339162746 0
1670573106890 0.0022820876536995827 0
1670573111225 0.0022745579838763796 0
1670573115317 0.002259941191621151 0
1670573119478 0.0022466019720342734 0
1670573123587 0.0022438805360415204 0
1670573126615 0.0022921394941333717 0
1670573130244 0.002278053434944527 0
1670573134300 0.002263204772889077 0
1670573137239 0.0022533861161602164 0
1670573140236 0.0022846080173190564 0
1670573142859 0.0022762680193953444 0
1670573146359 0.002263312911949117 0
1670573148807 0.0022926378477300946 0
1670573151345 0.0023052633125358046 0
1670573155323 0.002310672963482918 0
1670573159610 0.0022971905192109288 0
1670573163308 0.002298236620791455 0
1670573167673 0.0022911565085354524 0
1670573171533 0.0022813972077315725 0
1670573173991 0.002268398140069461 0
1670573178063 0.0022693545288317574 0
1670573181941 0.002266170279092483 0
1670573186371 0.002259539170733904 0
1670573190730 0.002270246190520353 0
1670573194726 0.0022582677198869083 0
1670573198216 0.0022491226330579595 0
1670573201520 0.0022468731155675103 0
1670573205483 0.0022367573156235054 0
1670573210082 0.002301930929774876 0
1670573214233 0.0022901806132157587 0
1670573218554 0.0022821765716938835 0
1670573222676 0.002270755097247723 0
1670573226866 0.0022670572995158733 0
1670573231317 0.002265105561962494 0
