1670631075839 0.0025412409472864196 0
1670631082028 0.0010732701579730388 0
1670631087982 0.0007795369581752025 0
1670631093561 0.0006475727138834826 0
1670631099150 0.0009732065763676024 0
1670631104692 0.0008953074609062645 0
1670631110161 0.0008525773984223264 0
1670631116590 0.0008134817951446541 0
1670631122971 0.0007584132813004384 0
1670631128350 0.0007917922442404173 0
1670631133425 0.000750884043382892 0
1670631138782 0.0007157955408875717 0
1670631144381 0.0006852566950565054 0
1670631149824 0.0006608356603479115 0
1670631155014 0.0007262388482138563 0
1670631160050 0.0008711189274995612 0
1670631165317 0.0008619663879024502 0
1670631170395 0.0009685245492732685 0
1670631175793 0.0009570866004006838 0
1670631181399 0.0009309654478834928 0
1670631186669 0.0009399705522531892 0
1670631191884 0.000918833192305749 0
1670631196912 0.0008975778526312361 0
1670631202295 0.0008967870812427621 0
1670631207948 0.0009133917428597277 0
1670631212920 0.0009089893191344353 0
1670631218296 0.0008910035416183312 0
1670631223582 0.000874045907458132 0
1670631228683 0.0008342071725936152 0
1670631233965 0.0008239604910733488 0
1670631239201 0.0008369384725509662 0
1670631244280 0.0008241707358044993 0
1670631249626 0.00081197004544104 0
1670631254935 0.0008026432354203464 0
1670631259916 0.0008027408428733739 0
1670631265171 0.0007918206585874631 0
1670631269574 0.0007839855938160218 0
1670631274469 0.0007738692268412035 0
1670631279209 0.000785882015252352 0
1670631283860 0.0007789558693045682 0
1670631288628 0.0007895766651804352 0
1670631293344 0.0007831371243100641 0
1670631297365 0.0008102717043125358 0
1670631300890 0.0008095093880819903 0
1670631305091 0.0008025231745941103 0
1670631309056 0.0008126524376963367 0
1670631312995 0.0008060893820418891 0
1670631316934 0.0007996652416679057 0
1670631320886 0.0008081138530665103 0
1670631325119 0.0008023822491717055 0
1670631329560 0.0007967476091906996 0
1670631333935 0.0007967893125452575 0
1670631338585 0.0007962900429505746 0
1670631343713 0.0007955627097855369 0
1670631348076 0.0007884415982194798 0
1670631352301 0.0007888567972909356 0
1670631357095 0.0007835193519705526 0
1670631361352 0.0007838729764781116 0
1670631366051 0.0007914361642937919 0
1670631370794 0.0007862472724294517 0
1670631375536 0.0007817644861839162 0
1670631380340 0.000776842068158627 0
1670631385061 0.000770763001408954 0
1670631389744 0.0007703207177675853 0
1670631394464 0.0007663518811524986 0
1670631399165 0.0007606280423588469 0
1670631403871 0.0007550305687629493 0
1670631408614 0.0007714529681256161 0
1670631413316 0.0007706931495725787 0
1670631417979 0.0007792668573475153 0
1670631422638 0.0007938294751111378 0
1670631427346 0.0007892274962695888 0
1670631432151 0.0007940147580260412 0
1670631436842 0.0007951261443285637 0
1670631441532 0.0007996253570281382 0
1670631446258 0.0008006673106071283 0
1670631451017 0.0007962600871957076 0
1670631455799 0.000791922201248006 0
1670631460228 0.0007876519533030445 0
1670631464448 0.0007846425233947777 0
1670631468893 0.0007816502130129192 0
1670631473823 0.0007769839236796316 0
1670631478553 0.000781356232825081 0
1670631483594 0.0007768182914127065 0
1670631488533 0.0007882274204667398 0
1670631493622 0.0007842444972918604 0
1670631498634 0.000787810644661128 0
1670631503681 0.0007834905596100572 0
1670631508690 0.0007849649640839632 0
1670631513725 0.0008001732032853828 0
1670631518795 0.000823953750453264 0
1670631523890 0.000824305406787717 0
1670631528956 0.000856655995157536 0
1670631533831 0.0008521459792037037 0
1670631538829 0.0008484436951980406 0
1670631544041 0.0008452118919661171 0
1670631549323 0.0008420106554329555 0
1670631554450 0.0008377550168681164 0
1670631559518 0.0008346409457844466 0
1670631564522 0.0008312660008459533 0
1670631569509 0.0008502128112275451 0
