1670596043241 0.03388321263048558 0
1670596044096 0.014310268772973849 0
1670596045024 0.009171606822324624 0
1670596046268 0.010981689593958434 0
1670596047193 0.011640556452099913 0
1670596048333 0.0103328656261318 0
1670596049203 0.009340764644044855 0
1670596049985 0.009442847765203183 0
1670596050869 0.009643619586334945 0
1670596051890 0.009068732217679835 0
1670596052837 0.00891532327155949 0
1670596053696 0.008481485803821126 0
1670596054669 0.008842437857418783 0
1670596055644 0.008490781899169821 0
1670596056710 0.008628331216894252 0
1670596057779 0.008897231063048714 0
1670596058476 0.00888649230680821 0
1670596059215 0.008648432678879988 0
1670596060045 0.008712557441348114 0
1670596060783 0.00852838839777825 0
1670596061523 0.008803678309845814 0
1670596062523 0.00858827330356475 0
1670596063438 0.008387981395876612 0
1670596064282 0.008200372260546238 0
1670596065039 0.008159240262561599 0
1670596065895 0.00803899388440546 0
1670596066976 0.008121232216327778 0
1670596067830 0.007991684815814706 0
1670596068948 0.007630042303598792 0
1670596070022 0.007581803971595226 0
1670596071178 0.007483733611636484 0
1670596071994 0.007370671316469075 0
1670596073151 0.0073007140576552935 0
1670596073992 0.00738714894826411 0
1670596075033 0.007302911526816683 0
1670596076025 0.007209556390316067 0
1670596077190 0.0075686015806945076 0
1670596078107 0.007873003166055666 0
1670596079101 0.007802746569024483 0
1670596080139 0.00775335747271726 0
1670596081155 0.0077038641291742 0
1670596082129 0.007616303742329744 0
1670596083222 0.007531893664965778 0
1670596084163 0.007447735787077948 0
1670596084982 0.007388484535029164 0
1670596086023 0.007318559219110697 0
1670596086991 0.007390233788703928 0
1670596088112 0.007366431756083252 0
1670596089374 0.007451300881172747 0
1670596090246 0.007480028995582685 0
1670596091246 0.007477224394626705 0
1670596092052 0.00741078591067219 0
1670596092872 0.007567616958084295 0
1670596093914 0.00752745246303509 0
1670596094792 0.007538947766417469 0
1670596095914 0.007525143703275863 0
1670596097103 0.007510011249589783 0
1670596098006 0.007493697959531864 0
1670596098890 0.007553046339879035 0
1670596099897 0.00750685465722075 0
1670596100662 0.00759517796386367 0
1670596101686 0.007541395543650547 0
1670596102592 0.007497200280772651 0
1670596103691 0.007447150984922059 0
1670596104623 0.007502538999253203 0
1670596105512 0.007473667823802446 0
1670596106259 0.007478888098408423 0
1670596107029 0.007425950007669078 0
1670596107938 0.007453825557308463 0
1670596108730 0.007479851725999759 0
1670596109774 0.007552195141461594 0
1670596110594 0.007559065239605235 0
1670596111838 0.007533372443977479 0
1670596112698 0.007482985812348384 0
1670596113633 0.0075296813595121526 0
1670596114720 0.007486788110024248 0
1670596115434 0.00747523970743862 0
1670596116336 0.007464152053775885 0
1670596117212 0.007418703890412851 0
1670596118343 0.007408506980394823 0
1670596119378 0.0073631954374911305 0
1670596120095 0.007548842022813026 0
1670596121253 0.007720555341905113 0
1670596122110 0.007744236040149562 0
1670596122833 0.007699157539472458 0
1670596123908 0.007677572109112962 0
1670596124750 0.007662770789069184 0
1670596125702 0.007789546890584848 0
1670596126502 0.007835566503324232 0
1670596127139 0.007828618636673137 0
1670596127959 0.007793094782117027 0
1670596128915 0.00777408932729179 0
1670596129876 0.007732801329643137 0
1670596130942 0.007927512996380871 0
1670596131694 0.007971445670021931 0
1670596132864 0.00797403800068371 0
1670596133893 0.007952927340376954 0
1670596134723 0.007948687353224529 0
1670596135639 0.007938496678449144 0
1670596136555 0.007914222201668437 0
1670596137371 0.007930562176886095 0
1670596138144 0.007927043090899762 0
1670596138930 0.007928898072080203 0
