1670615080918 0.0 0
1670615088785 0.0 0
1670615097052 0.0 0
1670615105471 0.0 0
1670615113823 0.0 0
1670615122670 0.0 0
1670615130188 0.0 0
1670615136596 0.0 0
1670615144972 0.0 0
1670615151617 0.0 0
1670615161448 0.0 0
1670615170895 0.0 0
1670615178639 0.0 0
1670615187000 0.0 0
1670615196127 0.0 0
1670615203530 0.0 0
1670615212275 0.0 0
1670615220092 0.0 0
1670615228468 0.0 0
1670615238110 0.0 0
1670615246662 0.0 0
1670615253729 0.0 0
1670615262920 0.0 0
1670615271441 0.0 0
1670615279491 0.0 0
1670615287509 0.0 0
1670615296945 0.0 0
1670615302662 0.0 0
1670615306091 0.0 0
1670615315207 0.0 0
1670615322651 0.0 0
1670615332072 0.0 0
1670615342118 0.0 0
1670615353264 0.0 0
1670615357830 0.0 0
1670615365254 0.0 0
1670615372586 0.0 0
1670615384062 0.0 0
1670615391031 0.0 0
1670615399195 0.0 0
1670615404089 0.0 0
1670615413965 0.0 0
1670615423964 0.0 0
1670615434141 0.0 0
1670615446350 0.0 0
1670615458679 0.0001 0
1670615469689 0.0 0
1670615480660 0.0 0
1670615489190 0.0 0
1670615493020 0.0 0
1670615504532 0.0 0
1670615516821 0.0 0
1670615530512 0.0 0
1670615541687 0.0 0
1670615553390 0.0 0
1670615564146 0.0 0
1670615575189 0.0 0
1670615586380 0.0 0
1670615597416 0.0 0
1670615608663 0.0 0
1670615620075 0.0 0
1670615628902 0.0 0
1670615637081 0.0001 0
1670615648533 0.0 0
1670615659765 0.0 0
1670615671192 0.0 0
1670615682968 0.0 0
1670615694722 0.0 0
1670615706709 0.0 0
1670615718418 0.0 0
1670615729473 0.0 0
1670615740052 0.0 0
1670615751095 0.0 0
1670615762681 0.0 0
1670615773564 0.0 0
1670615784942 0.0001 0
1670615795523 0.0001 0
1670615806441 0.0 0
1670615817534 0.0 0
1670615828497 0.0 0
1670615839464 0.0 0
1670615850105 0.0 0
1670615860746 0.0 0
1670615871461 0.0 0
1670615881991 0.0 0
1670615892501 0.0 0
1670615903420 0.0 0
1670615913733 0.0 0
1670615923824 0.0 0
1670615934122 0.0 0
1670615944859 0.0 0
1670615955630 0.0 0
1670615966777 0.0 0
1670615977912 0.0 0
1670615988850 0.0 0
1670615999280 0.0 0
1670616008943 0.0 0
1670616019216 0.0 0
1670616029893 0.0 0
1670616040450 0.0 0
1670616050199 0.0 0
1670616060092 0.0 0
