1670634478455 0.12742708520976093 0
1670634503908 0.12902251076793406 0
1670634529612 0.1251678074222316 0
1670634557761 0.12399979437425833 0
1670634581652 0.12703879825198172 0
1670634640235 0.12365089251891778 0
1670634701910 0.12454820135435113 0
1670634727379 0.12451385739308382 0
1670634753179 0.12958243015764384 0
1670634780349 0.12649989515735163 0
1670634812435 0.1252572693593599 0
1670634856827 0.1257000238993412 0
1670634881614 0.1259510648536932 0
1670634911061 0.1278036507369383 0
1670634935297 0.1289547045676054 0
1670634992258 0.12646414674491804 0
1670635016471 0.12412014083490083 0
1670635041928 0.12567431678987714 0
1670635087542 0.12919701676515455 0
1670635133779 0.12687272719840054 0
1670635160332 0.12903622623152178 0
1670635186462 0.12342487717546385 0
1670635212615 0.1266403167708827 0
1670635241366 0.1253982640986516 0
1670635272659 0.12542799485629197 0
1670635298863 0.1277616349519615 0
1670635326596 0.12536981101632289 0
1670635404920 0.12523175551599386 0
1670635429890 0.12580416172261843 0
1670635463803 0.12801939557313083 0
