1670558244825 0.0 0
1670558245118 0.0 0
1670558245440 0.0 0
1670558245560 0.0 0
1670558245849 0.0 0
1670558246151 0.0 0
1670558246380 0.0 0
1670558246637 0.0 0
1670558246798 0.0 0
1670558247143 0.0 0
1670558247275 0.0 0
1670558247509 0.0 0
1670558247894 0.0 0
1670558248033 0.0 0
1670558248310 0.0 0
1670558248520 0.0 0
1670558248690 0.0 0
1670558249063 0.0 0
1670558249205 0.0 0
1670558249372 0.0 0
1670558249701 0.0 0
1670558249831 0.0 0
1670558250051 0.0 0
1670558250401 0.0 0
1670558250591 0.0 0
1670558250901 0.0 0
1670558251131 0.0 0
1670558251404 0.0 0
1670558251652 0.0 0
1670558251908 0.0 0
1670558252181 0.0 0
1670558252358 0.0 0
1670558252679 0.0 0
1670558252824 0.0 0
1670558253107 0.0 0
1670558253463 0.0 0
1670558253706 0.0 0
1670558253841 0.0 0
1670558254123 0.0 0
1670558254377 0.0 0
1670558254588 0.0 0
1670558254840 0.0 0
1670558255021 0.0 0
1670558255310 0.0 0
1670558255622 0.0 0
1670558255839 0.0 0
1670558255995 0.0 0
1670558256274 0.0 0
1670558256492 0.0 0
1670558256711 0.0 0
1670558256828 0.0 0
1670558257127 0.0 0
1670558257321 0.0 0
1670558257431 0.0 0
1670558257692 0.0 0
1670558257929 0.0 0
1670558258193 0.0 0
1670558258456 0.0 0
1670558258594 0.0 0
1670558258730 0.0 0
1670558259133 0.0 0
1670558259282 0.0 0
1670558259562 0.0 0
1670558259663 0.0 0
1670558259919 0.0 0
1670558260211 0.0 0
1670558260414 0.0 0
1670558260601 0.0 0
1670558260706 0.0 0
1670558261032 0.0 0
1670558261201 0.0 0
1670558261439 0.0 0
1670558261708 0.0 0
1670558262138 0.0 0
1670558262652 0.0 0
1670558262910 0.0 0
1670558263024 0.0 0
1670558263222 0.0 0
1670558263554 0.0 0
1670558264026 0.0 0
1670558264185 0.0 0
1670558264442 0.0 0
1670558264608 0.0 0
1670558264929 0.0 0
1670558265245 0.0 0
1670558265361 0.0 0
1670558265540 0.0 0
1670558265828 0.0 0
1670558265956 0.0 0
1670558266248 0.0 0
1670558266354 0.0 0
1670558266599 0.0 0
1670558266798 0.0 0
1670558267137 0.0 0
1670558267448 0.0 0
1670558267732 0.0 0
1670558267836 0.0 0
1670558268197 0.0 0
1670558268416 0.0 0
1670558268584 0.0 0
1670558268802 0.0 0
