1670648615316 0.12600426221644084 0
1670648628431 0.12655689174157336 0
1670648640173 0.1281282146522728 0
1670648651876 0.13286001074396597 0
1670648667470 0.1312418755233984 0
1670648679160 0.1334123953983937 0
1670648691069 0.133998413718305 0
1670648702959 0.12768167968727612 0
1670648725042 0.13150152267621032 0
1670648754925 0.1335517342376463 0
1670648770294 0.13307310355896595 0
1670648782105 0.1281805623762517 0
1670648799517 0.1291585600804964 0
1670648811363 0.12900451821823905 0
1670648832126 0.13158549420189872 0
1670648843888 0.12959251788584697 0
1670648862923 0.12824900725639565 0
1670648874708 0.129084820892994 0
1670648886508 0.13208083292776962 0
1670648898753 0.13151322492946846 0
1670648920925 0.13043171361802702 0
1670648932716 0.1258459450989326 0
1670648949381 0.13343455406765425 0
1670648962899 0.13206873506602673 0
1670648974647 0.12494855058599452 0
1670648986450 0.12951529174090662 0
1670649004639 0.13771927896161176 0
1670649016440 0.13069017821113843 0
1670649028243 0.13594423272331002 0
1670649055139 0.12947727376923476 0
