1670641042511 0.0 0
1670641043384 0.0 0
1670641044296 0.0 0
1670641045463 0.0 0
1670641046561 0.0 0
1670641047819 0.0 0
1670641048729 0.0 0
1670641049968 0.0 0
1670641050955 0.0 0
1670641052174 0.0003333333333333333 0
1670641053362 0.0 0
1670641054639 0.0 0
1670641055842 0.0 0
1670641057075 0.0 0
1670641058522 0.0 0
1670641060002 0.0003333333333333333 0
1670641061328 0.0 0
1670641062569 0.0 0
1670641063907 0.0 0
1670641065149 0.0 0
1670641066466 0.0 0
1670641068001 0.0 0
1670641069315 0.0003333333333333333 0
1670641070609 0.0 0
1670641071882 0.0 0
1670641073137 0.0 0
1670641074374 0.0 0
1670641075614 0.0 0
1670641077042 0.0 0
1670641078505 0.0 0
1670641079980 0.0 0
1670641081435 0.0 0
1670641082893 0.0 0
1670641084354 0.0 0
1670641085657 0.0 0
1670641086840 0.0 0
1670641087868 0.0 0
1670641088866 0.0 0
1670641090160 0.0 0
1670641091494 0.0 0
1670641092795 0.0 0
1670641094085 0.0 0
1670641095456 0.0 0
1670641097001 0.0 0
1670641098452 0.0 0
1670641099733 0.0 0
1670641101097 0.0 0
1670641102416 0.0 0
1670641103790 0.0 0
1670641105067 0.0 0
1670641106503 0.0 0
1670641107768 0.0 0
1670641109075 0.0 0
1670641110357 0.0 0
1670641111610 0.0 0
1670641112905 0.0 0
1670641114265 0.0 0
1670641115585 0.0 0
1670641116930 0.0 0
1670641118195 0.0 0
1670641119281 0.0 0
1670641120469 0.0 0
1670641121812 0.0 0
1670641123120 0.0 0
1670641124412 0.0 0
1670641125684 0.0003333333333333333 0
1670641126936 0.0 0
1670641128253 0.0 0
1670641129578 0.0 0
1670641130823 0.0 0
1670641132071 0.0 0
1670641133388 0.0 0
1670641134688 0.0 0
1670641135965 0.0 0
1670641137294 0.0 0
1670641138602 0.0 0
1670641139878 0.0 0
1670641141197 0.0003333333333333333 0
1670641142457 0.0 0
1670641143702 0.0 0
1670641145175 0.0 0
1670641146710 0.0 0
1670641148248 0.0 0
1670641149787 0.0 0
1670641151337 0.0 0
1670641152879 0.0 0
1670641154470 0.0 0
1670641156035 0.0 0
1670641157566 0.0 0
1670641159098 0.0 0
1670641160341 0.0 0
1670641161597 0.0 0
1670641162809 0.0 0
1670641163987 0.0 0
1670641165235 0.0 0
1670641166390 0.0 0
1670641167617 0.0 0
1670641168720 0.0 0
1670641169972 0.0 0
1670641171274 0.0 0
1670641172509 0.0 0
1670641173745 0.0 0
1670641174798 0.0 0
1670641176068 0.0 0
1670641177393 0.0 0
1670641178730 0.0 0
1670641180092 0.0 0
1670641181397 0.0 0
1670641182750 0.0 0
1670641184107 0.0 0
1670641185393 0.0 0
1670641186655 0.0 0
1670641188032 0.0 0
1670641189447 0.0 0
1670641190508 0.0 0
1670641191836 0.0003333333333333333 0
1670641193193 0.0 0
1670641194551 0.0 0
1670641195825 0.0 0
1670641197086 0.0 0
1670641198427 0.0 0
1670641199898 0.0 0
1670641201448 0.0 0
1670641202998 0.0 0
1670641204546 0.0 0
1670641206109 0.0 0
1670641207654 0.0 0
1670641209186 0.0 0
1670641210740 0.0 0
1670641212289 0.0 0
1670641213829 0.0 0
1670641215409 0.0 0
1670641216984 0.0003333333333333333 0
1670641218548 0.0 0
1670641220130 0.0 0
1670641221700 0.0 0
1670641223257 0.0 0
1670641224821 0.0 0
1670641226370 0.0 0
1670641227886 0.0 0
1670641229403 0.0 0
1670641230647 0.0 0
1670641231823 0.0003333333333333333 0
1670641233085 0.0 0
1670641234377 0.0 0
1670641235603 0.0 0
1670641236847 0.0 0
