1670603999617 0.0 0
1670603999742 0.0 0
1670604000161 0.0 0
1670604000414 0.0 0
1670604000722 0.0 0
1670604001024 0.0 0
1670604001347 0.0 0
1670604001832 0.0 0
1670604002164 0.0 0
1670604002481 0.0 0
1670604002854 0.0 0
1670604003153 0.0 0
1670604003444 0.0 0
1670604003834 0.0 0
1670604004220 0.0 0
1670604004390 0.0 0
1670604004621 0.0 0
1670604004942 0.0 0
1670604005168 0.0 0
1670604005578 0.0 0
1670604005871 0.0 0
1670604006194 0.0 0
1670604006466 0.0 0
1670604006799 0.0 0
1670604007142 0.0 0
1670604007440 0.0 0
1670604007829 0.0 0
1670604008127 0.0 0
1670604008554 0.0 0
1670604008848 0.0 0
1670604009052 0.0 0
1670604009490 0.0 0
1670604009811 0.0 0
1670604010210 0.0 0
1670604011036 0.0 0
1670604011219 0.0 0
1670604011688 0.0 0
1670604012144 0.0 0
1670604012398 0.0 0
1670604012740 0.0 0
1670604013132 0.0 0
1670604013444 0.0 0
1670604013839 0.0 0
1670604013964 0.0 0
1670604014346 0.0 0
1670604014784 0.0 0
1670604015211 0.0 0
1670604015514 0.0 0
1670604015772 0.0 0
1670604016158 0.0 0
1670604016454 0.0 0
1670604016741 0.0 0
1670604017098 0.0 0
1670604017527 0.0 0
1670604017758 0.0 0
1670604018027 0.0 0
1670604018421 0.0 0
1670604018848 0.0 0
1670604019116 0.0 0
1670604019789 0.0 0
1670604020112 0.0 0
1670604020355 0.0 0
1670604020767 0.0 0
1670604021095 0.0 0
1670604021655 0.0 0
1670604021901 0.0 0
1670604022303 0.0 0
1670604022717 0.0 0
1670604023151 0.0 0
1670604023412 0.0 0
1670604023788 0.0 0
1670604024143 0.0 0
1670604024391 0.0 0
1670604024853 0.0 0
1670604025144 0.0 0
1670604025503 0.0 0
1670604025838 0.0 0
1670604026170 0.0 0
1670604026509 0.0 0
1670604026790 0.0 0
1670604027179 0.0 0
1670604027444 0.0 0
1670604027905 0.0 0
1670604028192 0.0 0
1670604028642 0.0 0
1670604028834 0.0 0
1670604029127 0.0 0
1670604029500 0.0 0
1670604029776 0.0 0
1670604030048 0.0 0
1670604030402 0.0 0
1670604030644 0.0 0
1670604030912 0.0 0
1670604031240 0.0 0
1670604031607 0.0 0
1670604031724 0.0 0
1670604032122 0.0 0
1670604032394 0.0 0
1670604032812 0.0 0
1670604033145 0.0 0
1670604033446 0.0 0
