1670601294922 0.002117700789405357 0
1670601296343 0.00779712692953735 0
1670601297832 0.009013030297755855 0
1670601299251 0.007348114901826686 0
1670601300907 0.006667870801819036 0
1670601302625 0.005913872519626271 0
1670601303991 0.005352239050028636 0
1670601305546 0.005009282664903362 0
1670601307204 0.005964168290815386 0
1670601308711 0.006369047858751056 0
1670601310131 0.006023613922597298 0
1670601311699 0.0059303282955293635 0
1670601313232 0.0057511004734394945 0
1670601314838 0.005616427693807918 0
1670601316552 0.005458589332590887 0
1670601318108 0.005387348530929035 0
1670601319452 0.005434755329568693 0
1670601321130 0.005269574237668861 0
1670601322844 0.005175387303754586 0
1670601324289 0.005283801719279623 0
1670601326175 0.00517376576423648 0
1670601327668 0.005300115633777913 0
1670601329209 0.005476696835833617 0
1670601330626 0.005404034613657141 0
1670601332363 0.0053111462745073345 0
1670601334336 0.005372477535543943 0
1670601335775 0.005290590806960135 0
1670601337294 0.0053059173565994915 0
1670601338783 0.005018681599884358 0
1670601340355 0.004955510919392059 0
1670601341983 0.004894420007482763 0
1670601343724 0.004987899244554481 0
1670601345480 0.005115502809363345 0
1670601347246 0.0050445372758549205 0
1670601348705 0.004980971816490326 0
1670601350249 0.004935153555670702 0
1670601351779 0.004881778872487927 0
1670601353363 0.005122116528481329 0
1670601354987 0.0059440573267200425 0
1670601356546 0.005872265141002539 0
1670601358256 0.00635860536731753 0
1670601360022 0.006284426004302221 0
1670601362006 0.006244869188173257 0
1670601363882 0.0061753960174369266 0
1670601365705 0.0061874129212163426 0
1670601367317 0.006960783223692001 0
1670601368866 0.006891546003735975 0
1670601370546 0.006867459505517499 0
1670601372185 0.006802188907623763 0
1670601374129 0.006816362404878184 0
1670601375667 0.006776796798285077 0
1670601377203 0.006716294547585334 0
1670601378960 0.006775745838878671 0
1670601380497 0.0067198906595624525 0
1670601382025 0.006665374083917612 0
1670601383632 0.006607056223917442 0
1670601385227 0.006562782761279598 0
1670601387018 0.006595285166064963 0
1670601388628 0.006739526644670023 0
1670601390306 0.006701752686296044 0
1670601392042 0.006723250565995775 0
1670601393742 0.006766492661784359 0
1670601396038 0.006720279059733049 0
1670601398025 0.0066692193156819325 0
1670601399914 0.0066636919789626586 0
1670601401973 0.006633419262547291 0
1670601403766 0.006605241084741035 0
1670601405554 0.006557292807069296 0
1670601407792 0.0065245677201200974 0
1670601409626 0.006487655018325437 0
1670601411582 0.0065120822742071 0
1670601413370 0.006622213478972195 0
1670601415239 0.006582633921795176 0
1670601416914 0.0065395169692422095 0
1670601418623 0.006497235840149855 0
1670601420387 0.006463787823275469 0
1670601422394 0.00642314142566067 0
1670601424161 0.0065232399281919505 0
1670601426153 0.006595669324983294 0
1670601428098 0.006627449942487991 0
1670601429986 0.006621275790731422 0
1670601431710 0.006614428183697178 0
1670601433748 0.006575460167938849 0
1670601435688 0.006554428732964725 0
1670601437433 0.006528706672341525 0
1670601439105 0.006526114298333564 0
1670601441308 0.006578076325487497 0
1670601443139 0.006545688789889165 0
1670601444656 0.0065850515243312535 0
1670601446793 0.006549453153988744 0
1670601448766 0.00651619039290104 0
1670601450820 0.006481187608860246 0
1670601452492 0.006485589619895154 0
1670601454125 0.0064763348550257414 0
1670601456009 0.006449638292473345 0
1670601457814 0.006487468537560003 0
1670601459642 0.006458078531977256 0
1670601461520 0.0064290757610106115 0
1670601463177 0.006407560296209959 0
1670601465084 0.006376367677765296 0
1670601467017 0.006358172149740144 0
