1670635590861 0.0 0
1670635591934 0.0 0
1670635592837 0.0 0
1670635594108 0.0 0
1670635595339 0.0 0
1670635596594 0.0 0
1670635597808 0.0 0
1670635599113 0.0 0
1670635600286 0.0 0
1670635601453 0.0 0
1670635602645 0.0 0
1670635603896 0.0 0
1670635605206 0.0 0
1670635606449 0.0 0
1670635607750 0.0 0
1670635608728 0.0 0
1670635609589 0.0 0
1670635610637 0.0 0
1670635611913 0.0 0
1670635613145 0.0 0
1670635614384 0.0 0
1670635615570 0.0 0
1670635616807 0.0 0
1670635618043 0.00026962657903214886 0
1670635619375 0.0002640434041991403 0
1670635620600 0.00025879468440504746 0
1670635621757 0.0002538481930760101 0
1670635622900 0.0002491759025746592 0
1670635624092 0.000234549534951027 0
1670635625049 0.0002308637604796332 0
1670635626367 0.00022734620053234262 0
1670635627844 0.00031177316862723126 0
1670635629128 0.0003074453309082438 0
1670635630383 0.00036578374676992834 0
1670635631636 0.0003611369521849606 0
1670635632897 0.00035666064758331696 0
1670635634136 0.0003523448149585252 0
1670635635417 0.0003481802258695913 0
1670635636725 0.00034415836515292705 0
1670635637977 0.00034027136315605276 0
1670635639315 0.0003365119354438988 0
1670635640630 0.00033287332906365715 0
1670635641878 0.0003293492745725626 0
1670635643197 0.0003259339431362302 0
1670635644523 0.0003226219080948542 0
1670635645832 0.0003194081104723016 0
1670635647157 0.000316287827970415 0
1670635648467 0.0003132566470490463 0
1670635649817 0.00031031043774269995 0
1670635651147 0.0003074453309082438 0
1670635652474 0.00030465769763589237 0
1670635653793 0.0003019441305883842 0
1670635655110 0.0002993014270616705 0
1670635656443 0.00029672657358510506 0
1670635657773 0.00029421673190059615 0
1670635659090 0.00029176922617887954 0
1670635660401 0.0002893815313474048 0
1670635661716 0.00032848546750074433 0
1670635663051 0.00032593394313623023 0
1670635664385 0.0003234405154616604 0
1670635665559 0.00032100303229939806 0
1670635666811 0.00031861945028202 0
1670635668037 0.000316287827970415 0
1670635669189 0.0003140063194880548 0
1670635670174 0.0003117731686272313 0
1670635671063 0.00030958670338723744 0
1670635672285 0.0003074453309082438 0
1670635673311 0.0003053475327680029 0
1670635674185 0.0003032918606115566 0
1670635675310 0.0003343146846090719 0
1670635676571 0.00033215954662579644 0
1670635677805 0.00033004520712620893 0
1670635679042 0.0003279704077450004 0
1670635680041 0.0003259339431362302 0
1670635681385 0.00032393465817821614 0
1670635682670 0.000321971445353019 0
1670635683946 0.0003200432422881004 0
1670635685146 0.0003181490294487056 0
1670635686456 0.00034415836515292705 0
1670635687723 0.00034219847514806856 0
1670635688827 0.00034027136315605276 0
1670635690117 0.000338376136442031 0
1670635691383 0.0003611369521849606 0
1670635692628 0.00038152962205549715 0
1670635693940 0.00037953398946932054 0
1670635695189 0.0003775688163837895 0
1670635696393 0.0003756333529118555 0
1670635697641 0.00037372687398193566 0
1670635698849 0.0003718486783378928 0
1670635699877 0.0003699980875844631 0
1670635700897 0.00038817655866667754 0
1670635702136 0.00038630895993729266 0
1670635703426 0.0003844675551097859 0
1670635704682 0.00038265175279023365 0
1670635705979 0.000380860979462654 0
1670635707231 0.00037909467883599974 0
1670635708627 0.0003773523112175785 0
1670635709957 0.00037563335291185545 0
1670635711244 0.0003739372956436227 0
1670635712555 0.0003722636460045463 0
1670635713874 0.00037061192492212697 0
