1670594842322 0.307 0
1670594845451 0.3069 0
1670594848773 0.3085 0
1670594852105 0.3064 0
1670594855424 0.3072 0
1670594858875 0.3086 0
1670594862328 0.3065 0
1670594865951 0.3078 0
1670594869392 0.3065 0
1670594873061 0.3072 0
1670594876392 0.3077 0
1670594879961 0.3069 0
1670594884141 0.3069 0
1670594887505 0.3065 0
1670594890491 0.3071 0
1670594893680 0.3074 0
1670594896747 0.3085 0
1670594900178 0.3068 0
1670594903587 0.3085 0
1670594907060 0.307 0
1670594910427 0.3066 0
1670594913557 0.3071 0
1670594917286 0.3072 0
1670594920461 0.3079 0
1670594923644 0.309 0
1670594927147 0.3083 0
1670594930572 0.3057 0
1670594934099 0.3068 0
1670594937626 0.3067 0
1670594941119 0.3086 0
1670594944689 0.3072 0
1670594948090 0.3067 0
1670594951059 0.3074 0
1670594954184 0.3064 0
1670594957790 0.3069 0
1670594961002 0.3069 0
1670594964201 0.3077 0
1670594967580 0.3079 0
1670594971068 0.3055 0
1670594974465 0.3075 0
1670594977842 0.3089 0
1670594981465 0.3073 0
1670594984994 0.3068 0
1670594988473 0.3074 0
1670594992237 0.3071 0
1670594995744 0.3066 0
1670594999017 0.3068 0
1670595002921 0.3079 0
1670595006874 0.307 0
1670595010545 0.3093 0
1670595014098 0.309 0
1670595017742 0.3081 0
1670595021447 0.3071 0
1670595024555 0.3065 0
1670595028134 0.3089 0
1670595031479 0.3086 0
1670595034585 0.3063 0
1670595037962 0.308 0
1670595041343 0.3078 0
1670595044664 0.3075 0
1670595048432 0.3087 0
1670595051507 0.3068 0
1670595054895 0.3077 0
1670595058244 0.3071 0
1670595061744 0.3055 0
1670595065046 0.3086 0
1670595068316 0.3071 0
1670595071425 0.3075 0
1670595075367 0.3075 0
1670595078838 0.3058 0
1670595081929 0.3053 0
1670595085096 0.3081 0
1670595088331 0.3084 0
1670595091418 0.307 0
1670595094849 0.3063 0
1670595098313 0.3069 0
1670595101965 0.3071 0
1670595105773 0.3077 0
1670595109022 0.3088 0
1670595112662 0.3067 0
1670595116429 0.3063 0
1670595120340 0.3066 0
1670595124418 0.3071 0
1670595128267 0.3063 0
1670595131775 0.3069 0
1670595136003 0.3066 0
1670595139960 0.3072 0
1670595144158 0.3086 0
1670595147843 0.3073 0
1670595151860 0.3079 0
1670595155593 0.3058 0
1670595159687 0.3066 0
1670595163211 0.3061 0
1670595167025 0.3057 0
1670595170971 0.3058 0
1670595174863 0.308 0
1670595178996 0.308 0
1670595183044 0.3076 0
1670595186749 0.3061 0
1670595190441 0.3075 0
1670595194474 0.3075 0
1670595198446 0.3076 0
