1670608353635 0.002117700789405333 0
1670608354879 0.0071231202018023215 0
1670608356270 0.006474451303256433 0
1670608357429 0.007926792646117564 0
1670608358798 0.00886918571585183 0
1670608360034 0.008672691767580135 0
1670608361276 0.009604643779180586 0
1670608362407 0.009511350391298252 0
1670608363150 0.009401191802097877 0
1670608364708 0.008969153342156082 0
1670608366411 0.008665287240538146 0
1670608367490 0.008423512888534594 0
1670608368950 0.008063860610286565 0
1670608370442 0.007747079243386634 0
1670608371985 0.007705037789103336 0
1670608373382 0.0075156583495702076 0
1670608374527 0.007754615391536171 0
1670608375454 0.007521437852482438 0
1670608376796 0.0077107257407679625 0
1670608378441 0.007517913562367223 0
1670608379868 0.007349979185050634 0
1670608381057 0.007522804125664785 0
1670608382347 0.007371762671131951 0
1670608383460 0.007208309974693454 0
1670608384687 0.007075574999370211 0
1670608385507 0.00694984476867349 0
1670608386836 0.006955823070643909 0
1670608388172 0.006908575626515465 0
1670608389553 0.006519442725648861 0
1670608391300 0.006580562162137661 0
1670608393023 0.006563639268435147 0
1670608394075 0.006578471055126142 0
1670608395819 0.0065104826913965005 0
1670608396692 0.006417090059465018 0
1670608398119 0.0063332233136688485 0
1670608399560 0.00638648923737393 0
1670608400708 0.006346586164121872 0
1670608402180 0.006285932679579352 0
1670608403219 0.006235690264325834 0
1670608404135 0.006168012822732258 0
1670608405054 0.0060946690166158585 0
1670608406386 0.006025949710413687 0
1670608407956 0.005988138657246213 0
1670608409460 0.006049879357494105 0
1670608410650 0.006025149902142188 0
1670608411931 0.006131408074913478 0
1670608413354 0.0060781905418651385 0
1670608414747 0.006019176912002539 0
1670608415977 0.005970599210299493 0
1670608417261 0.005922646569983585 0
1670608418268 0.005978224968803091 0
1670608419592 0.006011191234226533 0
1670608420663 0.00599097817291845 0
1670608421894 0.00593659963792198 0
1670608423241 0.006070581024037083 0
1670608424317 0.0060170948810118335 0
1670608425371 0.006013711720272132 0
1670608426393 0.006098271197766356 0
1670608427599 0.006093036279560794 0
1670608428786 0.006058463420205135 0
1670608430049 0.006022661347467692 0
1670608431418 0.005975005680741129 0
1670608432653 0.005975210611323223 0
1670608433721 0.005929721531152834 0
1670608435319 0.005889749169845771 0
1670608436483 0.005889239400722696 0
1670608437439 0.0058804178399572676 0
1670608438744 0.005839769645211289 0
1670608439898 0.006043256519173375 0
1670608441450 0.006022488565005875 0
1670608442719 0.00598677124686167 0
1670608443989 0.005980333544761773 0
1670608445594 0.0060158731133019405 0
1670608446756 0.005978505361858219 0
1670608448048 0.005953449546994656 0
1670608449305 0.005986345968775501 0
1670608450417 0.005981927759234992 0
1670608451550 0.00596250483009042 0
1670608453173 0.005930122651992288 0
1670608454733 0.005910971721596783 0
1670608456001 0.00588102001116564 0
1670608457184 0.005886395122095626 0
1670608458424 0.005918999859908137 0
1670608459615 0.006113428840466338 0
1670608460977 0.006112366205440653 0
1670608462387 0.006115626791582561 0
1670608463589 0.006114611067214471 0
1670608464749 0.006236795632916875 0
1670608465946 0.006255753619691355 0
1670608466983 0.0062266991400038735 0
1670608468216 0.006252887611339603 0
1670608469189 0.006383691051029788 0
1670608470299 0.006401566462974772 0
1670608471629 0.006369195902101256 0
1670608472819 0.0063415183674087675 0
1670608473951 0.006314179559470751 0
1670608475229 0.006298328516961944 0
1670608476302 0.00627150228492105 0
1670608477442 0.006351009181011183 0
1670608478904 0.006335691211226867 0
1670608480258 0.006305782231059964 0
1670608481738 0.0063151715838303535 0
1670608482741 0.006330982195857135 0
1670608483810 0.0063039012079950125 0
1670608484956 0.006282373157376439 0
1670608486142 0.006254140684514036 0
1670608487234 0.006278651406750886 0
1670608488451 0.006293981774626055 0
1670608489924 0.006318193194424754 0
1670608490998 0.006300696883290989 0
1670608492003 0.006315581982357828 0
1670608493230 0.006294646250608419 0
1670608494510 0.006398280101919019 0
1670608495720 0.006371535593045513 0
1670608496751 0.006344012980270026 0
