1670608352288 0.018 0
1670608353632 0.017833333333333333 0
1670608354876 0.019666666666666666 0
1670608356267 0.020166666666666666 0
1670608357426 0.016166666666666666 0
1670608358795 0.015333333333333332 0
1670608360030 0.015666666666666666 0
1670608361273 0.014 0
1670608362404 0.014666666666666666 0
1670608363147 0.0145 0
1670608364705 0.017833333333333333 0
1670608366408 0.018166666666666668 0
1670608367487 0.015333333333333332 0
1670608368946 0.017166666666666667 0
1670608370438 0.017166666666666667 0
1670608371982 0.018666666666666668 0
1670608373379 0.018 0
1670608374523 0.014166666666666666 0
1670608375450 0.0165 0
1670608376790 0.0195 0
1670608378436 0.01633333333333333 0
1670608379866 0.016166666666666666 0
1670608381054 0.014166666666666666 0
1670608382344 0.016 0
1670608383457 0.0165 0
1670608384532 0.016 0
1670608385504 0.016 0
1670608386824 0.0185 0
1670608388158 0.018166666666666668 0
1670608389549 0.0175 0
1670608391297 0.014666666666666666 0
1670608393020 0.015166666666666667 0
1670608394073 0.0185 0
1670608395816 0.017666666666666667 0
1670608396689 0.016666666666666666 0
1670608398116 0.01633333333333333 0
1670608399556 0.018833333333333334 0
1670608400684 0.018 0
1670608402177 0.017666666666666667 0
1670608403211 0.017833333333333333 0
1670608404132 0.01633333333333333 0
1670608405051 0.017 0
1670608406383 0.017166666666666667 0
1670608407953 0.015833333333333335 0
1670608409456 0.019 0
1670608410647 0.015666666666666666 0
1670608411928 0.014333333333333333 0
1670608413351 0.016166666666666666 0
1670608414744 0.017166666666666667 0
1670608415974 0.0175 0
1670608417258 0.016166666666666666 0
1670608418265 0.014666666666666666 0
1670608419589 0.014833333333333334 0
1670608420660 0.0155 0
1670608421891 0.016833333333333332 0
1670608423238 0.013833333333333333 0
1670608424308 0.016666666666666666 0
1670608425368 0.015166666666666667 0
1670608426390 0.019166666666666665 0
1670608427596 0.018166666666666668 0
1670608428783 0.015833333333333335 0
1670608430046 0.0175 0
1670608431415 0.016833333333333332 0
1670608432650 0.015166666666666667 0
1670608433718 0.0165 0
1670608435316 0.016166666666666666 0
1670608436451 0.015166666666666667 0
1670608437436 0.018 0
1670608438741 0.01633333333333333 0
1670608439895 0.013 0
1670608441447 0.0155 0
1670608442716 0.016 0
1670608443986 0.018 0
1670608445591 0.0145 0
1670608446753 0.016166666666666666 0
1670608448045 0.0175 0
1670608449302 0.018666666666666668 0
1670608450414 0.015166666666666667 0
1670608451547 0.017666666666666667 0
1670608453170 0.017166666666666667 0
1670608454730 0.017666666666666667 0
1670608455998 0.016 0
1670608457181 0.015 0
1670608458421 0.0145 0
1670608459612 0.0205 0
1670608460974 0.018166666666666668 0
1670608462384 0.015 0
1670608463586 0.018166666666666668 0
1670608464746 0.02 0
1670608465943 0.018666666666666668 0
1670608466980 0.017333333333333333 0
1670608468212 0.018833333333333334 0
1670608469175 0.013166666666666667 0
1670608470296 0.014666666666666666 0
1670608471618 0.01633333333333333 0
1670608472816 0.017333333333333333 0
1670608473948 0.017333333333333333 0
1670608475226 0.017833333333333333 0
1670608476299 0.017333333333333333 0
1670608477439 0.013666666666666667 0
1670608478901 0.017833333333333333 0
1670608480255 0.017 0
1670608481735 0.014833333333333334 0
1670608482738 0.014666666666666666 0
1670608483807 0.017166666666666667 0
1670608484953 0.0175 0
1670608486139 0.01633333333333333 0
1670608487228 0.018833333333333334 0
1670608488448 0.018666666666666668 0
1670608489921 0.0145 0
1670608490995 0.015666666666666666 0
1670608492000 0.014666666666666666 0
1670608493227 0.015833333333333335 0
1670608494493 0.020166666666666666 0
1670608495717 0.017 0
1670608496748 0.016666666666666666 0
