1670590695138 0.08 0
1670590695911 0.08166666666666667 0
1670590696579 0.083 0
1670590697518 0.08 0
1670590698305 0.071 0
1670590698929 0.07966666666666666 0
1670590699777 0.08433333333333333 0
1670590700531 0.084 0
1670590701238 0.08733333333333333 0
1670590702092 0.08533333333333333 0
1670590702785 0.07966666666666666 0
1670590703528 0.08966666666666667 0
1670590704235 0.07566666666666666 0
1670590705310 0.08633333333333333 0
1670590706315 0.07966666666666666 0
1670590707083 0.081 0
1670590708145 0.09 0
1670590708917 0.086 0
1670590709946 0.078 0
1670590710649 0.08833333333333333 0
1670590711690 0.074 0
1670590712522 0.08266666666666667 0
1670590713226 0.07966666666666666 0
1670590714013 0.08433333333333333 0
1670590714702 0.08266666666666667 0
1670590715460 0.08133333333333333 0
1670590716442 0.07233333333333333 0
1670590717320 0.087 0
1670590717995 0.08266666666666667 0
1670590718629 0.08633333333333333 0
1670590719672 0.07833333333333334 0
1670590720429 0.1 0
1670590721124 0.07533333333333334 0
1670590721794 0.08933333333333333 0
1670590722858 0.083 0
1670590723484 0.089 0
1670590724433 0.091 0
1670590725230 0.08933333333333333 0
1670590726211 0.07766666666666666 0
1670590727036 0.09166666666666666 0
1670590727819 0.08866666666666667 0
1670590728460 0.084 0
1670590729289 0.08233333333333333 0
1670590730041 0.07933333333333334 0
1670590730988 0.081 0
1670590731642 0.08766666666666667 0
1670590732631 0.08066666666666666 0
1670590733288 0.08 0
1670590733905 0.08466666666666667 0
1670590734595 0.09266666666666666 0
1670590735481 0.08466666666666667 0
1670590736447 0.08233333333333333 0
1670590737110 0.084 0
1670590737779 0.08433333333333333 0
1670590738541 0.086 0
1670590739198 0.08466666666666667 0
1670590740101 0.08366666666666667 0
1670590740882 0.08133333333333333 0
1670590741768 0.084 0
1670590742733 0.08733333333333333 0
1670590743460 0.08433333333333333 0
1670590744313 0.091 0
1670590745374 0.07333333333333333 0
1670590745959 0.08433333333333333 0
1670590746846 0.09533333333333334 0
1670590747662 0.08166666666666667 0
1670590748291 0.08366666666666667 0
1670590749079 0.08166666666666667 0
1670590749795 0.07633333333333334 0
1670590750597 0.081 0
1670590751259 0.07633333333333334 0
1670590751913 0.07533333333333334 0
1670590752579 0.09 0
1670590753181 0.083 0
1670590753945 0.07533333333333334 0
1670590754727 0.082 0
1670590755672 0.08066666666666666 0
1670590756436 0.07633333333333334 0
1670590757209 0.088 0
1670590757903 0.08333333333333333 0
1670590758865 0.084 0
1670590759507 0.07966666666666666 0
1670590760329 0.075 0
1670590760999 0.08033333333333334 0
1670590761740 0.08166666666666667 0
1670590762411 0.084 0
1670590762985 0.08366666666666667 0
1670590763600 0.083 0
1670590764202 0.07933333333333334 0
1670590764839 0.08 0
1670590765598 0.08933333333333333 0
1670590766455 0.08933333333333333 0
1670590767219 0.08133333333333333 0
1670590768137 0.082 0
1670590768733 0.08866666666666667 0
1670590769702 0.09 0
1670590770415 0.08233333333333333 0
1670590771325 0.08633333333333333 0
1670590772110 0.073 0
1670590772761 0.07966666666666666 0
1670590773594 0.077 0
1670590774218 0.08633333333333333 0
1670590774983 0.08466666666666667 0
1670590775869 0.07766666666666666 0
1670590776574 0.08833333333333333 0
1670590777422 0.08766666666666667 0
1670590778183 0.08866666666666667 0
1670590778835 0.093 0
1670590779443 0.09033333333333333 0
1670590780112 0.08066666666666666 0
1670590780884 0.096 0
1670590781685 0.084 0
1670590782330 0.08066666666666666 0
1670590782918 0.09033333333333333 0
1670590783676 0.08233333333333333 0
1670590784312 0.09866666666666667 0
1670590784983 0.08133333333333333 0
