1670593854547 0.008470803157621831 0
1670593855237 0.003577567193243536 0
1670593856172 0.006253414763943144 0
1670593856836 0.0052874090678796115 0
1670593857507 0.004813357235449511 0
1670593858197 0.004246176737607188 0
1670593859019 0.003941040418350528 0
1670593859858 0.005124453633407522 0
1670593860842 0.005001817683751186 0
1670593861589 0.004774339671665517 0
1670593862443 0.004515977759601886 0
1670593863112 0.0042955871007643864 0
1670593864041 0.004126545091100109 0
1670593864735 0.003957949221019774 0
1670593865563 0.00416936205990015 0
1670593866458 0.004277945726262056 0
1670593867230 0.004193503157353784 0
1670593867975 0.004076465936901141 0
1670593868728 0.004002366971550653 0
1670593869411 0.0039008646129026214 0
1670593870110 0.0038353433495041944 0
1670593870769 0.0037414753202237305 0
1670593871445 0.0037960199434866615 0
1670593872132 0.003730375722821311 0
1670593872805 0.0037746202919455296 0
1670593873510 0.0037171754685292324 0
1670593874408 0.003896934946230779 0
1670593875040 0.003935311726990465 0
1670593875835 0.003841963945038218 0
1670593876684 0.00390380538745716 0
1670593877410 0.003850406489725011 0
1670593878092 0.0038992760476507238 0
1670593878770 0.003993277265206374 0
1670593879483 0.003944561227069099 0
1670593880164 0.003889564010924551 0
1670593880838 0.003840703364145659 0
1670593881646 0.003797984173671831 0
1670593882419 0.0037565953026100773 0
1670593883270 0.0037638340124405145 0
1670593884159 0.0037176639108358334 0
1670593885058 0.0036790761492554447 0
1670593885717 0.0036416301629970116 0
1670593886481 0.0036052730728476368 0
1670593887502 0.003612215723446721 0
1670593888339 0.00375379768058981 0
1670593889283 0.0037176373207264968 0
1670593890152 0.003718132489939685 0
1670593890864 0.0037017033268447186 0
1670593891765 0.003668013818621585 0
1670593892460 0.0036377422131892434 0
1670593893242 0.0037075983245468125 0
1670593894229 0.0036751285448759496 0
1670593895128 0.003641159011591011 0
1670593895825 0.003628703736088701 0
1670593896497 0.003656348786888919 0
1670593897244 0.0037343590425737982 0
1670593898020 0.0037201756376820105 0
1670593898745 0.0036914943280881296 0
1670593899656 0.003725395843227952 0
1670593900636 0.003697977584379619 0
1670593901415 0.003950851785298859 0
1670593902688 0.0039546160978409794 0
1670593903356 0.003934733719871519 0
1670593904058 0.003915028218379635 0
1670593904990 0.0038854303051167882 0
1670593905964 0.0038612245852528426 0
1670593906756 0.0039394713552657334 0
1670593907525 0.00391108995735634 0
1670593908263 0.00388331319091606 0
1670593909223 0.0038648929826650136 0
1670593910016 0.003843182727237604 0
1670593910940 0.0038493716225348473 0
1670593911950 0.0038249631270838025 0
1670593912952 0.0038306004839148144 0
1670593913687 0.0038096016235840136 0
1670593914664 0.0039317007074725074 0
1670593915388 0.003906446050356505 0
1670593916268 0.0038849828362704786 0
1670593917174 0.003930665842125536 0
1670593917885 0.003906328785310165 0
1670593918698 0.0039240713835621 0
1670593919591 0.0039003747133367073 0
1670593920260 0.003919804512614422 0
1670593921206 0.0039191743541603374 0
1670593922198 0.003899143725411225 0
1670593923158 0.0038789440756136218 0
1670593924030 0.0038568498633474446 0
1670593925052 0.0038455683517785166 0
1670593925762 0.0038336157797028703 0
1670593926775 0.0038125012797823876 0
1670593927605 0.0038313177890745287 0
1670593928307 0.003832204497976721 0
1670593929031 0.003814224743795669 0
1670593929916 0.0037964895907425245 0
1670593930613 0.0038596331771847403 0
1670593931387 0.0038481924804485423 0
1670593932095 0.0038367800572898236 0
1670593932864 0.003819155749481107 0
1670593933587 0.00390412931067885 0
1670593934605 0.003983689066492602 0
1670593935613 0.004044887222648064 0
1670593936374 0.004026553865433491 0
1670593937426 0.004010040670649695 0
1670593938213 0.003990966900634718 0
