1670616460890 0.0 0
1670616461998 0.0 0
1670616463104 0.0 0
1670616464162 0.0 0
1670616465212 0.0 0
1670616466293 0.0 0
1670616467466 0.0 0
1670616468588 0.0 0
1670616469687 0.0 0
1670616470900 0.0 0
1670616472098 0.0 0
1670616473261 0.0 0
1670616474393 0.0 0
1670616475508 0.0 0
1670616476635 0.0 0
1670616477819 0.0 0
1670616478987 0.0 0
1670616480094 0.0 0
1670616481196 0.0 0
1670616482296 0.0 0
1670616483107 0.0 0
1670616484087 0.0 0
1670616485200 0.0 0
1670616486263 0.0 0
1670616487332 0.0 0
1670616488407 0.0 0
1670616489471 0.0 0
1670616490529 0.0 0
1670616491595 0.0 0
1670616492654 0.0 0
1670616493729 0.0 0
1670616494788 0.0 0
1670616495863 0.0 0
1670616496925 0.0 0
1670616497983 0.0 0
1670616499042 0.0 0
1670616500105 0.0 0
1670616501149 0.0 0
1670616502205 0.0 0
1670616503245 0.0 0
1670616504282 0.0 0
1670616505329 0.0 0
1670616506369 0.0 0
1670616507434 0.0 0
1670616508505 0.0 0
1670616509569 0.0 0
1670616510598 0.0 0
1670616511672 0.0 0
1670616512847 0.0 0
1670616514053 0.0 0
1670616515109 0.0 0
1670616516129 0.0 0
1670616517167 0.0 0
1670616518196 0.0 0
1670616519233 0.0 0
1670616520259 0.0 0
1670616521305 0.0 0
1670616522341 0.0 0
1670616523364 0.0 0
1670616524404 0.0 0
1670616525431 0.0 0
1670616526460 0.0 0
1670616527491 0.0 0
1670616528518 0.0 0
1670616529549 0.0 0
1670616530684 0.0 0
1670616531689 0.0 0
1670616532697 0.0 0
1670616533708 0.0 0
1670616534712 0.0 0
1670616535719 0.0 0
1670616536745 0.0 0
1670616537750 0.0 0
1670616538760 0.0 0
1670616539754 0.0 0
1670616540690 0.0 0
1670616541649 0.0 0
1670616542657 0.0 0
1670616543666 0.0 0
1670616544666 0.0 0
1670616545659 0.0 0
1670616546671 0.0 0
1670616547665 0.0 0
1670616548515 0.0 0
1670616549525 0.0 0
1670616550554 0.0 0
1670616551586 0.0 0
1670616552652 0.0 0
1670616553679 0.0 0
1670616554713 0.0 0
1670616555741 0.0 0
1670616556778 0.0 0
1670616557815 0.0 0
1670616558858 0.0 0
1670616559911 0.0 0
1670616560981 0.0 0
1670616562030 0.0 0
1670616563079 0.0 0
1670616564127 0.0 0
1670616565174 0.0 0
1670616566218 0.0 0
1670616567272 0.0 0
