1670569005728 0.0 0
1670569007073 0.0 0
1670569008477 0.0 0
1670569009837 0.0 0
1670569011386 0.0 0
1670569012682 0.0 0
1670569014086 0.0 0
1670569015503 0.0 0
1670569016868 0.0 0
1670569018285 0.0 0
1670569019770 0.0 0
1670569020856 0.0 0
1670569022268 0.0 0
1670569023576 0.0 0
1670569024817 0.0 0
1670569026241 0.0 0
1670569027606 0.0 0
1670569028828 0.0 0
1670569030171 0.0 0
1670569031426 0.0 0
1670569032857 0.0 0
1670569034220 0.0 0
1670569035279 0.0 0
1670569037014 0.0 0
1670569038540 0.0 0
1670569039794 0.0 0
1670569041181 0.0 0
1670569042591 0.0 0
1670569043841 0.0 0
1670569044857 0.0 0
1670569046222 0.0 0
1670569047506 0.0 0
1670569048844 0.0 0
1670569049938 0.0 0
1670569051388 0.0 0
1670569052890 0.0 0
1670569054151 0.0 0
1670569055646 0.0 0
1670569056924 0.0 0
1670569058078 0.0 0
1670569059082 0.0 0
1670569060369 0.0 0
1670569061604 0.0 0
1670569062734 0.0 0
1670569063881 0.0 0
1670569065168 0.0 0
1670569066925 0.0 0
1670569068341 0.0 0
1670569069565 0.0 0
1670569070885 0.0 0
1670569072366 0.0 0
1670569073539 0.0 0
1670569074833 0.0 0
1670569076539 0.0 0
1670569078119 0.0 0
1670569079336 0.0 0
1670569080872 0.0 0
1670569082285 0.0 0
1670569083638 0.0 0
1670569084930 0.0 0
1670569086164 0.0 0
1670569087612 0.0 0
1670569088795 0.0 0
1670569090194 0.0 0
1670569091340 0.0 0
1670569092758 0.0 0
1670569094027 0.0 0
1670569095339 0.0 0
1670569096400 0.0 0
1670569097653 0.0 0
1670569099431 0.0 0
1670569100845 0.0 0
1670569102358 0.0 0
1670569103689 0.0 0
1670569105267 0.0 0
1670569107087 0.0 0
1670569108870 0.0 0
1670569110358 0.0 0
1670569111719 0.0 0
1670569113097 0.0 0
1670569114169 0.0 0
1670569115400 0.0 0
1670569116941 0.0 0
1670569118529 0.0 0
1670569119476 0.0 0
1670569121014 0.0 0
1670569122074 0.0 0
1670569123392 0.0 0
1670569124611 0.0 0
1670569126096 0.0 0
1670569127238 0.0 0
1670569128759 0.0 0
1670569130173 0.0 0
1670569131335 0.0 0
1670569132817 0.0 0
1670569133943 0.0 0
1670569135434 0.0 0
1670569136762 0.0 0
1670569137865 0.0 0
1670569138933 0.0 0
1670569140470 0.0 0
