1670632223242 0.0018151721052045852 0
1670632227289 0.0010037432122548292 0
1670632231211 0.0006429512466367361 0
1670632235257 0.0008089798725612998 0
1670632239252 0.0007837978505872611 0
1670632243585 0.0006919470438774668 0
1670632247738 0.0006263043854604391 0
1670632251959 0.0006036761029748366 0
1670632256375 0.0005816975561333978 0
1670632260925 0.0006896451624252204 0
1670632265483 0.000652429625230854 0
1670632269808 0.0010469416453207328 0
1670632273750 0.0010015131096474915 0
1670632278346 0.0009956759669936617 0
1670632282968 0.0009598770045552221 0
1670632287534 0.0009277144938012573 0
1670632292086 0.0010289397431403357 0
1670632296208 0.0009990524561818588 0
1670632300127 0.0009876169953255529 0
1670632303963 0.0009615907984591073 0
1670632308155 0.0009375307009566183 0
1670632312127 0.0009701176515973544 0
1670632315820 0.0009651724948670094 0
1670632319349 0.0009592858710540187 0
1670632323237 0.0009408067024656475 0
1670632326693 0.000961018612963673 0
1670632330556 0.001010849605120298 0
1670632334520 0.0009948403139550192 0
1670632338610 0.0009517994860103621 0
1670632342546 0.0009727860896586375 0
1670632346501 0.0009860568017305829 0
1670632350394 0.0009730429518546978 0
1670632354297 0.0009672700189909376 0
1670632358133 0.0009554383553907529 0
1670632361939 0.000950145619450704 0
1670632365657 0.0010155026660914894 0
1670632369348 0.0010151133946688156 0
1670632373181 0.0010042889027474663 0
1670632376847 0.0009919091898003738 0
1670632380768 0.000985670315987187 0
1670632384454 0.0010023787076088979 0
1670632387756 0.0010011642460589429 0
1670632390925 0.0009995385595432966 0
1670632394629 0.0009888258736856313 0
1670632398513 0.000979433644771094 0
1670632402301 0.0009702964613145469 0
1670632406340 0.0009606244943196126 0
1670632410487 0.0009520586470761518 0
1670632414591 0.0009437114333580576 0
1670632418232 0.0009355740793746731 0
1670632421912 0.0009328742720179873 0
1670632425808 0.0009252204624112109 0
1670632429807 0.0009245758284924812 0
1670632433897 0.0009171383607213722 0
1670632438145 0.0009098733838100658 0
1670632441997 0.0009027745414277454 0
1670632445933 0.0009020059906286407 0
1670632449816 0.0008950097409530264 0
1670632453635 0.0008937933992074446 0
1670632457630 0.000887014324124327 0
1670632461273 0.0008866644305835952 0
1670632465097 0.0008861127661010286 0
1670632469111 0.0008853782401948007 0
1670632473199 0.0008950718460948978 0
1670632477307 0.0008946021013439169 0
1670632481117 0.0008886307110932803 0
1670632484904 0.0008826597999040215 0
1670632488497 0.0008924420500931293 0
1670632492558 0.0008915799379210587 0
1670632496727 0.0008905879001145733 0
1670632500389 0.0008848747494604476 0
1670632504442 0.0008846069576047636 0
1670632508087 0.0008837058850431553 0
1670632511558 0.0008826941112367848 0
1670632515628 0.0008825963729892398 0
1670632519578 0.0008823547469888957 0
1670632523118 0.0008819802135851352 0
1670632526913 0.0009031621446861245 0
1670632530726 0.0008981683318542055 0
1670632534600 0.0008932545403611688 0
1670632538360 0.0008884187231927851 0
1670632542162 0.0008836589025256485 0
1670632546137 0.0008911002783175718 0
1670632549924 0.0008864870158299476 0
1670632553602 0.0008945447379641432 0
1670632557183 0.0008899370852704702 0
1670632561045 0.0008853986071353512 0
1670632564931 0.00088478409060204 0
1670632569090 0.0008840868711141622 0
1670632573041 0.0008908259286165259 0
1670632577140 0.0008865923357826357 0
1670632580899 0.0008941720488423605 0
1670632584923 0.0008899392665251938 0
1670632588700 0.0008857647849130611 0
1670632592667 0.0008816473152884193 0
1670632596066 0.0008775856068741321 0
1670632600029 0.0008842221536002406 0
1670632603725 0.0008835313531314758 0
1670632607350 0.0008794513148159071 0
1670632611039 0.000875637415253989 0
1670632615060 0.0008716812092463774 0
1670632618880 0.0008716520948430494 0
1670632623032 0.0008715434930880971 0
1670632626832 0.0008713599117310903 0
1670632630628 0.0008778556603161302 0
1670632634649 0.0008939722314558131 0
1670632638670 0.0008901909977400206 0
1670632642470 0.0008898446139524286 0
1670632646489 0.0008894370122138057 0
1670632650357 0.0008858166319053766 0
