1670594308588 0.0 0
1670594308905 0.0 0
1670594309215 0.0 0
1670594309497 0.0 0
1670594309828 0.0 0
1670594310142 0.0 0
1670594310635 0.0 0
1670594310944 0.0 0
1670594311516 0.0 0
1670594311966 0.0 0
1670594312328 0.0 0
1670594312714 0.0 0
1670594313064 0.0 0
1670594313601 0.0 0
1670594313903 0.0 0
1670594314425 0.0 0
1670594314899 0.0 0
1670594315270 0.0 0
1670594315704 0.0 0
1670594316070 0.0 0
1670594316395 0.0 0
1670594316800 0.0 0
1670594317168 0.0 0
1670594317597 0.0 0
1670594317919 0.0 0
1670594318372 0.0 0
1670594318699 0.0 0
1670594319043 0.0 0
1670594319461 0.0 0
1670594319821 0.0 0
1670594320194 0.0 0
1670594320515 0.0 0
1670594320855 0.0 0
1670594321159 0.0 0
1670594321793 0.0 0
1670594322129 0.0 0
1670594322462 0.0 0
1670594322803 0.0 0
1670594323239 0.0 0
1670594323594 0.0 0
1670594324081 0.0 0
1670594324419 0.0 0
1670594324943 0.0 0
1670594325313 0.0 0
1670594325627 0.0 0
1670594325962 0.0 0
1670594326272 0.0 0
1670594326759 0.0 0
1670594327161 0.0 0
1670594327454 0.0 0
1670594327765 0.0 0
1670594328081 0.0 0
1670594328398 0.0 0
1670594328732 0.0 0
1670594329062 0.0 0
1670594329331 0.0 0
1670594329647 0.0 0
1670594329968 0.0 0
1670594330321 0.0 0
1670594330622 0.0 0
1670594330934 0.0 0
1670594331548 0.0 0
1670594331958 0.0 0
1670594332333 0.0 0
1670594332778 0.0 0
1670594333262 0.0 0
1670594333602 0.0 0
1670594333952 0.0 0
1670594334411 0.0 0
1670594334763 0.0 0
1670594335149 0.0 0
1670594335520 0.0 0
1670594335869 0.0 0
1670594336246 0.0 0
1670594336726 0.0 0
1670594337091 0.0 0
1670594337647 0.0 0
1670594337993 0.0 0
1670594338447 0.0 0
1670594338821 0.0 0
1670594339190 0.0 0
1670594339692 0.0 0
1670594339997 0.0 0
1670594340349 0.0 0
1670594340680 0.0 0
1670594341050 0.0 0
1670594341370 0.0 0
1670594341887 0.0 0
1670594342244 0.0 0
1670594342790 0.0 0
1670594343273 0.0 0
1670594343574 0.0 0
1670594344064 0.0 0
1670594344417 0.0 0
1670594344886 0.0 0
1670594345415 0.0 0
1670594345871 0.0 0
1670594346253 0.0 0
1670594346689 0.0 0
1670594347118 0.0 0
1670594347514 0.0 0
1670594348074 0.0 0
