1670587609417 0.0 0
1670587609706 0.0 0
1670587610177 0.0 0
1670587610491 0.0 0
1670587610779 0.0 0
1670587611094 0.0 0
1670587611414 0.0 0
1670587611707 0.0 0
1670587611987 0.0 0
1670587612259 0.0 0
1670587612794 0.0 0
1670587613141 0.0 0
1670587613449 0.0 0
1670587613950 0.0 0
1670587614216 0.0 0
1670587614545 0.0 0
1670587614888 0.0 0
1670587615162 0.0 0
1670587615433 0.0 0
1670587615760 0.0 0
1670587616283 0.0 0
1670587616579 0.0 0
1670587616860 0.0 0
1670587617146 0.0 0
1670587617431 0.0 0
1670587617725 0.0 0
1670587618105 0.0 0
1670587618602 0.0 0
1670587618899 0.0 0
1670587619202 0.0 0
1670587619673 0.0 0
1670587619980 0.0 0
1670587620318 0.0 0
1670587620618 0.0 0
1670587621111 0.0 0
1670587621422 0.0 0
1670587621802 0.0 0
1670587622379 0.0 0
1670587622704 0.0 0
1670587622997 0.0 0
1670587623320 0.0 0
1670587623607 0.0 0
1670587623918 0.0 0
1670587624220 0.0 0
1670587624519 0.0 0
1670587624803 0.0 0
1670587625140 0.0 0
1670587625439 0.0 0
1670587625953 0.0 0
1670587626270 0.0 0
1670587626747 0.0 0
1670587627057 0.0 0
1670587627363 0.0 0
1670587627703 0.0 0
1670587628030 0.0 0
1670587628443 0.0 0
1670587628764 0.0 0
1670587629075 0.0 0
1670587629456 0.0 0
1670587629771 0.0 0
1670587630101 0.0 0
1670587630424 0.0 0
1670587630691 0.0 0
1670587631108 0.0 0
1670587631428 0.0 0
1670587631720 0.0 0
1670587632024 0.0 0
1670587632314 0.0 0
1670587632577 0.0 0
1670587633143 0.0 0
1670587633429 0.0 0
1670587633905 0.0 0
1670587634192 0.0 0
1670587634468 0.0 0
1670587634756 0.0 0
1670587635075 0.0 0
1670587635362 0.0 0
1670587635660 0.0 0
1670587635955 0.0 0
1670587636228 0.0 0
1670587636511 0.0 0
1670587636802 0.0 0
1670587637195 0.0 0
1670587637719 0.0 0
1670587638033 0.0 0
1670587638337 0.0 0
1670587638630 0.0 0
1670587638909 0.0 0
1670587639350 0.0 0
1670587639686 0.0 0
1670587639954 0.0 0
1670587640230 0.0 0
1670587640701 0.0 0
1670587641422 0.0 0
1670587641725 0.0 0
1670587642163 0.0 0
1670587642666 0.0 0
1670587642984 0.0 0
1670587643283 0.0 0
1670587643567 0.0 0
1670587643827 0.0 0
1670587644098 0.0 0
