1670633215194 0.012706204736432098 0
1670633216995 0.009465353091945562 0
1670633218762 0.006070793806021598 0
1670633220603 0.004740779452531686 0
1670633222319 0.00504505868184605 0
1670633224112 0.0047644981842882425 0
1670633225855 0.004922357904841209 0
1670633227613 0.004551509856821591 0
1670633229192 0.004254887178572965 0
1670633230737 0.003996781075534125 0
1670633232382 0.0037945279212120184 0
1670633234250 0.0038898837492140955 0
1670633235996 0.003755983257443064 0
1670633237748 0.0036047039800881026 0
1670633239407 0.0034987239143194505 0
1670633240968 0.0033850769311816026 0
1670633242465 0.003319856666238401 0
1670633244267 0.0032468777877609272 0
1670633245885 0.0031542303817652384 0
1670633247579 0.003091892508107405 0
1670633249071 0.0030327599599181583 0
1670633250805 0.003021201904281081 0
1670633252593 0.003141061292952339 0
1670633254224 0.003129875686548605 0
1670633255696 0.003226087455923012 0
1670633257470 0.003160622155688306 0
1670633259189 0.0031524452646160593 0
1670633260602 0.003314400802989353 0
1670633262177 0.0032171607239623572 0
1670633263929 0.0032271417742960433 0
1670633265387 0.003191217227711758 0
1670633267115 0.0033908872153045598 0
1670633268866 0.003386481012737391 0
1670633270546 0.003383911551184459 0
1670633272242 0.00347282984823902 0
1670633273883 0.0035112795809440506 0
1670633275622 0.0034661029744969 0
1670633277296 0.00349916796372317 0
1670633278976 0.0034914508910102145 0
1670633280617 0.0034882000523535216 0
1670633282263 0.003458730924473038 0
1670633283963 0.0034193183029695815 0
1670633285666 0.0034514348618490303 0
1670633287471 0.0034250768287082704 0
1670633289362 0.0034514454879752366 0
1670633290924 0.003444172297775246 0
1670633292634 0.0034103288154365774 0
1670633294245 0.0034419000171733217 0
1670633295978 0.0034645501290777184 0
1670633297679 0.00369911661394414 0
1670633299590 0.003673122613055248 0
1670633301307 0.0036485714013801546 0
1670633302838 0.003615744289682352 0
1670633304539 0.003634454089321619 0
1670633306204 0.0036506116980321093 0
1670633307918 0.0036190188700459917 0
1670633309531 0.0035952265229807407 0
1670633311096 0.003992023071675996 0
1670633312717 0.004028755998902858 0
1670633314291 0.004039997894530971 0
1670633315930 0.004029052179867435 0
1670633317613 0.004017745465633604 0
1670633319345 0.003986931126250558 0
1670633321129 0.003963039476983704 0
1670633322768 0.003933502826469094 0
1670633324451 0.0039046165463632624 0
1670633326348 0.003897019271645019 0
1670633328399 0.0038693318759849336 0
1670633330236 0.0038618995168890613 0
1670633332019 0.0038353358290204647 0
1670633333901 0.0038157048083684525 0
1670633335659 0.003826582467767256 0
1670633337417 0.0038200284517621555 0
1670633339149 0.0037951765293677995 0
1670633341066 0.003770802923367686 0
1670633342842 0.003764833158208687 0
1670633344584 0.0037585370430205855 0
1670633346328 0.0037407703752929183 0
1670633348105 0.003750770035459065 0
1670633350117 0.0037285503654712394 0
1670633352014 0.003711238229695027 0
1670633353739 0.003720339318438614 0
1670633355470 0.0037491427117240642 0
1670633357239 0.0037758867994011885 0
1670633358927 0.0037540293001110045 0
1670633360354 0.003926568630649758 0
1670633362130 0.0039368767824515954 0
1670633363890 0.003965929137553319 0
1670633365468 0.003948750963080825 0
1670633367258 0.003927415748875125 0
1670633369090 0.0039064224896805996 0
1670633370822 0.0038861685382236494 0
1670633372606 0.003879023684437234 0
1670633374243 0.0038644953634915415 0
1670633376042 0.003859633177184788 0
1670633377605 0.003844371154244508 0
1670633379375 0.0038254579909782734 0
1670633381228 0.003832360304622133 0
1670633382934 0.003817454411277917 0
1670633384705 0.003799355875810999 0
1670633386466 0.00380573567861308 0
