1670573137312 0.0 0
1670573137589 0.0 0
1670573137952 0.0 0
1670573138193 0.0 0
1670573138441 0.0 0
1670573138541 0.0 0
1670573138669 0.0 0
1670573138798 0.0 0
1670573138929 0.0 0
1670573139039 0.0 0
1670573139187 0.0 0
1670573139318 0.0 0
1670573139475 0.0 0
1670573139788 0.0 0
1670573140079 0.0 0
1670573140391 0.0 0
1670573140606 0.0 0
1670573140967 0.0 0
1670573141146 0.0 0
1670573141407 0.0 0
1670573141536 0.0 0
1670573141686 0.0 0
1670573141839 0.0 0
1670573142114 0.0 0
1670573142328 0.0 0
1670573142577 0.0 0
1670573142756 0.0 0
1670573142936 0.0 0
1670573143110 0.0 0
1670573143277 0.0 0
1670573143413 0.0 0
1670573143678 0.0 0
1670573143941 0.0 0
1670573144087 0.0 0
1670573144334 0.0 0
1670573144660 0.0 0
1670573145028 0.0 0
1670573145454 0.0 0
1670573145895 0.0 0
1670573146161 0.0 0
1670573146467 0.0 0
1670573146869 0.0 0
1670573147145 0.0 0
1670573147296 0.0 0
1670573147477 0.0 0
1670573147708 0.0 0
1670573147959 0.0 0
1670573148146 0.0 0
1670573148286 0.0 0
1670573148430 0.0 0
1670573148529 0.0 0
1670573148661 0.0 0
1670573148811 0.0 0
1670573148935 0.0 0
1670573149057 0.0 0
1670573149185 0.0 0
1670573149276 0.0 0
1670573149415 0.0 0
1670573149519 0.0 0
1670573149741 0.0 0
1670573149853 0.0 0
1670573150232 0.0 0
1670573150458 0.0 0
1670573150789 0.0 0
1670573151179 0.0 0
1670573151410 0.0 0
1670573151635 0.0 0
1670573151771 0.0 0
1670573152063 0.0 0
1670573152401 0.0 0
1670573152707 0.0 0
1670573153033 0.0 0
1670573153294 0.0 0
1670573153507 0.0 0
1670573153784 0.0 0
1670573154083 0.0 0
1670573154401 0.0 0
1670573154695 0.0 0
1670573155012 0.0 0
1670573155363 0.0 0
1670573155737 0.0 0
1670573156121 0.0 0
1670573156269 0.0 0
1670573156707 0.0 0
1670573157041 0.0 0
1670573157374 0.0 0
1670573157858 0.0 0
1670573158156 0.0 0
1670573158429 0.0 0
1670573158767 0.0 0
1670573159049 0.0 0
1670573159285 0.0 0
1670573159530 0.0 0
1670573159944 0.0 0
1670573160111 0.0 0
1670573160472 0.0 0
1670573160737 0.0 0
1670573161084 0.0 0
1670573161514 0.0 0
1670573161676 0.0 0
1670573162003 0.0 0
