1670607223705 nan 0
1670607224252 0.004056579896548097 0
1670607225054 0.004500658726457151 0
1670607225687 0.004593970353535124 0
1670607226371 0.004129163390222302 0
1670607226988 0.0049325106529524345 0
1670607227586 0.004922357904841211 0
1670607228216 0.004532237322022957 0
1670607228775 0.004225385556487092 0
1670607229456 0.00410926170227272 0
1670607229824 0.004040693680895546 0
1670607230551 0.00388667294903906 0
1670607231272 0.00394829820511121 0
1670607232092 0.0037890482077763063 0
1670607232730 0.0036477188404864507 0
1670607233273 0.0037271280074014125 0
1670607233694 0.0036383993832871174 0
1670607234370 0.003608348568729554 0
1670607235068 0.0035265367751610953 0
1670607235599 0.003449856748156668 0
1670607236199 0.0033684017191637806 0
1670607236788 0.003292484233894123 0
1670607237498 0.003376148244905671 0
1670607238271 0.003364035068203595 0
1670607238863 0.0034837723048342824 0
1670607239561 0.0035542167441192304 0
1670607240201 0.004207894860080585 0
1670607240862 0.004196545785466995 0
1670607241570 0.004469193310979945 0
1670607242313 0.004510615498424563 0
1670607242819 0.004439874542550494 0
1670607243553 0.004375586662877243 0
1670607244272 0.0043110917895763465 0
1670607244752 0.004257558876953947 0
1670607245236 0.004201522855625653 0
1670607245920 0.004185942612190635 0
1670607246355 0.004361925535885781 0
1670607247188 0.0044036604284955014 0
1670607248057 0.004411249604205709 0
1670607248832 0.004358065753674811 0
1670607249579 0.004315403022009914 0
1670607250324 0.004317312753644711 0
1670607250960 0.004316822389420435 0
1670607251362 0.004329263795564343 0
1670607252316 0.004304969155676014 0
1670607252882 0.004474823583070211 0
1670607253495 0.004430957214776111 0
1670607254490 0.004530111748728079 0
1670607254917 0.004499785922310529 0
1670607255591 0.004455453448163839 0
1670607256295 0.004502005326876942 0
1670607256884 0.004462103623074632 0
1670607257440 0.004436521078145454 0
1670607281862 0.004408597926402778 0
1670607282357 0.0044270458855745955 0
1670607282935 0.004388049938834512 0
1670607283477 0.0043530407461382006 0
1670607284186 0.004318848631669257 0
1670607284658 0.004310380676372856 0
1670607285061 0.00430640039589574 0
1670607285761 0.004275241142859584 0
1670607287033 0.004252937047516874 0
1670607287903 0.004245754231590581 0
1670607288614 0.004265266980815587 0
1670607289535 0.0042363197601079285 0
1670607290581 0.004250658955443928 0
1670607291518 0.00429543290280073 0
1670607292121 0.004266804737327441 0
1670607292605 0.004262670705744523 0
1670607293099 0.004235265804181144 0
1670607293532 0.00420575360304183 0
1670607294009 0.0041768498681380925 0
1670607294464 0.004151125998412813 0
1670607294990 0.004218978975009037 0
1670607295466 0.004235785972734076 0
1670607295950 0.004210459764397816 0
1670607296446 0.004185577796263709 0
1670607296961 0.004220399747170197 0
1670607297451 0.00419727175823623 0
1670607298038 0.004191679125892722 0
1670607298665 0.004185724806992546 0
1670607299257 0.0041619675272730715 0
1670607300065 0.004140712290486428 0
1670607300545 0.004171411179964665 0
1670607301334 0.004164826038345219 0
1670607301923 0.004141019015699448 0
1670607302505 0.0041425180985102065 0
1670607303137 0.004170803572432061 0
1670607303671 0.004236469640351889 0
1670607304252 0.0042144221839407366 0
1670607305104 0.00420244501969168 0
1670607305791 0.004360458127034381 0
1670607306361 0.0043397920212287396 0
1670607306884 0.004348003271473123 0
1670607307450 0.004325342321384229 0
1670607308368 0.004304465544278253 0
1670607308998 0.004302437000012137 0
1670607309793 0.004314406820570323 0
1670607310379 0.004340158692162732 0
1670607310925 0.004347543818528124 0
1670607311543 0.004354213154611321 0
