1670568031103 0.0003333333333333333 0
1670568031683 0.0 0
1670568032349 0.0003333333333333333 0
1670568032976 0.001 0
1670568033493 0.0 0
1670568034152 0.0 0
1670568034868 0.0003333333333333333 0
1670568035289 0.0003333333333333333 0
1670568035996 0.0003333333333333333 0
1670568036633 0.0 0
1670568037170 0.0 0
1670568037576 0.0006666666666666666 0
1670568038158 0.0006666666666666666 0
1670568038796 0.0003333333333333333 0
1670568039440 0.0003333333333333333 0
1670568039820 0.0003333333333333333 0
1670568040329 0.0003333333333333333 0
1670568040930 0.0006666666666666666 0
1670568041379 0.0003333333333333333 0
1670568041850 0.0003333333333333333 0
1670568042574 0.0 0
1670568043026 0.0006666666666666666 0
1670568043728 0.0 0
1670568044436 0.0 0
1670568044930 0.0003333333333333333 0
1670568045858 0.0006666666666666666 0
1670568046620 0.0003333333333333333 0
1670568047306 0.0003333333333333333 0
1670568047928 0.0 0
1670568048659 0.0 0
1670568049346 0.0 0
1670568050242 0.0006666666666666666 0
1670568050934 0.0006666666666666666 0
1670568051623 0.0003333333333333333 0
1670568052104 0.001 0
1670568052735 0.0003333333333333333 0
1670568053289 0.0003333333333333333 0
1670568053670 0.0003333333333333333 0
1670568054417 0.0 0
1670568054928 0.001 0
1670568055559 0.0003333333333333333 0
1670568056155 0.0 0
1670568056876 0.0 0
1670568057440 0.0006666666666666666 0
1670568058346 0.0 0
1670568058841 0.0006666666666666666 0
1670568059574 0.0013333333333333333 0
1670568060157 0.0006666666666666666 0
1670568060946 0.0006666666666666666 0
1670568061472 0.0 0
1670568062285 0.0003333333333333333 0
1670568063086 0.0006666666666666666 0
1670568064032 0.0006666666666666666 0
1670568064885 0.0 0
1670568065775 0.0003333333333333333 0
1670568066621 0.0006666666666666666 0
1670568067303 0.0 0
1670568068076 0.0 0
1670568068987 0.0 0
1670568069774 0.0 0
1670568070554 0.0006666666666666666 0
1670568071478 0.0003333333333333333 0
1670568072271 0.0003333333333333333 0
1670568072902 0.0 0
1670568073731 0.0003333333333333333 0
1670568074568 0.0006666666666666666 0
1670568075153 0.0 0
1670568075877 0.0003333333333333333 0
1670568076529 0.0003333333333333333 0
1670568077427 0.0003333333333333333 0
1670568078156 0.0013333333333333333 0
1670568078970 0.0013333333333333333 0
1670568079745 0.0003333333333333333 0
1670568080702 0.0003333333333333333 0
1670568081488 0.001 0
1670568082118 0.0 0
1670568083075 0.0003333333333333333 0
1670568083971 0.0 0
1670568084969 0.0003333333333333333 0
1670568085983 0.0006666666666666666 0
1670568086864 0.0003333333333333333 0
1670568087814 0.0006666666666666666 0
1670568088745 0.0006666666666666666 0
1670568089630 0.0013333333333333333 0
1670568090553 0.0 0
1670568091633 0.0003333333333333333 0
1670568092118 0.0 0
1670568092883 0.0 0
1670568093775 0.0003333333333333333 0
1670568094508 0.0006666666666666666 0
1670568095555 0.0003333333333333333 0
1670568096208 0.0006666666666666666 0
1670568096795 0.0 0
1670568097571 0.0003333333333333333 0
1670568098354 0.0 0
1670568099017 0.001 0
1670568099403 0.0006666666666666666 0
1670568099798 0.0 0
1670568100559 0.0 0
1670568101409 0.001 0
1670568101892 0.0 0
1670568102437 0.0 0
