1670603914025 nan 0
1670603915984 nan 0
1670603917947 nan 0
1670603919610 nan 0
1670603921574 nan 0
1670603923069 0.0002854135940528191 0
1670603924538 0.0002606753213452162 0
1670603926981 0.00024156906093719677 0
1670603928853 0.00022621571627406967 0
1670603930845 0.00021351496107036017 0
1670603932917 0.00020277338736485184 0
1670603934762 0.0001935289498030679 0
1670603936665 0.00018545999916130818 0
1670603938440 0.00017833459897548254 0
1670603940364 0.0001719805956923448 0
1670603942361 0.00016626708229183773 0
1670603944650 0.00016109245329593014 0
1670603946967 0.0001563764443577309 0
1670603949202 0.00015205467232609626 0
1670603950786 0.00014807479576717242 0
1670603952975 0.0001443937554506114 0
1670603954654 0.00014097575248650518 0
1670603956390 0.0001377907413748214 0
1670603958230 0.00013481328951603366 0
1670603959852 0.00013202170209958286 0
1670603962216 0.00012939734220251964 0
1670603963982 0.00012692409653797254 0
1670603965644 0.00012458795128733602 0
1670603967272 0.00011727476747552812 0
1670603968815 0.00011543188023982465 0
1670603970604 0.00011367310026616506 0
1670603972504 0.00011199222823027322 0
1670603974085 0.00011038368523674791 0
1670603975815 0.00010884243532838234 0
1670603977762 0.0001073639194864584 0
1670603978971 0.00010594399916430408 0
1670603980446 0.00010457890777099133 0
1670603982421 0.0001032652088172048 0
1670603984124 0.00010199975966984631 0
1670603985793 0.00010077968004951199 0
1670603987870 9.960232455480389e-05 0
1670603989481 9.846525862033939e-05 0
1670603991718 9.736623741263273e-05 0
1670603993463 9.630318724929143e-05 0
1670603995542 9.527418919308417e-05 0
1670603997696 9.427746452617125e-05 0
1670603999899 9.33113618557524e-05 0
1670604001898 9.237434563885705e-05 0
1670604004057 9.146498594519992e-05 0
1670604006205 9.058194930389174e-05 0
1670604008336 8.9723990500723e-05 0
1670604010539 8.888994521161209e-05 0
1670604012729 8.807872337335265e-05 0
1670604014719 8.728930320645034e-05 0
1670604016939 8.652072581494252e-05 0
1670604018938 8.577209029897448e-05 0
1670604020907 8.504254932395483e-05 0
1670604023201 8.433130509560849e-05 0
1670604025264 8.363760569901624e-05 0
1670604027222 8.296074176272761e-05 0
1670604029157 8.230004341419628e-05 0
1670604031052 8.165487749761668e-05 0
1670604033313 8.102464502712792e-05 0
1670604035640 8.040877885290287e-05 0
1670604037592 7.980674151891742e-05 0
1670604039684 7.92180232940809e-05 0
1670604041842 7.864214036090722e-05 0
1670604043990 7.807863314651664e-05 0
1670604045780 7.752706478303395e-05 0
1670604048336 7.69870196859479e-05 0
1670604050462 7.645810223966265e-05 0
1670604052647 7.593993558080436e-05 0
1670604054760 7.543216047117829e-05 0
1670604056415 7.49344342519942e-05 0
1670604058036 7.444642987342043e-05 0
1670604059695 7.396783499208359e-05 0
1670604061882 7.349835113207304e-05 0
1670604064090 7.303769290323281e-05 0
1670604066109 7.258558727302189e-05 0
1670604068062 7.214177288694668e-05 0
1670604070146 7.170599943440159e-05 0
1670604072148 7.127802705575448e-05 0
1670604074248 7.085762578834531e-05 0
1670604076347 7.044457504740143e-05 0
1670604078276 7.00386631401484e-05 0
1670604080760 6.963968681045207e-05 0
1670604082842 6.924745081138273e-05 0
1670604085190 6.886176750392492e-05 0
1670604087124 6.848245648022333e-05 0
1670604089324 6.810934420931058e-05 0
1670604091402 6.774226370354075e-05 0
1670604093657 6.738105420511786e-05 0
1670604095781 6.702556089016598e-05 0
1670604097851 6.667563459028525e-05 0
1670604099555 6.633113152965109e-05 0
1670604101406 6.599191307704588e-05 0
1670604103353 9.237434563885705e-05 0
1670604105251 9.191629422883318e-05 0
1670604107437 9.146498594519992e-05 0
1670604109609 9.102025704726957e-05 0
1670604111911 9.058194930389174e-05 0
1670604114141 9.014990975758641e-05 0
1670604116137 8.9723990500723e-05 0
1670604118338 8.93040484633012e-05 0
1670604120035 8.888994521161209e-05 0
1670604122270 8.84815467567801e-05 0
1670604124114 8.807872337335265e-05 0
1670604126291 8.768134942616079e-05 0
1670604128105 8.728930320645034e-05 0
1670604130282 8.69024667752849e-05 0
1670604132334 8.652072581494252e-05 0
1670604134436 8.614396948730674e-05 0
1670604136342 8.577209029897448e-05 0
1670604138403 8.540498397252572e-05 0
1670604140248 8.504254932395483e-05 0
1670604142159 8.468468814581964e-05 0
1670604144039 8.433130509560849e-05 0
1670604145836 8.398230758915881e-05 0
1670604148001 8.363760569901624e-05 0
1670604150238 8.329711205729007e-05 0
1670604152407 8.296074176272761e-05 0
1670604154405 8.262841229184081e-05 0
1670604156007 8.230004341419628e-05 0
1670604158007 8.197555711103588e-05 0
1670604160091 8.165487749761668e-05 0
1670604162262 8.133793074860396e-05 0
1670604164511 8.102464502712792e-05 0
1670604166362 8.071495041606092e-05 0
1670604168347 8.040877885290287e-05 0
1670604170056 8.010606406694265e-05 0
1670604171910 7.980674151891742e-05 0
1670604174150 7.951074834355865e-05 0
1670604176288 7.92180232940809e-05 0
1670604178223 7.892850668889118e-05 0
1670604179875 7.864214036090722e-05 0
1670604181859 7.835886760804156e-05 0
1670604184082 7.807863314651664e-05 0
1670604185872 7.780138306534568e-05 0
1670604187538 7.752706478303395e-05 0
1670604189220 7.725562700550137e-05 0
1670604191006 7.69870196859479e-05 0
1670604192411 7.67211939862733e-05 0
1670604194511 7.645810223966265e-05 0
1670604196051 7.619769791461506e-05 0
1670604197940 7.593993558080436e-05 0
1670604199389 7.568477087532832e-05 0
1670604201699 7.543216047117829e-05 0
1670604203594 7.51820620458199e-05 0
1670604205019 7.49344342519942e-05 0
1670604206448 7.468923668862981e-05 0
1670604208459 7.444642987342043e-05 0
1670604210540 7.42059752159574e-05 0
1670604212182 7.396783499208359e-05 0
1670604213863 7.373197231924644e-05 0
1670604215836 7.349835113207304e-05 0
1670604217756 7.326693615972157e-05 0
1670604219456 7.303769290323281e-05 0
1670604221198 7.281058761404724e-05 0
1670604222731 7.258558727302189e-05 0
1670604224726 7.236265957061283e-05 0
1670604226056 7.214177288694668e-05 0
1670604227872 7.19228962735019e-05 0
1670604229767 7.170599943440159e-05 0
1670604231039 7.149105270920497e-05 0
1670604232484 7.127802705575448e-05 0
1670604233831 7.106689403363342e-05 0
1670604234912 7.085762578834531e-05 0
1670604236666 7.065019503577075e-05 0
1670604238571 7.044457504740143e-05 0
1670604239782 7.024073963562971e-05 0
1670604241213 7.00386631401484e-05 0
1670604242916 6.983832041396187e-05 0
1670604244654 6.963968681045207e-05 0
1670604246524 6.944273817083291e-05 0
1670604247944 6.924745081138273e-05 0
1670604249287 6.9053801511898e-05 0
1670604250945 6.886176750392492e-05 0
1670604252660 6.867132645943519e-05 0
1670604254488 6.848245648022333e-05 0
1670604256061 6.829513608697102e-05 0
1670604257509 6.810934420931058e-05 0
1670604259005 6.792506017561095e-05 0
1670604260649 6.774226370354075e-05 0
1670604262396 6.756093489063142e-05 0
1670604264268 6.738105420511786e-05 0
1670604265795 6.720260247711218e-05 0
1670604267118 6.702556089016598e-05 0
1670604268333 6.684991097272164e-05 0
1670604269668 6.667563459028525e-05 0
1670604271370 6.650271393726648e-05 0
1670604272541 6.633113152965109e-05 0
1670604273805 6.61608701973404e-05 0
1670604275367 6.599191307704588e-05 0
1670604276970 6.58242436052392e-05 0
1670604278750 6.56578455114909e-05 0
1670604280412 6.549270281147601e-05 0
1670604281748 6.532879980097883e-05 0
1670604283512 6.51661210492871e-05 0
1670604284921 6.50046513933078e-05 0
1670604286044 6.484437593134995e-05 0
1670604287223 6.46852800177955e-05 0
1670604289088 6.452734925710413e-05 0
1670604290385 6.437056949837316e-05 0
1670604292116 6.421492683028607e-05 0
1670604293462 6.406040757561682e-05 0
1670604294824 6.390699828645596e-05 0
1670604296212 6.375468573904808e-05 0
1670604297703 6.360345692912883e-05 0
1670604298988 6.345329906737307e-05 0
1670604300338 6.330419957456535e-05 0
1670604301716 6.315614607749209e-05 0
1670604303483 6.300912640438971e-05 0
1670604304905 6.286312858094778e-05 0
1670604306678 6.271814082597915e-05 0
1670604307920 6.257415154770074e-05 0
1670604309234 6.243114933957017e-05 0
1670604310334 6.228912297667755e-05 0
1670604311883 6.214806141202622e-05 0
1670604313103 6.200795377281354e-05 0
1670604314457 6.186878935704465e-05 0
1670604316085 6.173055763003532e-05 0
1670604317599 6.159324822108125e-05 0
1670604318997 6.145685092018294e-05 0
1670604320271 7.49344342519942e-05 0
1670604321833 7.477070163997013e-05 0
1670604323250 7.460803736869526e-05 0
1670604324749 7.444642987342043e-05 0
1670604326185 7.428586776375701e-05 0
1670604327711 7.412633982045724e-05 0
1670604329210 7.396783499208359e-05 0
