1670568495043 0.0012 0
1670568497070 0.0004 0
1670568498763 0.0004 0
1670568500528 0.0004 0
1670568502446 0.0011 0
1670568504733 0.0008 0
1670568506916 0.0006 0
1670568508636 0.0003 0
1670568510791 0.0006 0
1670568513034 0.0006 0
1670568515002 0.0002 0
1670568517018 0.0007 0
1670568519646 0.0004 0
1670568522104 0.0005 0
1670568524571 0.0007 0
1670568526645 0.0009 0
1670568528816 0.0009 0
1670568531102 0.0004 0
1670568533496 0.0007 0
1670568536117 0.0006 0
1670568538351 0.0007 0
1670568540548 0.0003 0
1670568542939 0.0007 0
1670568544978 0.0006 0
1670568547321 0.0007 0
1670568549687 0.0004 0
1670568552036 0.0012 0
1670568554288 0.0001 0
1670568557062 0.0007 0
1670568559775 0.0008 0
1670568562400 0.0009 0
1670568564791 0.0003 0
1670568566729 0.0008 0
1670568569088 0.0008 0
1670568571102 0.001 0
1670568573976 0.0005 0
1670568576803 0.0008 0
1670568578900 0.0007 0
1670568580977 0.0006 0
1670568583389 0.0005 0
1670568585647 0.0003 0
1670568588368 0.0005 0
1670568590169 0.001 0
1670568592512 0.0006 0
1670568595012 0.0008 0
1670568597791 0.0003 0
1670568600153 0.0007 0
1670568602967 0.0009 0
1670568605555 0.0005 0
1670568608331 0.0004 0
1670568610507 0.0008 0
1670568613226 0.0004 0
1670568616160 0.0005 0
1670568619029 0.0005 0
1670568621346 0.0004 0
1670568623772 0.0006 0
1670568626714 0.0005 0
1670568629601 0.0006 0
1670568632190 0.0007 0
1670568634804 0.0004 0
1670568637591 0.0007 0
1670568640386 0.0005 0
1670568643234 0.0006 0
1670568646061 0.0008 0
1670568648332 0.0006 0
1670568650849 0.0007 0
1670568653047 0.0008 0
1670568654817 0.0007 0
1670568657432 0.0005 0
1670568659461 0.0009 0
1670568661400 0.0004 0
1670568663919 0.0005 0
1670568666315 0.0006 0
1670568668647 0.0006 0
1670568670503 0.0009 0
1670568672516 0.0006 0
1670568674580 0.0006 0
1670568676599 0.0009 0
1670568678743 0.0005 0
1670568680915 0.0003 0
1670568682419 0.0005 0
1670568684788 0.0007 0
1670568686631 0.0005 0
1670568688980 0.0008 0
1670568690751 0.0003 0
1670568692831 0.0006 0
1670568694524 0.0006 0
1670568697384 0.0002 0
1670568699284 0.0006 0
1670568700946 0.0005 0
1670568702975 0.0009 0
1670568704864 0.001 0
1670568707113 0.0008 0
1670568709838 0.0009 0
1670568712339 0.0009 0
1670568714337 0.0005 0
1670568716086 0.0005 0
1670568718549 0.0005 0
1670568720730 0.0006 0
1670568722920 0.0005 0
1670568725122 0.001 0
1670568727174 0.0006 0
1670568729969 0.0008 0
1670568731949 0.0013 0
1670568734164 0.0008 0
1670568737264 0.0007 0
1670568740364 0.0006 0
1670568742977 0.0004 0
1670568746052 0.0006 0
1670568748984 0.0007 0
1670568752044 0.0004 0
1670568754886 0.0009 0
1670568757541 0.0007 0
1670568760243 0.0002 0
1670568762995 0.0005 0
1670568765768 0.0007 0
1670568768649 0.0003 0
1670568771390 0.001 0
1670568773850 0.0002 0
1670568776485 0.0004 0
1670568779005 0.0008 0
1670568781672 0.0011 0
1670568783634 0.0003 0
1670568786306 0.0002 0
1670568787892 0.0008 0
1670568790310 0.0005 0
1670568792440 0.0005 0
1670568795105 0.0006 0
1670568797486 0.0002 0
1670568800080 0.0004 0
1670568803049 0.0006 0
