1670639574455 0.0825903307868085 0
1670639577378 0.02706920772795799 0
1670639580513 0.019694846361348606 0
1670639583382 0.022193043488766558 0
1670639586140 0.019491878733255523 0
1670639588917 0.01758404098687375 0
1670639591900 0.016185877467718622 0
1670639594817 0.01539090688595407 0
1670639597756 0.01445363241996428 0
1670639600381 0.013841962661117486 0
1670639603320 0.013122288418777231 0
1670639606412 0.01251919415253705 0
1670639609082 0.012782983283687661 0
1670639612287 0.012287536731528617 0
1670639615492 0.01182979833813759 0
1670639618633 0.012140628346367685 0
1670639621627 0.012002007830098582 0
1670639624716 0.011797183785173047 0
1670639627772 0.011458868651754085 0
1670639630785 0.011145616533581239 0
1670639633759 0.010966866306149084 0
1670639636704 0.010738160259585114 0
1670639639800 0.010487850026024578 0
1670639642883 0.010257850388114609 0
1670639645946 0.010174308812428028 0
1670639648878 0.010019861988837496 0
1670639651602 0.010050807112147328 0
1670639654753 0.009862029309830038 0
1670639657768 0.009813578406633966 0
1670639660768 0.00989070035011625 0
1670639663930 0.00994839190033478 0
1670639666944 0.00994971535423865 0
1670639669515 0.00987640087207229 0
1670639672621 0.00977937229908276 0
1670639675219 0.009659821103636161 0
1670639677845 0.009568124194620886 0
1670639680815 0.010203539793699777 0
1670639684115 0.010422895879884056 0
1670639687059 0.010442097859800006 0
1670639690103 0.01035267816915001 0
1670639693391 0.01023134784684613 0
1670639696232 0.010201449751455184 0
1670639699229 0.010242672897277247 0
1670639702364 0.010165057399669865 0
1670639705262 0.010121170635135096 0
1670639708062 0.01070096621886299 0
1670639711169 0.010957267240440632 0
1670639714639 0.010845694960603725 0
1670639717548 0.011091079659518409 0
1670639719962 0.01113319593863834 0
1670639722842 0.01127337101557406 0
1670639725809 0.011326004432571216 0
1670639728878 0.011343531053695712 0
1670639731879 0.011494417425843083 0
1670639734907 0.011721847254657386 0
1670639738015 0.011893183703002318 0
1670639740942 0.011793167559234992 0
1670639743960 0.011882121041087046 0
1670639747158 0.011957723848091538 0
1670639750355 0.011924703644683954 0
1670639753381 0.012017030704093462 0
1670639756232 0.011921801546688364 0
1670639759137 0.011834296811181783 0
1670639762256 0.01174300292388087 0
1670639765255 0.011737749247962725 0
1670639768307 0.011673111799932002 0
1670639771416 0.011791934276309257 0
1670639774900 0.011711274436189717 0
1670639778057 0.011634751133352016 0
1670639781212 0.01156613441297158 0
1670639784452 0.011489240149288676 0
1670639787498 0.011411538868966231 0
1670639790490 0.011336131676261546 0
1670639793475 0.011557584008587446 0
1670639796786 0.01148169921156348 0
1670639800092 0.011423314414408275 0
1670639802993 0.011353986909076297 0
1670639806221 0.011418559409072285 0
1670639809840 0.011357731048705293 0
1670639813166 0.011416432710160157 0
1670639816460 0.011407621544378778 0
1670639819723 0.011362122352980272 0
1670639822932 0.011325675873924121 0
1670639826208 0.011286714436372719 0
1670639829269 0.011483790642527802 0
1670639832203 0.011653829155758452 0
1670639835078 0.01164118760012623 0
1670639838211 0.011621875764644421 0
1670639840831 0.01157400637645628 0
1670639844074 0.011555622237970659 0
1670639847616 0.011499495528273243 0
1670639850661 0.011444163071856382 0
1670639853936 0.011420271832025528 0
1670639856725 0.011413701526567288 0
1670639859641 0.011413887797100113 0
1670639862786 0.01135601117134151 0
1670639865867 0.011362202928846994 0
1670639868784 0.01130799204343097 0
1670639871915 0.011262871260521418 0
1670639875132 0.011206985648013298 0
1670639878519 0.011155234174745364 0
1670639882010 0.011353670126885929 0
1670639885559 0.011308208670609776 0
1670639888872 0.01125694363200059 0
1670639892094 0.011473214785069796 0
1670639895220 0.011421276813295515 0
1670639898593 0.011494946721425425 0
