1670604688198 0.0038118614209296277 0
1670604690109 0.002839605927583668 0
1670604692004 0.001929255542589269 0
1670604693860 0.0015146265126557835 0
1670604695964 0.001316334249590772 0
1670604697626 0.0011823152631764632 0
1670604699230 0.0012272718786725842 0
1670604700854 0.0011908154148359577 0
1670604702508 0.0012764661535718893 0
1670604704276 0.0012207380630526378 0
1670604705930 0.0012363887071598313 0
1670604707728 0.0011917361248609212 0
1670604709401 0.0011402396882765709 0
1670604711168 0.0011258711512489065 0
1670604712470 0.0010920429276736676 0
1670604714279 0.001102452316781184 0
1670604715908 0.0011035369090354296 0
1670604717841 0.0011114834616496403 0
1670604719816 0.001114621286691243 0
1670604721839 0.0011749714050515992 0
1670604965499 0.0011994246146826949 0
1670604968177 0.0011978490237476587 0
1670604969726 0.0011823363062120865 0
1670604971496 0.0011586102265242193 0
1670604973157 0.0012280828758225067 0
1670604974965 0.0012371651919686382 0
1670604976971 0.001228653226422153 0
1670604979008 0.0012196717738534488 0
1670604980740 0.0011477649054764533 0
1670604982787 0.001143370108820331 0
1670604984512 0.0011301039779133659 0
1670604986550 0.001125145737553704 0
1670604988838 0.0011087830017964123 0
1670604990524 0.0010935725896643687 0
1670604992237 0.001078969618223445 0
1670604994332 0.0010680920703131092 0
1670604996527 0.001093112928877464 0
1670604998894 0.001293041544612683 0
1670605000595 0.0012814927412384115 0
1670605002604 0.001276644273625024 0
1670605004948 0.0012620146679683053 0
1670605006875 0.0012914026619695828 0
1670605008973 0.0012769324199869152 0
1670605011322 0.001262937703406717 0
1670605029309 0.0012518607912349433 0
1670605031270 0.0012389164963301147 0
1670605033443 0.0012507307454197403 0
1670605035244 0.001286708651382268 0
1670605036770 0.0012858558783035842 0
1670605039310 0.0012845734075418798 0
1670605040978 0.001282910959473547 0
1670605042389 0.00127530563648722 0
1670605044874 0.0012677726138434315 0
1670605046208 0.0012663468900246963 0
1670605047628 0.0012592766655180154 0
1670605049020 0.0012522683220722673 0
1670605050708 0.0012423322591966256 0
1670605052453 0.0012405511666457496 0
1670605053957 0.001230934363607223 0
1670605055598 0.0012208258766448427 0
1670605057141 0.0012191049366438913 0
1670605058920 0.0012100360228543647 0
1670605060729 0.0012053274311567943 0
1670605062560 0.0011966868761350497 0
1670605064456 0.001204372149556594 0
1670605065678 0.001203156513568811 0
1670605067348 0.0012188823691069053 0
1670605068918 0.00122508102113203 0
1670605070286 0.0012172403978990185 0
1670605072258 0.0012094952369524617 0
1670605073719 0.001204468149239022 0
1670605075301 0.0012653516690149331 0
1670605076894 0.001257702976080657 0
1670605078449 0.0012500138866249557 0
1670605080223 0.0012492953861514499 0
1670605082017 0.0012484025012534433 0
1670605083875 0.0012684010972238897 0
1670605085364 0.0012720951494337583 0
1670605087030 0.0012713732084944887 0
1670605088561 0.0012666891529439948 0
1670605090111 0.001262025590045303 0
1670605091863 0.0012550937012364648 0
1670605093743 0.001293535489162761 0
1670605095126 0.0012865182029687585 0
1670605096979 0.0012855091102604585 0
1670605098741 0.0012781006052625663 0
1670605101019 0.0012714509286824553 0
1670605110826 0.001264289162740121 0
1670605112471 0.001257247070556264 0
1670605114035 0.0012509296729125135 0
1670605115570 0.0012441145711437262 0
1670605117245 0.0012435537408147532 0
1670605119868 0.0012375471821208074 0
1670605121687 0.001236729870290899 0
1670605123663 0.0012362970646582832 0
1670605125338 0.0012455438216929604 0
1670605127093 0.0012542241374829477 0
1670605128978 0.0012506704196079844 0
1670605130770 0.0012444089014318938 0
1670605132359 0.0012484654522307635 0
1670605134121 0.001247476241983524 0
1670605136223 0.0012567754235818709 0
