1670606339932 0.05082481894572826 0
1670606341224 0.024675212195883756 0
1670606341905 0.05119190180836236 0
1670606342980 0.04080524283949541 0
1670606343933 0.037485951625149394 0
1670606344922 0.03303901214594965 0
1670606345820 0.029879220870114298 0
1670606346916 0.02777729092827652 0
1670606348060 0.026279131399373434 0
1670606349175 0.02467996520699761 0
1670606350077 0.023416914515437648 0
1670606351125 0.02244768976214359 0
1670606352044 0.021551696778804474 0
1670606352987 0.02067099451276347 0
1670606354385 0.02213927612856681 0
1670606355423 0.02141427073570204 0
1670606356061 0.0207243974456702 0
1670606356582 0.020769502577500515 0
1670606357532 0.020819599229033675 0
1670606358285 0.020252172007386188 0
1670606358791 0.019940583199830414 0
1670606359720 0.020748224501132617 0
1670606360463 0.02339903904558477 0
1670606361321 0.022895382408754744 0
1670606361835 0.023115307293070708 0
1670606362380 0.02300217469159893 0
1670606363761 0.02269372768601674 0
1670606364482 0.022488630554475114 0
1670606365296 0.021513624331282316 0
1670606365995 0.02124222611235138 0
1670606366496 0.02157135546167513 0
1670606367154 0.02124246373085109 0
1670606367917 0.021078370944845187 0
1670606368744 0.020968654978559154 0
1670606369303 0.02071978210953862 0
1670606369934 0.020618745523296067 0
1670606370584 0.0203782929269008 0
1670606371334 0.020432672088814885 0
1670606372219 0.020298326735101013 0
1670606373170 0.020119774055355144 0
1670606374187 0.020077557275721414 0
1670606375195 0.020002428234340425 0
1670606375802 0.019899972349967265 0
1670606376514 0.019786710058479623 0
1670606377308 0.019820390093434698 0
1670606378210 0.019929314793935365 0
1670606379058 0.02002022095620279 0
1670606379612 0.020672531015055534 0
1670606380387 0.02134926151233088 0
1670606381389 0.02149214758725404 0
1670606382409 0.02155584019720841 0
1670606383708 0.02144690547464717 0
1670606384594 0.021281622776723436 0
1670606385778 0.021163464459499126 0
1670606387141 0.021030235675301517 0
1670606388329 0.020877079816810473 0
1670606389767 0.020724647860535683 0
1670606391011 0.020575360566367162 0
1670606392340 0.020469564961344944 0
1670606393323 0.02030596980699484 0
1670606394344 0.020150452393191604 0
1670606395332 0.020018755840516128 0
1670606396170 0.020020419903770348 0
1670606397087 0.01995501037533115 0
1670606398026 0.020000139219704394 0
1670606398651 0.019937090682837638 0
1670606399509 0.019809209903388053 0
1670606400254 0.01966910737461655 0
1670606474955 0.01956263670578534 0
1670606475814 0.01953342256607163 0
1670606476705 0.0193973229315966 0
1670606477428 0.019291716559878658 0
1670606478172 0.019216865996112054 0
1670606479026 0.019105592118404513 0
1670606479729 0.0189921232601567 0
1670606480409 0.01889357960636967 0
1670606480923 0.018773359952195312 0
1670606481684 0.018678502299462524 0
1670606482458 0.01856510584122642 0
1670606483081 0.018501263655065436 0
1670606483974 0.018391345912384643 0
1670606484593 0.01839867730303052 0
1670606485079 0.0183619861989939 0
1670606485571 0.01826507327491661 0
1670606486344 0.0181891746311634 0
1670606487557 0.018230793659414435 0
1670606488556 0.018438394639908956 0
1670606489760 0.018335131116782727 0
1670606490429 0.018237374550390234 0
1670606491517 0.018139172071200388 0
1670606492282 0.018073569214838686 0
1670606493467 0.018177068711351246 0
1670606494441 0.018620305128781878 0
1670606495363 0.018604721388638418 0
1670606496526 0.018515173955304887 0
1670606497589 0.018896267018271323 0
1670606498681 0.01927420476262079 0
1670606499761 0.019198666030067812 0
1670606500894 0.019102901138037004 0
1670606502015 0.01906148658855128 0
1670606503340 0.019040506734345403 0
1670606504433 0.01897039126412564 0
1670606505429 0.018900940925486914 0
1670606506207 0.01881256763537295 0
1670606507450 0.018948772493729782 0
1670606508796 0.018866196090025156 0
1670606509859 0.01878000617386627 0
1670606510590 0.018696884957525417 0
1670606511062 0.018689788372357324 0
1670606511516 0.018623441548405256 0
1670606512178 0.018677895383616777 0
1670606513094 0.018646039894332 0
1670606514041 0.018602758261169472 0
1670606515241 0.01898191389734566 0
1670606516170 0.018999123536339507 0
1670606516821 0.01892139820336103 0
1670606517849 0.018841053563257826 0
1670606518830 0.018765000814507854 0
1670606519880 0.018692945411116157 0
1670606520911 0.01861554251759895 0
1670606521586 0.018539430456574413 0
1670606522219 0.018463914341752263 0
1670606522903 0.01840779614887017 0
1670606523795 0.018428369214902485 0
1670606524657 0.018584869658094638 0
1670606525559 0.018626992791756808 0
1670606526528 0.01856602983295841 0
1670606526935 0.018494124047353566 0
1670606527413 0.018430788513992574 0
1670606527866 0.018361325094256642 0
1670606528947 0.01831039753138719 0
1670606530085 0.01824162405580576 0
1670606531042 0.018181235838084397 0
1670606531977 0.018123498053376486 0
1670606532860 0.018117308112019836 0
1670606533823 0.01832081788621681 0
1670606534715 0.018276071655343895 0
1670606535681 0.018237399686176547 0
1670606536624 0.01818434076770359 0
1670606537364 0.01813171034064076 0
1670606538005 0.018076128779329292 0
1670606539054 0.018013143738393744 0
1670606540232 0.017983209277675327 0
1670606540985 0.017926112694862134 0
1670606541467 0.017897766813173094 0
1670606542664 0.01790036172560633 0
1670606543797 0.017944236081108317 0
1670606544737 0.01795479600989089 0
1670606545696 0.017895068940257552 0
1670606546545 0.01803403874350784 0
1670606547429 0.017979583978649072 0
1670606548498 0.01793599451982056 0
1670606549404 0.017929494518306915 0
1670606550358 0.017895778825375352 0
1670606551270 0.017839358791135518 0
1670606552259 0.01784338072321709 0
1670606552804 0.017822762750917154 0
1670606553339 0.017769063618857134 0
1670606553860 0.017713857863979526 0
1670606554392 0.017928177781897203 0
1670606554885 0.0178730659950935 0
1670606555987 0.017832540182317003 0
1670606556978 0.01780177378973838 0
1670606557976 0.017831586019491003 0
1670606558683 0.018053269197114308 0
1670606559659 0.018040518779222553 0
1670606560528 0.01800489880835754 0
1670606561596 0.017969417156953632 0
1670606562649 0.017917662580774124 0
1670606563701 0.017998648956707164 0
1670606564812 0.017974663727395007 0
1670606565826 0.017975368202904102 0
1670606567054 0.017924026288795303 0
1670606568100 0.017919848044992165 0
1670606568997 0.017869081337803044 0
1670606569902 0.017836241174442935 0
1670606570698 0.017807448095014 0
1670606571789 0.017757970744727597 0
1670606572862 0.01770857767132686 0
1670606573665 0.01766180761766903 0
1670606574387 0.0176134211406416 0
1670606574970 0.017587242443598133 0
1670606575997 0.017577746510807124 0
1670606577159 0.017645073336092554 0
1670606578053 0.017682633601563275 0
1670606578991 0.017635564804128673 0
1670606579995 0.017680798027172595 0
1670606580911 0.0176377814350209 0
1670606581598 0.017704568237939033 0
1670606582534 0.017946240291885268 0
1670606583302 0.017902984594581228 0
1670606584076 0.017857773754510697 0
1670606584748 0.017812903376708683 0
1670606585589 0.017769076746071644 0
1670606586601 0.01777697597043168 0
1670606587313 0.01773863042489207 0
1670606588254 0.01782972901762714 0
1670606589193 0.017794682931361466 0
1670606590006 0.01775284435962471 0
1670606590910 0.0177087303718641 0
1670606591897 0.017664871368375384 0
1670606592587 0.017789207104210142 0
1670606593465 0.01774839054279559 0
1670606594444 0.017712228750012216 0
1670606595338 0.01769029076854306 0
1670606596089 0.017718861620671572 0
1670606596828 0.017676772534911595 0
1670606597519 0.017683120447370915 0
1670606598472 0.017645665406060218 0
1670606599215 0.01760659552826846 0
1670606600602 0.017569685039936583 0
1670606601575 0.017535275818188534 0
1670606602683 0.017498800234930584 0
1670606603668 0.017535753073751992 0
1670606604432 0.017580751597726152 0
1670606605164 0.017608829451826402 0
1670606605800 0.017569749410342284 0
1670606606762 0.01753398985503682 0
1670606607491 0.017578380733577176 0
1670606608260 0.017613662436792077 0
1670606609184 0.017788001510519846 0
1670606610066 0.017760793613152914 0
1670606610674 0.017727200165661677 0
1670606611346 0.017688130383595096 0
1670606612267 0.017728198812580254 0
1670606613088 0.017958010387582712 0
1670606613952 0.017942038308959157 0
1670606614696 0.018108322332374083 0
1670606615564 0.018070257288291397 0
1670606616411 0.018031593387172223 0
