1670635287152 0.07819936791364336 0
1670635322570 0.0805755511368628 0
1670635351599 0.08158074871683099 0
1670635393157 0.07962553023425276 0
1670635425502 0.0789332509745168 0
1670635450393 0.080613994570955 0
1670635474896 0.08157067264562765 0
1670635499862 0.07980401698721198 0
1670635532442 0.07845647566804581 0
1670635557738 0.08002360470038584 0
1670635583436 0.08107461503993019 0
1670635618424 0.07827520953773666 0
1670635686223 0.07896413652509224 0
1670635714354 0.07974368107604332 0
1670635739247 0.08035973087709825 0
1670635788223 0.07792285759450124 0
1670635864409 0.08013852883032066 0
1670635933596 0.07883853529800322 0
1670635963993 0.08154439946136081 0
1670636037250 0.07938889659600395 0
1670636065952 0.08111232696067143 0
1670636091874 0.07588423665227548 0
1670636140793 0.08026644171045068 0
1670636191546 0.0804392049847434 0
1670636214904 0.07994598859043263 0
1670636249558 0.08176691196774417 0
1670636306868 0.07906698142644755 0
1670636336134 0.08146791494952862 0
1670636362280 0.07624184828280087 0
1670636397634 0.08162769391449044 0
