1670637731311 0.0002 0
1670637736271 0.0002 0
1670637742338 0.0004 0
1670637748390 0.0004 0
1670637754378 0.0002 0
1670637760351 0.0002 0
1670637766848 0.0003 0
1670637773464 0.0 0
1670637779794 0.0003 0
1670637786153 0.0003 0
1670637792523 0.0004 0
1670637798964 0.0002 0
1670637805468 0.0005 0
1670637811900 0.0002 0
1670637818372 0.0002 0
1670637824563 0.0001 0
1670637830793 0.0003 0
1670637837408 0.0003 0
1670637843982 0.0001 0
1670637850529 0.0001 0
1670637857138 0.0001 0
1670637863919 0.0002 0
1670637870468 0.0001 0
1670637877048 0.0001 0
1670637883588 0.0004 0
1670637890143 0.0 0
1670637896200 0.0002 0
1670637901990 0.0002 0
1670637907563 0.0001 0
1670637913213 0.0 0
1670637919190 0.0003 0
1670637925411 0.0002 0
1670637931115 0.0002 0
1670637937039 0.0 0
1670637942695 0.0002 0
1670637947542 0.0004 0
1670637952874 0.0 0
1670637958133 0.0002 0
1670637964162 0.0002 0
1670637969733 0.0 0
1670637975649 0.0 0
1670637982344 0.0001 0
1670637987732 0.0001 0
1670637993305 0.0002 0
1670637998929 0.0 0
1670638004257 0.0001 0
1670638009914 0.0001 0
1670638015136 0.0001 0
1670638021089 0.0001 0
1670638026196 0.0002 0
1670638031878 0.0002 0
1670638036857 0.0002 0
1670638042301 0.0002 0
1670638047847 0.0 0
1670638053660 0.0001 0
1670638059282 0.0001 0
1670638064620 0.0001 0
1670638070100 0.0002 0
1670638075842 0.0001 0
1670638080939 0.0002 0
1670638086198 0.0004 0
1670638091887 0.0003 0
1670638097754 0.0002 0
1670638103260 0.0002 0
1670638108580 0.0 0
1670638113936 0.0 0
1670638119219 0.0001 0
1670638124416 0.0 0
1670638129629 0.0 0
1670638134640 0.0002 0
1670638139800 0.0001 0
1670638145405 0.0001 0
1670638151183 0.0001 0
1670638156837 0.0002 0
1670638162239 0.0002 0
1670638167852 0.0002 0
1670638173318 0.0001 0
1670638178247 0.0001 0
1670638183940 0.0 0
1670638189707 0.0004 0
1670638195439 0.0 0
1670638201018 0.0001 0
1670638206597 0.0001 0
1670638212534 0.0002 0
1670638218438 0.0003 0
1670638224304 0.0002 0
1670638229740 0.0 0
1670638235068 0.0004 0
1670638240445 0.0001 0
1670638245998 0.0001 0
1670638252070 0.0004 0
1670638257725 0.0003 0
1670638263344 0.0002 0
1670638268888 0.0003 0
1670638274472 0.0001 0
1670638280295 0.0001 0
1670638285945 0.0 0
1670638291573 0.0001 0
1670638296717 0.0001 0
1670638302437 0.0001 0
1670638307975 0.0002 0
1670638313062 0.0003 0
1670638318683 0.0001 0
1670638323919 0.0002 0
1670638329375 0.0001 0
1670638334865 0.0001 0
1670638340877 0.0001 0
1670638346503 0.0002 0
1670638352325 0.0002 0
1670638357922 0.0003 0
1670638363694 0.0001 0
1670638369419 0.0003 0
1670638374804 0.0002 0
1670638380639 0.0006 0
1670638386262 0.0001 0
1670638392054 0.0006 0
1670638397486 0.0 0
1670638403554 0.0003 0
1670638409733 0.0002 0
1670638415713 0.0001 0
