1670571583760 0.021177007894053454 0
1670571584423 0.012899101956657093 0
1670571584987 0.015805794000569237 0
1670571585505 0.012877172485247904 0
1670571586512 0.0115384906459353 0
1670571587285 0.011146975201232465 0
1670571587948 0.010076663125667393 0
1670571588664 0.009842271820849055 0
1670571589091 0.014948506154921617 0
1670571589809 0.01725644770342194 0
1670571590375 0.01638693667481083 0
1670571590985 0.015598801519000949 0
1670571591557 0.015318315423529003 0
1670571592200 0.014695339834416218 0
1670571592756 0.01435545290403404 0
1670571593520 0.014264611046348592 0
1670571594111 0.013867827514801992 0
1670571594757 0.013445545402754711 0
1670571595784 0.013180513279037992 0
1670571596732 0.0128287819153668 0
1670571597385 0.013697524646941447 0
1670571598146 0.013418371283480866 0
1670571598871 0.01310439621731712 0
1670571599650 0.012811519058458235 0
1670571600393 0.01256680179059147 0
1670571601093 0.012621688669322034 0
1670571601634 0.012609307879968047 0
1670571602420 0.013312351063523374 0
1670571602963 0.012531665117747885 0
1670571603601 0.012335414605817933 0
1670571604400 0.012212697248066152 0
1670571605062 0.012139151665277511 0
1670571605687 0.012084168455068676 0
1670571606060 0.012432724458004855 0
1670571607034 0.012448660115596644 0
1670571607629 0.012280468957475556 0
1670571608057 0.01212047629119925 0
1670571608819 0.011995245332085437 0
1670571609283 0.011889550719601027 0
1670571609940 0.011743665460881986 0
1670571610647 0.011617901786218555 0
1670571611300 0.011621602236010421 0
1670571611882 0.011549885740839039 0
1670571612648 0.011427035479075053 0
1670571613134 0.011361541935598553 0
1670571613933 0.011395727325261003 0
1670571614715 0.01134643041074311 0
1670571615464 0.011594176398147672 0
1670571616234 0.011477768055174642 0
1670571616972 0.011837366139605766 0
1670571618042 0.011734709970456454 0
1670571618864 0.011655617068294363 0
1670571619787 0.011779906036187254 0
1670571620385 0.0116723251799126 0
1670571621024 0.01157914049972187 0
1670571621673 0.01149835117751722 0
1670571622597 0.011400065356173463 0
1670571623463 0.011747745238330207 0
1670571624184 0.011656004424770432 0
1670571624938 0.011560175766134634 0
1670571625543 0.011673525089550926 0
1670571626388 0.0116083405581776 0
1670571626926 0.0115173220673149 0
1670571627616 0.011560667141551975 0
1670571628432 0.011532141062047412 0
1670571629260 0.011623694377073574 0
1670571629979 0.011545137619630982 0
1670571630595 0.01147463739126969 0
1670571631317 0.011398935613189859 0
1670571632083 0.011318595622016675 0
1670571632706 0.011297317092641736 0
1670571633275 0.011249026173566424 0
1670571633754 0.011250049443194514 0
1670571634359 0.01119611729592887 0
1670571634880 0.011303625842715229 0
1670571635580 0.011272756295037791 0
1670571636198 0.01122017443220804 0
1670571636837 0.011154852710400988 0
1670571637629 0.011339407537600432 0
1670571638281 0.011273868857037597 0
1670571639053 0.011505623741461034 0
1670571639581 0.011444096533844025 0
1670571640273 0.011389633921007298 0
1670571640840 0.011366333301926428 0
1670571641444 0.011520174765531199 0
1670571642044 0.011462368342120003 0
1670571642654 0.011411534386132915 0
1670571643320 0.011376277753243052 0
1670571643836 0.011315680383584284 0
1670571644585 0.011688254947100664 0
1670571645256 0.011720842283734934 0
1670571646087 0.011664413339878558 0
1670571646655 0.011696990277258873 0
1670571647703 0.011828506593732725 0
1670571648305 0.011838343199383247 0
1670571649318 0.011806498558549535 0
1670571650039 0.01231747185707532 0
1670571650520 0.01228968363572211 0
1670571651060 0.012252769362345785 0
1670571651777 0.012198470776929655 0
1670571652238 0.012139279027956529 0
1670571652898 0.01208281860693616 0
1670571653419 0.012041086424419901 0
1670571653954 0.011989238237747314 0
1670571654371 0.012047312250697929 0
