1670562592440 0.37166666666666665 0
1670562593319 0.37333333333333335 0
1670562593853 0.37266666666666665 0
1670562594405 0.365 0
1670562594946 0.37 0
1670562595440 0.371 0
1670562596201 0.37366666666666665 0
1670562597029 0.374 0
1670562597686 0.38166666666666665 0
1670562598456 0.37166666666666665 0
1670562599299 0.377 0
1670562600126 0.37066666666666664 0
1670562600822 0.37266666666666665 0
1670562601552 0.371 0
1670562602310 0.366 0
1670562603047 0.373 0
1670562603473 0.37533333333333335 0
1670562604129 0.38 0
1670562604846 0.375 0
1670562605457 0.37166666666666665 0
1670562605980 0.37133333333333335 0
1670562606752 0.372 0
1670562607509 0.372 0
1670562608072 0.37233333333333335 0
1670562608703 0.37466666666666665 0
1670562609272 0.37133333333333335 0
1670562610116 0.37433333333333335 0
1670562610820 0.373 0
1670562611479 0.37533333333333335 0
1670562612170 0.373 0
1670562612915 0.37133333333333335 0
1670562613660 0.36833333333333335 0
1670562614301 0.371 0
1670562614981 0.37766666666666665 0
1670562615590 0.36966666666666664 0
1670562616092 0.37033333333333335 0
1670562616852 0.38033333333333336 0
1670562617631 0.375 0
1670562618450 0.37666666666666665 0
1670562619065 0.376 0
1670562619663 0.375 0
1670562620431 0.379 0
1670562621269 0.376 0
1670562622133 0.373 0
1670562622965 0.372 0
1670562623510 0.37666666666666665 0
1670562624242 0.37266666666666665 0
1670562624749 0.37666666666666665 0
1670562625258 0.383 0
1670562625873 0.371 0
1670562626539 0.37466666666666665 0
1670562627250 0.36866666666666664 0
1670562627880 0.37133333333333335 0
1670562628469 0.37233333333333335 0
1670562629150 0.37433333333333335 0
1670562629805 0.36733333333333335 0
1670562630537 0.36433333333333334 0
1670562631097 0.37433333333333335 0
1670562631769 0.36766666666666664 0
1670562632212 0.37866666666666665 0
1670562632711 0.376 0
1670562633300 0.374 0
1670562633965 0.37466666666666665 0
1670562634670 0.376 0
1670562635547 0.36766666666666664 0
1670562636117 0.37333333333333335 0
1670562636929 0.374 0
1670562637692 0.37733333333333335 0
1670562638299 0.375 0
1670562638935 0.37366666666666665 0
1670562639705 0.382 0
1670562640301 0.37266666666666665 0
1670562640844 0.373 0
1670562641475 0.37866666666666665 0
1670562642050 0.37066666666666664 0
1670562642749 0.377 0
1670562643567 0.36733333333333335 0
1670562644246 0.38 0
1670562644933 0.36966666666666664 0
1670562645601 0.37033333333333335 0
1670562646296 0.37433333333333335 0
1670562647011 0.37766666666666665 0
1670562647603 0.374 0
1670562648186 0.378 0
1670562648755 0.371 0
1670562649479 0.373 0
1670562650253 0.37733333333333335 0
1670562650867 0.37133333333333335 0
1670562651452 0.376 0
1670562652026 0.37466666666666665 0
1670562652512 0.372 0
1670562653074 0.37933333333333336 0
1670562653682 0.377 0
1670562654238 0.37933333333333336 0
1670562654763 0.37033333333333335 0
1670562655527 0.37533333333333335 0
1670562656039 0.37366666666666665 0
1670562656862 0.376 0
1670562657421 0.37 0
1670562657957 0.376 0
1670562658542 0.36466666666666664 0
1670562659015 0.37233333333333335 0
