1670573923864 0.009333333333333334 0
1670573924626 0.010333333333333333 0
1670573925053 0.006 0
1670573925879 0.01 0
1670573926560 0.01 0
1670573927345 0.008 0
1670573927885 0.007333333333333333 0
1670573928639 0.009 0
1670573929104 0.009333333333333334 0
1670573929745 0.007 0
1670573930360 0.009 0
1670573930965 0.013 0
1670573931720 0.011 0
1670573932221 0.013 0
1670573932727 0.008333333333333333 0
1670573933122 0.007 0
1670573933670 0.011 0
1670573934221 0.009333333333333334 0
1670573934871 0.008 0
1670573935627 0.008333333333333333 0
1670573936140 0.011333333333333334 0
1670573936656 0.007333333333333333 0
1670573937329 0.011 0
1670573937802 0.008333333333333333 0
1670573938312 0.009666666666666667 0
1670573938820 0.008666666666666666 0
1670573939343 0.010333333333333333 0
1670573939874 0.010666666666666666 0
1670573940932 0.009 0
1670573941517 0.012666666666666666 0
1670573942090 0.008666666666666666 0
1670573942650 0.01 0
1670573943156 0.007 0
1670573943858 0.009333333333333334 0
1670573944317 0.008666666666666666 0
1670573944864 0.007333333333333333 0
1670573945421 0.008333333333333333 0
1670573946059 0.007333333333333333 0
1670573946544 0.010333333333333333 0
1670573947082 0.009 0
1670573947779 0.009666666666666667 0
1670573948290 0.009333333333333334 0
1670573948788 0.014 0
1670573949281 0.011 0
1670573949916 0.008333333333333333 0
1670573950433 0.01 0
1670573950905 0.007 0
1670573951389 0.012666666666666666 0
1670573951988 0.008 0
1670573952493 0.008666666666666666 0
1670573953203 0.008 0
1670573953770 0.007666666666666666 0
1670573954263 0.009666666666666667 0
1670573954775 0.008 0
1670573955384 0.008666666666666666 0
1670573955941 0.009 0
1670573956578 0.005 0
1670573957114 0.008 0
1670573957531 0.009333333333333334 0
1670573957889 0.008666666666666666 0
1670573958485 0.008333333333333333 0
1670573959082 0.008 0
1670573959682 0.009 0
1670573960070 0.007666666666666666 0
1670573960659 0.010333333333333333 0
1670573961182 0.011 0
1670573961703 0.010333333333333333 0
1670573962226 0.008333333333333333 0
1670573962876 0.008666666666666666 0
1670573963286 0.007 0
1670573963891 0.008333333333333333 0
1670573964394 0.009333333333333334 0
1670573964946 0.008666666666666666 0
1670573965415 0.01 0
1670573965871 0.009666666666666667 0
1670573966519 0.008666666666666666 0
1670573967113 0.008333333333333333 0
1670573967765 0.009666666666666667 0
1670573968392 0.006666666666666667 0
1670573968905 0.010333333333333333 0
1670573969513 0.011333333333333334 0
1670573969981 0.007 0
1670573970602 0.006333333333333333 0
1670573971272 0.009333333333333334 0
1670573971602 0.008 0
1670573972187 0.012666666666666666 0
1670573973025 0.009333333333333334 0
1670573973383 0.009333333333333334 0
1670573973984 0.011333333333333334 0
1670573974734 0.008333333333333333 0
1670573975154 0.007333333333333333 0
1670573975976 0.009333333333333334 0
1670573976413 0.009666666666666667 0
1670573977083 0.008333333333333333 0
1670573977788 0.007666666666666666 0
1670573978438 0.013666666666666667 0
1670573979116 0.011 0
1670573979587 0.010333333333333333 0
1670573980129 0.009333333333333334 0
1670573980631 0.009 0
1670573981152 0.01 0
1670573981643 0.006 0
1670573982044 0.01 0
1670573982841 0.006666666666666667 0
1670573983488 0.011333333333333334 0
1670573984141 0.009333333333333334 0
1670573984827 0.01 0
1670573985561 0.008333333333333333 0
1670573986099 0.007666666666666666 0
1670573986671 0.010333333333333333 0
1670573987362 0.012666666666666666 0
1670573987943 0.007333333333333333 0
1670573988545 0.010666666666666666 0
1670573989095 0.009666666666666667 0
1670573989667 0.009666666666666667 0
1670573990268 0.01 0
1670573990817 0.008333333333333333 0
1670573991367 0.012333333333333333 0
1670573992109 0.007333333333333333 0
1670573992723 0.008666666666666666 0
1670573993275 0.007 0
1670573993937 0.008 0
1670573994407 0.009333333333333334 0
1670573994884 0.008666666666666666 0
1670573995459 0.007666666666666666 0
1670573995902 0.008666666666666666 0
1670573996626 0.011666666666666667 0
1670573997105 0.010666666666666666 0
1670573997724 0.009333333333333334 0
1670573998287 0.008 0
1670573999012 0.008 0
1670573999489 0.009666666666666667 0
1670573999940 0.008666666666666666 0
1670574000416 0.007666666666666666 0
1670574001020 0.005333333333333333 0
1670574001706 0.011666666666666667 0
1670574002152 0.008333333333333333 0
1670574002663 0.009666666666666667 0
1670574003115 0.011333333333333334 0
1670574003600 0.01 0
1670574004409 0.012 0
1670574005089 0.007666666666666666 0
1670574005568 0.011 0
1670574006180 0.007 0
1670574006802 0.009333333333333334 0
1670574007213 0.007333333333333333 0
1670574007805 0.008666666666666666 0
1670574008544 0.009666666666666667 0
1670574008974 0.008666666666666666 0
1670574009666 0.009 0
1670574010156 0.008 0
1670574010919 0.010333333333333333 0
1670574011526 0.009666666666666667 0
1670574012132 0.006666666666666667 0
1670574012637 0.007333333333333333 0
1670574013234 0.012666666666666666 0
1670574013741 0.009 0
1670574014559 0.0036666666666666666 0
1670574014993 0.006666666666666667 0
