1670637448085 0.016941606315242795 0
1670637449591 0.007155134386486927 0
1670637451394 0.0084032386051622 0
1670637453190 0.006559831014847217 0
1670637454936 0.005596990081575598 0
1670637456531 0.005698750153191991 0
1670637458251 0.005428774235616144 0
1670637460003 0.004991777837934598 0
1670637461738 0.004645843983827272 0
1670637463414 0.004559431894655349 0
1670637465104 0.0045010543481900315 0
1670637466914 0.004711413161827506 0
1670637468671 0.004508917150782233 0
1670637470470 0.004515574518306148 0
1670637472288 0.004349896654158476 0
1670637474103 0.004199684013488601 0
1670637475759 0.004066352844911159 0
1670637477486 0.0039670196886474295 0
1670637479196 0.003874450792786373 0
1670637480961 0.0038018041608257266 0
1670637482699 0.0040159218690456605 0
1670637484335 0.00428191762461865 0
1670637486064 0.0042222386627121244 0
1670637487801 0.004135495166405875 0
1670637489636 0.004056655483501736 0
1670637491267 0.004362466662603783 0
1670637492792 0.004297963021790731 0
1670637494576 0.004298348805446368 0
1670637496379 0.004054103193366706 0
1670637498164 0.004020389262097437 0
1670637499676 0.004066892470532936 0
1670637501434 0.004060780129746122 0
1670637503153 0.004144814624881378 0
1670637504788 0.004214788095041258 0
1670637506441 0.004312922751120569 0
1670637507984 0.004562294083079963 0
1670637509724 0.004513787175817588 0
1670637511398 0.0045525541552023045 0
1670637513063 0.004591761488376499 0
1670637514685 0.004626215443428344 0
1670637516444 0.004803531766464189 0
1670637517951 0.004760011012127278 0
1670637519741 0.0047077028301812564 0
1670637521515 0.004657078608902828 0
1670637523278 0.004606561509889246 0
1670637525069 0.0046425018507491 0
1670637526915 0.004865916122022886 0
1670637528504 0.0048172136304864156 0
1670637530189 0.004911655667283599 0
1670637531816 0.00486356746968665 0
1670637533476 0.004816864537407798 0
1670637535296 0.004816616203475154 0
1670637537104 0.004777806432766058 0
1670637538922 0.0048037616931769 0
1670637540731 0.004768540177041432 0
1670637542643 0.004763358156322438 0
1670637544592 0.004757104641558761 0
1670637546398 0.00475711461767467 0
1670637548211 0.004724988392227899 0
1670637550020 0.00470566120298152 0
1670637551830 0.00468625949186717 0
1670637553617 0.004666811358322028 0
1670637555457 0.004664039124201437 0
1670637556928 0.004714639685625015 0
1670637558563 0.004712165330593031 0
1670637560251 0.004682542038982098 0
1670637561721 0.004681724347451432 0
1670637563426 0.004700155185548288 0
1670637565195 0.004672885873695043 0
1670637566982 0.004714939810395856 0
1670637568719 0.004735397440206913 0
1670637570302 0.004717317514063875 0
1670637571889 0.004686217641550538 0
1670637573617 0.004655724231119271 0
1670637575328 0.004694699927626066 0
1670637576948 0.004664389807818855 0
1670637578775 0.004665557284964228 0
1670637580605 0.004662223505386318 0
1670637582372 0.004658323094134118 0
1670637584167 0.004633276930901702 0
1670637586026 0.0046213829678795285 0
1670637587605 0.004664352563634826 0
1670637589449 0.004636827348700037 0
1670637591222 0.004609783660873999 0
1670637593040 0.0046284407520674874 0
1670637594853 0.004606954566597536 0
1670637596712 0.004593236245399998 0
1670637598618 0.004579507577369935 0
1670637600467 0.004613515730080241 0
1670637602440 0.004591690222248625 0
1670637604403 0.004567600039071581 0
1670637606303 0.004557245174092575 0
1670637608069 0.004533764644008693 0
1670637609725 0.004513493791071898 0
1670637611617 0.004490759154808359 0
1670637613564 0.004478342697619526 0
1670637615521 0.004540714337986475 0
1670637617443 0.0045285745384353645 0
1670637619388 0.004518792734323908 0
1670637621319 0.004501128823806513 0
1670637623104 0.004479330056692307 0
1670637625050 0.004478913929765975 0
1670637626749 0.004481182732261972 0
1670637628506 0.004494825932064347 0
1670637630240 0.004483590752622162 0
1670637632037 0.004465812308702254 0
1670637633830 0.004501243413881724 0
1670637635604 0.0044838875478708014 0
1670637637374 0.0044680004398613814 0
1670637638866 0.004540464581039913 0
1670637640337 0.004556537521703315 0
1670637641855 0.004536552235107077 0
1670637643424 0.0045257769339057015 0
1670637645022 0.004552421913047841 0
1670637646751 0.0045623605930068725 0
1670637648473 0.004545343302121543 0
1670637650144 0.004587490960359384 0
1670637651867 0.004584042097337017 0
1670637653557 0.004658730308007368 0
