1670629667219 0.0 0
1670629668541 0.0 0
1670629669654 0.0 0
1670629670673 0.0 0
1670629671828 0.0 0
1670629673076 0.0 0
1670629674318 0.0 0
1670629675555 0.0 0
1670629677046 0.0 0
1670629678527 0.0 0
1670629679993 0.0 0
1670629681498 0.0 0
1670629682983 0.0 0
1670629684503 0.0 0
1670629686010 0.0 0
1670629687509 0.0 0
1670629688860 0.0 0
1670629690074 0.0 0
1670629691277 0.0 0
1670629692463 0.0 0
1670629693712 0.0 0
1670629695115 0.0 0
1670629696646 0.0 0
1670629698157 0.0 0
1670629699644 0.0 0
1670629701165 0.0 0
1670629702691 0.0 0
1670629704205 0.0 0
1670629705725 0.0 0
1670629707248 0.0 0
1670629708783 0.0 0
1670629710329 0.0 0
1670629711841 0.0 0
1670629713149 0.0 0
1670629713852 0.0 0
1670629714933 0.0 0
1670629716316 0.0 0
1670629717717 0.0 0
1670629719117 0.0 0
1670629720509 0.0 0
1670629721905 0.0 0
1670629723336 0.0 0
1670629724753 0.0 0
1670629726169 0.0 0
1670629727592 0.0 0
1670629729020 0.0 0
1670629730429 0.0 0
1670629731831 0.0 0
1670629733229 0.0 0
1670629734632 0.0 0
1670629736051 0.0 0
1670629737450 0.0 0
1670629738882 0.0 0
1670629740402 0.0 0
1670629741844 0.0 0
1670629743287 0.0 0
1670629744581 0.0 0
1670629745828 0.0 0
1670629746979 0.0 0
1670629748146 0.0 0
1670629749508 0.0 0
1670629750906 0.0 0
1670629752215 0.0 0
1670629753539 0.0 0
1670629754965 0.0 0
1670629756245 0.0 0
1670629757769 0.0 0
1670629759297 0.0 0
1670629760833 0.0 0
1670629762359 0.0 0
1670629763859 0.0 0
1670629765384 0.0 0
1670629766917 0.0 0
1670629768433 0.0 0
1670629769967 0.0 0
1670629771516 0.0 0
1670629773052 0.0 0
1670629774577 0.0 0
1670629776119 0.0 0
1670629777649 0.0 0
1670629779184 0.0 0
1670629780726 0.0 0
1670629782259 0.0 0
1670629783786 0.0 0
1670629785314 0.0 0
1670629786843 0.0 0
1670629788389 0.0 0
1670629789923 0.0 0
1670629791457 0.0 0
1670629793028 0.0 0
1670629794559 0.0 0
1670629796108 0.0 0
1670629797659 0.0 0
1670629799185 0.0 0
1670629800719 0.0 0
1670629802034 0.0 0
1670629803399 0.0 0
1670629804689 0.0 0
1670629806009 0.0 0
1670629807286 0.0 0
1670629808534 0.0 0
1670629809823 0.0 0
