1670600123212 0.0 0
1670600123617 0.0 0
1670600124152 0.0 0
1670600124458 0.0 0
1670600124917 0.0 0
1670600125342 0.0 0
1670600125709 0.0 0
1670600126136 0.0 0
1670600126469 0.0 0
1670600126798 0.0 0
1670600127303 0.0 0
1670600127589 0.0 0
1670600128107 0.0 0
1670600128438 0.0 0
1670600129000 0.0 0
1670600129332 0.0 0
1670600129643 0.0 0
1670600129959 0.0 0
1670600130456 0.0 0
1670600130788 0.0 0
1670600131126 0.0 0
1670600131451 0.0 0
1670600131786 0.0 0
1670600132192 0.0 0
1670600132517 0.0 0
1670600132855 0.0 0
1670600133182 0.0 0
1670600133629 0.0 0
1670600133949 0.0 0
1670600134448 0.0 0
1670600134809 0.0 0
1670600135122 0.0 0
1670600135473 0.0 0
1670600135906 0.0 0
1670600136217 0.0 0
1670600136730 0.0 0
1670600137201 0.0 0
1670600137552 0.0 0
1670600137860 0.0 0
1670600138153 0.0 0
1670600138476 0.0 0
1670600138784 0.0 0
1670600139115 0.0 0
1670600139460 0.0 0
1670600139850 0.0 0
1670600140172 0.0 0
1670600140498 0.0 0
1670600141045 0.0 0
1670600141372 0.0 0
1670600141702 0.0 0
1670600142220 0.0 0
1670600142534 0.0 0
1670600142979 0.0 0
1670600143301 0.0 0
1670600143619 0.0 0
1670600144003 0.0 0
1670600144350 0.0 0
1670600144798 0.0 0
1670600145122 0.0 0
1670600145485 0.0 0
1670600145832 0.0 0
1670600146327 0.0 0
1670600146835 0.0 0
1670600147144 0.0 0
1670600147453 0.0 0
1670600147889 0.0 0
1670600148225 0.0 0
1670600148540 0.0 0
1670600148900 0.0 0
1670600149360 0.0 0
1670600149795 0.0 0
1670600150181 0.0 0
1670600150498 0.0 0
1670600150886 0.0 0
1670600151424 0.0 0
1670600151768 0.0 0
1670600152076 0.0 0
1670600152415 0.0 0
1670600152724 0.0 0
1670600153042 0.0 0
1670600153484 0.0 0
1670600153826 0.0 0
1670600154223 0.0 0
1670600154553 0.0 0
1670600154860 0.0 0
1670600155380 0.0 0
1670600155696 0.0 0
1670600156024 0.0 0
1670600156368 0.0 0
1670600156717 0.0 0
1670600157024 0.0 0
1670600157364 0.0 0
1670600157886 0.0 0
1670600158214 0.0 0
1670600158543 0.0 0
1670600158897 0.0 0
1670600159238 0.0 0
1670600159576 0.0 0
1670600159966 0.0 0
1670600160345 0.0 0
1670600160869 0.0 0
1670600161196 0.0 0
