1670566180300 0.0 0
1670566180943 0.0013521932988493658 0
1670566181496 0.0009186931155186995 0
1670566182399 0.0007403853613860797 0
1670566183113 0.0006386661920440906 0
1670566183606 0.0007369347310319274 0
1670566184181 0.0006826082239265567 0
1670566184869 0.0006391316596873232 0
1670566185513 0.0013904039020849407 0
1670566186050 0.0013231038214266192 0
1670566186894 0.0012648426404040065 0
1670566187385 0.0012137418205151033 0
1670566188122 0.0011684319612554068 0
1670566189057 0.0011278870367508013 0
1670566189884 0.0014209663637062156 0
1670566190902 0.0014589877259065266 0
1670566191491 0.0014238025693402326 0
1670566192276 0.0013869688526415886 0
1670566193141 0.0013528414066190392 0
1670566193703 0.001321106034072511 0
1670566194301 0.0012991617488346964 0
1670566194995 0.0012780042381984361 0
1670566195619 0.0014168957712239415 0
1670566196209 0.0013966899698581 0
1670566196836 0.0013770819165863444 0
1670566197429 0.0013580794852154075 0
1670566198157 0.001587538087208558 0
1670566199020 0.0015899352938680232 0
1670566199597 0.0015237940945976498 0
1670566200081 0.0015103501741780712 0
1670566200883 0.0015703300470007206 0
1670566201670 0.0015467501218182117 0
1670566202303 0.0015242011193635414 0
1670566203425 0.0015026100695598541 0
1670566204427 0.0015017796371445296 0
1670566205177 0.0014815333831210342 0
1670566205950 0.0014620844170785386 0
1670566206643 0.0014433817535447816 0
1670566207434 0.0014369356687489849 0
1670566208354 0.0014302195438645252 0
1670566209166 0.0014232859287222177 0
1670566209708 0.001407021607465335 0
1670566210536 0.00140046270207216 0
1670566211623 0.0014033976255873823 0
1670566212450 0.0013973547748322313 0
1670566213437 0.001590736739333385 0
1670566214049 0.0015870520736993349 0
1670566214569 0.0015802944161220993 0
1670566215562 0.0015768746341290171 0
1670566216498 0.0015731036218799548 0
1670566217377 0.0015579200902754275 0
1670566218440 0.0015431678906962032 0
1670566219294 0.001538181194181611 0
1670566219948 0.0015352333196794494 0
1670566220654 0.0015305745157546597 0
1670566221685 0.0015257516187809348 0
1670566222385 0.001523454328546097 0
1670566223149 0.0015105137166102815 0
1670566223817 0.0014978973608998068 0
1670566224539 0.0014855919422032207 0
1670566225302 0.0015116729157898011 0
1670566226253 0.0014996298345863518 0
1670566226938 0.0014878700737676882 0
1670566227778 0.0014848434110595493 0
1670566228418 0.0014816501958277565 0
1670566229424 0.0015058371771926658 0
1670566230406 0.001494725679250573 0
1670566231524 0.0014838565797538556 0
1670566232513 0.0014732211917214935 0
1670566233578 0.0014628112578653112 0
1670566234654 0.0014608709009609694 0
1670566235562 0.0014587585263196108 0
1670566236455 0.0014569172512191822 0
1670566237656 0.0014778867174205512 0
1670566238656 0.001468136951926069 0
1670566239370 0.0014656677116073832 0
1670566240005 0.0014844994054681667 0
1670566240703 0.0014832411818613256 0
1670566241476 0.001480371204668365 0
1670566242332 0.001479170253950896 0
1670566243276 0.0014701403144721011 0
1670566244252 0.0014675355408498587 0
1670566244865 0.0014664915634137504 0
1670566245564 0.0014578550576845185 0
1670566246478 0.0014567566549854188 0
1670566247396 0.0014545846443605312 0
1670566248193 0.001453533025941215 0
1670566249254 0.0014514530511660845 0
1670566250120 0.0014433800253567815 0
1670566250773 0.0014354402249962222 0
1670566251623 0.0014334817153015661 0
1670566252541 0.0014314380594496147 0
1670566253066 0.0014238299346653344 0
1670566254235 0.0014218075353834379 0
1670566255334 0.0014197113246804543 0
1670566256123 0.0014124170906597666 0
1670566256788 0.001410348344852062 0
1670566257654 0.0014032585976523518 0
1670566258541 0.0014034096409265766 0
1670566259400 0.0014034171779935228 0
1670566260488 0.001403289524484045 0
