1670646309092 0.004810775865335441 0
1670646320660 0.004586567474531737 0
1670646332199 0.004808364033637629 0
1670646344492 0.00552803194258231 0
1670646356816 0.0046044394026844 0
1670646368326 0.005174633160302571 0
1670646381216 0.005452615957443941 0
1670646397818 0.005262750414248516 0
1670646417698 0.0053662158828577415 0
1670646442870 0.005151693824412192 0
1670646457762 0.005455295252559083 0
1670646469483 0.00482232495543506 0
1670646481865 0.005190595949738877 0
1670646499179 0.005576787656670673 0
1670646510875 0.005595282219512351 0
1670646522664 0.004909062454271694 0
1670646563784 0.0050980921263900055 0
1670646575328 0.004970275173904084 0
1670646587417 0.004655219458084258 0
1670646600317 0.005354704072258169 0
1670646632621 0.0054043594995664915 0
1670646644163 0.005354704072258169 0
1670646655760 0.006148169860534853 0
1670646669823 0.0056579614927893705 0
1670646707880 0.004557054096639995 0
1670646719465 0.0044101969207337634 0
1670646731126 0.005096504347889145 0
1670646742759 0.005133602450104567 0
1670646769801 0.005414722297389391 0
1670646781423 0.005757727695673523 0
