1670633216169 0.0 0
1670633219891 0.0 0
1670633223512 0.0 0
1670633226873 0.0 0
1670633230533 0.0 0
1670633234387 0.0 0
1670633238444 0.0 0
1670633242563 0.0 0
1670633246520 0.0 0
1670633250013 0.0 0
1670633253867 0.0 0
1670633257638 0.0 0
1670633261973 0.0 0
1670633265756 0.0 0
1670633269707 0.0 0
1670633273651 0.0 0
1670633277468 0.0 0
1670633281194 0.0 0
1670633284805 0.0 0
1670633288535 0.0 0
1670633292362 0.0 0
1670633296189 0.0 0
1670633299981 0.0 0
1670633304114 0.0 0
1670633307967 0.0 0
1670633312194 0.0 0
1670633316051 0.0 0
1670633319977 0.0 0
1670633323967 0.0 0
1670633328490 0.0 0
1670633332179 0.0 0
1670633336160 0.0 0
1670633340078 0.0 0
1670633344076 0.0 0
1670633348142 0.0 0
1670633351909 0.0 0
1670633355754 0.0 0
1670633359795 0.0 0
1670633363867 0.0 0
1670633367647 0.0 0
1670633371658 0.0 0
1670633375394 0.0 0
1670633379353 0.0 0
1670633383351 0.0 0
1670633387571 0.0 0
1670633391331 0.0 0
1670633395016 0.0 0
1670633399059 0.0 0
1670633403021 0.0 0
1670633406624 0.0 0
1670633410457 0.0 0
1670633414487 0.0 0
1670633418402 0.0 0
1670633422116 0.0 0
1670633425894 0.0 0
1670633429748 0.0 0
1670633433507 0.0 0
1670633437530 0.0 0
1670633441362 0.0 0
1670633445460 0.0 0
1670633449547 0.0 0
1670633453581 0.0 0
1670633457465 0.0 0
1670633461230 0.0 0
1670633465108 0.0 0
1670633468757 0.0 0
1670633472517 0.0 0
1670633476616 0.0 0
1670633480502 0.0 0
1670633484573 0.0 0
1670633489119 0.0 0
1670633493111 0.0 0
1670633497046 0.0 0
1670633501393 0.0 0
1670633505438 0.0 0
1670633509451 0.0 0
1670633513550 0.0 0
1670633517434 0.0 0
1670633521091 0.0 0
1670633525214 0.0 0
1670633529077 0.0 0
1670633533249 0.0 0
1670633537386 0.0 0
1670633541417 0.0 0
1670633545535 0.0 0
1670633549590 0.0 0
1670633553373 0.0 0
1670633557030 0.0 0
1670633561084 0.0 0
1670633564818 0.0 0
1670633568741 0.0 0
1670633572702 0.0 0
1670633576501 0.0 0
1670633580205 0.0 0
1670633584186 0.0 0
1670633588262 0.0 0
1670633592053 0.0 0
1670633595903 0.0 0
1670633599908 0.0 0
1670633603732 0.0 0
1670633607500 0.0 0
1670633610807 0.0 0
