1670640643760 0.09386614435384037 0
1670640655836 0.09585072914554088 0
1670640671024 0.09247944714410311 0
1670640685917 0.09176694126413375 0
1670640699893 0.09191847298199995 0
1670640719006 0.08971383400557181 0
1670640730795 0.09459715355016604 0
1670640742771 0.0874777047997799 0
1670640754225 0.09233861986382551 0
1670640776058 0.08906183368745627 0
1670640829624 0.09265214203700148 0
1670640843267 0.09148760976932413 0
1670640854778 0.09624674023414817 0
1670640872817 0.08904701832674544 0
1670640884488 0.09613932131212354 0
1670640895930 0.09360839272341184 0
1670640908731 0.0887500063091254 0
1670640920325 0.09577700007345062 0
1670640938211 0.09603097427373469 0
1670640955940 0.0904234133523189 0
1670640967549 0.09243424628407496 0
1670640979166 0.09263556620116667 0
1670640990578 0.09004528972829431 0
1670641001987 0.09207167702266096 0
1670641013673 0.09605589843886686 0
1670641036023 0.09306162637808751 0
1670641056239 0.09076732765614712 0
1670641067756 0.08959309387670904 0
1670641087728 0.09012334652034096 0
1670641099128 0.09239212114860955 0
