1670631156822 0.0 0
1670631160627 0.0 0
1670631164520 0.0 0
1670631168347 0.0 0
1670631172189 0.0 0
1670631176004 0.0 0
1670631179809 0.0 0
1670631183650 0.0 0
1670631187436 0.0 0
1670631191235 0.0 0
1670631195054 0.0 0
1670631198860 0.0 0
1670631202655 0.0 0
1670631206432 0.0 0
1670631210238 0.0 0
1670631214042 0.0 0
1670631217822 0.0 0
1670631221617 0.0 0
1670631225451 0.0 0
1670631229255 0.0 0
1670631233082 0.0 0
1670631236868 0.0 0
1670631240687 0.0 0
1670631244501 0.0 0
1670631248291 0.0 0
1670631252080 0.0 0
1670631255903 0.0 0
1670631259702 0.0 0
1670631263522 0.0 0
1670631267318 0.0 0
