1670597144965 0.0016666666666666668 0
1670597146208 0.0016666666666666668 0
1670597147029 0.0026666666666666666 0
1670597147947 0.0026666666666666666 0
1670597148898 0.001 0
1670597149882 0.0013333333333333333 0
1670597150634 0.0013333333333333333 0
1670597151471 0.0033333333333333335 0
1670597152517 0.0013333333333333333 0
1670597153492 0.0013333333333333333 0
1670597154266 0.0026666666666666666 0
1670597155342 0.004333333333333333 0
1670597156326 0.0026666666666666666 0
1670597157604 0.0023333333333333335 0
1670597158606 0.002 0
1670597159775 0.0033333333333333335 0
1670597160820 0.003 0
1670597161946 0.0023333333333333335 0
1670597162843 0.003 0
1670597163634 0.0023333333333333335 0
1670597164615 0.0023333333333333335 0
1670597165529 0.002 0
1670597166493 0.0016666666666666668 0
1670597167485 0.003 0
1670597168270 0.0023333333333333335 0
1670597169090 0.0026666666666666666 0
1670597170024 0.0023333333333333335 0
1670597170814 0.0016666666666666668 0
1670597171796 0.0016666666666666668 0
1670597172779 0.0016666666666666668 0
1670597173592 0.0023333333333333335 0
1670597174433 0.001 0
1670597175405 0.0023333333333333335 0
1670597176222 0.0023333333333333335 0
1670597177034 0.0023333333333333335 0
1670597177826 0.0016666666666666668 0
1670597178708 0.002 0
1670597179518 0.0023333333333333335 0
1670597180383 0.0006666666666666666 0
1670597181450 0.002 0
1670597182290 0.0016666666666666668 0
1670597183073 0.002 0
1670597183903 0.002 0
1670597184883 0.0013333333333333333 0
1670597185755 0.0016666666666666668 0
1670597186739 0.001 0
1670597187838 0.0033333333333333335 0
1670597188848 0.0023333333333333335 0
1670597190067 0.001 0
1670597191029 0.002 0
1670597191979 0.003 0
1670597192970 0.002 0
1670597193856 0.002 0
1670597194636 0.002 0
1670597195513 0.001 0
1670597196330 0.002 0
1670597197092 0.0013333333333333333 0
1670597198011 0.0016666666666666668 0
1670597199075 0.0023333333333333335 0
1670597199885 0.0016666666666666668 0
1670597200737 0.0026666666666666666 0
1670597201728 0.0006666666666666666 0
1670597202589 0.002 0
1670597203634 0.0013333333333333333 0
1670597204624 0.0023333333333333335 0
1670597205393 0.0016666666666666668 0
1670597206425 0.002 0
1670597207350 0.0016666666666666668 0
1670597208461 0.002 0
1670597209509 0.001 0
1670597210301 0.0033333333333333335 0
1670597211078 0.003 0
1670597211835 0.0016666666666666668 0
1670597212797 0.0016666666666666668 0
1670597213775 0.002 0
1670597214634 0.002 0
1670597215643 0.004 0
1670597216507 0.0013333333333333333 0
1670597217542 0.0013333333333333333 0
1670597218560 0.002 0
1670597219532 0.003 0
1670597220577 0.0023333333333333335 0
1670597221387 0.0023333333333333335 0
1670597222574 0.003 0
1670597223630 0.0023333333333333335 0
1670597224613 0.001 0
1670597225452 0.002 0
1670597226346 0.0013333333333333333 0
1670597227297 0.0023333333333333335 0
1670597228284 0.002 0
1670597229103 0.002 0
1670597229898 0.001 0
1670597230715 0.003 0
1670597231599 0.0026666666666666666 0
1670597232361 0.004 0
1670597233228 0.0033333333333333335 0
1670597234069 0.0023333333333333335 0
1670597234876 0.0023333333333333335 0
1670597235913 0.0023333333333333335 0
1670597236925 0.0033333333333333335 0
1670597237732 0.0013333333333333333 0
1670597238500 0.0033333333333333335 0
1670597239321 0.003 0
1670597240092 0.003 0
1670597240865 0.0026666666666666666 0
1670597241703 0.0036666666666666666 0
1670597242669 0.0016666666666666668 0
1670597243653 0.0026666666666666666 0
1670597244581 0.0026666666666666666 0
1670597245568 0.0016666666666666668 0
1670597246680 0.002 0
1670597247699 0.001 0
