1670583877736 0.002541240947286419 0
1670583880170 0.0008113159793096196 0
1670583883083 0.0011363606258434098 0
1670583886030 0.0009291762541540779 0
1670583888354 0.0008083606848343622 0
1670583891261 0.0007265443960713403 0
1670583893911 0.0007093872753030897 0
1670583896217 0.0006562502652734466 0
1670583898852 0.0006414322601232384 0
1670583901637 0.0006036094761501168 0
1670583904436 0.000571832718595318 0
1670583907198 0.0006306787501209911 0
1670583909684 0.0006047772416721745 0
1670583912214 0.0005998590015266205 0
1670583914514 0.0006394348636677969 0
1670583917151 0.0006189960687938669 0
1670583919450 0.000600418278352757 0
1670583922252 0.0005834329485996081 0
1670583924911 0.0005689792634739034 0
1670583927522 0.0005702706241238591 0
1670583930196 0.0005699961948947459 0
1670583932923 0.0005581707649553897 0
1670583935472 0.0005470438053318838 0
1670583938301 0.0005476141707419478 0
1670583941010 0.0005472008905459107 0
1670583943704 0.0005366000767022264 0
1670583946931 0.000526594804760391 0
1670583949177 0.0005190571327108197 0
1670583952073 0.0004973830998864976 0
1670583954836 0.0004975100647148672 0
1670583957817 0.000497135650096632 0
1670583960621 0.0005515546178824854 0
1670583963378 0.0005438312720488633 0
1670583966328 0.0005470729756544981 0
1670583969084 0.00053995162220672 0
1670583971610 0.0005341511106194813 0
1670583974066 0.0005276104149827053 0
1670583977012 0.0005276586794954579 0
1670583979961 0.0005273723718761296 0
1670583982520 0.0005309472975639842 0
1670583985093 0.0005260625716847345 0
1670583987995 0.0005212949376099035 0
1670583990990 0.0005240388194487989 0
1670583993588 0.0005187223235525253 0
1670583996209 0.0005192574420638582 0
1670583999201 0.0005219171529704191 0
1670584001976 0.0005175278210434213 0
1670584004600 0.0005182027894296183 0
1670584007351 0.0005134357507140631 0
1670584009931 0.0005087964789708889 0
1670584012307 0.0005042794411556764 0
1670584015136 0.0005047797906507229 0
1670584017619 0.0005077238341667747 0
1670584020360 0.0005034608097743987 0
1670584023163 0.0004993023510370943 0
1670584025962 0.0005020729636931756 0
1670584028517 0.000498115405664601 0
1670584030821 0.0004987829129931803 0
1670584033156 0.0004992674579694367 0
1670584035744 0.0004954361042629127 0
1670584038027 0.0004957795896814694 0
1670584040470 0.0004930014458003922 0
1670584042860 0.0004893781241051233 0
1670584045234 0.0005026111508243089 0
1670584047750 0.0004990766564626184 0
1670584050089 0.0005015195392025315 0
1670584052419 0.0005037020225034295 0
1670584054661 0.0005003845404793445 0
1670584057168 0.0004976037178170122 0
1670584059723 0.0004995841541807131 0
1670584061931 0.0005013528826674862 0
1670584064519 0.0005029265210450654 0
1670584067364 0.0005001016877519804 0
1670584070090 0.000501478488938442 0
1670584072696 0.0005026143077861525 0
1670584075609 0.0004998859438077325 0
1670584077938 0.000501170936414836 0
1670584080875 0.0005023085306093444 0
1670584083428 0.0005033092489783474 0
1670584086169 0.0005007335459484535 0
1670584088676 0.0005016687559573289 0
1670584091212 0.0004990107576412699 0
1670584093720 0.0004963934928576725 0
1670584096357 0.0004940312609431972 0
1670584099072 0.0004915097609849573 0
1670584101532 0.000500230209515804 0
1670584104097 0.0004978647775404978 0
1670584106913 0.0004954524668533441 0
1670584109765 0.0004931698605036925 0
1670584112651 0.0004908411305820269 0
1670584115671 0.0004885438952618934 0
1670584118717 0.0004862774894598878 0
1670584121811 0.000487246101402926 0
1670584124691 0.0004851798519881626 0
1670584127308 0.0004865592498599607 0
1670584130046 0.00048752572600463374 0
1670584132935 0.00048536104320080883 0
1670584135513 0.0004832240788265763 0
1670584137955 0.0004811142719767781 0
1670584140591 0.00048197783028919967 0
1670584143370 0.0004798911648972281 0
1670584146441 0.0004780731591318831 0
1670584149418 0.00047889121560627595 0
1670584152007 0.0005075867326776688 0
1670584155081 0.0005142942678927546 0
1670584157726 0.0005122593608353349 0
1670584160356 0.0005102473601738635 0
1670584163007 0.0005110239534945673 0
1670584165757 0.000509042099076566 0
1670584168850 0.0005070822112956513 0
1670584171488 0.0005051560369434333 0
1670584174479 0.0005059217938693558 0
1670584177556 0.0005040472306934137 0
1670584180403 0.0005048460528328002 0
1670584183200 0.0005029860897261685 0
1670584185863 0.0005089469195279941 0
1670584188720 0.0005070880303825889 0
1670584191692 0.0005052916120079048 0
1670584193910 0.0005035132683920712 0
1670584196545 0.0005017318038692762 0
1670584199378 0.0005073474998052431 0
1670584202011 0.0005055484852845339 0
1670584204490 0.0005063796740570283 0
1670584207261 0.0005071508215815799 0
