1670575630077 0.35533333333333333 0
1670575630842 0.355 0
1670575631915 0.352 0
1670575632746 0.35333333333333333 0
1670575633502 0.3556666666666667 0
1670575634461 0.35133333333333333 0
1670575635379 0.3586666666666667 0
1670575636331 0.35133333333333333 0
1670575637395 0.3546666666666667 0
1670575638323 0.354 0
1670575639045 0.354 0
1670575639399 0.351 0
1670575639819 0.35433333333333333 0
1670575640352 0.36133333333333334 0
1670575641323 0.36133333333333334 0
1670575642199 0.35333333333333333 0
1670575643136 0.3556666666666667 0
1670575644059 0.3586666666666667 0
1670575644899 0.3576666666666667 0
1670575645985 0.3576666666666667 0
1670575646735 0.35733333333333334 0
1670575647785 0.35733333333333334 0
1670575648631 0.35833333333333334 0
1670575649580 0.353 0
1670575650401 0.3576666666666667 0
1670575651595 0.3556666666666667 0
1670575652661 0.35433333333333333 0
1670575653609 0.35333333333333333 0
1670575654571 0.35633333333333334 0
1670575655593 0.35333333333333333 0
1670575656454 0.3556666666666667 0
1670575657624 0.3576666666666667 0
1670575658769 0.35433333333333333 0
1670575659772 0.35533333333333333 0
1670575660651 0.355 0
1670575661622 0.352 0
1670575662427 0.3596666666666667 0
1670575663276 0.35933333333333334 0
1670575663986 0.35333333333333333 0
1670575664906 0.36033333333333334 0
1670575665665 0.3556666666666667 0
1670575666628 0.3566666666666667 0
1670575667650 0.3566666666666667 0
1670575668706 0.3556666666666667 0
1670575669456 0.35133333333333333 0
1670575670122 0.3546666666666667 0
1670575670747 0.35 0
1670575671594 0.35433333333333333 0
1670575672619 0.35733333333333334 0
1670575673329 0.35 0
1670575673990 0.3576666666666667 0
1670575674506 0.356 0
1670575674819 0.353 0
1670575675152 0.3566666666666667 0
1670575675620 0.354 0
1670575676341 0.3516666666666667 0
1670575677088 0.35433333333333333 0
1670575677716 0.35233333333333333 0
1670575678391 0.35333333333333333 0
1670575679117 0.355 0
1670575679814 0.3596666666666667 0
1670575680532 0.3536666666666667 0
1670575681170 0.35533333333333333 0
1670575681927 0.356 0
1670575682733 0.35433333333333333 0
1670575683410 0.356 0
1670575684127 0.3516666666666667 0
1670575684820 0.359 0
1670575685384 0.3546666666666667 0
1670575685767 0.35333333333333333 0
1670575686358 0.3566666666666667 0
1670575687012 0.3536666666666667 0
1670575687662 0.35633333333333334 0
1670575688384 0.35433333333333333 0
1670575688994 0.35433333333333333 0
1670575689675 0.35833333333333334 0
1670575690570 0.35333333333333333 0
1670575691750 0.35633333333333334 0
1670575692335 0.3556666666666667 0
1670575693370 0.356 0
1670575693965 0.35533333333333333 0
1670575694731 0.3546666666666667 0
1670575695528 0.359 0
1670575696183 0.351 0
1670575697012 0.352 0
1670575697851 0.3546666666666667 0
1670575698586 0.3546666666666667 0
1670575699327 0.356 0
1670575699933 0.35533333333333333 0
1670575700416 0.3526666666666667 0
1670575701283 0.3566666666666667 0
1670575702071 0.358 0
1670575702826 0.359 0
1670575703538 0.3526666666666667 0
1670575704256 0.3596666666666667 0
1670575704789 0.35733333333333334 0
1670575705675 0.35733333333333334 0
1670575706317 0.3536666666666667 0
1670575707152 0.35433333333333333 0
1670575707857 0.35533333333333333 0
1670575708633 0.359 0
1670575709335 0.35333333333333333 0
1670575710155 0.3566666666666667 0
1670575710822 0.35233333333333333 0
1670575711741 0.35633333333333334 0
1670575712504 0.355 0
1670575712941 0.3536666666666667 0
1670575713440 0.35333333333333333 0
1670575714004 0.35533333333333333 0
1670575714542 0.3526666666666667 0
1670575715005 0.358 0
1670575715625 0.3566666666666667 0
1670575716187 0.3556666666666667 0
1670575716851 0.3536666666666667 0
1670575717529 0.3576666666666667 0
1670575718041 0.3586666666666667 0
1670575718906 0.3516666666666667 0
1670575719608 0.355 0
1670575720296 0.3566666666666667 0
1670575720820 0.356 0
1670575721162 0.3546666666666667 0
1670575721955 0.35233333333333333 0
1670575722451 0.351 0
1670575723336 0.35233333333333333 0
1670575723996 0.3566666666666667 0
1670575724686 0.3536666666666667 0
1670575725411 0.35633333333333334 0
1670575726138 0.354 0
1670575726810 0.357 0
1670575727552 0.357 0
1670575728419 0.3556666666666667 0
1670575729184 0.35433333333333333 0
1670575729882 0.354 0
1670575730694 0.35433333333333333 0
1670575731341 0.35633333333333334 0
1670575731842 0.35533333333333333 0
1670575732526 0.353 0
1670575733392 0.353 0
1670575734489 0.35333333333333333 0
1670575735503 0.35233333333333333 0
1670575736385 0.35533333333333333 0
1670575737215 0.3566666666666667 0
1670575738037 0.35433333333333333 0
1670575738785 0.3546666666666667 0
1670575739456 0.355 0
1670575740243 0.354 0
1670575741397 0.3516666666666667 0
1670575742591 0.356 0
1670575743679 0.35733333333333334 0
1670575744789 0.35433333333333333 0
1670575745259 0.35 0
1670575745653 0.3546666666666667 0
1670575746019 0.35033333333333333 0
1670575747040 0.35533333333333333 0
1670575748149 0.3546666666666667 0
1670575748998 0.35433333333333333 0
1670575749971 0.35133333333333333 0
1670575750864 0.35233333333333333 0
1670575751998 0.35633333333333334 0
1670575752936 0.35633333333333334 0
1670575753403 0.357 0
1670575753798 0.356 0
1670575754172 0.35633333333333334 0
1670575754645 0.36233333333333334 0
1670575755266 0.351 0
1670575755895 0.3566666666666667 0
1670575756794 0.3566666666666667 0
1670575757739 0.3506666666666667 0
1670575758268 0.35233333333333333 0
1670575758746 0.3566666666666667 0
1670575759716 0.3566666666666667 0
1670575760262 0.3526666666666667 0
1670575761190 0.35533333333333333 0
1670575761891 0.35233333333333333 0
1670575762523 0.3536666666666667 0
1670575763294 0.355 0
1670575763794 0.352 0
1670575764617 0.3556666666666667 0
1670575765339 0.3586666666666667 0
1670575765777 0.3586666666666667 0
1670575766295 0.35533333333333333 0
1670575767385 0.3546666666666667 0
1670575768132 0.353 0
1670575768871 0.358 0
1670575769407 0.35633333333333334 0
1670575770342 0.355 0
1670575771153 0.355 0
1670575771797 0.3556666666666667 0
1670575772831 0.3586666666666667 0
1670575773701 0.35433333333333333 0
1670575774317 0.3536666666666667 0
1670575774947 0.35433333333333333 0
1670575775654 0.3556666666666667 0
1670575776536 0.3586666666666667 0
1670575777626 0.35533333333333333 0
1670575778351 0.3536666666666667 0
1670575779284 0.35233333333333333 0
1670575779912 0.3536666666666667 0
1670575780421 0.35133333333333333 0
1670575781251 0.3546666666666667 0
1670575782062 0.357 0
1670575782925 0.3606666666666667 0
1670575784007 0.355 0
1670575784903 0.3566666666666667 0
1670575785400 0.3556666666666667 0
1670575785883 0.3606666666666667 0
1670575786386 0.3556666666666667 0
1670575787362 0.35433333333333333 0
1670575788233 0.35133333333333333 0
1670575789125 0.3556666666666667 0
1670575789896 0.3516666666666667 0
