1670573607047 0.0 0
1670573609164 0.0 0
1670573611048 0.0 0
1670573613158 0.0 0
1670573615265 0.0 0
1670573617300 0.0 0
1670573619388 0.0 0
1670573621136 0.0 0
1670573623158 0.00013572942976445947 0
1670573625360 0.0001281089766422172 0
1670573627684 0.00016405174784712436 0
1670573629905 0.00015722366206090424 0
1670573632543 0.00015119431041804357 0
1670573634547 0.000145817455655766 0
1670573636605 0.0001409821357407901 0
1670573638897 0.0001366023473127161 0
1670573641121 0.0001326102135234539 0
1670573643742 0.00012895131948910824 0
1670573645850 0.0001255814432644958 0
1670573647904 0.0001224642122286377 0
1670573649971 0.00011956938914471201 0
1670573652465 0.00011687159647389144 0
1670573654759 0.00013682883962274798 0
1670573657195 0.0001513275421659342 0
1670573659431 0.00016233838577429761 0
1670573661419 0.00015969314540169392 0
1670573663933 0.0001571673639756344 0
1670573666023 0.00015475293772633636 0
1670573668028 0.00015679711876320435 0
1670573670118 0.0001548681185921068 0
1670573672207 0.00015299963950481983 0
1670573674514 0.00015118950811087394 0
1670573676562 0.00015850029385662453 0
1670573678571 0.00015679711876320435 0
1670573680648 0.00016296697156811514 0
1670573682786 0.0001613690919126704 0
1670573684821 0.0001598085867639992 0
1670573686981 0.00015828483945690204 0
1670573688891 0.00015679711876320435 0
1670573690916 0.0001553446115327485 0
1670573693045 0.00015392644820314482 0
1670573695661 0.0001525417227266153 0
1670573697977 0.00015118950811087394 0
1670573699957 0.00014986886850402182 0
1670573702108 0.00014857886854938103 0
1670573704051 0.000154238673595067 0
1670573706623 0.00015299963950481983 0
1670573708564 0.0001517865385235661 0
1670573710540 0.00015059871472684658 0
1670573713082 0.00014943551014143954 0
1670573715649 0.00014829626929000847 0
1670573717637 0.00014718034277726698 0
1670573719892 0.00014608709009609696 0
1670573721738 0.0001450158817984547 0
1670573723923 0.0001439661011489184 0
1670573726030 0.0001429371453569901 0
1670573728138 0.00014192842646669357 0
1670573730425 0.00014093937196776386 0
1670573732840 0.00013996942518114462 0
1670573735262 0.00013901804546206966 0
1670573737223 0.00013808470825629385 0
1670573738914 0.00013716890503872312 0
1670573740736 0.00013627014315851192 0
1670573742685 0.0001353879456104341 0
1670573744909 0.000134521850748827 0
1670573747045 0.00013367141195751056 0
1670573749478 0.00013283619728669515 0
1670573751688 0.00013201578906591236 0
1670573753987 0.00013120978350036574 0
1670573755969 0.00013041779025674323 0
1670573758401 0.00013556308235109784 0
1670573760284 0.00013478001528584497 0
1670573762407 0.00013400973671449983 0
1670573764404 0.0001332519280414507 0
1670573766624 0.0001325062801432854 0
1670573768735 0.0001317724931342057 0
1670573771062 0.0001310502761243496 0
1670573773033 0.00013033934697364937 0
1670573774993 0.00012963943204340566 0
1670573777286 0.00012895026594738062 0
1670573779295 0.00012827159130389 0
1670573781280 0.00012760315849010543 0
1670573783604 0.00012694472539954838 0
1670573786080 0.00012629605720356404 0
1670573788941 0.00012565692611740055 0
1670573791724 0.00012502711117138112 0
1670573795044 0.00012440639798754158 0
1670573797637 0.00012379457856200762 0
1670573800345 0.0001231914510533047 0
1670573803033 0.0001225968195767265 0
1670573805822 0.00012201049400482888 0
1670573808463 0.00012143228977407107 0
1670573811142 0.00012086202769758524 0
1670573813978 0.00012542683601430793 0
1670573816800 0.00012485693196901876 0
1670573819492 0.00012429450256785398 0
1670573821693 0.00012373939260390632 0
1670573824449 0.0001231914510533047 0
1670573826843 0.00012265053094804852 0
1670573829524 0.00012211648925230305 0
1670573832485 0.00012629605720356407 0
1670573835766 0.00012576279512614732 0
1670573839010 0.00012523602772646466 0
1670573842237 0.00012471563000631368 0
1670573844907 0.00012420148007594102 0
1670573847081 0.00012369345906796409 0
1670573850376 0.00012755215780787323 0
1670573853137 0.00012704538141704847 0
1670573856103 0.00012654440403032208 0
1670573858834 0.0001260491211202912 0
1670573861239 0.00012555943057616743 0
1670573864320 0.00012507523264286503 0
1670573867188 0.00012459642986124692 0
1670573870278 0.000124122927009569 0
1670573873121 0.00012365463104615224 0
1670573875872 0.00012722570177971284 0
1670573878845 0.00014357688121314282 0
1670573881177 0.00014305464682241184 0
1670573883489 0.00014575802352607484 0
1670573886177 0.00014524150654902335 0
1670573888868 0.0001447302390821604 0
1670573891675 0.00014422413781850306 0
1670573894623 0.00014372312111166367 0
