1670640568234 0.0 0
1670640571795 0.0 0
1670640575532 0.0 0
1670640579028 0.0 0
1670640582976 0.0 0
1670640586886 0.0 0
1670640590711 0.0 0
1670640594625 0.0 0
1670640598488 0.0 0
1670640602033 0.0 0
1670640605775 0.0 0
1670640609684 0.0 0
1670640613293 0.0 0
1670640617327 0.0 0
1670640621175 0.0 0
1670640624920 0.0 0
1670640629162 0.0 0
1670640632865 0.0 0
1670640636644 0.0 0
1670640640564 0.0 0
1670640644187 0.0 0
1670640647591 0.0 0
1670640650728 0.0 0
1670640654335 0.0 0
1670640657712 0.0 0
1670640661539 0.0 0
1670640665624 0.0 0
1670640669858 0.0 0
1670640673727 0.0 0
1670640677933 0.0 0
1670640681947 0.0 0
1670640686052 0.0 0
1670640690307 0.0 0
1670640694215 0.0 0
1670640697988 0.0 0
1670640702073 0.0 0
1670640705905 0.0 0
1670640709764 0.0 0
1670640713853 0.0 0
1670640717791 0.0 0
1670640721793 0.0 0
1670640725778 0.0 0
1670640729368 0.0 0
1670640733128 8.254558907084815e-05 0
1670640736977 8.166359073694861e-05 0
1670640740744 8.08092553081561e-05 0
1670640744759 7.998116730495466e-05 0
1670640748525 7.917801054760387e-05 0
1670640752622 7.839855938160217e-05 0
1670640756582 7.764167083191474e-05 0
1670640760091 7.690627757205749e-05 0
1670640763737 7.619138160993934e-05 0
1670640767513 7.549604860573383e-05 0
1670640771358 7.481940274839444e-05 0
1670640775367 7.41606221270813e-05 0
1670640779136 7.351893454200682e-05 0
1670640782635 0.0001021788626943099 0
1670640786814 0.00010133989750168159 0
1670640790579 0.00010052122926472585 0
1670640794327 9.97220540267763e-05 0
1670640798168 9.894161163412853e-05 0
1670640801734 9.817918272076976e-05 0
1670640805832 9.743408594243256e-05 0
1670640809632 9.670567543602436e-05 0
1670640813321 9.599333848309457e-05 0
1670640816877 9.52964933582924e-05 0
1670640820419 9.461458734578685e-05 0
1670640824065 9.394709490839973e-05 0
1670640827901 9.32935159957745e-05 0
1670640831481 9.26533744792954e-05 0
1670640835376 0.00011190067930493802 0
1670640838936 0.0001111646830095207 0
1670640842495 0.0001104429831256626 0
1670640846337 0.00010973512403097854 0
1670640850223 0.00010904067011384999 0
1670640854017 0.00010835920466124414 0
1670640857491 0.0001076903288208821 0
1670640860994 0.00010703366063197807 0
1670640864811 0.00010638883411927906 0
1670640868642 0.0001057554984455958 0
1670640872466 0.00010513331711842992 0
1670640876368 0.0001045219672466776 0
1670640880137 0.00010392113884373006 0
1670640883837 0.00010333053417359682 0
1670640887343 0.00010274986713695885 0
1670640890927 0.0001021788626943099 0
1670640894104 0.00010161725632357474 0
1670640897500 0.00010106479350980293 0
1670640901092 0.00010052122926472587 0
1670640904440 9.998632767413953e-05 0
1670640907886 9.945986147123317e-05 0
1670640911280 9.894161163412852e-05 0
1670640914860 9.843136700602719e-05 0
1670640918094 9.792892393648365e-05 0
1670640920972 9.743408594243255e-05 0
1670640923870 9.694666338770065e-05 0
1670640926703 9.646647317982623e-05 0
1670640929501 9.599333848309457e-05 0
1670640932744 9.552708844677663e-05 0
1670640935889 9.506755794762989e-05 0
1670640939169 9.461458734578685e-05 0
