1670625140878 0.0 0
1670625149123 0.0 0
1670625157279 0.0 0
1670625165371 0.0 0
1670625173268 0.0 0
1670625181152 0.0 0
1670625189049 0.0 0
1670625196846 0.0 0
1670625204775 0.0 0
1670625212582 0.0 0
1670625220829 0.0 0
1670625228628 0.0 0
1670625236712 0.0 0
1670625244694 0.0 0
1670625252793 0.0 0
1670625260858 0.0 0
1670625268843 0.0 0
1670625276772 0.0 0
1670625284776 0.0 0
1670625292801 0.0 0
1670625300692 0.0 0
1670625308638 0.0 0
1670625316908 0.0 0
1670625325364 0.0 0
1670625333490 0.0 0
1670625341494 0.0 0
1670625349819 0.0 0
1670625357997 0.0 0
1670625366598 0.0 0
1670625374402 0.0 0
1670625382484 0.0 0
1670625390272 0.0 0
1670625398135 0.0 0
1670625406338 0.0 0
1670625414404 0.0 0
1670625422240 0.0 0
1670625430027 0.0 0
1670625437821 0.0 0
1670625445319 0.0 0
1670625453376 0.0 0
1670625461273 0.0 0
1670625469014 0.0 0
1670625476792 0.0 0
1670625484415 0.0 0
1670625492471 0.0 0
1670625500782 0.0 0
1670625508950 0.0 0
1670625516910 0.0 0
1670625525177 0.0 0
1670625533329 0.0 0
1670625541754 0.0 0
1670625549971 0.0 0
1670625558242 0.0 0
1670625566476 0.0 0
1670625574655 0.0 0
1670625582924 0.0 0
1670625591270 0.0 0
1670625599245 0.0 0
1670625607175 0.0 0
1670625615058 0.0 0
1670625623756 0.0 0
1670625632442 0.0 0
1670625640647 0.0 0
1670625648937 0.0 0
1670625657079 0.0 0
1670625665461 0.0 0
