1670567765053 0.0033333333333333335 0
1670567766125 0.007333333333333333 0
1670567767122 0.005666666666666667 0
1670567767939 0.005333333333333333 0
1670567769000 0.003 0
1670567769878 0.006333333333333333 0
1670567771091 0.008 0
1670567772077 0.006333333333333333 0
1670567772985 0.008 0
1670567773762 0.005333333333333333 0
1670567774379 0.006333333333333333 0
1670567775171 0.008333333333333333 0
1670567776173 0.005666666666666667 0
1670567776905 0.006333333333333333 0
1670567777910 0.005333333333333333 0
1670567778583 0.004333333333333333 0
1670567779393 0.005666666666666667 0
1670567780419 0.006 0
1670567781255 0.005666666666666667 0
1670567782083 0.006666666666666667 0
1670567783063 0.004666666666666667 0
1670567784043 0.0033333333333333335 0
1670567785013 0.006333333333333333 0
1670567785855 0.004 0
1670567786804 0.005 0
1670567787672 0.005 0
1670567788218 0.004666666666666667 0
1670567789184 0.005333333333333333 0
1670567790317 0.008 0
1670567791245 0.005333333333333333 0
1670567792300 0.006 0
1670567793194 0.004666666666666667 0
1670567793996 0.005333333333333333 0
1670567794873 0.007666666666666666 0
1670567795378 0.005666666666666667 0
1670567796086 0.004333333333333333 0
1670567797021 0.009 0
1670567797718 0.006666666666666667 0
1670567798595 0.008333333333333333 0
1670567799228 0.006333333333333333 0
1670567799985 0.0033333333333333335 0
1670567800656 0.005 0
1670567801198 0.006 0
1670567801975 0.006 0
1670567802559 0.007 0
1670567803289 0.007 0
1670567803977 0.006333333333333333 0
1670567804624 0.006666666666666667 0
1670567805632 0.007666666666666666 0
1670567806471 0.009 0
1670567807126 0.005333333333333333 0
1670567807663 0.006666666666666667 0
1670567808387 0.009 0
1670567809018 0.005333333333333333 0
1670567809663 0.005666666666666667 0
1670567810297 0.0033333333333333335 0
1670567810920 0.008 0
1670567811619 0.006666666666666667 0
1670567812180 0.006333333333333333 0
1670567812867 0.006 0
1670567813847 0.006 0
1670567814421 0.005666666666666667 0
1670567814915 0.008 0
1670567815617 0.005 0
1670567816102 0.005 0
1670567816700 0.007 0
1670567817284 0.006 0
1670567817889 0.005 0
1670567818641 0.005333333333333333 0
1670567819378 0.006666666666666667 0
1670567820141 0.004 0
1670567820831 0.006 0
1670567821504 0.004333333333333333 0
1670567821973 0.006666666666666667 0
1670567822623 0.003 0
1670567823580 0.0026666666666666666 0
1670567824518 0.005333333333333333 0
1670567825293 0.005666666666666667 0
1670567825952 0.005666666666666667 0
1670567826773 0.0033333333333333335 0
1670567827273 0.006666666666666667 0
1670567827828 0.004333333333333333 0
1670567828647 0.006 0
1670567829292 0.006333333333333333 0
1670567830234 0.005333333333333333 0
1670567830730 0.006 0
1670567831361 0.004666666666666667 0
1670567831988 0.007333333333333333 0
1670567832649 0.003 0
1670567833427 0.008666666666666666 0
1670567833977 0.008333333333333333 0
1670567834656 0.008666666666666666 0
1670567835250 0.005333333333333333 0
1670567835850 0.005 0
1670567836428 0.006666666666666667 0
1670567837057 0.004666666666666667 0
1670567837807 0.008333333333333333 0
1670567838570 0.009 0
1670567839273 0.009 0
1670567839740 0.006666666666666667 0
1670567840628 0.004 0
1670567841267 0.006666666666666667 0
1670567841924 0.006 0
