1670578757363 0.0 0
1670578757542 0.0 0
1670578757678 0.0 0
1670578757902 0.0 0
1670578758021 0.0 0
1670578758245 0.0 0
1670578758384 0.0 0
1670578758618 0.0 0
1670578758757 0.0 0
1670578758950 0.0 0
1670578759183 0.0 0
1670578759362 0.0 0
1670578759555 0.0 0
1670578759779 0.0 0
1670578760038 0.0 0
1670578760157 0.0 0
1670578760607 0.0 0
1670578760731 0.0 0
1670578760965 0.0 0
1670578761332 0.0 0
1670578761479 0.0 0
1670578761744 0.0 0
1670578761963 0.0 0
1670578762163 0.0 0
1670578762367 0.0 0
1670578762559 0.0 0
1670578762721 0.0 0
1670578763102 0.0 0
1670578763258 0.0 0
1670578763415 0.0 0
1670578763747 0.0 0
1670578764036 0.0 0
1670578764255 0.0 0
1670578764425 0.0 0
1670578764644 0.0 0
1670578764970 0.0 0
1670578765258 0.0 0
1670578765403 0.0 0
1670578765650 0.0 0
1670578765839 0.0 0
1670578766017 0.0 0
1670578766195 0.0 0
1670578766385 0.0 0
1670578766532 0.0 0
1670578766900 0.0 0
1670578767244 0.0 0
1670578767402 0.0 0
1670578767520 0.0 0
1670578767726 0.0 0
1670578767853 0.0 0
1670578768278 0.0 0
1670578768396 0.0 0
1670578768741 0.0 0
1670578768912 0.0 0
1670578769109 0.0 0
1670578769359 0.0 0
1670578769823 0.0 0
1670578770068 0.0 0
1670578770233 0.0 0
1670578770404 0.0 0
1670578770709 0.0 0
1670578771142 0.0 0
1670578771385 0.0 0
1670578771497 0.0 0
1670578771705 0.0 0
1670578771979 0.0 0
1670578772318 0.0 0
1670578772475 0.0 0
1670578772668 0.0 0
1670578772871 0.0 0
1670578773108 0.0 0
1670578773323 0.0 0
1670578773537 0.0 0
1670578773871 0.0 0
1670578773996 0.0 0
1670578774162 0.0 0
1670578774341 0.0 0
1670578774498 0.0 0
1670578774734 0.0 0
1670578775018 0.0 0
1670578775197 0.0 0
1670578775605 0.0 0
1670578776047 0.0 0
1670578776232 0.0 0
1670578776475 0.0 0
1670578776587 0.0 0
1670578776967 0.0 0
1670578777113 0.0 0
1670578777302 0.0 0
1670578777470 0.0 0
1670578777695 0.0 0
1670578778131 0.0 0
1670578778225 0.0 0
1670578778523 0.0 0
1670578778879 0.0 0
1670578778963 0.0 0
1670578779411 0.0 0
1670578779604 0.0 0
1670578779746 0.0 0
1670578779978 0.0 0
1670578780341 0.0 0
