1670589872520 0.09529653552324081 0
1670589874227 0.028612550790512198 0
1670589875962 0.023209504757750743 0
1670589877659 0.018398241042871105 0
1670589879240 0.01556302531598297 0
1670589880856 0.013779891282269058 0
1670589882794 0.017841371163628356 0
1670589884154 0.017945752403328408 0
1670589885891 0.016949413717727235 0
1670589887311 0.01635028369036909 0
1670589889191 0.018261787681821906 0
1670589890899 0.0187198623447066 0
1670589892664 0.017893175159305247 0
1670589894760 0.018231294293098527 0
1670589896452 0.0175938194768068 0
1670589898025 0.017079947378358884 0
1670589899599 0.016574434779576513 0
1670589901412 0.016077225762084646 0
1670589903193 0.01568666878970562 0
1670589905030 0.01574982723172691 0
1670589906643 0.01576460413345429 0
1670589908292 0.016147836674851923 0
1670589909701 0.0157933364033869 0
1670589911246 0.015557019413403261 0
1670589913097 0.015531947867719775 0
1670589914649 0.015235446014301546 0
1670589916363 0.014945917432820977 0
1670589918003 0.01562952887246133 0
1670589919489 0.014732987452721807 0
1670589921449 0.015308605957014193 0
1670589922882 0.015079653130026266 0
1670589924459 0.015473505619239242 0
1670589926064 0.016021762782431365 0
1670589927717 0.01579190839495692 0
1670589929318 0.015613239030266457 0
1670589930749 0.01540150702841217 0
1670589932442 0.015202293955969282 0
1670589933906 0.015037806215632527 0
1670589935259 0.014852242375446828 0
1670589936778 0.014671562448631825 0
1670589938539 0.014607193401653867 0
1670589940221 0.014498709809357885 0
1670589941631 0.014333039883096699 0
1670589943302 0.01478401494345169 0
1670589945067 0.014762437656452215 0
1670589946586 0.014604555286788307 0
1670589947950 0.014594473800100927 0
1670589949393 0.014533677876610335 0
1670589951037 0.015015569923358257 0
1670589952703 0.014921923879438526 0
1670589954658 0.014832841156704524 0
1670589956599 0.014886427466239222 0
1670589958502 0.014837234200726662 0
1670589960174 0.01481677177963786 0
1670589961848 0.014725114905843384 0
1670589963838 0.014613573273081493 0
1670589965457 0.01452692929127919 0
1670589967270 0.014617552973951703 0
1670589968675 0.014497498943501996 0
1670589970253 0.014380305951372463 0
1670589971857 0.01426386533160548 0
1670589973645 0.014189574295594781 0
1670589975206 0.0140815256369701 0
1670589976891 0.014029495808451226 0
1670589978600 0.014225399922447396 0
1670589980614 0.014129773756967862 0
1670589982239 0.014208576046339544 0
1670589984003 0.014105716305331029 0
1670589985768 0.014651506483575383 0
1670589987485 0.01455467771277244 0
1670589989039 0.014457644806507436 0
1670589990751 0.014469668959917692 0
1670589992427 0.014371672726044254 0
1670589993918 0.014497388537290323 0
1670589996005 0.014449247207027671 0
1670589997757 0.014555331222370627 0
1670589999357 0.014561081030820822 0
1670590001029 0.014486350452033753 0
1670590002850 0.014478439371340912 0
1670590004505 0.014519546671791256 0
1670590005937 0.01443120724185884 0
1670590007565 0.014354227725385249 0
1670590009451 0.014305442932177559 0
1670590011178 0.014234179287432924 0
1670590012811 0.01422437404959806 0
1670590014666 0.014215404687384608 0
1670590016169 0.014137954120145318 0
1670590017686 0.014093606883242599 0
1670590019452 0.014015986697618221 0
1670590021375 0.014013976406420964 0
1670590023008 0.014095479190830151 0
1670590024477 0.014054521632044487 0
1670590026360 0.01401358101286826 0
1670590027836 0.014020809190641081 0
1670590029724 0.013962249169180763 0
1670590031156 0.013956083742202918 0
1670590032592 0.013905823079476132 0
1670590034488 0.01385257298649692 0
1670590036039 0.013943560859549203 0
1670590037682 0.013886246857008289 0
1670590039485 0.013895678458868271 0
1670590041024 0.013832435802219906 0
1670590042798 0.013797299306473526 0
1670590044348 0.013742077105886874 0
1670590045751 0.013677403944777344 0
1670590047440 0.013617611058852647 0
1670590049228 0.013589642439811922 0
1670590050989 0.014058809758190766 0
1670590052738 0.01399492117121981 0
1670590054369 0.013997339749367399 0
1670590056210 0.013937742880552911 0
1670590057796 0.013905005648516988 0
1670590059566 0.013844761165823838 0
1670590061600 0.013796385698280261 0
1670590062960 0.01382206972471453 0
1670590064783 0.013769013812154618 0
1670590066191 0.013719385928704197 0
1670590067782 0.013666069969787531 0
1670590069344 0.013609637060097934 0
1670590070781 0.013571291280877668 0
1670590072236 0.013525311916462057 0
1670590074009 0.013486674352350958 0
1670590075617 0.013788001675947514 0
1670590077216 0.013734882661206066 0
1670590078784 0.013698349076640026 0
1670590080061 0.013760937568289305 0
1670590081398 0.013806243527019285 0
1670590083031 0.01377433838446035 0
1670590084719 0.013737258026472299 0
1670590086096 0.013858521376771293 0
1670590087760 0.013823167034307804 0
1670590089191 0.013838056344357252 0
1670590090685 0.013788243256868199 0
1670590092101 0.013756548947896463 0
1670590093546 0.013705985474923882 0
1670590094970 0.013764573525644863 0
1670590096384 0.013717209021167714 0
1670590097967 0.013797737328350684 0
1670590099233 0.01375015807431576 0
1670590100960 0.013719836304828759 0
1670590102418 0.01389958936090982 0
1670590103821 0.014051131542809014 0
1670590105326 0.014008796442884608 0
1670590106682 0.013983424892280827 0
1670590108294 0.014186078861235824 0
1670590109817 0.014141332420857688 0
1670590111294 0.014103415624030252 0
1670590112716 0.014360842217277736 0
1670590114204 0.014318907140211778 0
1670590115593 0.014272800601254049 0
