1670572373420 0.0 0
1670572373601 0.0 0
1670572373693 0.0 0
1670572373899 0.0 0
1670572374014 0.0 0
1670572374093 0.0 0
1670572374363 0.0 0
1670572374473 0.0 0
1670572374669 0.0 0
1670572374930 0.0 0
1670572375238 0.0 0
1670572375511 0.0 0
1670572375758 0.0 0
1670572375902 0.0 0
1670572376058 0.0 0
1670572376357 0.0 0
1670572376548 0.0 0
1670572376683 0.0 0
1670572376924 0.0 0
1670572377096 0.0 0
1670572377347 0.0 0
1670572377531 0.0 0
1670572377705 0.0 0
1670572377888 0.0 0
1670572378085 0.0 0
1670572378216 0.0 0
1670572378354 0.0 0
1670572378601 0.0 0
1670572378826 0.0 0
1670572379043 0.0 0
1670572379215 0.0 0
1670572379338 0.0 0
1670572379598 0.0 0
1670572379865 0.0 0
1670572380074 0.0 0
1670572380278 0.0 0
1670572380397 0.0 0
1670572380536 0.0 0
1670572380934 0.0 0
1670572381043 0.0 0
1670572381191 0.0 0
1670572381311 0.0 0
1670572381565 0.0 0
1670572381810 0.0 0
1670572381973 0.0 0
1670572382151 0.0 0
1670572382309 0.0 0
1670572382484 0.0 0
1670572382612 0.0 0
1670572382897 0.0 0
1670572383145 0.0 0
1670572383363 0.0 0
1670572383538 0.0 0
1670572383750 0.0 0
1670572383872 0.0 0
1670572384084 0.0 0
1670572384210 0.0 0
1670572384479 0.0 0
1670572384666 0.0 0
1670572384914 0.0 0
1670572385081 0.0 0
1670572385220 0.0 0
1670572385423 0.0 0
1670572385790 0.0 0
1670572385948 0.0 0
1670572386082 0.0 0
1670572386395 0.0 0
1670572386552 0.0 0
1670572386721 0.0 0
1670572386847 0.0 0
1670572387087 0.0 0
1670572387323 0.0 0
1670572387546 0.0 0
1670572387700 0.0 0
1670572387976 0.0 0
1670572388141 0.0 0
1670572388386 0.0 0
1670572388646 0.0 0
1670572388825 0.0 0
1670572388963 0.0 0
1670572389110 0.0 0
1670572389262 0.0 0
1670572389393 0.0 0
1670572389619 0.0 0
1670572389736 0.0 0
1670572389924 0.0 0
1670572390060 0.0 0
1670572390433 0.0 0
1670572390598 0.0 0
1670572390726 0.0 0
1670572390864 0.0 0
1670572390985 0.0 0
1670572391402 0.0 0
1670572391671 0.0 0
1670572391795 0.0 0
1670572391954 0.0 0
1670572392095 0.0 0
1670572392203 0.0 0
1670572392502 0.0 0
1670572392717 0.0 0
1670572392927 0.0 0
1670572393079 0.0 0
