1670640489719 0.0 0
1670640493054 0.0 0
1670640496282 0.0 0
1670640499557 0.0 0
1670640502601 0.0 0
1670640505866 0.0 0
1670640508977 0.0 0
1670640512108 0.0 0
1670640515207 0.0 0
1670640518340 0.0 0
1670640521784 0.0 0
1670640525003 0.0 0
1670640528408 0.0 0
1670640531697 0.0 0
1670640534679 0.0 0
1670640537873 0.0 0
1670640540903 0.0 0
1670640543943 0.0 0
1670640547155 0.0 0
1670640550202 0.0 0
1670640553415 0.0 0
1670640556376 0.0 0
1670640559519 0.0 0
1670640562681 0.0 0
1670640565451 0.0 0
1670640568504 0.0 0
1670640571723 0.0 0
1670640574891 0.0 0
1670640578166 0.0 0
1670640581550 0.0 0
1670640584779 0.0 0
1670640588062 0.0 0
1670640591526 0.0 0
1670640595027 0.0 0
1670640598019 0.0 0
1670640601091 0.0 0
1670640604207 0.0 0
1670640607369 0.0 0
1670640610780 0.0 0
1670640614490 0.0 0
1670640617952 0.0 0
1670640621427 0.0 0
1670640625006 0.0 0
1670640628298 0.0 0
1670640631836 0.0 0
1670640635273 0.0 0
1670640638603 0.0 0
1670640641972 0.0 0
1670640644979 0.0 0
1670640648265 0.0 0
1670640651638 0.0 0
1670640654550 0.0 0
1670640657712 0.0 0
1670640661008 0.0 0
1670640664391 0.0 0
1670640667832 0.0 0
1670640671310 0.0 0
1670640674745 0.0 0
1670640677906 0.0 0
1670640681369 0.0 0
1670640684708 0.0 0
1670640688047 0.0 0
1670640691558 0.0 0
1670640695163 0.0 0
1670640698700 0.0 0
1670640702471 0.0 0
1670640706182 0.0 0
1670640709693 0.0 0
1670640712796 0.0 0
1670640716240 0.0 0
1670640719699 0.0 0
1670640723230 0.0 0
1670640726520 0.0 0
1670640729892 0.0 0
1670640733386 0.0 0
1670640736740 0.0 0
1670640740143 0.0 0
1670640743284 0.0 0
1670640746701 0.0 0
1670640749809 0.0 0
1670640753276 0.0 0
1670640756662 0.0 0
1670640759833 0.0 0
1670640763409 0.0 0
1670640766819 0.0 0
1670640769908 0.0 0
1670640773417 0.0 0
1670640776692 0.0 0
1670640779981 0.0 0
1670640783113 0.0 0
1670640786385 0.0 0
1670640789808 0.0 0
1670640793092 0.0 0
1670640796408 0.0 0
1670640799560 0.0 0
1670640802757 0.0 0
1670640805955 0.0 0
1670640809127 0.0 0
1670640812229 0.0 0
1670640815297 0.0 0
1670640818646 0.0 0
