1670631393648 0.20597933816649877 0
1670631419309 0.20551895063038808 0
1670631455198 0.19989902619792707 0
1670631498346 0.2049746985397654 0
1670631526390 0.201751708273766 0
1670631552036 0.20653012516903346 0
1670631603704 0.2022534746800954 0
1670631629414 0.202519138089101 0
1670631687341 0.20341190649757893 0
1670631751655 0.20779867222563936 0
1670631778942 0.2033892177921 0
1670631813486 0.20051598690596237 0
1670631872692 0.2046500685103114 0
1670631914231 0.20657404909895288 0
1670631973300 0.20352206080532692 0
1670631998860 0.20267150599294198 0
1670632065103 0.204478016232431 0
1670632098481 0.20564780990717874 0
1670632148505 0.20442722662648438 0
1670632217658 0.20482730287217082 0
1670632255992 0.201491467439229 0
1670632308892 0.20378824797958778 0
1670632334411 0.19742839768227843 0
1670632370249 0.2057563468778723 0
1670632401159 0.20216240990584752 0
1670632426870 0.20829695003922302 0
1670632452480 0.2082290025288569 0
1670632478381 0.20754225632126932 0
1670632540458 0.20366893362537475 0
1670632565951 0.20490208946903352 0
