1670571953766 0.0 0
1670571953943 0.0 0
1670571954116 0.0 0
1670571954291 0.0 0
1670571954712 0.0 0
1670571955090 0.0 0
1670571955430 0.0 0
1670571955701 0.0 0
1670571956017 0.0 0
1670571956342 0.0 0
1670571956675 0.0 0
1670571957076 0.0 0
1670571957271 0.0 0
1670571957618 0.0 0
1670571957984 0.0 0
1670571958266 0.0 0
1670571958597 0.0 0
1670571958929 0.0 0
1670571959151 0.0 0
1670571959456 0.0 0
1670571959591 0.0 0
1670571959870 0.0 0
1670571960343 0.0 0
1670571960629 0.0 0
1670571960862 0.0 0
1670571961102 0.0 0
1670571961338 0.0 0
1670571961628 0.0 0
1670571961864 0.0 0
1670571962069 0.0 0
1670571962361 0.0 0
1670571962646 0.0 0
1670571962892 0.0 0
1670571963176 0.0 0
1670571963580 0.0 0
1670571963858 0.0 0
1670571964004 0.0 0
1670571964298 0.0 0
1670571964556 0.0 0
1670571964847 0.0 0
1670571965126 0.0 0
1670571965407 0.0 0
1670571965680 0.0 0
1670571965868 0.0 0
1670571966148 0.0 0
1670571966380 0.0 0
1670571966765 0.0 0
1670571966968 0.0 0
1670571967207 0.0 0
1670571967433 0.0 0
1670571967603 0.0 0
1670571967944 0.0 0
1670571968163 0.0 0
1670571968403 0.0 0
1670571968648 0.0 0
1670571968905 0.0 0
1670571969168 0.0 0
1670571969455 0.0 0
1670571969776 0.0 0
1670571970005 0.0 0
1670571970390 0.0 0
1670571970615 0.0 0
1670571970910 0.0 0
1670571971136 0.0 0
1670571971442 0.0 0
1670571971606 0.0 0
1670571971895 0.0 0
1670571972160 0.0 0
1670571972407 0.0 0
1670571972631 0.0 0
1670571972882 0.0 0
1670571973142 0.0 0
1670571973341 0.0 0
1670571973694 0.0 0
1670571973976 0.0 0
1670571974174 0.0 0
1670571974395 0.0 0
1670571974651 0.0 0
1670571974978 0.0 0
1670571975195 0.0 0
1670571975500 0.0 0
1670571975803 0.0 0
1670571976109 0.0 0
1670571976409 0.0 0
1670571976569 0.0 0
1670571976836 0.0 0
1670571977022 0.0 0
1670571977272 0.0 0
1670571977543 0.0 0
1670571977791 0.0 0
1670571978082 0.0 0
1670571978410 0.0 0
1670571978680 0.0 0
1670571978848 0.0 0
1670571979249 0.0 0
1670571979450 0.0 0
1670571979639 0.0 0
1670571979870 0.0 0
1670571980070 0.0 0
1670571980330 0.0 0
1670571980777 0.0 0
1670571981008 0.0 0
