1670572434473 0.0 0
1670572435785 0.0 0
1670572436909 0.0 0
1670572438371 0.0 0
1670572439860 0.0 0
1670572441296 0.0 0
1670572442814 0.0 0
1670572444133 0.0 0
1670572445697 0.0 0
1670572447110 0.0 0
1670572448462 0.0 0
1670572450369 0.0 0
1670572451767 0.0 0
1670572453259 0.0 0
1670572454828 0.0 0
1670572456147 0.0 0
1670572457800 0.0 0
1670572459289 0.0 0
1670572460974 0.0 0
1670572462467 0.0 0
1670572463872 0.0 0
1670572465105 0.0 0
1670572466882 0.0 0
1670572468029 0.0 0
1670572469735 0.0 0
1670572471100 0.0 0
1670572472383 0.0 0
1670572474022 0.0 0
1670572475606 0.0 0
1670572477555 0.0 0
1670572479094 0.0 0
1670572480209 0.0 0
1670572481471 0.0 0
1670572482714 0.0 0
1670572483955 0.0 0
1670572485585 0.0 0
1670572487541 0.0 0
1670572488666 0.0 0
1670572490213 0.0 0
1670572491622 0.0 0
1670572492805 0.0 0
1670572494087 0.0 0
1670572495549 0.0 0
1670572497088 0.0 0
1670572498578 0.0 0
1670572500076 0.0 0
1670572501992 0.0 0
1670572503916 0.0 0
1670572505325 0.0 0
1670572506840 0.0 0
1670572508475 0.0 0
1670572509982 0.0 0
1670572511648 0.0 0
1670572513621 0.0 0
1670572515285 0.0 0
1670572516945 0.0 0
1670572518336 0.0 0
1670572519883 0.0 0
1670572521312 0.0 0
1670572522928 0.0 0
1670572524417 0.0 0
1670572526085 0.0 0
1670572527337 0.0 0
1670572528476 0.0 0
1670572530275 0.0 0
1670572532203 0.0 0
1670572533834 0.0 0
1670572535269 0.0 0
1670572537253 0.0 0
1670572539337 0.0 0
1670572541321 0.0 0
1670572543060 0.0 0
1670572544974 0.0 0
1670572546940 0.0 0
1670572548776 0.0 0
1670572551067 0.0 0
1670572553307 0.0 0
1670572555214 0.0 0
1670572557357 0.0 0
1670572559292 0.0 0
1670572561303 0.0 0
1670572563276 0.0 0
1670572565148 0.0 0
1670572567276 0.0 0
1670572569488 0.0 0
1670572571466 0.0 0
1670572573683 0.0 0
1670572576138 0.0 0
1670572577851 0.0 0
1670572580349 0.0 0
1670572582404 0.0 0
1670572584460 0.0 0
1670572586829 0.0 0
1670572588564 0.0 0
1670572590545 0.0 0
1670572592639 0.0 0
1670572593973 0.0 0
1670572594934 0.0 0
1670572596025 0.0 0
1670572598373 0.0 0
1670572600319 0.0 0
1670572602340 0.0 0
