1670598315963 0.28800730735912783 0
1670598317098 0.12577578447143356 0
1670598317865 0.08817380225867871 0
1670598318892 0.06893540396779244 0
1670598319826 0.05908749634990079 0
1670598320586 0.056594476292932766 0
1670598321609 0.05821511692554282 0
1670598322423 0.05352594779710218 0
1670598323500 0.05462671097618793 0
1670598324321 0.05130582805895162 0
1670598325162 0.04852330992616333 0
1670598326084 0.046298877317274 0
1670598326929 0.044260037990801915 0
1670598328120 0.04246995911251311 0
1670598329111 0.04121941137653984 0
1670598330012 0.03991968424575487 0
1670598330793 0.038826721557998545 0
1670598331570 0.03771493815205412 0
1670598332752 0.036816075630165035 0
1670598333827 0.03604007904078316 0
1670598335014 0.03590694614622392 0
1670598336028 0.03518503793553007 0
1670598337120 0.034557789901350555 0
1670598338174 0.03409426048427633 0
1670598339118 0.03357751841379231 0
1670598340179 0.03456733389448979 0
1670598341185 0.0350697264962872 0
1670598342118 0.03502355767290827 0
1670598343154 0.03323419047095305 0
1670598344400 0.034903007149671206 0
1670598345104 0.03436675022286412 0
1670598346119 0.03667420597201149 0
1670598346942 0.036394794698667965 0
1670598347715 0.03657330669691361 0
1670598348913 0.03607666881943228 0
1670598349795 0.03558688211757466 0
1670598350789 0.03518115318026621 0
1670598351778 0.03483081908263441 0
1670598352493 0.03447492831501464 0
1670598353441 0.036604200895444805 0
1670598354371 0.03707657191451713 0
1670598355288 0.037181642915021906 0
1670598356023 0.036918328701632475 0
1670598357206 0.037378157579489646 0
1670598358095 0.037055680325055185 0
1670598358836 0.03665935241009466 0
1670598359595 0.03654996456730075 0
1670598360494 0.036189568178114195 0
1670598361212 0.03583960509244144 0
1670598362420 0.03635809149031877 0
1670598363365 0.03609655219987534 0
1670598364263 0.03609689567864355 0
1670598365084 0.03594081114824854 0
1670598366112 0.03613296084667528 0
1670598367198 0.0366324446916243 0
1670598368095 0.03633458009608914 0
1670598368924 0.03694486089233151 0
1670598369831 0.03672401551183224 0
1670598370690 0.036650873621460245 0
1670598371576 0.03668135879535872 0
1670598372329 0.0366389588819902 0
1670598373280 0.03642118173120218 0
1670598374276 0.03742073994636036 0
1670598375336 0.03728594611973396 0
1670598376216 0.037188207838338205 0
1670598376965 0.036926734473351264 0
1670598377805 0.03683205971131526 0
1670598378547 0.036766195598871454 0
1670598379545 0.03657954154663562 0
1670598380498 0.03632895251422513 0
1670598381416 0.03613798171983856 0
1670598382289 0.03680354460068347 0
1670598383149 0.03659120939632332 0
1670598384087 0.036934021523574334 0
1670598385109 0.03718973670778675 0
1670598385994 0.03696307605249377 0
1670598386999 0.03695806174650046 0
1670598387694 0.03672359454111679 0
1670598388675 0.03649751401056617 0
1670598389446 0.03663645197504911 0
1670598390400 0.03659282288363924 0
1670598391276 0.03637869973317137 0
1670598392393 0.036174882562618305 0
1670598393125 0.03596556533233558 0
1670598394010 0.03577002659716061 0
1670598394931 0.035609181168537396 0
1670598395822 0.03542946113357559 0
1670598396824 0.03523078053815182 0
1670598397849 0.035217367666005805 0
1670598398773 0.03517713524364591 0
1670598399700 0.03501799047183318 0
1670598400433 0.03507851413018204 0
1670598401440 0.03575756850823253 0
1670598402465 0.03597188384023253 0
1670598403312 0.036319602628999526 0
1670598404339 0.03645418604656003 0
1670598405260 0.03666001192408541 0
1670598406251 0.03650434642661088 0
1670598407259 0.03634369648312874 0
1670598408109 0.036311147475940275 0
1670598409045 0.03663690381176676 0
1670598409987 0.03645993038003936 0
1670598410860 0.03658329986337838 0
1670598411637 0.03640902782931077 0
1670598412653 0.0364722701112955 0
1670598413422 0.03637633292458026 0
1670598414134 0.03623554664284673 0
1670598414935 0.036103750210355445 0
1670598415824 0.03594549372768163 0
1670598416469 0.03595393027908539 0
1670598417102 0.03579628793352585 0
1670598418102 0.03570461411558645 0
1670598419006 0.03558449314277601 0
1670598419660 0.03551947167549396 0
1670598420407 0.035416542264117834 0
1670598421192 0.03548109955643858 0
1670598422084 0.035335037188164053 0
1670598422867 0.03524656849872371 0
1670598423746 0.03526646946238449 0
1670598424760 0.03541640615899627 0
1670598425416 0.035276496857257644 0
1670598426406 0.035403815378995784 0
1670598427259 0.03574243216479478 0
1670598428014 0.035863851702067795 0
1670598428717 0.03573348488227407 0
1670598429374 0.03570943482647437 0
1670598430024 0.035612608437843196 0
1670598430719 0.035528251448406045 0
1670598431407 0.03539436671098867 0
1670598432132 0.035611950742005516 0
1670598432854 0.035515560208274066 0
1670598433483 0.03538183086464719 0
1670598434401 0.03525505463350953 0
1670598435101 0.03533619861565629 0
1670598435799 0.035210061118922276 0
1670598436494 0.0350837722420827 0
1670598437143 0.03544099161849573 0
1670598437801 0.035313293470637386 0
1670598438386 0.03540089197828411 0
1670598439097 0.03539071429028445 0
1670598440249 0.035276386362020296 0
1670598440892 0.03515674987797668 0
1670598441499 0.03516793172705701 0
1670598442384 0.0350630856236252 0
1670598443164 0.035072080022137575 0
1670598443989 0.0351625692152458 0
1670598444831 0.035043934946319744 0
1670598445686 0.03498787085033833 0
1670598446434 0.03529580190513115 0
1670598447152 0.03530366989660866 0
1670598447893 0.035202617633486366 0
1670598448756 0.03531776147911947 0
1670598449595 0.03528556777244879 0
1670598450246 0.03518458033358762 0
1670598451140 0.03508393226997247 0
1670598451784 0.03499021182140344 0
1670598452423 0.034891180437504776 0
1670598453208 0.03486754071375525 0
1670598453975 0.034786522457734115 0
1670598454592 0.034678660541034856 0
1670598455350 0.034730944373956796 0
1670598456098 0.03477105753287035 0
1670598456831 0.03466542941230166 0
1670598457718 0.0347307599847802 0
1670598458438 0.03476476243592558 0
1670598459184 0.03474134224538761 0
1670598459909 0.03471923569474822 0
1670598460670 0.03462074185790087 0
1670598461270 0.03451879676663938 0
1670598462144 0.03447850569929489 0
1670598462908 0.03438869327619315 0
1670598463530 0.03430501773633743 0
1670598464425 0.03428517222211536 0
1670598465130 0.03436436746881455 0
1670598465828 0.03427134594015285 0
1670598466546 0.03417907317441776 0
1670598467115 0.034152189700316915 0
1670598467908 0.03409289101033297 0
1670598468513 0.034001462734510046 0
1670598469378 0.03393103531164615 0
1670598470050 0.033898428798247615 0
1670598470893 0.03389055834193927 0
1670598471589 0.03396278521512347 0
1670598472313 0.033876699587493064 0
1670598473083 0.03388771635601684 0
1670598473913 0.03384738891247935 0
1670598474673 0.033820351831659545 0
1670598475360 0.03375119675545962 0
1670598475969 0.03366232153734788 0
1670598476678 0.03358560090907209 0
1670598477461 0.03352882769214105 0
1670598478240 0.03344193728425765 0
1670598478935 0.033902206655962996 0
1670598479664 0.03394243258569657 0
1670598480358 0.03385855810452737 0
1670598481169 0.03385655082631872 0
1670598481892 0.033829375845558673 0
1670598482829 0.03374936777822113 0
1670598483527 0.0337088963021569 0
1670598484102 0.033678177670035114 0
1670598484951 0.03367608616494294 0
1670598485642 0.03367321828075198 0
1670598486276 0.033762258441646875 0
1670598486946 0.03370719429842767 0
1670598487657 0.033707125607571 0
1670598488297 0.033625807797521556 0
1670598488949 0.03360232088898629 0
1670598489728 0.03353085575458431 0
1670598490432 0.03395164081135682 0
1670598491027 0.03387236710047653 0
1670598491666 0.03385365356262826 0
1670598492426 0.033780502399483436 0
1670598493174 0.033701693013743705 0
1670598493909 0.03362386215031482 0
1670598494724 0.033678726006863946 0
1670598495386 0.03360336640420808 0
1670598496091 0.03358526603316525 0
1670598496908 0.033508741381031104 0
1670598497635 0.03365987995060499 0
1670598498448 0.03358887749346523 0
1670598499168 0.03351314962485341 0
1670598500012 0.03357514217289437 0
1670598500779 0.03350232782003848 0
1670598501430 0.03342925822623616 0
1670598502087 0.033446140796800305 0
1670598502783 0.03345585030711029 0
1670598503589 0.03338434497052711 0
1670598504221 0.03333272842695456 0
1670598504791 0.03326073164182597 0
1670598505681 0.03318866526220893 0
1670598506391 0.03333252238524542 0
1670598507192 0.03326484768427074 0
1670598507833 0.033312931467186724 0
1670598508457 0.033334009290950206 0
1670598509339 0.03338117537366214 0
1670598509973 0.03334134767444952 0
1670598510676 0.03327677810517782 0
1670598511390 0.03320866809576145 0
1670598512259 0.03324748573169073 0
1670598512906 0.033206700200865746 0
1670598513558 0.03317938378037816 0
1670598514362 0.033268732160175285 0
1670598515002 0.03321966191299053 0
1670598515624 0.033154921244889946 0
1670598516272 0.03314980051649241 0
1670598517096 0.033083198020903815 0
1670598517755 0.03304191113146748 0
1670598518479 0.032983161365591984 0
1670598519327 0.03293308767688824 0
1670598520082 0.03287193488926726 0
1670598520831 0.032831050437203246 0
1670598521533 0.03278812334045106 0
1670598522452 0.032723717552770426 0
1670598523119 0.03293024153325502 0
1670598523725 0.03287169869356188 0
1670598524463 0.03281065675592254 0
1670598525329 0.032748177814974966 0
1670598526170 0.03271887028844955 0
1670598526864 0.03266282824883132 0
1670598527864 0.032605510083127454 0
1670598528697 0.03257648068756669 0
1670598529384 0.03278030090112105 0
1670598530152 0.03274213529312808 0
1670598530789 0.03269576044996603 0
1670598531634 0.03264504765988768 0
1670598532415 0.032831842993438054 0
1670598533474 0.032844892819885174 0
1670598534294 0.03286135177292199 0
1670598535119 0.03295582064820163 0
1670598535886 0.03290473422826429 0
1670598536793 0.032844541068521915 0
1670598537842 0.03278785755086089 0
1670598538814 0.03273577200415134 0
1670598539478 0.03268757344868872 0
1670598540480 0.03265915063911462 0
1670598541361 0.03260024205261364 0
1670598542330 0.03254192908122344 0
1670598543219 0.03269921311269558 0
1670598544149 0.03264429822253745 0
1670598544932 0.032586162223586734 0
1670598545736 0.03252865648994946 0
1670598546705 0.03247145411913405 0
1670598547393 0.032466762408349004 0
1670598548101 0.03241397085026704 0
1670598548792 0.03248112280201443 0
1670598549741 0.03250332221096447 0
1670598550441 0.032667195586841946 0
1670598551300 0.03266306221771126 0
1670598551998 0.03278815028204041 0
1670598552738 0.03276010603516066 0
1670598553576 0.03275628229328953 0
1670598554230 0.03280793277365346 0
1670598555130 0.03277391601654672 0
1670598555779 0.032766274574418164 0
1670598556682 0.03274343797731194 0
1670598557618 0.0327338347593899 0
1670598558257 0.03278734180914944 0
1670598559189 0.032740904837539386 0
1670598560021 0.03280601612475542 0
1670598560684 0.032761809823968924 0
1670598561637 0.03271812129897794 0
1670598562502 0.032741076410730374 0
1670598563294 0.03276854475213886 0
1670598564132 0.032728626746428124 0
1670598564775 0.03267848047654931 0
1670598565469 0.03264362247044872 0
1670598566178 0.032638061530553764 0
1670598566761 0.03258983690444078 0
1670598567544 0.032559852814549595 0
1670598568474 0.032509302471217916 0
1670598569159 0.03262432096931084 0
1670598569850 0.03261828737464734 0
1670598570591 0.03258133591624213 0
1670598571603 0.032575011396451636 0
1670598572269 0.032542864736281985 0
1670598573058 0.03249420224544525 0
1670598573843 0.032515779302766556 0
1670598574663 0.03249636801097355 0
1670598575297 0.032473749458635404 0
1670598576098 0.03243213047716903 0
1670598576815 0.032439163548598715 0
1670598577452 0.032474947071094495 0
1670598578384 0.032639409611528225 0
1670598579191 0.032605809398669916 0
1670598579858 0.03283703610988481 0
1670598580456 0.03297550061687515 0
1670598581649 0.03300924442866726 0
1670598582218 0.03295906656161807 0
1670598583138 0.03291000863367077 0
1670598584008 0.03292414503221086 0
1670598584728 0.032910543940895876 0
