1670644052594 0.004209593982060579 0
1670644099535 0.003913317247071762 0
1670644145760 0.0036543068475832236 0
1670644183508 0.003956189607242473 0
1670644221451 0.004735043399431929 0
1670644259324 0.003568597797396033 0
1670644297895 0.004542405306666332 0
1670644336130 0.004360517213041351 0
1670644401141 0.0043988242617116705 0
1670644439035 0.004264508081708329 0
1670644527251 0.0042208116036172565 0
1670644564876 0.004173142772434165 0
1670644616270 0.00386831830788966 0
1670644662920 0.0037968595912693977 0
1670644702423 0.004355416530988185 0
1670644740491 0.004486636786681628 0
1670644791647 0.003785943779101354 0
1670644829728 0.004387328628271906 0
1670644867613 0.004152571642647031 0
1670644908781 0.003917158986445935 0
1670644972383 0.004120318301500688 0
1670645057477 0.003976965219970123 0
1670645095297 0.004470396089933381 0
1670645133097 0.004127551535768754 0
1670645171079 0.003702430231352697 0
1670645211911 0.003447769510663213 0
1670645251247 0.0043103895969583625 0
1670645305399 0.004209265243791553 0
1670645368699 0.003723914766893926 0
1670645408050 0.0038510369172956287 0
