1670585516875 0.291 0
1670585517689 0.281 0
1670585518681 0.28633333333333333 0
1670585519767 0.2836666666666667 0
1670585521087 0.2813333333333333 0
1670585522336 0.2763333333333333 0
1670585523239 0.27566666666666667 0
1670585524431 0.2916666666666667 0
1670585525641 0.288 0
1670585526746 0.286 0
1670585527732 0.289 0
1670585528713 0.2763333333333333 0
1670585529731 0.289 0
1670585530619 0.2803333333333333 0
1670585531589 0.276 0
1670585532491 0.286 0
1670585533751 0.28 0
1670585534739 0.27566666666666667 0
1670585536008 0.2836666666666667 0
1670585536910 0.278 0
1670585538122 0.2896666666666667 0
1670585539222 0.28733333333333333 0
1670585540232 0.2916666666666667 0
1670585541381 0.28833333333333333 0
1670585542379 0.2823333333333333 0
1670585543477 0.284 0
1670585544667 0.2876666666666667 0
1670585545493 0.2776666666666667 0
1670585546365 0.2783333333333333 0
1670585547376 0.286 0
1670585548470 0.284 0
1670585549276 0.285 0
1670585550086 0.287 0
1670585551234 0.2886666666666667 0
1670585552209 0.29333333333333333 0
1670585553268 0.2833333333333333 0
1670585554324 0.2806666666666667 0
1670585555225 0.28633333333333333 0
1670585556380 0.2796666666666667 0
1670585557487 0.283 0
1670585558386 0.2823333333333333 0
1670585559310 0.277 0
1670585560349 0.2836666666666667 0
1670585561627 0.28633333333333333 0
1670585562640 0.2793333333333333 0
1670585563850 0.283 0
1670585565077 0.2846666666666667 0
1670585566239 0.293 0
1670585567296 0.292 0
1670585568517 0.2826666666666667 0
1670585569591 0.2853333333333333 0
1670585570720 0.273 0
1670585572062 0.2816666666666667 0
1670585573346 0.278 0
1670585574450 0.279 0
1670585575730 0.288 0
1670585576944 0.28633333333333333 0
1670585578190 0.279 0
1670585579287 0.2833333333333333 0
1670585580367 0.2853333333333333 0
1670585581316 0.29133333333333333 0
1670585582467 0.288 0
1670585583366 0.289 0
1670585584279 0.2856666666666667 0
1670585585138 0.2866666666666667 0
1670585586332 0.283 0
1670585587698 0.2806666666666667 0
1670585588858 0.2813333333333333 0
1670585590031 0.29133333333333333 0
1670585591019 0.2816666666666667 0
1670585592127 0.28 0
1670585593144 0.284 0
1670585594343 0.277 0
1670585595330 0.284 0
1670585596607 0.283 0
1670585597822 0.287 0
1670585599054 0.2843333333333333 0
1670585600195 0.2846666666666667 0
1670585601683 0.2776666666666667 0
1670585602850 0.2796666666666667 0
1670585604008 0.2723333333333333 0
1670585605213 0.2786666666666667 0
1670585606564 0.2836666666666667 0
1670585607682 0.2886666666666667 0
1670585608654 0.2836666666666667 0
1670585609673 0.29233333333333333 0
1670585610666 0.2703333333333333 0
1670585611920 0.28633333333333333 0
1670585613264 0.2776666666666667 0
1670585614452 0.286 0
1670585615750 0.2833333333333333 0
1670585617138 0.2886666666666667 0
1670585618406 0.29 0
1670585619684 0.28733333333333333 0
1670585621026 0.2826666666666667 0
1670585622095 0.286 0
1670585623394 0.2743333333333333 0
1670585624722 0.283 0
1670585625759 0.276 0
1670585626906 0.287 0
1670585628202 0.286 0
1670585629605 0.2826666666666667 0
1670585630775 0.288 0
1670585631929 0.28833333333333333 0
1670585633169 0.2886666666666667 0
1670585634361 0.2753333333333333 0
1670585635419 0.289 0
1670585636688 0.2836666666666667 0
1670585637885 0.2826666666666667 0
1670585639177 0.2833333333333333 0
1670585640279 0.2823333333333333 0
1670585641512 0.2816666666666667 0
1670585642933 0.2796666666666667 0
1670585644126 0.2816666666666667 0
1670585645436 0.281 0
1670585646865 0.2896666666666667 0
1670585647951 0.27566666666666667 0
1670585649094 0.2773333333333333 0
1670585650233 0.2843333333333333 0
1670585651438 0.281 0
1670585652475 0.283 0
1670585653727 0.2833333333333333 0
1670585654939 0.2793333333333333 0
1670585656072 0.28 0
1670585657348 0.2803333333333333 0
1670585658484 0.285 0
1670585659839 0.2816666666666667 0
1670585661146 0.2813333333333333 0
1670585662246 0.2846666666666667 0
1670585663290 0.2826666666666667 0
1670585664672 0.283 0
1670585665743 0.2846666666666667 0
1670585667148 0.2803333333333333 0
1670585668315 0.2796666666666667 0
1670585669580 0.2853333333333333 0
1670585670670 0.27666666666666667 0
1670585672075 0.2816666666666667 0
1670585673124 0.28733333333333333 0
1670585674471 0.28733333333333333 0
1670585675955 0.2876666666666667 0
1670585677149 0.2833333333333333 0
1670585678672 0.2786666666666667 0
1670585679894 0.29 0
1670585681249 0.29233333333333333 0
1670585682336 0.2846666666666667 0
1670585683575 0.288 0
1670585684823 0.2853333333333333 0
1670585686251 0.292 0
1670585687631 0.2776666666666667 0
1670585688719 0.2853333333333333 0
1670585689947 0.2853333333333333 0
1670585691349 0.2796666666666667 0
1670585692404 0.2806666666666667 0
1670585693719 0.2816666666666667 0
1670585695038 0.286 0
1670585696131 0.291 0
1670585697253 0.282 0
1670585698633 0.2783333333333333 0
1670585699839 0.292 0
1670585701142 0.2783333333333333 0
1670585702444 0.2906666666666667 0
1670585703753 0.2846666666666667 0
1670585704845 0.2843333333333333 0
1670585706025 0.28633333333333333 0
1670585707267 0.28833333333333333 0
1670585708388 0.285 0
1670585709569 0.2843333333333333 0
1670585710707 0.279 0
1670585711978 0.2813333333333333 0
1670585713005 0.2853333333333333 0
1670585714239 0.2866666666666667 0
1670585715515 0.2916666666666667 0
1670585716815 0.28633333333333333 0
1670585717984 0.2866666666666667 0
1670585719294 0.2856666666666667 0
1670585720432 0.2836666666666667 0
1670585721871 0.287 0
1670585723146 0.2763333333333333 0
1670585724348 0.283 0
1670585725683 0.29133333333333333 0
1670585727006 0.2886666666666667 0
1670585728271 0.279 0
1670585729715 0.285 0
1670585731065 0.2853333333333333 0
1670585732221 0.279 0
1670585733400 0.2836666666666667 0
1670585734704 0.2886666666666667 0
1670585735885 0.28733333333333333 0
1670585736845 0.273 0
1670585738085 0.2896666666666667 0
1670585739259 0.286 0
1670585740622 0.2836666666666667 0
1670585741892 0.2833333333333333 0
1670585743136 0.286 0
1670585744378 0.2823333333333333 0
1670585745580 0.279 0
1670585746674 0.276 0
1670585747791 0.2833333333333333 0
1670585748850 0.2806666666666667 0
1670585750087 0.286 0
1670585751361 0.2816666666666667 0
1670585752385 0.282 0
1670585753387 0.28633333333333333 0
1670585754355 0.2843333333333333 0
1670585755447 0.27266666666666667 0
1670585756847 0.284 0
1670585758257 0.2853333333333333 0
1670585759593 0.29 0
1670585760829 0.2843333333333333 0
1670585762149 0.2956666666666667 0
1670585762971 0.286 0
1670585764141 0.2853333333333333 0
1670585765207 0.281 0
1670585766247 0.285 0
1670585767330 0.29333333333333333 0
1670585768415 0.2763333333333333 0
1670585769516 0.279 0
1670585770511 0.287 0
1670585771537 0.2936666666666667 0
