1670617800275 0.09257377736543382 0
1670617805038 0.028218100184728145 0
1670617809607 0.02051911187660027 0
1670617814114 0.016292769971761656 0
1670617818657 0.014880080354849334 0
1670617823271 0.020391903613063422 0
1670617827685 0.018434097857537024 0
1670617832044 0.017017633310849933 0
1670617836347 0.02210828652118868 0
1670617840973 0.020771753941465465 0
1670617845481 0.01964787973532023 0
1670617849925 0.018715646038726108 0
1670617854292 0.01915723305731032 0
1670617859099 0.018675443747047105 0
1670617863724 0.0196303411908203 0
1670617868026 0.019170537053755043 0
1670617872690 0.01855201420998953 0
1670617877255 0.018216482611036477 0
1670617881828 0.018125898064645707 0
1670617886322 0.022164935542380304 0
1670617890748 0.02184290503501063 0
1670617895202 0.0213077929647576 0
1670617899655 0.020964517145045658 0
1670617904188 0.02095481054931625 0
1670617908627 0.020633005333692833 0
1670617913184 0.02091050571390396 0
1670617917931 0.02101578880335464 0
1670617922432 0.020671063554610902 0
1670617926969 0.01955336384222095 0
1670617931328 0.019240179455308315 0
1670617935750 0.019011119402377985 0
1670617940050 0.018735277129372063 0
1670617944330 0.02018786762132274 0
1670617948568 0.019901087519397676 0
1670617953116 0.019692529128799596 0
1670617957673 0.01944797915304164 0
1670617962363 0.019587603129466058 0
1670617966940 0.02013847924774015 0
1670617971811 0.020014658174717703 0
1670617976329 0.020109440431746894 0
1670617980685 0.01991324305306741 0
1670617985051 0.0197031741070387 0
1670617989431 0.01947798767555109 0
1670617993850 0.019501297149181918 0
1670617998194 0.01929867676276842 0
1670618002712 0.019859071519185423 0
1670618007339 0.019710974357213584 0
1670618011949 0.019565461567947473 0
1670618016444 0.02009761174373359 0
1670618021094 0.02035197763865515 0
1670618025465 0.02105375123066422 0
1670618029885 0.020883041696825755 0
1670618034463 0.02124323424663377 0
1670618039007 0.0213130894588901 0
1670618043316 0.021174612675329607 0
1670618047610 0.021024220980530917 0
1670618051957 0.0208813079262119 0
1670618056353 0.020739073271461628 0
1670618060929 0.020569289274886438 0
1670618065480 0.020468901920846716 0
1670618070283 0.020530730110778106 0
1670618074780 0.02041769088773404 0
1670618079224 0.020454854169081216 0
1670618083599 0.020335503976169678 0
1670618087938 0.02047893353621033 0
1670618092295 0.020433389094888232 0
1670618096894 0.020283241957281817 0
1670618101485 0.020225119306393702 0
1670618106089 0.020332195725105362 0
1670618110501 0.020224757126552584 0
1670618115163 0.020288979856543543 0
1670618120029 0.02021674906029347 0
1670618124523 0.02026212157487428 0
1670618129116 0.020154106332235466 0
1670618133702 0.020209728739822963 0
1670618138306 0.020153051139868428 0
1670618143042 0.020095773292763908 0
1670618147885 0.02053728234450014 0
1670618152509 0.020522532987376385 0
1670618157087 0.02044809669126224 0
1670618161951 0.020340163620996776 0
1670618166680 0.02024854041698787 0
1670618171454 0.020131898248592517 0
1670618176195 0.0200217398204503 0
1670618180686 0.019939783156230906 0
1670618185290 0.019852723330489486 0
1670618189805 0.019793470180368034 0
1670618194374 0.019709643473094896 0
1670618198817 0.019600919780087822 0
1670618203504 0.019563968866006975 0
1670618208118 0.019618521707430836 0
1670618212707 0.01973167596261538 0
1670618217224 0.019782770056785415 0
1670618221620 0.019704488548705545 0
1670618226046 0.0196040342372914 0
1670618230524 0.019503187472391326 0
1670618235030 0.01941645982351292 0
1670618239843 0.019324024711912968 0
1670618244610 0.019231611250366987 0
1670618249389 0.019158422437347333 0
1670618253884 0.019435145581037316 0
1670618258483 0.019472339522088045 0
1670618263051 0.019385874475390197 0
1670618267539 0.019342377735925176 0
1670618272079 0.019253603213419956 0
1670618276678 0.019245129854690735 0
1670618281224 0.019208760934305125 0
1670618285800 0.019225964140852425 0
1670618289615 0.019146773833586095 0
1670618293600 0.019075922131323253 0
1670618297727 0.019027329542534166 0
1670618301800 0.019087842990933024 0
1670618306046 0.019008123789513776 0
1670618310273 0.018925322544109058 0
1670618314542 0.018932651874054574 0
1670618319105 0.018853998433632668 0
1670618323700 0.018778230212298297 0
1670618328246 0.018705135523368832 0
1670618332840 0.018629680702279994 0
1670618336704 0.018685456750897167 0
1670618340607 0.01867647432143249 0
1670618344463 0.018607499235083536 0
1670618348477 0.01869502122737865 0
1670618352428 0.018679111179398022 0
1670618356128 0.018613619536845705 0
1670618360084 0.01854035919821917 0
1670618364154 0.01859233361828616 0
1670618368127 0.01852081133127237 0
1670618372164 0.018457589052596757 0
1670618376297 0.018471105523337306 0
1670618380324 0.018621537768146124 0
1670618384089 0.01863941828646054 0
1670618388030 0.018573861439834305 0
1670618392074 0.018513999789013913 0
1670618395880 0.01845327325746593 0
1670618399951 0.018391845031148768 0
1670618404089 0.018327439331922712 0
1670618408106 0.018385916254106016 0
1670618412017 0.01841789774106961 0
1670618416220 0.018352975792690462 0
1670618420656 0.018323085200537603 0
1670618424365 0.018258971725776618 0
1670618428476 0.018212712945119724 0
1670618432578 0.018149852304971015 0
1670618436816 0.018115892218006135 0
1670618441164 0.018066959511389036 0
1670618444655 0.018022045089499228 0
1670618448122 0.017996517610163854 0
1670618451467 0.018299645763399486 0
1670618455187 0.018248388260787007 0
1670618458924 0.018206173183898722 0
1670618462539 0.018194623498305695 0
1670618466228 0.018136797627938406 0
1670618469883 0.018167477569693835 0
1670618473731 0.01812133549395256 0
1670618477372 0.018063805418625623 0
1670618480990 0.01800752436189046 0
1670618484603 0.017964447618220913 0
1670618488243 0.017952989956698362 0
1670618491867 0.017924580160988635 0
1670618495585 0.01788031690645986 0
1670618499311 0.017881260538836097 0
1670618502664 0.018123196618602733 0
1670618506192 0.01809220552228863 0
1670618510047 0.018070938307450324 0
1670618514009 0.018042163936471733 0
1670618517825 0.017992586192155158 0
1670618521585 0.017940544697904293 0
1670618525325 0.018025457381656174 0
1670618529004 0.017978121897922916 0
1670618532829 0.018045273581600685 0
1670618536549 0.018003444002698155 0
1670618540024 0.017956959768273384 0
1670618543624 0.01794950133787665 0
1670618547195 0.017899021445883956 0
1670618550891 0.01786011899471318 0
1670618554515 0.017820455822178616 0
1670618558031 0.01777511028834211 0
1670618561366 0.017794368102393876 0
1670618564636 0.01775031619375267 0
1670618567959 0.01770236490664001 0
1670618571213 0.017666659745541713 0
1670618574652 0.017621048167490883 0
1670618578079 0.01757339682447867 0
1670618581302 0.01778530626955188 0
1670618584579 0.01773863350232907 0
1670618588013 0.01770914169525184 0
1670618591711 0.01766255650077886 0
1670618595460 0.01770449592214096 0
1670618599092 0.01770362614563703 0
1670618602832 0.01769817514904537 0
1670618606570 0.017734347299084408 0
1670618610281 0.01776793595705839 0
1670618614009 0.017886158732933644 0
1670618617666 0.01818325457087222 0
1670618621391 0.01813896311750618 0
1670618625118 0.018138772560685967 0
1670618628883 0.018122954710840022 0
1670618632604 0.018113567896726912 0
1670618636386 0.018073412157351698 0
1670618640112 0.01805604014979012 0
1670618643803 0.01802134658537502 0
1670618647336 0.017982371435938616 0
1670618651241 0.01794924398452602 0
1670618655075 0.017921101610785972 0
1670618658695 0.017894684736110666 0
1670618662282 0.017857725844009464 0
1670618665819 0.01781499469636294 0
1670618669636 0.017773194786724122 0
1670618673543 0.017830798294847017 0
1670618677193 0.01786955851259986 0
1670618680872 0.017864395268100908 0
1670618684315 0.01782685353754243 0
1670618687727 0.017785348221522668 0
1670618691123 0.01776927946769713 0
1670618694676 0.017782982358919175 0
1670618698125 0.017764563781413445 0
1670618701699 0.01779977257177834 0
1670618705169 0.017762704612433122 0
1670618708545 0.017795231021316416 0
1670618711920 0.017780678125901228 0
1670618715297 0.017756061997612704 0
1670618718619 0.017740181158685697 0
1670618722018 0.017712719923896447 0
1670618725440 0.017690023111365583 0
1670618728880 0.0178383032884466 0
1670618732344 0.01793159358947083 0
1670618735818 0.018060254942625975 0
1670618739549 0.01802915418657891 0
1670618743626 0.018046250376329676 0
1670618747564 0.018007554439361306 0
1670618751731 0.01797668982980738 0
1670618756217 0.0179382494594994 0
1670618760142 0.017904074083614163 0
1670618764259 0.01794219098265959 0
