1670646217630 0.1310554112900687 0
1670646248929 0.12728225335246907 0
1670646294463 0.12868147174504768 0
1670646332085 0.13280462584307706 0
1670646358496 0.13448342117791753 0
1670646390326 0.13140850170329796 0
1670646416740 0.13145473558501225 0
1670646443452 0.13108576976375985 0
1670646472608 0.1297457048425378 0
1670646520808 0.12872898738851055 0
1670646578773 0.1286179417497942 0
1670646607361 0.12730900792037456 0
1670646640749 0.12929404916186296 0
1670646667320 0.12756869806051538 0
1670646708955 0.12739832178828095 0
1670646735620 0.13477288937442455 0
1670646762314 0.12359028889771204 0
1670646788837 0.12976377128581804 0
1670646815337 0.1304965539942494 0
1670646841812 0.1339427607538609 0
1670646882864 0.1312255679468804 0
1670646909898 0.12734890836134605 0
1670646938259 0.12660879741875838 0
1670646987552 0.12458572444653761 0
1670647014163 0.12658067699771522 0
1670647040822 0.127921271715005 0
1670647082036 0.12597699114445743 0
1670647108526 0.13197799108190625 0
1670647134985 0.1297039753935741 0
1670647161638 0.12537894267197985 0
