1670586405731 0.0 0
1670586407542 0.0 0
1670586409193 0.0 0
1670586411092 0.0 0
1670586412891 0.0 0
1670586414639 0.0 0
1670586416325 0.0 0
1670586418008 0.0 0
1670586419650 0.0 0
1670586421332 0.0 0
1670586423213 0.0 0
1670586424909 0.0 0
1670586426500 0.0 0
1670586428265 0.0 0
1670586430322 0.0 0
1670586431856 0.0 0
1670586433430 0.0 0
1670586435159 0.0 0
1670586436808 0.0 0
1670586438589 0.0 0
1670586440231 0.0 0
1670586441943 0.0 0
1670586443601 0.0 0
1670586445338 0.0 0
1670586447048 0.0 0
1670586449366 0.0 0
1670586451143 0.0 0
1670586452917 0.0 0
1670586454509 0.0 0
1670586456144 0.0 0
1670586457893 0.0 0
1670586459527 0.0 0
1670586461167 0.0 0
1670586462921 0.0 0
1670586464627 0.0 0
1670586466237 0.0 0
1670586467926 0.0 0
1670586469740 0.0 0
1670586471455 0.0 0
1670586473345 0.0 0
1670586474982 0.0 0
1670586476773 0.0 0
1670586478489 0.0 0
1670586480173 0.0 0
1670586482023 0.0 0
1670586483792 0.0 0
1670586485460 0.0 0
1670586487221 0.0 0
1670586489058 0.0 0
1670586490917 0.0 0
1670586492648 0.0 0
1670586494619 0.0 0
1670586496422 0.0 0
1670586498332 0.0 0
1670586500302 0.0 0
1670586501995 0.0 0
1670586503620 0.0 0
1670586505304 0.0 0
1670586506973 0.0 0
1670586508820 0.0 0
1670586510904 0.0 0
1670586512649 0.0 0
1670586514334 0.0 0
1670586516108 0.0 0
1670586518095 0.0 0
1670586519974 0.0 0
1670586521803 0.0 0
1670586523626 0.0 0
1670586525298 0.0 0
1670586527271 0.0 0
1670586529201 0.0 0
1670586530957 0.0 0
1670586533030 0.0 0
1670586534848 0.0 0
1670586536581 0.0 0
1670586538349 0.0 0
1670586540047 0.0 0
1670586541931 0.0 0
1670586543743 0.0 0
1670586545682 0.0 0
1670586547956 0.0 0
1670586549751 0.0 0
1670586551885 0.0 0
1670586554144 0.0 0
1670586556242 0.0 0
1670586558116 0.0 0
1670586559888 0.0 0
1670586561633 0.0 0
1670586563644 0.0 0
1670586565550 0.0 0
1670586567403 0.0 0
1670586569578 0.0 0
1670586571856 0.0 0
1670586573971 0.0 0
1670586575846 0.0 0
1670586577947 0.0 0
1670586579656 0.0 0
1670586581658 0.0 0
1670586583367 0.0 0
1670586585631 0.0 0
1670586587439 0.0 0
