1670697486912 0.0 0
1670697487435 0.0 0
1670697487956 0.0 0
1670697488497 0.0 0
1670697489043 0.0 0
1670697489640 0.0 0
1670697490183 0.0 0
1670697490729 0.0 0
1670697491273 0.0 0
1670697491815 0.0 0
1670697492357 0.0 0
1670697492891 0.0 0
1670697493508 0.0 0
1670697494008 0.0 0
1670697494510 0.0 0
1670697495048 0.0 0
1670697495585 0.0 0
1670697496130 0.0 0
1670697496657 0.0 0
1670697497173 0.0 0
1670697497683 0.0 0
1670697498195 0.0 0
1670697498718 0.0 0
1670697499231 0.0 0
1670697499838 0.0 0
1670697500345 0.0 0
1670697500855 0.0 0
1670697501377 0.0 0
1670697501897 0.0 0
1670697502411 0.0 0
1670697502936 0.0 0
1670697503503 0.0 0
1670697504015 0.0 0
1670697504538 0.0 0
1670697505052 0.0 0
1670697505570 0.0 0
1670697506087 0.0 0
1670697506604 0.0 0
1670697507118 0.0 0
1670697507650 0.0 0
1670697508158 0.0 0
1670697508760 0.0 0
1670697509258 0.0 0
1670697509784 0.0 0
1670697510293 0.0 0
1670697510841 0.0 0
1670697511389 0.0 0
1670697511945 0.0 0
1670697512464 0.0 0
1670697512971 0.0 0
1670697513488 0.0 0
1670697514003 0.0 0
1670697514513 0.0 0
1670697515108 0.0 0
1670697515607 0.0 0
1670697516103 0.0 0
1670697516597 0.0 0
1670697517106 0.0 0
1670697517609 0.0 0
1670697518164 0.0 0
1670697518697 0.0 0
1670697519268 0.0 0
1670697519774 0.0 0
1670697520281 0.0 0
1670697520785 0.0 0
1670697521286 0.0 0
1670697521792 0.0 0
1670697522296 0.0 0
1670697522802 0.0 0
1670697523310 0.0 0
1670697523811 0.0 0
1670697524335 0.0 0
1670697524839 0.0 0
1670697525345 0.0 0
1670697525989 0.0 0
1670697526482 0.0 0
1670697526988 0.0 0
1670697527568 0.0 0
1670697528069 0.0 0
1670697528554 0.0 0
1670697529071 0.0 0
1670697529541 0.0 0
1670697530000 0.0 0
1670697530470 0.0 0
1670697530893 0.0 0
1670697531339 0.0 0
1670697531776 0.0 0
1670697532210 0.0 0
1670697532581 0.0 0
1670697533013 0.0 0
1670697533374 0.0 0
1670697533921 0.0 0
1670697534455 0.0 0
1670697534998 0.0 0
1670697535540 0.0 0
1670697536075 0.0 0
1670697536609 0.0 0
1670697537141 0.0 0
1670697537671 0.0 0
1670697538201 0.0 0
1670697538730 0.0 0
