1670629953813 0.0 0
1670629954277 0.0 0
1670629954768 0.0 0
1670629955226 0.0 0
1670629955679 0.0 0
1670629956159 0.0 0
1670629956662 0.0 0
1670629957127 0.0 0
1670629957580 0.0 0
1670629958051 0.0 0
1670629958501 0.0 0
1670629958965 0.0 0
1670629959383 0.0 0
1670629959809 0.0 0
1670629960277 0.0 0
1670629960692 0.0 0
1670629961143 0.0 0
1670629961599 0.0 0
1670629962042 0.0 0
1670629962494 0.0 0
1670629962936 0.0 0
1670629963348 0.0 0
1670629963780 0.0 0
1670629964264 0.0 0
1670629964683 0.0 0
1670629965169 0.0 0
1670629965621 0.0 0
1670629966087 0.0 0
1670629966524 0.0 0
1670629966975 0.0 0
1670629967442 0.0 0
1670629967910 0.0 0
1670629968352 0.0 0
1670629968787 0.0 0
1670629969281 0.0 0
1670629969768 0.0 0
1670629970221 0.0 0
1670629970641 0.0 0
1670629971070 0.0 0
1670629971503 0.0 0
1670629971917 0.0 0
1670629972374 0.0 0
1670629972842 0.0 0
1670629973304 0.0 0
1670629973785 0.0 0
1670629974205 0.0 0
1670629974680 0.0 0
1670629975143 0.0 0
1670629975551 0.0 0
1670629976043 0.0 0
1670629976527 0.0 0
1670629976995 0.0 0
1670629977450 0.0 0
1670629977898 0.0 0
1670629978385 0.0 0
1670629978880 0.0 0
1670629979371 0.0 0
1670629979815 0.0 0
1670629980208 0.0 0
1670629980626 0.0 0
1670629981052 0.0 0
1670629981474 0.0 0
1670629981933 0.0 0
1670629982400 0.0 0
1670629982862 0.0 0
1670629983393 0.0 0
1670629983914 0.0 0
1670629984435 0.0 0
1670629984964 0.0 0
1670629985490 0.0 0
1670629986030 0.0 0
1670629986615 0.0 0
1670629987149 0.0 0
1670629987674 0.0 0
1670629988196 0.0 0
1670629988727 0.0 0
1670629989256 0.0 0
1670629989789 0.0 0
1670629990345 0.0 0
1670629990876 0.0 0
1670629991410 0.0 0
1670629991846 0.0 0
1670629992331 0.0 0
1670629992785 0.0 0
1670629993243 0.0 0
1670629993687 0.0 0
1670629994121 0.0 0
1670629994665 0.0 0
1670629995201 0.0 0
1670629995719 0.0 0
1670629996239 0.0 0
1670629996780 0.0 0
1670629997314 0.0 0
1670629997829 0.0 0
1670629998341 0.0 0
1670629998860 0.0 0
1670629999375 0.0 0
1670629999892 0.0 0
1670630000400 0.0 0
1670630000904 0.0 0
1670630001408 0.0 0
1670630001912 0.0 0
