1670615730675 0.002 0
1670615733660 0.004666666666666667 0
1670615736917 0.003 0
1670615740181 0.0026666666666666666 0
1670615743569 0.0013333333333333333 0
1670615747013 0.0036666666666666666 0
1670615750328 0.0036666666666666666 0
1670615753675 0.0036666666666666666 0
1670615757114 0.0033333333333333335 0
1670615760585 0.0016666666666666668 0
1670615764181 0.003 0
1670615767553 0.0026666666666666666 0
1670615770746 0.003 0
1670615774058 0.004 0
1670615777698 0.0033333333333333335 0
1670615781126 0.002 0
1670615784465 0.005 0
1670615787662 0.002 0
1670615790911 0.0023333333333333335 0
1670615794402 0.004666666666666667 0
1670615797644 0.0026666666666666666 0
1670615800869 0.0033333333333333335 0
1670615804182 0.004 0
1670615807304 0.0036666666666666666 0
1670615810228 0.0036666666666666666 0
1670615813543 0.004666666666666667 0
1670615816883 0.002 0
1670615820206 0.003 0
1670615823568 0.004 0
1670615826660 0.0036666666666666666 0
1670615829953 0.0033333333333333335 0
1670615833226 0.002 0
1670615836506 0.0033333333333333335 0
1670615839770 0.004 0
1670615843019 0.002 0
1670615846239 0.003 0
1670615849526 0.004 0
1670615852669 0.0036666666666666666 0
1670615855836 0.0023333333333333335 0
1670615859121 0.004 0
1670615862412 0.0023333333333333335 0
1670615865775 0.0023333333333333335 0
1670615869090 0.0016666666666666668 0
1670615872415 0.004 0
1670615875656 0.0026666666666666666 0
1670615878995 0.0036666666666666666 0
1670615882239 0.0033333333333333335 0
1670615885491 0.004666666666666667 0
1670615888687 0.0023333333333333335 0
1670615891784 0.004 0
1670615894953 0.0016666666666666668 0
1670615898185 0.0026666666666666666 0
1670615901505 0.0016666666666666668 0
1670615904672 0.0013333333333333333 0
1670615907800 0.002 0
1670615910881 0.0036666666666666666 0
1670615913966 0.0033333333333333335 0
1670615917037 0.0036666666666666666 0
1670615920105 0.003 0
1670615923090 0.0026666666666666666 0
1670615926120 0.0023333333333333335 0
1670615929316 0.0033333333333333335 0
1670615932384 0.0026666666666666666 0
1670615935567 0.0023333333333333335 0
1670615938845 0.0016666666666666668 0
1670615941946 0.004333333333333333 0
1670615945288 0.0026666666666666666 0
1670615948603 0.0026666666666666666 0
1670615951884 0.0036666666666666666 0
1670615955153 0.0016666666666666668 0
1670615958410 0.0033333333333333335 0
1670615961666 0.0026666666666666666 0
1670615964983 0.0036666666666666666 0
1670615968289 0.005666666666666667 0
1670615971575 0.003 0
1670615974886 0.004333333333333333 0
1670615978191 0.003 0
1670615981472 0.002 0
1670615984791 0.0033333333333333335 0
1670615988198 0.0026666666666666666 0
1670615991423 0.003 0
1670615994416 0.0036666666666666666 0
1670615997445 0.0026666666666666666 0
1670616000580 0.0033333333333333335 0
1670616003729 0.0036666666666666666 0
1670616006973 0.0033333333333333335 0
1670616010181 0.003 0
1670616013300 0.0023333333333333335 0
1670616016596 0.004 0
1670616019708 0.0026666666666666666 0
1670616022584 0.003 0
1670616025988 0.003 0
1670616029317 0.004 0
1670616032755 0.0023333333333333335 0
1670616036099 0.002 0
1670616039253 0.0036666666666666666 0
1670616042146 0.0036666666666666666 0
1670616045040 0.002 0
1670616047922 0.004333333333333333 0
1670616050790 0.0023333333333333335 0
1670616053813 0.005666666666666667 0
1670616056923 0.004333333333333333 0
1670616059832 0.003 0
1670616062972 0.004 0
1670616066310 0.003 0
1670616069555 0.004333333333333333 0
1670616072881 0.0033333333333333335 0
1670616076078 0.003 0
1670616079516 0.002 0
1670616082951 0.001 0
1670616086385 0.0023333333333333335 0
1670616089859 0.0023333333333333335 0
1670616093062 0.0023333333333333335 0
1670616096408 0.0016666666666666668 0
1670616099959 0.0016666666666666668 0
1670616103230 0.001 0
1670616106357 0.0016666666666666668 0
