1670616238486 0.0 0
1670616244689 0.0 0
1670616250703 0.0 0
1670616257046 0.0 0
1670616263371 0.0 0
1670616269374 0.0 0
1670616275945 0.0 0
1670616282336 0.0 0
1670616288494 0.0 0
1670616294765 0.0 0
1670616301108 0.0 0
1670616307157 0.0 0
1670616313169 0.0 0
1670616319176 0.0 0
1670616325148 0.0 0
1670616331293 0.0 0
1670616337214 0.0 0
1670616343530 0.0 0
1670616349805 0.0 0
1670616355915 0.0 0
1670616362315 0.0 0
1670616368548 0.0 0
1670616374936 0.0 0
1670616381229 0.0 0
1670616387143 0.0 0
1670616393737 0.0 0
1670616399962 0.0 0
1670616406034 0.0 0
1670616412887 0.0 0
1670616414810 0.0 0
1670616419618 0.0 0
1670616426682 0.0 0
1670616432312 0.0 0
1670616438025 0.0 0
1670616444249 0.0 0
1670616450524 0.0 0
1670616456797 0.0 0
1670616463252 0.0 0
1670616469810 0.0 0
1670616476423 0.0 0
1670616482509 0.0 0
1670616487927 0.0 0
1670616493317 0.0 0
1670616498943 0.0 0
1670616504596 0.0 0
1670616510464 0.0 0
1670616516644 0.0 0
1670616522921 0.0 0
1670616528542 0.0 0
1670616534125 0.0 0
1670616539917 0.0 0
1670616546043 0.0 0
1670616552222 0.0 0
1670616558168 0.0 0
1670616564171 0.0 0
1670616570013 0.0 0
1670616575952 0.0 0
1670616582109 0.0 0
1670616588028 0.0 0
1670616593865 0.0 0
1670616599654 0.0 0
1670616605211 0.0 0
1670616610656 0.0 0
1670616615770 0.0 0
1670616620414 0.0 0
1670616625096 0.0 0
1670616629728 0.0 0
1670616634459 0.0 0
1670616639085 0.0 0
1670616644289 0.0 0
1670616649461 0.0 0
1670616654370 0.0 0
1670616659106 0.0 0
1670616663619 0.0 0
1670616668209 0.0 0
1670616672703 0.0 0
1670616677267 0.0 0
1670616681702 0.0 0
1670616686548 0.0 0
1670616691348 0.0 0
1670616696157 0.0 0
1670616701786 0.0 0
1670616706925 0.0 0
1670616712039 0.0 0
1670616717309 0.0 0
1670616722488 0.0 0
1670616727677 0.0 0
1670616733170 0.0 0
1670616738414 0.0 0
1670616743432 0.0 0
1670616748955 0.0 0
1670616754149 0.0 0
1670616759347 0.0 0
1670616764480 0.0 0
1670616769457 0.0 0
1670616774428 0.0 0
1670616779153 0.0 0
1670616784432 0.0 0
1670616789147 0.0 0
1670616794107 0.0 0
1670616799649 0.0 0
