1670605841727 0.08894343315502473 0
1670605843026 0.037564455529056365 0
1670605844440 0.02434103371740856 0
1670605845949 0.01950637938620714 0
1670605847150 0.017222685154593742 0
1670605848456 0.017568591993391364 0
1670605850005 0.016270519858030047 0
1670605851326 0.015026877172137632 0
1670605852689 0.023090384331258595 0
1670605853961 0.021787525290759946 0
1670605855191 0.020605752859661902 0
1670605856478 0.020282566430747828 0
1670605858214 0.019400815228631102 0
1670605859399 0.019594559348880047 0
1670605860621 0.018854961971157463 0
1670605862077 0.018416002782096208 0
1670605863521 0.018016954675690866 0
1670605865047 0.01807717408324555 0
1670605866489 0.018611412125299515 0
1670605867965 0.020595974533385963 0
1670605869506 0.02133009768837893 0
1670605870872 0.02097375342324362 0
1670605872289 0.020585750697746513 0
1670605873225 0.02027670603515322 0
1670605874551 0.019943231704735 0
1670605875975 0.01969146576605796 0
1670605877318 0.019356067289570872 0
1670605878678 0.0192216754932929 0
1670605879960 0.01815518989673867 0
1670605881113 0.017867970160888647 0
1670605882608 0.018534754578335366 0
1670605884069 0.018386987236941266 0
1670605885249 0.01819756981530901 0
1670605887046 0.017935899180129 0
1670605888344 0.017899229262391264 0
1670605889553 0.017671259338246398 0
1670605891039 0.01743967009068803 0
1670605892398 0.017218957154997577 0
1670605893590 0.017035157885325558 0
1670605895033 0.016855683940176253 0
1670605896627 0.01666334626965446 0
1670605897896 0.01648489137908099 0
1670605899137 0.016336238753892535 0
1670605900250 0.0172701546063104 0
1670605901262 0.017091037667812642 0
1670605902494 0.018188774327274393 0
1670605903724 0.018005373783963136 0
1670605905268 0.01787241681874871 0
1670605906435 0.01770018095448672 0
1670605907731 0.017589559213040923 0
1670605909234 0.017463582803342037 0
1670605910377 0.017402925700839733 0
1670605911626 0.017330287798048155 0
1670605912677 0.017218124929048867 0
1670605913997 0.017111913805151313 0
1670605915155 0.017738996044354305 0
1670605916632 0.01758955610690513 0
1670605917700 0.01744382676058731 0
1670605918973 0.01736812082428324 0
1670605920732 0.017225714788971308 0
1670605922299 0.017203613763564107 0
1670605923921 0.017110331597255946 0
1670605925461 0.017169894807217312 0
1670605927067 0.017055335093094592 0
1670605928451 0.017136732246801345 0
1670605929903 0.01717260205361687 0
1670605931187 0.017095405807371455 0
1670605932779 0.017037804059163525 0
1670605934513 0.016930005693136713 0
1670605936436 0.01723084294193286 0
1670605937911 0.017163295126078976 0
1670605939286 0.01705435896110513 0
1670605941046 0.017215981359394256 0
1670605942393 0.017174752838173657 0
1670605943926 0.01717116870462551 0
1670605945435 0.017169886028531173 0
1670605946952 0.01706336393679253 0
1670605948342 0.01701847768486489 0
1670605949894 0.016985969759751862 0
1670605951092 0.01691283821305245 0
1670605952589 0.016849717550204812 0
1670605954109 0.017107497930248683 0
1670605955772 0.01715926754926206 0
1670605957251 0.017095118117678193 0
1670605958448 0.016998745709693952 0
1670605959506 0.016911706952959904 0
1670605960543 0.01681945101110527 0
1670605961920 0.016725721006915578 0
1670605962990 0.016740079392639523 0
1670605964326 0.01667769943186484 0
1670605965436 0.016706896475498945 0
1670605966895 0.01661702698847381 0
1670605968105 0.01652977884977408 0
1670605969030 0.016573196912632426 0
1670605970561 0.016512121643344868 0
1670605971768 0.016427159933515983 0
1670605973196 0.01645627751307971 0
1670605974229 0.016441999221884246 0
1670605975582 0.016397709399997656 0
1670605976768 0.0164724745587089 0
1670605977825 0.016422391245654866 0
1670605979083 0.016458709859492326 0
1670605980238 0.016464242001037466 0
1670605981218 0.016395751336071823 0
1670605982443 0.016450936954627404 0
1670605983653 0.016373943373743954 0
1670605984774 0.016403585607068782 0
1670605986080 0.016521193163520326 0
1670605987240 0.01662327302677913 0
1670605988477 0.0165550491365708 0
1670605989765 0.016481022526611544 0
1670605990983 0.016643726610237275 0
1670605992128 0.016579194984840007 0
1670605993336 0.01658979545305886 0
1670605994419 0.016518548130663974 0
1670605995398 0.0165459570563308 0
1670605996686 0.016476290478590477 0
1670605997795 0.016427207031733948 0
1670605999083 0.016368490934636215 0
1670606000284 0.016301378403897226 0
1670606001597 0.01625381396368991 0
1670606002857 0.016300472437260294 0
1670606004177 0.016235336824536817 0
1670606005312 0.01621047146934576 0
1670606006611 0.016150483048564618 0
1670606007842 0.016170733441222218 0
1670606008920 0.016134625074085862 0
1670606010238 0.016075462986806704 0
1670606011318 0.016150737387604197 0
1670606012430 0.016139661049632353 0
1670606013584 0.01608778627535401 0
1670606014655 0.016029096866366027 0
1670606015758 0.015969872099542537 0
1670606016935 0.015979024393508984 0
1670606018185 0.015962564837591814 0
1670606019397 0.01599335720495429 0
1670606020560 0.01593761589035733 0
1670606021809 0.015881614692980994 0
1670606023057 0.015895215821237818 0
1670606024469 0.015935442071725897 0
1670606025935 0.015881347766510956 0
1670606027021 0.015900482796055077 0
1670606028210 0.01597120853157688 0
1670606029264 0.015967335722161996 0
1670606030560 0.01607658131481879 0
1670606031642 0.016023862624616053 0
1670606033002 0.016121531999630095 0
1670606034222 0.016087324100209993 0
1670606035612 0.016088930848909805 0
1670606036783 0.016055011252553847 0
1670606037987 0.016004461104062173 0
1670606039301 0.015968709058718028 0
1670606040304 0.01602389004035265 0
1670606041517 0.01599132571662662 0
1670606042749 0.015940095294586232 0
1670606043986 0.01597546913563702 0
1670606045266 0.015933793575447164 0
1670606046290 0.015884493483137002 0
1670606047509 0.01583482673049333 0
1670606048499 0.015897994161660434 0
1670606049818 0.01584904632838277 0
1670606051180 0.01581315434081132 0
1670606052117 0.015768451082130347 0
1670606053214 0.01572155898818975 0
1670606054595 0.015708651961766906 0
1670606055734 0.015667358700576506 0
1670606056832 0.015752135393127364 0
1670606058310 0.015720737167335908 0
1670606059452 0.01571381450344192 0
1670606060633 0.016052481425315818 0
1670606061827 0.016051143697513343 0
1670606063194 0.016017343775590914 0
1670606064457 0.01597640846055018 0
1670606065323 0.01593074831243696 0
1670606066436 0.015885785789474804 0
1670606067911 0.015943208757358024 0
1670606069038 0.015939275262201597 0
1670606070281 0.0159143538490219 0
1670606071648 0.01596005782435142 0
1670606072671 0.01591887340467729 0
1670606073794 0.01587942415378668 0
1670606074825 0.01583638334545523 0
1670606076056 0.015907770391117793 0
1670606077665 0.01588959622959754 0
1670606078405 0.015862054788161162 0
1670606079241 0.015823587148136697 0
1670606080596 0.01578236000481298 0
1670606081776 0.015790784183837364 0
1670606083084 0.01574931625208778 0
1670606084200 0.015710936406008846 0
1670606085325 0.015674913889705905 0
1670606086585 0.01563426014149505 0
1670606087888 0.01560190698511918 0
1670606088972 0.015649193848464804 0
1670606090120 0.015609224161136998 0
1670606091223 0.01559505242859155 0
1670606092743 0.01564920148741286 0
1670606094483 0.015627956674616833 0
1670606095825 0.01559112407267274 0
1670606097146 0.015587456914965048 0
1670606098971 0.015561421853168167 0
1670606100671 0.015721331787904053 0
1670606102486 0.015701592186341845 0
1670606103885 0.01566345591951504 0
1670606105205 0.015693818347609356 0
1670606107000 0.015697040750410562 0
1670606108361 0.015663394513935475 0
1670606109549 0.015629959423113293 0
1670606110708 0.015630375904774924 0
1670606112229 0.015701437638504928 0
1670606113506 0.01567654838873478 0
1670606114786 0.015641806811505815 0
1670606116354 0.015628859440219772 0
1670606117646 0.015708135683687036 0
1670606118615 0.015712819265057715 0
1670606119296 0.015677845109705518 0
1670606120538 0.015644471743018667 0
1670606121929 0.01563241558714698 0
1670606123117 0.015674449720626593 0
1670606124581 0.01567224322731886 0
1670606125809 0.015644554705731395 0
1670606127213 0.015647936970625526 0
1670606128410 0.01561303241889983 0
1670606129543 0.015583192672819879 0
1670606130727 0.01555259932114239 0
1670606132084 0.015587946900352145 0
1670606133389 0.015585753315204981 0
1670606134483 0.015554583716080234 0
1670606135749 0.015523700124211337 0
1670606136800 0.015516304974359518 0
1670606138370 0.015559564791479796 0
1670606139620 0.015527663928096958 0
1670606141031 0.015583672418964578 0
1670606142393 0.015706372167201 0
1670606143438 0.015727064069579272 0
1670606144885 0.015694978346071475 0
1670606146050 0.015848870290033484 0
1670606147305 0.015877473389740687 0
1670606148737 0.015860417164777513 0
1670606149748 0.01591149410115464 0
1670606150770 0.01590231721299276 0
1670606151988 0.01595591402292279 0
