1670629668210 0.0033333333333333335 0
1670629670589 0.0026666666666666666 0
1670629673032 0.004 0
1670629675500 0.0025 0
1670629678381 0.0031666666666666666 0
1670629681291 0.0025 0
1670629684158 0.005 0
1670629687031 0.0025 0
1670629689623 0.0023333333333333335 0
1670629692395 0.0031666666666666666 0
1670629695114 0.0028333333333333335 0
1670629697849 0.003833333333333333 0
1670629700619 0.004166666666666667 0
1670629703350 0.003 0
1670629706073 0.004166666666666667 0
1670629708845 0.0036666666666666666 0
1670629711929 0.0033333333333333335 0
1670629714721 0.0031666666666666666 0
1670629717115 0.0045 0
1670629719658 0.0028333333333333335 0
1670629722102 0.0023333333333333335 0
1670629724648 0.0031666666666666666 0
1670629727610 0.003833333333333333 0
1670629730709 0.003 0
1670629733851 0.0036666666666666666 0
1670629736966 0.004 0
1670629740046 0.004166666666666667 0
1670629743150 0.004833333333333334 0
1670629746154 0.0035 0
1670629749043 0.003 0
1670629751512 0.004166666666666667 0
1670629754175 0.004333333333333333 0
1670629757013 0.0031666666666666666 0
1670629760011 0.004666666666666667 0
1670629763009 0.0035 0
1670629765998 0.0031666666666666666 0
1670629768980 0.004 0
1670629771970 0.003 0
1670629774963 0.0033333333333333335 0
1670629777957 0.0028333333333333335 0
1670629780959 0.0028333333333333335 0
1670629783950 0.004166666666666667 0
1670629786949 0.004 0
1670629789907 0.0045 0
1670629792918 0.004833333333333334 0
1670629795918 0.0028333333333333335 0
1670629798918 0.0033333333333333335 0
1670629801699 0.0035 0
1670629804105 0.0035 0
1670629806615 0.0035 0
1670629809091 0.0033333333333333335 0
1670629811075 0.0033333333333333335 0
1670629813507 0.0028333333333333335 0
1670629816198 0.0033333333333333335 0
1670629819284 0.0026666666666666666 0
1670629822304 0.002 0
1670629825356 0.0031666666666666666 0
1670629828428 0.0028333333333333335 0
1670629831533 0.0035 0
1670629834577 0.0033333333333333335 0
1670629837096 0.0025 0
1670629839693 0.0025 0
1670629842406 0.0036666666666666666 0
1670629845746 0.0028333333333333335 0
1670629848765 0.004166666666666667 0
1670629851898 0.004 0
1670629855111 0.0026666666666666666 0
1670629858014 0.0035 0
1670629860965 0.004333333333333333 0
1670629864025 0.0035 0
1670629866955 0.004166666666666667 0
1670629869512 0.004 0
1670629872112 0.0025 0
1670629874716 0.0036666666666666666 0
1670629877283 0.003833333333333333 0
1670629879638 0.0028333333333333335 0
1670629881996 0.003 0
1670629884252 0.0025 0
1670629886678 0.004166666666666667 0
1670629889172 0.003 0
1670629891694 0.003833333333333333 0
1670629894046 0.0036666666666666666 0
1670629896433 0.003833333333333333 0
1670629898829 0.0031666666666666666 0
1670629901187 0.0028333333333333335 0
1670629903562 0.004 0
1670629905944 0.0045 0
1670629908362 0.0028333333333333335 0
1670629910714 0.003 0
1670629913068 0.004 0
1670629915442 0.0023333333333333335 0
1670629917815 0.003833333333333333 0
1670629920204 0.0025 0
1670629922669 0.0026666666666666666 0
1670629925187 0.004833333333333334 0
1670629927646 0.0031666666666666666 0
1670629930172 0.0028333333333333335 0
1670629932801 0.0036666666666666666 0
1670629935211 0.0025 0
1670629937764 0.0036666666666666666 0
1670629940775 0.0023333333333333335 0
1670629943676 0.0036666666666666666 0
1670629946544 0.0026666666666666666 0
1670629949388 0.0031666666666666666 0
1670629952334 0.0045 0
1670629954801 0.003833333333333333 0
1670629957237 0.0055 0
1670629959877 0.0028333333333333335 0
1670629962663 0.004666666666666667 0
1670629965448 0.0026666666666666666 0
1670629968264 0.0045 0
1670629971171 0.003833333333333333 0
1670629974062 0.004 0
1670629976931 0.004333333333333333 0
