1670619817370 0.001815172105204585 0
1670619821331 0.0005795114137925854 0
1670619825092 0.00045463518646918043 0
1670619828683 0.00038862136037614686 0
1670619832824 0.00036722597665924853 0
1670619836930 0.00034597352193873346 0
1670619841113 0.0003378034644300428 0
1670619844877 0.0003273893334812839 0
1670619848839 0.00031663604381128893 0
1670619852720 0.00030623902799065914 0
1670619856641 0.0002964441013305928 0
1670619860617 0.000302857632392654 0
1670619864457 0.0002957590513657172 0
1670619868317 0.0002888748973761323 0
1670619872171 0.0002822723731267462 0
1670619876338 0.00027597841745949 0
1670619880778 0.0002699980474581991 0
1670619885327 0.00026432443457654524 0
1670619889904 0.00025894457169277986 0
1670619894439 0.0002538425070294536 0
1670619898376 0.00024900119864244765 0
1670619902384 0.00026018746945133793 0
1670619906385 0.0002559300060507002 0
1670619910397 0.0002518446451057971 0
1670619914121 0.00026100832171170406 0
1670619918229 0.000257368807524258 0
1670619922309 0.0002648350124374428 0
1670619926165 0.0002615802075023007 0
1670619930293 0.0002476367672125445 0
1670619934507 0.00024503451609569915 0
1670619938619 0.0002424826573020368 0
1670619942721 0.00023998334620773643 0
1670619946780 0.00023753783678392857 0
1670619950884 0.00023514669435209683 0
1670619954884 0.00023280995938302165 0
1670619958868 0.0002305272741609577 0
1670619962886 0.00022829798109142742 0
1670619966263 0.00023593768928138338 0
1670619970412 0.00023384180626183812 0
1670619974380 0.00023178879292259423 0
1670619978433 0.00022977828355405378 0
1670619982527 0.00023657484326156916 0
1670619986531 0.00023467500117090834 0
1670619990442 0.0002328099593830216 0
1670619994366 0.00023097951514455716 0
1670619998775 0.00022918334340225904 0
1670620003307 0.00022742102238743148 0
1670620007518 0.00022569205458654562 0
1670620011943 0.00022399588394743478 0
1670620016481 0.00022233191000503163 0
1670620021518 0.00022069949947951583 0
1670620026082 0.00021909799579541435 0
1670620030609 0.0002175267268868185 0
1670620035208 0.00022399588394743473 0
1670620039990 0.00022977828355405378 0
1670620044925 0.0002282979810914274 0
1670620049609 0.00022684102027689565 0
1670620054575 0.0002254070976339225 0
1670620059304 0.00022399588394743475 0
1670620063893 0.00022260702965432887 0
1670620068540 0.00022124016941729542 0
1670620073407 0.0002198949260044926 0
1670620078005 0.00021857091357831406 0
1670620082954 0.00022399588394743478 0
1670620087432 0.00022271307900782316 0
1670620092161 0.0002214490390371793 0
1670620097123 0.00022020346822311843 0
1670620102493 0.00021897606417239294 0
1670620107166 0.0002177665198366247 0
1670620111750 0.00021657452516246677 0
1670620116275 0.00021539976850349485 0
1670620120648 0.00021424193782590336 0
1670620124981 0.0002131007217356296 0
1670620129060 0.00021197581035073713 0
1670620133526 0.0002108668960396369 0
1670620137992 0.00020977367404294989 0
1670620142425 0.0002086958429944242 0
1670620146789 0.00020763310535427425 0
1670620151141 0.000206585167766541 0
1670620155479 0.00020555174135055207 0
1670620159811 0.00020453254193524657 0
1670620164160 0.00020352729024399434 0
1670620168522 0.00020253571203655325 0
1670620172951 0.00020770852091807064 0
1670620177357 0.00020673397800941771 0
1670620181898 0.00020577198257749234 0
1670620186319 0.00020482230641110917 0
1670620190714 0.00020388472491207648 0
1670620195218 0.00020295901720008002 0
1670620199635 0.00020204496619281306 0
1670620204040 0.00020114235866449038 0
1670620208517 0.00020025098528551373 0
1670620213000 0.0001993706406457281 0
1670620217311 0.00019850112326341842 0
1670620221291 0.0001976422355819428 0
1670620225656 0.00019679378395567738 0
1670620230143 0.0001959555786267474 0
1670620234684 0.00019512743369384724 0
1670620239307 0.0001943091670742993 0
1670620243709 0.00019350060046036515 0
1670620248200 0.00019270155927070178 0
1670620252646 0.00019191187259775345 0
1670620256948 0.0001911313731517711 0
1670620261450 0.0001959555786267474 0
1670620265835 0.000195182334036872 0
1670620270328 0.00019441770499169586 0
1670620274808 0.0001936615462158541 0
1670620279312 0.00019291371526686978 0
1670620283811 0.0001921740724983243 0
1670620288487 0.00019144248102071407 0
1670620293147 0.0001907188066603816 0
1670620297764 0.00019000291791686628 0
1670620302449 0.0001945128174525864 0
1670620307556 0.00019875575146925868 0
1670620312432 0.00019804510629384302 0
1670620317172 0.0001973416002604421 0
1670620322104 0.00019664512617489566 0
1670620326917 0.00019595557862674734 0
1670620331923 0.00019527285397668762 0
1670620337428 0.00019459685034194985 0
1670620342392 0.00019859720780295668 0
