1670575573347 0.282 0
1670575574007 0.28633333333333333 0
1670575574638 0.2886666666666667 0
1670575575569 0.2803333333333333 0
1670575576169 0.2833333333333333 0
1670575576972 0.2813333333333333 0
1670575577809 0.2896666666666667 0
1670575578344 0.2906666666666667 0
1670575578942 0.282 0
1670575580114 0.285 0
1670575580857 0.281 0
1670575581613 0.282 0
1670575582201 0.27466666666666667 0
1670575582714 0.2826666666666667 0
1670575583498 0.2886666666666667 0
1670575584216 0.276 0
1670575585069 0.2816666666666667 0
1670575585824 0.2843333333333333 0
1670575586439 0.2846666666666667 0
1670575587180 0.27566666666666667 0
1670575588053 0.29133333333333333 0
1670575588643 0.294 0
1670575589186 0.29133333333333333 0
1670575589864 0.2813333333333333 0
1670575590655 0.284 0
1670575591151 0.2793333333333333 0
1670575592194 0.27666666666666667 0
1670575593032 0.2886666666666667 0
1670575593753 0.2806666666666667 0
1670575594869 0.29133333333333333 0
1670575595869 0.28 0
1670575596618 0.2813333333333333 0
1670575597361 0.287 0
1670575598012 0.288 0
1670575598806 0.286 0
1670575599491 0.2826666666666667 0
1670575600153 0.2783333333333333 0
1670575600833 0.2793333333333333 0
1670575601584 0.2803333333333333 0
1670575602256 0.282 0
1670575602879 0.279 0
1670575603688 0.293 0
1670575604584 0.2836666666666667 0
1670575605795 0.286 0
1670575606566 0.28933333333333333 0
1670575607544 0.29 0
1670575608283 0.2783333333333333 0
1670575609654 0.281 0
1670575610702 0.2853333333333333 0
1670575612038 0.28733333333333333 0
1670575613270 0.2836666666666667 0
1670575614296 0.2813333333333333 0
1670575615396 0.283 0
1670575616525 0.28933333333333333 0
1670575617827 0.2846666666666667 0
1670575618859 0.28 0
1670575619885 0.282 0
1670575620645 0.2843333333333333 0
1670575621686 0.2866666666666667 0
1670575622857 0.2783333333333333 0
1670575624105 0.2843333333333333 0
1670575625079 0.28633333333333333 0
1670575626182 0.29233333333333333 0
1670575627148 0.278 0
1670575628439 0.2793333333333333 0
1670575629485 0.2806666666666667 0
1670575630466 0.283 0
1670575631588 0.28933333333333333 0
1670575632682 0.2846666666666667 0
1670575633599 0.282 0
1670575634443 0.2793333333333333 0
1670575635493 0.2813333333333333 0
1670575636520 0.29033333333333333 0
1670575637596 0.2833333333333333 0
1670575638448 0.283 0
1670575639133 0.2786666666666667 0
1670575639630 0.278 0
1670575640203 0.28833333333333333 0
1670575641272 0.27666666666666667 0
1670575642523 0.281 0
1670575643634 0.2813333333333333 0
1670575644485 0.27566666666666667 0
1670575645713 0.2936666666666667 0
1670575646320 0.28633333333333333 0
1670575647123 0.281 0
1670575648200 0.28733333333333333 0
1670575649024 0.279 0
1670575650136 0.29133333333333333 0
1670575651338 0.28 0
1670575652438 0.2876666666666667 0
1670575653597 0.2843333333333333 0
1670575654764 0.2813333333333333 0
1670575655956 0.2796666666666667 0
1670575657196 0.2846666666666667 0
1670575658510 0.2843333333333333 0
1670575659536 0.279 0
1670575660598 0.27 0
1670575661616 0.2826666666666667 0
1670575662637 0.2806666666666667 0
1670575663808 0.295 0
1670575664595 0.2816666666666667 0
1670575665522 0.2886666666666667 0
1670575666599 0.27466666666666667 0
