1670575574009 0.055060220524539405 0
1670575574639 0.023769389047533895 0
1670575575570 0.021163201462903514 0
1670575576170 0.01666278337551097 0
1670575576974 0.015070357006590984 0
1670575577810 0.01679176573854968 0
1670575578345 0.017964185641274555 0
1670575578944 0.017192183419758478 0
1670575580115 0.01600013169470149 0
1670575580859 0.015848506656319428 0
1670575581614 0.01531296114342573 0
1670575582203 0.018407306092404818 0
1670575582716 0.01761922550762529 0
1670575583500 0.017764540521820638 0
1670575584218 0.01893286879243239 0
1670575585077 0.018349363562600196 0
1670575585826 0.017775904623671956 0
1670575586440 0.01727297204294076 0
1670575587182 0.018203293842817603 0
1670575588054 0.019178973144923006 0
1670575588651 0.020805302770051437 0
1670575589187 0.021241329621554894 0
1670575589866 0.020879770243479978 0
1670575590657 0.020411046654013942 0
1670575591153 0.02032715814797914 0
1670575592195 0.02069013297256561 0
1670575593035 0.020636838677878244 0
1670575593755 0.020382005700174455 0
1670575594870 0.019907715620500865 0
1670575595871 0.019776819769747878 0
1670575596620 0.019540854850712108 0
1670575597363 0.01936445697542577 0
1670575598014 0.01927277802273497 0
1670575598808 0.019040748122911233 0
1670575599492 0.01879549461649077 0
1670575600155 0.018887569871338328 0
1670575600835 0.018852195914705216 0
1670575601586 0.018728035286840083 0
1670575602258 0.0185199888273494 0
1670575602880 0.018503764024884073 0
1670575603689 0.01914410749251827 0
1670575604585 0.018920220568355628 0
1670575605797 0.018751310719300696 0
1670575606568 0.01881811860824334 0
1670575607546 0.01893667019124401 0
1670575608285 0.019009153902798892 0
1670575609656 0.01888041807923113 0
1670575610704 0.01870491163838983 0
1670575612039 0.01861378391171764 0
1670575613272 0.018431020651941243 0
1670575614298 0.018306850170334288 0
1670575615398 0.018139547567066816 0
1670575616527 0.018200906076394796 0
1670575617829 0.018038318804435294 0
1670575618860 0.017996008446941936 0
1670575619887 0.017864701895215718 0
1670575620649 0.017711516619468903 0
1670575621689 0.0176168577294622 0
1670575622858 0.017694383981792905 0
1670575624107 0.01755043593269512 0
1670575625080 0.01745137632154481 0
1670575626183 0.01779938581353513 0
1670575627150 0.017901152949841515 0
1670575628440 0.01790095642220435 0
1670575629487 0.017830575331524656 0
1670575630468 0.017701230872475993 0
1670575631590 0.017763450526172897 0
1670575632683 0.017638087553805026 0
1670575633600 0.01753378962706742 0
1670575634445 0.01753535736827805 0
1670575635495 0.01744997077864263 0
1670575636521 0.01758628564401743 0
1670575637597 0.017468672002726948 0
1670575638450 0.017356044773149226 0
1670575639141 0.01739564840575647 0
1670575639635 0.01747113373032083 0
1670575640206 0.017478773532336844 0
1670575641275 0.017643504098334595 0
1670575642524 0.017571307586002893 0
1670575643635 0.01749086173023584 0
1670575644487 0.01771620353727299 0
1670575645715 0.018137169158702005 0
1670575646321 0.018065468617254887 0
1670575647124 0.017994116244490765 0
1670575648201 0.01795670870626942 0
1670575649026 0.017959731004863477 0
1670575650137 0.018142637681567653 0
1670575651340 0.018105371745218757 0
1670575652467 0.01807936851077996 0
1670575653599 0.017981554831266178 0
1670575654765 0.01790980754735283 0
1670575655957 0.01788744220010008 0
1670575657198 0.01779675050012619 0
1670575658511 0.017704887454277674 0
1670575659538 0.017710089154911013 0
1670575660599 0.018425211186434032 0
1670575661618 0.018333747939971334 0
1670575662639 0.01827397053652058 0
1670575663809 0.018732949837239277 0
1670575664597 0.018654409351118506 0
1670575665523 0.018668128847476928 0
1670575666602 0.01889111920950548 0
