1670643410889 0.10709461501398303 0
1670643437028 0.10280755108562398 0
1670643477865 0.10620653116086118 0
1670643500539 0.10519421732137157 0
1670643523184 0.1046995556092387 0
1670643545950 0.10213105550668636 0
1670643568699 0.10606696052446224 0
1670643591617 0.10572475752910529 0
1670643614381 0.10671727913813964 0
1670643637130 0.10607539553452683 0
1670643671744 0.1029075110089385 0
1670643701560 0.10613463388978048 0
1670643727908 0.10572782751629892 0
1670643750622 0.10499117364576299 0
1670643790070 0.10526943582147155 0
1670643812931 0.10697241644708531 0
1670643847230 0.10486381339058336 0
1670643869935 0.10415454496431964 0
1670643907351 0.10537036567730015 0
1670643947298 0.10612133360912165 0
1670643974211 0.10429825153681521 0
1670644005963 0.10653062487781148 0
1670644036342 0.10334957354409893 0
1670644059037 0.10644448709021115 0
1670644090104 0.10618893112421351 0
1670644116088 0.10511321996294093 0
1670644138741 0.1041132102571404 0
1670644182584 0.10372033288841927 0
1670644205282 0.10271929947040143 0
1670644239115 0.10460147839766036 0
