1670635124622 0.008894343315502465 0
1670635130074 0.0025333333334286046 0
1670635135958 0.0016227355811605712 0
1670635141487 0.0013419165539706652 0
1670635146843 0.0013079409594409285 0
1670635152371 0.0011530144010449698 0
1670635157657 0.0023047506277345323 0
1670635163112 0.0021301953729822506 0
1670635168068 0.0019906983032120726 0
1670635173346 0.001984655732139928 0
1670635178809 0.0019476611520515105 0
1670635184290 0.0018657234663905084 0
1670635189317 0.0017846907063657903 0
1670635195056 0.0017721009330068532 0
1670635200689 0.0017330320019331548 0
1670635206256 0.0017021478354819824 0
1670635211554 0.0016911052162227951 0
1670635216994 0.0016522708766879162 0
1670635222062 0.0016653686169179295 0
1670635227374 0.001671606394110705 0
1670635233031 0.0017208232740997973 0
1670635238293 0.0017336735104581176 0
1670635243622 0.0017099477870861101 0
1670635248755 0.0016778162477277254 0
1670635254029 0.0016837938367655395 0
1670635259772 0.0017027431611365755 0
1670635265481 0.0016743079673155958 0
1670635271261 0.0018261502372721662 0
1670635276164 0.0017186200872665047 0
1670635281360 0.0017356287765608494 0
1670635286716 0.0017086569883178822 0
1670635291778 0.0017564223556662457 0
1670635297226 0.0017310701097998612 0
1670635302715 0.0017232403849616758 0
1670635307841 0.0018264456930672107 0
1670635312824 0.0018024807758675707 0
1670635317970 0.0017974322347852987 0
1670635323565 0.0017786750857275652 0
1670635328910 0.0017606706767109071 0
1670635333931 0.00174017064683838 0
1670635339105 0.0017694897051268462 0
1670635344479 0.0018249990871970227 0
1670635349391 0.0018165475150872913 0
1670635354576 0.0018345602064992208 0
1670635359058 0.0018170763699422914 0
1670635364153 0.0018787284811365406 0
1670635368826 0.0018593133599936976 0
1670635373795 0.00184528015733102 0
1670635378751 0.0018268714851951287 0
1670635383484 0.001814383352125868 0
1670635388255 0.0018215153006740736 0
1670635393050 0.0018044945182819554 0
1670635397709 0.0017893561210401692 0
1670635402391 0.001773269536964773 0
1670635406639 0.001761910869276365 0
1670635411149 0.001755094228645412 0
1670635415806 0.0017499286236443024 0
1670635420572 0.0017649651470855478 0
1670635425538 0.0017523023144230526 0
1670635430011 0.0017475242600865962 0
1670635434275 0.0017712381663306507 0
1670635439053 0.0018147233932305693 0
1670635443905 0.0018248361846869773 0
1670635448616 0.0018622532570600103 0
1670635452703 0.0018481008266147553 0
1670635456586 0.0018434990448820785 0
1670635461036 0.0018303036060784662 0
1670635465825 0.001823131904168166 0
1670635470751 0.0018379353669966405 0
1670635475561 0.001831083647318184 0
1670635480407 0.0018266728810957648 0
1670635485275 0.0018221470661923685 0
1670635489182 0.0018321267981714308 0
1670635493618 0.0018202127827295755 0
1670635498063 0.001816036389505293 0
1670635502078 0.0018050943664305404 0
1670635505989 0.0017962523029098247 0
1670635509587 0.0017848760606277198 0
1670635513670 0.0017740042642947714 0
1670635517672 0.0017685802445550555 0
1670635521489 0.0017603039903140395 0
1670635525548 0.0017538464790472531 0
1670635530382 0.0017508262836754128 0
1670635535303 0.0017405289101950184 0
1670635540276 0.0017647447577281504 0
1670635545262 0.001767725496436768 0
1670635549908 0.0017582383457899024 0
1670635554964 0.0017504426849736584 0
1670635559970 0.0017411227899802653 0
1670635564697 0.0017389744133454285 0
1670635569490 0.0017316224765264957 0
1670635574105 0.0017268033143668991 0
1670635578108 0.001719376005571706 0
1670635582021 0.001721616453930987 0
1670635586087 0.0017126336065791076 0
1670635589919 0.0017058590417601276 0
1670635593910 0.0016975011340887348 0
1670635598192 0.0016894687430653477 0
1670635602230 0.0017104366619373884 0
1670635606003 0.0017036820790616424 0
1670635609779 0.001699161402457368 0
1670635613650 0.0017061927298335422 0
1670635617533 0.0016982990204277783 0
1670635621429 0.0017014597200850164 0
1670635625558 0.0016998985271911061 0
1670635629559 0.0016919427528855465 0
1670635633765 0.0016859739822611226 0
1670635637650 0.0016881769670341943 0
1670635641731 0.0017056964178710718 0
1670635645846 0.001703763390589189 0
1670635649547 0.001696768676515026 0
1670635653948 0.0016982548243924572 0
1670635658189 0.0016909929301583144 0
1670635662237 0.0016842786633241495 0
1670635666314 0.0016790341660402055 0
1670635670968 0.0016772856028089253 0
1670635675545 0.001670195980339064 0
1670635680189 0.001675674908121573 0
1670635684841 0.0016908783964600417 0
1670635689491 0.001686402881458685 0
1670635694185 0.001694742979902645 0
1670635698816 0.0016920004900520965 0
1670635703426 0.0016852066199388382 0
1670635708056 0.0016804379622370874 0
1670635712859 0.001674385880204614 0
1670635717350 0.0017541424966845236 0
1670635721733 0.0017473864868743534 0
1670635726337 0.0017772027753287973 0
1670635731197 0.0017703963053842644 0
1670635736052 0.0017707355254321488 0
1670635739944 0.0017818052379969778 0
1670635743979 0.0017768516591344205 0
1670635748240 0.0017725238903010597 0
1670635752373 0.0017682157806307795 0
