1670580166280 0.02032992757829135 0
1670580169289 0.005975715337251235 0
1670580172443 0.003936468679363106 0
1670580175474 0.00349435223134819 0
1670580178954 0.0030511938940236006 0
1670580182031 0.0027274550746583266 0
1670580186108 0.002518491344655295 0
1670580189632 0.0023359865589313647 0
1670580193338 0.002244442980003925 0
1670580196831 0.0021283061648605106 0
1670580200679 0.002493100840452166 0
1670580204623 0.0023952286209904723 0
1670580208247 0.002325150245125957 0
1670580212270 0.0024113355137652236 0
1670580215689 0.002329407175498401 0
1670580219041 0.002257592296978294 0
1670580223404 0.0025192668723464373 0
1670580227259 0.0024426781477291607 0
1670580230914 0.0025007039380549154 0
1670580234491 0.002629568240571265 0
1670580238379 0.002562037494541076 0
1670580242450 0.002574335290677191 0
1670580246701 0.0025151541027003993 0
1670580251086 0.002563225746085854 0
1670580255257 0.002510590447179314 0
1670580259326 0.0024674810782654467 0
1670580263492 0.0024215574258406366 0
1670580267891 0.0025526417723368924 0
1670580272039 0.0024653684332881804 0
1670580276015 0.0024257179513844634 0
1670580280440 0.002408444066041005 0
1670580284988 0.0023738125886808414 0
1670581286065 0.002406152583659867 0
1670581289638 0.002383846662735665 0
1670581292267 0.002355583548107292 0
1670581294768 0.002328262504084387 0
1670581297152 0.002342277299527457 0
1670581300532 0.0023247820989814837 0
1670581303361 0.002358155166403775 0
1670581306672 0.002331228100186532 0
1670581309730 0.0023713762524710112 0
1670581312787 0.002349411372930193 0
1670581315682 0.0023989344060483427 0
1670581318658 0.002378265123450919 0
1670581321740 0.002352821130996611 0
1670581324648 0.0023379257489988103 0
1670581327999 0.002339446889244227 0
1670581330454 0.0023484985201633994 0
1670581333550 0.002330482069381579 0
1670581336973 0.002318360009470931 0
1670581339838 0.0022985829031418963 0
1670581342769 0.002282410043294004 0
1670581346209 0.002276219271352114 0
1670581348493 0.0022603716333680283 0
1670581351702 0.002322343813679731 0
1670581354561 0.002319784521497715 0
1670581357088 0.002303209933983783 0
1670581359556 0.0022902635898658288 0
1670581362369 0.0022884811941556067 0
1670581365026 0.002273100102055413 0
1670581367656 0.0022654987946959075 0
1670581369833 0.0022692361003470805 0
1670581372553 0.0022629946509742024 0
1670581375427 0.0022468876877856374 0
1670581378337 0.002250761699775961 0
1670581381286 0.0022375767745713288 0
1670581383800 0.0022277549922092407 0
1670581386818 0.002240050875379807 0
1670581389359 0.002229968744999953 0
1670581391674 0.002224130501165427 0
1670581394115 0.0022354189053925156 0
1670581396452 0.0022255065888210582 0
1670581398711 0.002225057299262709 0
1670581401857 0.0022155974766048248 0
1670581404271 0.0022040348058621003 0
1670581406640 0.002189760915170546 0
1670581409229 0.0022082697792940673 0
1670581411994 0.002284872345669367 0
1670581415427 0.0022824904038150403 0
1670581417389 0.002306986290833129 0
1670581419712 0.002293017893668007 0
1670581422248 0.0022956135022674396 0
1670581424575 0.0022905022419411514 0
1670581426813 0.002282087395317883 0
1670581429944 0.0022768754702512193 0
1670581432776 0.0022661834377872697 0
1670581436163 0.0022556965614922517 0
1670581439197 0.0022476753642889057 0
1670581441778 0.0022687847161480495 0
1670581444786 0.002257271496946652 0
1670581447591 0.0022662082945393708 0
1670581450038 0.002286701371566094 0
1670581452624 0.002284964441601202 0
1670581455439 0.002298963767972307 0
1670581458225 0.0023407543096169454 0
1670581461182 0.0023287128630062304 0
1670581463307 0.0023541190130981476 0
1670581466381 0.002378154373151012 0
1670581468968 0.0024090692233648143 0
1670581472543 0.002401003277036809 0
1670581475392 0.0023930581846391737 0
1670581478663 0.0024222249819321577 0
1670581481489 0.0024432075881818983 0
