1670604654845 0.021177007894053537 0
1670604655943 0.017887835966217333 0
1670604657170 0.011459139273291202 0
1670604658198 0.010987927418712504 0
1670604659352 0.010279351705433998 0
1670604660989 0.010941681693197466 0
1670604662318 0.010778133116487468 0
1670604663191 0.011091808568345338 0
1670604664212 0.010493256042463678 0
1670604665429 0.010782822630817951 0
1670604666387 0.01045503703923191 0
1670604667271 0.010390960823092876 0
1670604668158 0.01034197757221457 0
1670604669166 0.011065370865374832 0
1670604670067 0.010794665467380823 0
1670604671260 0.010530102695822285 0
1670604672228 0.010202754783934925 0
1670604673147 0.01017942724568062 0
1670604674390 0.010271408774623125 0
1670604675476 0.010050777875163893 0
1670604676511 0.00979067545080316 0
1670604677523 0.009584749038017395 0
1670604678381 0.009380864634093659 0
1670604679510 0.010167981985571103 0
1670604680535 0.010220799240428569 0
1670604681277 0.010223082985568219 0
1670604682501 0.01014452158139853 0
1670604683566 0.009954569511362015 0
1670604684687 0.00937098043893446 0
1670604685672 0.009840818848760396 0
1670604686784 0.009832240956643909 0
1670604687847 0.00983465381131841 0
1670604688966 0.009830535159500609 0
1670604689968 0.009767964287151418 0
1670604691137 0.009822109664266807 0
1670604692192 0.009810424492421768 0
1670604693389 0.009738640229782256 0
1670604694462 0.009752097029564855 0
1670604695546 0.009652131692482024 0
1670604696592 0.010141886378849874 0
1670604697585 0.010030495780975354 0
1670604698803 0.009939952842741944 0
1670604699758 0.009867382610877936 0
1670604700764 0.009780238359263085 0
1670604701794 0.009675572252325324 0
1670604702931 0.009833055643604687 0
1670604703804 0.009787676047331509 0
1670604704972 0.009697748266276025 0
1670604705951 0.009641827629880455 0
1670604706889 0.009559447475446 0
1670604708031 0.009584735543328282 0
1670604708970 0.009608341108171308 0
1670604710127 0.009562266305105479 0
1670604710937 0.009478250036178096 0
1670604712019 0.009403934899093556 0
1670604712870 0.009324422083485481 0
1670604714149 0.009258427600754418 0
1670604715008 0.009226676197861189 0
1670604716534 0.009149971945261026 0
1670604717683 0.009119331630913441 0
1670604718934 0.009057596959034117 0
1670604720341 0.009019529096435833 0
1670604721362 0.008974905144155818 0
1670604722283 0.008960461688730256 0
1670604965312 0.008920495797340836 0
1670604967119 0.008902406906695345 0
1670604968353 0.008861555642905635 0
1670604969346 0.008804729128139791 0
1670604970325 0.008960267978392025 0
1670604971489 0.008897286406566327 0
1670604972632 0.008847185290262603 0
1670604973510 0.008849709048341276 0
1670604974609 0.008790674557867053 0
1670604975601 0.008797353298668847 0
1670604976834 0.008949356825671672 0
1670604977866 0.008894936676037229 0
1670604978988 0.008859753932855919 0
1670604980200 0.008809323707442654 0
1670604981323 0.008754227735494835 0
1670604982569 0.008733960163806245 0
1670604983954 0.008707055975494829 0
1670604985394 0.008670302990450018 0
1670604986523 0.00872017862421072 0
1670604987619 0.008680772137052022 0
1670604989085 0.008641830810292152 0
1670604990221 0.008592145548403249 0
1670604991214 0.008595357917111343 0
1670604992532 0.008583541537832765 0
1670604993626 0.008537620847836238 0
1670604994942 0.008555122881135361 0
1670604996021 0.008559475552933848 0
1670604997103 0.008513371084156951 0
1670604998369 0.008468468587899916 0
1670604999719 0.008453590600829605 0
1670605000703 0.00859083378562224 0
1670605001975 0.00860207814405874 0
1670605003272 0.008576899646969782 0
1670605004703 0.00853355079140504 0
1670605006177 0.008518455848979756 0
1670605007207 0.008527561321767657 0
1670605008484 0.008919576537142787 0
1670605009829 0.008907897644538827 0
1670605011288 0.008869381554557909 0
1670605012724 0.008882755836260012 0
1670605029775 0.009105374204446237 0
1670605030825 0.009064460418848824 0
1670605032559 0.009023096374754805 0
1670605033495 0.008984692696196978 0
1670605034519 0.008949698169177164 0
1670605035649 0.008944213444367004 0
1670605036608 0.008918878784586956 0
1670605038090 0.008888927161456863 0
1670605039674 0.008854466220171497 0
1670605040725 0.008816451975479658 0
1670605041398 0.008811473957618724 0
1670605042251 0.008843805801535876 0
1670605043407 0.008808491506233807 0
1670605044978 0.008801963338706295 0
1670605045751 0.008775592472833976 0
1670605046610 0.008758750654154806 0
1670605047464 0.008762831844466246 0
1670605048291 0.00873444889276856 0
1670605049176 0.00876222733339943 0
1670605049825 0.008727114721226847 0
1670605051022 0.00871656024445222 0
1670605051931 0.008682176999108813 0
1670605052928 0.008652797623062713 0
1670605053956 0.008638726804995722 0
1670605054831 0.008632407946409699 0
1670605055785 0.008602188443579073 0
1670605056820 0.008612554594942826 0
1670605057797 0.008589363550558685 0
1670605058658 0.008579546100254506 0
1670605059636 0.008552464834205117 0
1670605060808 0.008522552661959611 0
1670605061811 0.008500498629034316 0
1670605063025 0.008478576797559353 0
1670605064136 0.008459479739881651 0
1670605065126 0.008435861845157946 0
1670605065809 0.008407457482096894 0
1670605066897 0.008382140596755766 0
1670605067909 0.008366827274237432 0
1670605068874 0.00836677239900789 0
1670605069694 0.008340336410413565 0
1670605070743 0.008313598656018818 0
1670605071731 0.008289192917507876 0
1670605072773 0.008358071203091951 0
1670605073613 0.008330010731694041 0
1670605074522 0.008342695925320248 0
1670605075320 0.008319838641850139 0
1670605076180 0.008297157310764636 0
1670605077376 0.008289268514164828 0
1670605078238 0.008308434563560646 0
1670605079416 0.00828266547279223 0
1670605080454 0.008262953178732591 0
1670605081486 0.008254920711964944 0
1670605082786 0.008246686478764517 0
1670605083768 0.008281701195327007 0
1670605084751 0.008267918497014831 0
1670605085814 0.008242222020637013 0
1670605086766 0.008238326126498566 0
1670605087774 0.008213045051742012 0
1670605088861 0.008189987478931831 0
1670605089849 0.008169798507514373 0
1670605090801 0.008159563152757274 0
1670605091864 0.008206758271495779 0
1670605093004 0.008398310685161725 0
1670605094035 0.008378069126121854 0
1670605095038 0.00835374228857931 0
1670605096109 0.008345760671079908 0
1670605097164 0.00832331975465389 0
1670605098547 0.008309943266654615 0
1670605099395 0.008292184759953261 0
1670605100697 0.008274784437565047 0
1670605102058 0.00825571269525278 0
1670605110902 0.008255082534139577 0
1670605111956 0.008280905730884386 0
1670605112950 0.00826236354226358 0
1670605113956 0.00828238188489798 0
1670605114865 0.008372090416625372 0
1670605115805 0.008451052635548642 0
1670605116702 0.008438961833113864 0
1670605118343 0.008424971056639696 0
1670605119870 0.008403439309368311 0
1670605121034 0.008440472521960826 0
1670605121856 0.008419877764618347 0
1670605123054 0.008399787714601203 0
1670605124090 0.008379838242103671 0
1670605125302 0.008359059615636696 0
1670605126325 0.00833843399699703 0
1670605127459 0.00838726998665253 0
1670605128697 0.008482792374796332 0
1670605129586 0.008482111740985041 0
1670605130527 0.008475187168307089 0
1670605131462 0.008454221556034005 0
1670605132382 0.0084754134225201 0
1670605133634 0.008503554292015391 0
1670605134540 0.008482375258128925 0
1670605135618 0.008466116177227548 0
1670605137099 0.008547701628945567 0
1670605138132 0.008573713606024339 0
1670605139242 0.008552599990405405 0
