1670604653765 0.03183333333333333 0
1670604654842 0.0335 0
1670604655939 0.036833333333333336 0
1670604657167 0.034 0
1670604658195 0.031166666666666665 0
1670604659349 0.031166666666666665 0
1670604660986 0.03666666666666667 0
1670604662315 0.036333333333333336 0
1670604663189 0.0305 0
1670604664210 0.03216666666666667 0
1670604665421 0.03 0
1670604666384 0.035 0
1670604667268 0.030666666666666665 0
1670604668155 0.035666666666666666 0
1670604669163 0.03783333333333333 0
1670604670064 0.03183333333333333 0
1670604671257 0.035 0
1670604672225 0.034166666666666665 0
1670604673144 0.031 0
1670604674388 0.0365 0
1670604675473 0.034833333333333334 0
1670604676508 0.0335 0
1670604677520 0.03266666666666666 0
1670604678379 0.03283333333333333 0
1670604679507 0.039 0
1670604680532 0.030833333333333334 0
1670604681274 0.031 0
1670604682498 0.0315 0
1670604683562 0.03383333333333333 0
1670604684681 0.034 0
1670604685670 0.0385 0
1670604686782 0.036166666666666666 0
1670604687844 0.036333333333333336 0
1670604688963 0.03133333333333333 0
1670604689964 0.035666666666666666 0
1670604691134 0.030833333333333334 0
1670604692189 0.036166666666666666 0
1670604693386 0.0355 0
1670604694459 0.0365 0
1670604695543 0.035 0
1670604696589 0.03966666666666667 0
1670604697582 0.03333333333333333 0
1670604698800 0.03283333333333333 0
1670604699755 0.0325 0
1670604700761 0.035166666666666666 0
1670604701792 0.033666666666666664 0
1670604702928 0.038 0
1670604703797 0.036 0
1670604704969 0.03333333333333333 0
1670604705948 0.0325 0
1670604706886 0.035 0
1670604708025 0.03133333333333333 0
1670604708967 0.036833333333333336 0
1670604710124 0.035833333333333335 0
1670604710934 0.033666666666666664 0
1670604712015 0.035 0
1670604712867 0.033666666666666664 0
1670604714146 0.035166666666666666 0
1670604715005 0.036 0
1670604716531 0.034 0
1670604717680 0.036 0
1670604718932 0.035166666666666666 0
1670604720338 0.035833333333333335 0
1670604721359 0.035666666666666666 0
1670604722270 0.036333333333333336 0
1670604965264 0.03283333333333333 0
1670604967115 0.03233333333333333 0
1670604968350 0.035666666666666666 0
1670604969343 0.0335 0
1670604970322 0.0385 0
1670604971486 0.0345 0
1670604972629 0.03333333333333333 0
1670604973507 0.032 0
1670604974606 0.034 0
1670604975599 0.03666666666666667 0
1670604976831 0.03 0
1670604977863 0.033666666666666664 0
1670604978985 0.035666666666666666 0
1670604980197 0.035 0
1670604981320 0.034166666666666665 0
1670604982560 0.0325 0
1670604983951 0.035833333333333335 0
1670604985391 0.0355 0
1670604986520 0.031166666666666665 0
1670604987616 0.035333333333333335 0
1670604989083 0.035333333333333335 0
1670604990218 0.034166666666666665 0
1670604991208 0.032 0
1670604992528 0.036166666666666666 0
1670604993618 0.03383333333333333 0
1670604994939 0.036833333333333336 0
1670604996018 0.032 0
1670604997096 0.034333333333333334 0
1670604998366 0.0345 0
1670604999692 0.0325 0
1670605000700 0.03866666666666667 0
1670605001972 0.03183333333333333 0
1670605003270 0.03283333333333333 0
1670605004699 0.034166666666666665 0
1670605006174 0.0325 0
1670605007204 0.03183333333333333 0
1670605008481 0.04133333333333333 0
1670605009826 0.03233333333333333 0
1670605011285 0.035 0
1670605012720 0.03166666666666667 0
1670605029772 0.0285 0
1670605030822 0.034666666666666665 0
1670605032555 0.0345 0
1670605033492 0.034833333333333334 0
1670605034516 0.03333333333333333 0
1670605035646 0.036333333333333336 0
1670605036605 0.03283333333333333 0
1670605038085 0.035333333333333335 0
1670605039666 0.035 0
1670605040722 0.0345 0
1670605041395 0.036333333333333336 0
1670605042248 0.031166666666666665 0
1670605043399 0.033666666666666664 0
1670605044975 0.03216666666666667 0
1670605045748 0.033 0
1670605046607 0.035833333333333335 0
1670605047462 0.03183333333333333 0
1670605048288 0.033166666666666664 0
1670605049174 0.03716666666666667 0
1670605049822 0.034166666666666665 0
1670605051020 0.03233333333333333 0
1670605051921 0.034166666666666665 0
1670605052925 0.035 0
1670605053953 0.0325 0
1670605054828 0.036166666666666666 0
1670605055782 0.034833333333333334 0
1670605056817 0.03166666666666667 0
1670605057794 0.033 0
1670605058646 0.036 0
1670605059633 0.03333333333333333 0
1670605060805 0.034666666666666665 0
1670605061808 0.033 0
1670605063023 0.033 0
1670605064133 0.03283333333333333 0
1670605065124 0.035166666666666666 0
1670605065806 0.033666666666666664 0
1670605066894 0.03333333333333333 0
1670605067907 0.03266666666666666 0
1670605068871 0.032 0
1670605069691 0.0335 0
1670605070740 0.034666666666666665 0
1670605071728 0.03333333333333333 0
1670605072770 0.030166666666666668 0
1670605073610 0.034166666666666665 0
1670605074519 0.03666666666666667 0
1670605075317 0.035 0
1670605076178 0.035 0
1670605077370 0.03233333333333333 0
1670605078235 0.03133333333333333 0
1670605079410 0.033666666666666664 0
1670605080451 0.035166666666666666 0
1670605081484 0.03233333333333333 0
1670605082783 0.035833333333333335 0
1670605083765 0.037333333333333336 0
1670605084748 0.03266666666666666 0
1670605085803 0.034166666666666665 0
1670605086763 0.03216666666666667 0
1670605087771 0.034166666666666665 0
1670605088858 0.0335 0
1670605089846 0.035 0
1670605090783 0.0325 0
1670605091860 0.03766666666666667 0
1670605093001 0.027833333333333335 0
1670605094032 0.035 0
1670605095036 0.034333333333333334 0
1670605096106 0.035833333333333335 0
1670605097161 0.0335 0
1670605098544 0.03266666666666666 0
1670605099392 0.033 0
1670605100695 0.035166666666666666 0
1670605102055 0.035 0
1670605110899 0.036166666666666666 0
1670605111953 0.03716666666666667 0
1670605112947 0.033166666666666664 0
1670605113953 0.037 0
1670605114862 0.03883333333333333 0
1670605115802 0.03866666666666667 0
1670605116699 0.035666666666666666 0
1670605118337 0.03283333333333333 0
1670605119864 0.033666666666666664 0
1670605121031 0.03766666666666667 0
1670605121853 0.034833333333333334 0
1670605123051 0.0335 0
1670605124087 0.0335 0
1670605125291 0.033666666666666664 0
1670605126322 0.033666666666666664 0
1670605127457 0.030333333333333334 0
1670605128694 0.029166666666666667 0
1670605129583 0.032 0
1670605130525 0.03233333333333333 0
1670605131460 0.0345 0
1670605132380 0.03716666666666667 0
1670605133632 0.030833333333333334 0
1670605134538 0.034333333333333334 0
1670605135616 0.035166666666666666 0
1670605137096 0.029333333333333333 0
1670605138129 0.030833333333333334 0
1670605139238 0.034 0
