1670597407333 0.0 0
1670597407820 0.0 0
1670597408157 0.0 0
1670597408537 0.0 0
1670597408856 0.0 0
1670597409195 0.0 0
1670597409674 0.0 0
1670597410012 0.0 0
1670597410374 0.0 0
1670597410715 0.0 0
1670597411066 0.0 0
1670597411427 0.0 0
1670597411788 0.0 0
1670597412156 0.0 0
1670597412472 0.0 0
1670597412852 0.0 0
1670597413353 0.0 0
1670597413778 0.0 0
1670597414099 0.0 0
1670597414409 0.0 0
1670597414765 0.0 0
1670597415096 0.0 0
1670597415357 0.0 0
1670597415746 0.0 0
1670597416032 0.0 0
1670597416417 0.0 0
1670597416782 0.0 0
1670597417188 0.0 0
1670597417516 0.0 0
1670597418006 0.0 0
1670597418376 0.0 0
1670597418917 0.0 0
1670597419259 0.0 0
1670597419681 0.0 0
1670597419959 0.0 0
1670597420516 0.0 0
1670597420943 0.0 0
1670597421279 0.0 0
1670597421644 0.0 0
1670597421977 0.0 0
1670597422467 0.0 0
1670597422929 0.0 0
1670597423437 0.0 0
1670597423745 0.0 0
1670597424177 0.0 0
1670597424517 0.0 0
1670597424884 0.0 0
1670597425287 0.0 0
1670597425738 0.0 0
1670597426036 0.0 0
1670597426588 0.0 0
1670597427002 0.0 0
1670597427330 0.0 0
1670597427784 0.0 0
1670597428096 0.0 0
1670597428520 0.0 0
1670597428933 0.0 0
1670597429386 0.0 0
1670597429723 0.0 0
1670597430233 0.0 0
1670597430556 0.0 0
1670597431010 0.0 0
1670597431415 0.0 0
1670597431910 0.0 0
1670597432288 0.0 0
1670597432756 0.0 0
1670597433177 0.0 0
1670597433737 0.0 0
1670597434198 0.0 0
1670597434637 0.0 0
1670597434993 0.0 0
1670597435321 0.0 0
1670597435658 0.0 0
1670597436131 0.0 0
1670597436625 0.0 0
1670597437014 0.0 0
1670597437416 0.0 0
1670597437830 0.0 0
1670597438390 0.0 0
1670597438727 0.0 0
1670597439110 0.0 0
1670597439529 0.0 0
1670597439992 0.0 0
1670597440553 0.0 0
1670597441008 0.0 0
1670597441403 0.0 0
1670597441718 0.0 0
1670597442068 0.0 0
1670597442375 0.0 0
1670597442775 0.0 0
1670597443279 0.0 0
1670597443634 0.0 0
1670597443961 0.0 0
1670597444480 0.0 0
1670597444934 0.0 0
1670597445483 0.0 0
1670597445822 0.0 0
1670597446139 0.0 0
1670597446450 0.0 0
1670597446804 0.0 0
1670597447243 0.0 0
