1670575424131 0.03388321263048555 0
1670575424608 0.027346417085942543 0
1670575425249 0.021029846628607685 0
1670575425904 0.016613363246770346 0
1670575426410 0.018896318412710195 0
1670575426974 0.0188574671682111 0
1670575427694 0.01848511808833231 0
1670575428412 0.017023335901920317 0
1670575428960 0.01587454898336177 0
1670575429586 0.016773091740455576 0
1670575430263 0.02033293303695291 0
1670575430685 0.019358055064382707 0
1670575431398 0.020514411668976468 0
1670575431845 0.019680624609194203 0
1670575432346 0.021071658865024157 0
1670575433023 0.020497096781782936 0
1670575433700 0.02037871033687577 0
1670575434260 0.019817556897959027 0
1670575434836 0.019441353243915716 0
1670575435426 0.018921618291953823 0
1670575435771 0.0184304361408322 0
1670575436450 0.01797688351433671 0
1670575436835 0.01888408652275375 0
1670575437651 0.018525916476688997 0
1670575438114 0.01858753043660219 0
1670575438756 0.019787088671721464 0
1670575439403 0.021042480130000235 0
1670575440064 0.022408718579106784 0
1670575440695 0.021168507202440956 0
1670575441435 0.021486790041564424 0
1670575442056 0.02115801666739725 0
1670575442516 0.0208369508742694 0
1670575443074 0.020652398391047377 0
1670575443709 0.02061749317335529 0
1670575444314 0.020433988037506956 0
1670575445054 0.020461977178057367 0
1670575445626 0.020317164069758697 0
1670575446167 0.02030802602182874 0
1670575446673 0.02022512319808767 0
1670575447205 0.02022289367089783 0
1670575447802 0.02024024534844565 0
1670575448314 0.02002936928349064 0
1670575448828 0.01984670026514651 0
1670575449458 0.020153006915616917 0
1670575450001 0.020358399752712808 0
1670575450599 0.020145167614364495 0
1670575451179 0.019949715283741037 0
1670575451642 0.019745759142509284 0
1670575452337 0.020040013819273172 0
1670575452921 0.019866139384514925 0
1670575453571 0.019680445813124836 0
1670575454184 0.019615929284056616 0
1670575454619 0.019445863056427398 0
1670575455254 0.019274786506043085 0
1670575455844 0.01910813884584303 0
1670575456564 0.018999409998965516 0
1670575457158 0.019672282065148095 0
1670575458021 0.020820735588894246 0
1670575458527 0.021191346717412712 0
1670575459050 0.021019726539261735 0
1670575459614 0.021162581335899378 0
1670575460100 0.02178746890960681 0
1670575460606 0.022117695198575926 0
1670575461321 0.022526211205331437 0
1670575461821 0.02242279072524883 0
1670575462380 0.02257089856848496 0
1670575462906 0.022475993779424774 0
1670575463439 0.02238140215870471 0
1670575463992 0.02222096277190322 0
1670575464613 0.022348069625481748 0
1670575465200 0.02229166336295585 0
1670575465843 0.02216083231346877 0
1670575466398 0.022090784635960786 0
1670575467124 0.02195965623373275 0
1670575467599 0.021872011413715475 0
1670575468177 0.021774796049550238 0
1670575468671 0.021654977225791794 0
1670575469172 0.021560160541485296 0
1670575469815 0.021679934498568948 0
1670575470442 0.02172768402133876 0
1670575470963 0.022070801701168236 0
1670575471592 0.02238953742195937 0
1670575472241 0.02277219234399941 0
1670575472710 0.022646254868173288 0
1670575473310 0.022533587245284176 0
1670575473960 0.02242147427783911 0
1670575474448 0.02279516831126721 0
1670575474976 0.022925581952028096 0
1670575475818 0.02297285231301327 0
1670575476317 0.022920900930228694 0
1670575476874 0.023165507619598735 0
1670575477642 0.0230406282471374 0
1670575478036 0.023004780671721847 0
1670575478620 0.023012354287805903 0
1670575479153 0.02338648144421876 0
1670575479611 0.02334612577062392 0
1670575480188 0.02322907546690972 0
1670575480743 0.02314476697104506 0
1670575481268 0.02332295285709904 0
1670575481805 0.023338656997699325 0
1670575482345 0.023237110882350503 0
