1670591599947 0.0 0
1670591600220 0.0 0
1670591600507 0.0 0
1670591600818 0.0 0
1670591601103 0.0 0
1670591601406 0.0 0
1670591601708 0.0 0
1670591601991 0.0 0
1670591602479 0.0 0
1670591602753 0.0 0
1670591603044 0.0 0
1670591603346 0.0 0
1670591603639 0.0 0
1670591604105 0.0 0
1670591604400 0.0 0
1670591604689 0.0 0
1670591605088 0.0 0
1670591605445 0.0 0
1670591605826 0.0 0
1670591606101 0.0 0
1670591606583 0.0 0
1670591606872 0.0 0
1670591607158 0.0 0
1670591607426 0.0 0
1670591607708 0.0 0
1670591607991 0.0 0
1670591608258 0.0 0
1670591608562 0.0 0
1670591608829 0.0 0
1670591609134 0.0 0
1670591609421 0.0 0
1670591609718 0.0 0
1670591610083 0.0 0
1670591610371 0.0 0
1670591610659 0.0 0
1670591610966 0.0 0
1670591611274 0.0 0
1670591611564 0.0 0
1670591611881 0.0 0
1670591612159 0.0 0
1670591612462 0.0 0
1670591612730 0.0 0
1670591613125 0.0 0
1670591613505 0.0 0
1670591613797 0.0 0
1670591614091 0.0 0
1670591614364 0.0 0
1670591614669 0.0 0
1670591615036 0.0 0
1670591615416 0.0 0
1670591615730 0.0 0
1670591616071 0.0 0
1670591616350 0.0 0
1670591616619 0.0 0
1670591617018 0.0 0
1670591617486 0.0 0
1670591617790 0.0 0
1670591618090 0.0 0
1670591618389 0.0 0
1670591618702 0.0 0
1670591619010 0.0 0
1670591619289 0.0 0
1670591619683 0.0 0
1670591619983 0.0 0
1670591620271 0.0 0
1670591620574 0.0 0
1670591620880 0.0 0
1670591621239 0.0 0
1670591621625 0.0 0
1670591622001 0.0 0
1670591622290 0.0 0
1670591622613 0.0 0
1670591622898 0.0 0
1670591623333 0.0 0
1670591623650 0.0 0
1670591624164 0.0 0
1670591624528 0.0 0
1670591624803 0.0 0
1670591625150 0.0 0
1670591625435 0.0 0
1670591625716 0.0 0
1670591625992 0.0 0
1670591626463 0.0 0
1670591626726 0.0 0
1670591627011 0.0 0
1670591627318 0.0 0
1670591627588 0.0 0
1670591627863 0.0 0
1670591628144 0.0 0
1670591628424 0.0 0
1670591628707 0.0 0
1670591628991 0.0 0
1670591629275 0.0 0
1670591629564 0.0 0
1670591629850 0.0 0
1670591630142 0.0 0
1670591630436 0.0 0
1670591630712 0.0 0
1670591631010 0.0 0
1670591631289 0.0 0
1670591631607 0.0 0
1670591631888 0.0 0
