1670592032030 0.07733333333333334 0
1670592032939 0.07833333333333334 0
1670592033780 0.067 0
1670592034523 0.077 0
1670592035556 0.07 0
1670592036407 0.07466666666666667 0
1670592037176 0.06833333333333333 0
1670592038269 0.07533333333333334 0
1670592039290 0.072 0
1670592040222 0.06966666666666667 0
1670592041280 0.081 0
1670592042222 0.06733333333333333 0
1670592043055 0.07633333333333334 0
1670592043827 0.06933333333333333 0
1670592044610 0.07466666666666667 0
1670592045372 0.071 0
1670592046352 0.06 0
1670592047157 0.07366666666666667 0
1670592047882 0.07433333333333333 0
1670592048814 0.062 0
1670592049515 0.072 0
1670592050281 0.07266666666666667 0
1670592051163 0.07166666666666667 0
1670592052065 0.06766666666666667 0
1670592053081 0.06966666666666667 0
1670592054071 0.06333333333333334 0
1670592055009 0.06833333333333333 0
1670592055842 0.073 0
1670592056844 0.07433333333333333 0
1670592057879 0.07033333333333333 0
1670592058874 0.07233333333333333 0
1670592059753 0.07666666666666666 0
1670592060458 0.061 0
1670592061274 0.071 0
1670592062156 0.07633333333333334 0
1670592062900 0.06766666666666667 0
1670592063637 0.06833333333333333 0
1670592064431 0.07 0
1670592065331 0.072 0
1670592066439 0.071 0
1670592067298 0.06733333333333333 0
1670592068029 0.06966666666666667 0
1670592068765 0.072 0
1670592069537 0.07766666666666666 0
1670592070536 0.067 0
1670592071312 0.07133333333333333 0
1670592071993 0.077 0
1670592072939 0.077 0
1670592073641 0.07333333333333333 0
1670592074613 0.06766666666666667 0
1670592075591 0.08566666666666667 0
1670592076313 0.06933333333333333 0
1670592077093 0.068 0
1670592077746 0.06866666666666667 0
1670592078678 0.06866666666666667 0
1670592079435 0.06566666666666666 0
1670592080429 0.06966666666666667 0
1670592081189 0.06766666666666667 0
1670592081989 0.071 0
1670592082781 0.06933333333333333 0
1670592083499 0.07433333333333333 0
1670592084348 0.067 0
1670592085060 0.06533333333333333 0
1670592085795 0.07666666666666666 0
1670592086633 0.06966666666666667 0
1670592087480 0.06966666666666667 0
1670592088299 0.077 0
1670592089134 0.075 0
1670592089927 0.07466666666666667 0
1670592090673 0.072 0
1670592091570 0.07566666666666666 0
1670592092280 0.06666666666666667 0
1670592093043 0.08366666666666667 0
1670592093963 0.07233333333333333 0
1670592094654 0.068 0
1670592095426 0.07066666666666667 0
1670592096254 0.07066666666666667 0
1670592097048 0.07266666666666667 0
1670592098048 0.07433333333333333 0
1670592098968 0.06733333333333333 0
1670592099767 0.07433333333333333 0
1670592100540 0.066 0
1670592101416 0.066 0
1670592102213 0.06733333333333333 0
1670592102950 0.07933333333333334 0
1670592104020 0.074 0
1670592104760 0.075 0
1670592105752 0.076 0
1670592106528 0.07466666666666667 0
1670592107503 0.07 0
1670592108651 0.07866666666666666 0
1670592109419 0.06666666666666667 0
1670592110413 0.073 0
1670592111462 0.069 0
1670592112235 0.07033333333333333 0
1670592113262 0.07633333333333334 0
1670592114153 0.07166666666666667 0
1670592115090 0.06966666666666667 0
1670592115902 0.07233333333333333 0
1670592116733 0.07533333333333334 0
1670592117653 0.083 0
1670592118436 0.06766666666666667 0
1670592119619 0.07433333333333333 0
1670592120504 0.07566666666666666 0
1670592121481 0.07333333333333333 0
1670592122456 0.07466666666666667 0
1670592123259 0.06166666666666667 0
1670592124196 0.06933333333333333 0
1670592125338 0.065 0
1670592126070 0.07633333333333334 0
1670592126929 0.069 0
1670592128032 0.083 0
1670592128756 0.08 0
1670592129744 0.06233333333333333 0
1670592130663 0.07066666666666667 0
1670592131590 0.075 0
1670592132412 0.06333333333333334 0
