1670592032945 0.012706204736432108 0
1670592033810 0.044086478660159245 0
1670592034529 0.029259089722944366 0
1670592035562 0.025308836595151485 0
1670592036423 0.021436742970315892 0
1670592037182 0.021281980954932667 0
1670592038275 0.019515115312978615 0
1670592039297 0.018074144834800188 0
1670592040228 0.0175414045030651 0
1670592041286 0.0194239947760719 0
1670592042228 0.019935268876592832 0
1670592043069 0.019313504005558563 0
1670592043833 0.019002880984727855 0
1670592044620 0.01830118675315401 0
1670592045378 0.017758526775105782 0
1670592046359 0.02153977056422479 0
1670592047166 0.020874265074339003 0
1670592047897 0.020313962882008568 0
1670592048820 0.02192475304854969 0
1670592049521 0.02132421015794919 0
1670592050290 0.020779326691539896 0
1670592051169 0.02026844309028214 0
1670592052071 0.02011129226276115 0
1670592053086 0.01973560964225224 0
1670592054078 0.020422216861284197 0
1670592055015 0.020142423099113176 0
1670592055848 0.019787076614076693 0
1670592056850 0.019538586925965197 0
1670592057885 0.018397489418725904 0
1670592058881 0.018109590659375868 0
1670592059759 0.018177242446946823 0
1670592060464 0.019265837192449765 0
1670592061280 0.018981325900613133 0
1670592062162 0.018997659504528114 0
1670592062912 0.018887263466176946 0
1670592063643 0.018726432253017844 0
1670592064441 0.018494610966317437 0
1670592065338 0.018262659198748393 0
1670592066446 0.018033443900077134 0
1670592067305 0.017966278227295407 0
1670592068035 0.017772397703769427 0
1670592068771 0.017572800993371995 0
1670592069552 0.01778942214100978 0
1670592070567 0.01776184539331955 0
1670592071318 0.017567990991381344 0
1670592072007 0.017690554385578983 0
1670592072945 0.017794742024301924 0
1670592073650 0.017644467261146435 0
1670592074620 0.017590031010718488 0
1670592075604 0.019070630635326317 0
1670592076319 0.018927630122283684 0
1670592077107 0.01884676472922811 0
1670592077752 0.018733124120748477 0
1670592078684 0.018620748110972807 0
1670592079450 0.018695234075729816 0
1670592080435 0.018550355164518667 0
1670592081198 0.018483166516417876 0
1670592081995 0.01832626709838217 0
1670592082787 0.018198006000391544 0
1670592083504 0.01811525255787521 0
1670592084354 0.01809110109548174 0
1670592085072 0.01817473347147483 0
1670592085801 0.018234468759586592 0
1670592086642 0.01810842922365749 0
1670592087486 0.017984921945577548 0
1670592088323 0.018066467661729486 0
1670592089140 0.018021431908009894 0
1670592089934 0.017960601536406995 0
1670592090679 0.017834585555090265 0
1670592091577 0.017821066191250734 0
1670592092287 0.017829542163690676 0
1670592093056 0.018577332477834517 0
1670592093969 0.01845521624969749 0
1670592094660 0.018399706210434436 0
1670592095435 0.018281747399115762 0
1670592096266 0.01816602600128122 0
1670592097054 0.018057228362859425 0
1670592098054 0.017986659539111882 0
1670592098983 0.017965675767365796 0
1670592099774 0.01789812523719625 0
1670592100546 0.01794430243499906 0
1670592101422 0.017985572217462997 0
1670592102219 0.017959540751756674 0
1670592102956 0.01817346513482629 0
1670592104032 0.018100602626652862 0
1670592104766 0.018058117067779184 0
1670592105761 0.018053710112017174 0
1670592106534 0.017999046297289323 0
1670592107514 0.01791016279537644 0
1670592108659 0.018048208005672 0
1670592109425 0.018062198395652457 0
1670592110431 0.017974237010083244 0
1670592111468 0.01790838679783588 0
1670592112244 0.017820527200679864 0
1670592113268 0.017829952578575975 0
1670592114159 0.017737835689369486 0
1670592115096 0.017663322967098383 0
1670592115908 0.017576447921166194 0
1670592116739 0.01754964588542804 0
1670592117659 0.018013074745863278 0
1670592118442 0.017992995575060317 0
1670592119625 0.01793432101248077 0
1670592120510 0.017911886716257736 0
1670592121507 0.01783657711730524 0
1670592122462 0.017786260720603714 0
1670592123265 0.01811024705145764 0
1670592124202 0.018048054154413268 0
1670592125344 0.018137503722676057 0
1670592126076 0.01814002262495218 0
1670592126935 0.018084933009149345 0
1670592128039 0.018485430147027887 0
1670592128762 0.01865190472093639 0
1670592129750 0.018890108480847136 0
1670592130674 0.018811742973844137 0
1670592131596 0.018768252023323766 0
1670592132418 0.01893272571750871 0
