1670609028187 0.005082481894572838 0
1670609030464 0.001622631958619239 0
1670609032270 0.0010434348001896795 0
1670609034536 0.0008602500523272139 0
1670609036436 0.0007518921357057126 0
1670609038596 0.0007594361798497405 0
1670609040489 0.0006868612758150808 0
1670609042619 0.0006875176003106961 0
1670609044843 0.0006462013388732138 0
1670609047385 0.0007469972800986286 0
1670609049798 0.0008003304493310095 0
1670609051634 0.0008292438863218312 0
1670609054145 0.0008886016042967696 0
1670609056699 0.0008888150612604308 0
1670609058968 0.0008848564602245653 0
1670609061399 0.000853810203606068 0
1670609063010 0.0008308006064522278 0
1670609065055 0.00092672011056795 0
1670609066973 0.0009120879160331922 0
1670609068923 0.000897729018591187 0
1670609070821 0.0009013422579528148 0
1670609073198 0.0008797774170399655 0
1670609074930 0.000866754098695465 0
1670609076740 0.0008477172846013757 0
1670609079070 0.0008792288537180014 0
1670609081318 0.0009038739756561088 0
1670609083399 0.0008871379982633822 0
1670609085388 0.0008912300372005849 0
1670609087802 0.0008448836692921338 0
1670609089840 0.0008644915385988608 0
1670609092317 0.0008702514603380103 0
1670609094608 0.0008578926325106717 0
1670609096538 0.0008602977418450536 0
1670609098457 0.0008489709955615479 0
1670609100767 0.000850921595849643 0
1670609102968 0.0008434366722979533 0
1670609104981 0.0008360728505604721 0
1670609106935 0.000832483314172159 0
1670609108853 0.0008627738307227474 0
1670609110534 0.0008691392925854368 0
1670609112980 0.0008588537593217397 0
1670609115411 0.0008849673942192351 0
1670609117363 0.0008815787487998293 0
1670609119843 0.0009217157694400148 0
1670609122269 0.0009183166699605462 0
1670609124727 0.0009377522648856394 0
1670609127209 0.0009348075682804984 0
1670609129874 0.0009511418148777108 0
1670609132192 0.0009473258382706972 0
1670609133965 0.0009611662549197906 0
1670609135937 0.0009541265895717449 0
1670609138284 0.000947219479845017 0
1670609140392 0.0009453879314782985 0
1670609141990 0.0009418619634934471 0
1670609143688 0.0009401481352182505 0
1670609146011 0.0009456404213464366 0
1670609147733 0.000943385406142812 0
1670609149675 0.0009368199049479575 0
1670609152073 0.0009505993705313583 0
1670609154284 0.0009442229951907488 0
1670609156176 0.0009377943409687888 0
1670609158429 0.0009352223496617502 0
1670609160288 0.0009293696824813282 0
1670609162251 0.0009330190651457957 0
1670609164921 0.0009378053592323035 0
1670609167311 0.0009318508345451252 0
1670609169161 0.0009301392368737448 0
1670609171526 0.0009283268072392736 0
1670609173244 0.0009322777578328599 0
1670609175480 0.0009301575960417505 0
1670609177432 0.0009279692985073731 0
1670609179382 0.000922537390986265 0
1670609181770 0.0009256620103497769 0
1670609183979 0.000920292086104264 0
1670609186427 0.0009156511397070321 0
1670609188313 0.0009097046650337187 0
1670609190113 0.0009046685586899424 0
1670609192265 0.0008989458171661032 0
1670609194672 0.0008981549661545812 0
1670609197104 0.0009591817764666581 0
1670609199065 0.0009533153141966638 0
1670609201084 0.0009629658817262305 0
1670609203338 0.0009582298663925265 0
1670609205766 0.0009525770750858742 0
1670609207544 0.000950657905178395 0
1670609209984 0.0009675750238308871 0
1670609212675 0.0009660231210660655 0
1670609215561 0.0009752568887911631 0
1670609217943 0.0009706360670567384 0
1670609220490 0.0009660776894143512 0
1670609223505 0.0009816108543664467 0
1670609226338 0.0009800341115588844 0
1670609228446 0.0009754999371245638 0
1670609231243 0.0009710262201287178 0
1670609233587 0.0009669566043404134 0
1670609235807 0.0009688176991206037 0
1670609238065 0.0009648781191142222 0
1670609240931 0.0009734308816499888 0
1670609243119 0.0009685554242524217 0
1670609245399 0.0009637524971707859 0
1670609247999 0.0009718096578591742 0
