1670573335948 0.1044 0
1670573339409 0.1041 0
1670573343092 0.105 0
1670573346828 0.1044 0
1670573350615 0.1053 0
1670573353852 0.104 0
1670573356555 0.1063 0
1670573359549 0.1052 0
1670573363379 0.1063 0
1670573367270 0.1051 0
1670573370837 0.1055 0
1670573375295 0.1048 0
1670573378764 0.106 0
1670573381283 0.1044 0
1670573385336 0.1053 0
1670573388685 0.1068 0
1670573392172 0.1045 0
1670573394476 0.1053 0
1670573397078 0.1051 0
1670573400222 0.1065 0
1670573402317 0.1061 0
1670573404652 0.106 0
1670573407013 0.1041 0
1670573409588 0.1043 0
1670573412021 0.1068 0
1670573414606 0.1044 0
1670573417420 0.104 0
1670573419865 0.1055 0
1670573422212 0.1062 0
1670573424788 0.104 0
1670573427132 0.1055 0
1670573429282 0.1048 0
1670573431711 0.1052 0
1670573433902 0.1054 0
1670573436082 0.1048 0
1670573438425 0.1045 0
1670573440668 0.1043 0
1670573443142 0.1064 0
1670573445309 0.1053 0
1670573447627 0.1054 0
1670573449854 0.1068 0
1670573452263 0.1058 0
1670573454929 0.1048 0
1670573457692 0.1053 0
1670573460123 0.1049 0
1670573462429 0.1053 0
1670573464603 0.1043 0
1670573466737 0.1045 0
1670573469306 0.1066 0
1670573471433 0.106 0
1670573474319 0.1057 0
1670573476771 0.1047 0
1670573479171 0.1063 0
1670573481266 0.1047 0
1670573483582 0.1048 0
1670573485884 0.1046 0
1670573489044 0.1049 0
1670573491430 0.1047 0
1670573493934 0.1042 0
1670573495519 0.105 0
1670573497330 0.1043 0
1670573499715 0.1048 0
1670573501739 0.1061 0
1670573503665 0.105 0
1670573506114 0.1043 0
1670573508391 0.1052 0
1670573510729 0.1054 0
1670573512545 0.1059 0
1670573514776 0.1051 0
1670573517366 0.1043 0
1670573520196 0.105 0
1670573522657 0.1046 0
1670573525208 0.1045 0
1670573527702 0.1056 0
1670573530408 0.1049 0
1670573532821 0.1049 0
1670573535337 0.1054 0
1670573537582 0.1056 0
1670573539943 0.1052 0
1670573542895 0.1058 0
1670573546079 0.1056 0
1670573549330 0.1059 0
1670573551795 0.1052 0
1670573554422 0.1059 0
1670573557088 0.104 0
1670573559407 0.1054 0
1670573561790 0.1054 0
1670573564355 0.1061 0
1670573566615 0.1058 0
1670573568705 0.1054 0
1670573571234 0.1046 0
1670573573794 0.1056 0
1670573575934 0.1051 0
1670573578876 0.1051 0
1670573581543 0.1049 0
1670573583860 0.1055 0
1670573586094 0.1069 0
1670573588042 0.1061 0
1670573590135 0.1054 0
1670573592210 0.1052 0
1670573594615 0.1051 0
1670573597237 0.1035 0
1670573599878 0.1044 0
1670573602156 0.1058 0
1670573604112 0.1047 0
1670573606688 0.1056 0
1670573609061 0.1047 0
1670573611328 0.1043 0
1670573613639 0.1047 0
1670573616132 0.1045 0
1670573618561 0.1056 0
1670573620651 0.106 0
1670573622708 0.1049 0
1670573625196 0.1056 0
1670573627569 0.1054 0
1670573629890 0.1058 0
1670573632522 0.1054 0
1670573634546 0.104 0
1670573636692 0.1041 0
1670573638966 0.1049 0
1670573641455 0.1057 0
1670573644345 0.1052 0
1670573646490 0.1056 0
1670573648659 0.1046 0
1670573651046 0.1038 0
1670573653873 0.1061 0
1670573656368 0.106 0
1670573659028 0.105 0
1670573661310 0.105 0
1670573663728 0.106 0
1670573666209 0.1038 0
1670573668370 0.1047 0
1670573670634 0.1059 0
1670573672840 0.1048 0
1670573675511 0.1049 0
1670573677885 0.1058 0
1670573679929 0.1038 0
1670573681947 0.1043 0
1670573684319 0.1051 0
1670573686896 0.1059 0
1670573688831 0.1052 0
1670573690771 0.1055 0
1670573692873 0.106 0
1670573695527 0.1043 0
1670573698731 0.1047 0
1670573701562 0.1043 0
1670573704041 0.1051 0
1670573706465 0.1045 0
1670573708697 0.105 0
1670573711312 0.1051 0
1670573714347 0.1052 0
1670573716915 0.1047 0
1670573719491 0.1056 0
1670573721525 0.1055 0
1670573723965 0.1053 0
1670573726648 0.1038 0
1670573729057 0.1058 0
1670573731625 0.1044 0
1670573733922 0.1056 0
1670573736279 0.1056 0
1670573738201 0.1055 0
1670573740369 0.1038 0
1670573742300 0.1056 0
1670573744775 0.1045 0
1670573746690 0.1052 0
1670573749527 0.1051 0
1670573751532 0.1054 0
1670573753905 0.105 0
1670573755905 0.1054 0
1670573758470 0.1055 0
1670573760951 0.1054 0
1670573763329 0.1044 0
1670573765892 0.1045 0
1670573768388 0.1058 0
1670573770651 0.106 0
1670573773393 0.1061 0
1670573775606 0.1062 0
1670573777925 0.105 0
1670573780432 0.1037 0
1670573783542 0.1052 0
1670573786148 0.1051 0
1670573789438 0.1046 0
1670573792881 0.1055 0
1670573795764 0.1056 0
1670573799011 0.1051 0
1670573801932 0.1058 0
1670573804765 0.1048 0
1670573807330 0.1065 0
1670573810675 0.1051 0
1670573814118 0.1059 0
1670573817129 0.1038 0
1670573820469 0.1046 0
1670573822811 0.1063 0
1670573825644 0.105 0
1670573829044 0.1049 0
1670573831846 0.104 0
1670573835127 0.1055 0
1670573838411 0.1063 0
1670573841694 0.1048 0
1670573845033 0.1051 0
1670573848007 0.1037 0
1670573851151 0.1053 0
1670573853899 0.1036 0
1670573857665 0.1043 0
1670573860650 0.1047 0
1670573864196 0.1055 0
1670573868044 0.1053 0
1670573871541 0.1055 0
