1670567914975 0.0 0
1670567915796 0.0 0
1670567916450 0.0 0
1670567917078 0.0 0
1670567917667 0.0 0
1670567918417 0.0 0
1670567918982 0.0 0
1670567919556 0.0 0
1670567920101 0.0 0
1670567920782 0.0 0
1670567921348 0.0 0
1670567921885 0.0 0
1670567922350 0.0 0
1670567922805 0.0 0
1670567923533 0.0 0
1670567924234 0.0 0
1670567924873 0.0 0
1670567925662 0.0 0
1670567926240 0.0 0
1670567926907 0.0 0
1670567927778 0.0 0
1670567928406 0.0 0
1670567928976 0.0 0
1670567929497 0.0 0
1670567930170 0.0 0
1670567930832 0.0 0
1670567931522 0.0003333333333333333 0
1670567932268 0.0 0
1670567932793 0.0 0
1670567933672 0.0 0
1670567934404 0.0 0
1670567934985 0.0003333333333333333 0
1670567935633 0.0 0
1670567936239 0.0 0
1670567936795 0.0 0
1670567937516 0.0 0
1670567938014 0.0 0
1670567938494 0.0 0
1670567938966 0.0 0
1670567939394 0.0 0
1670567939942 0.0 0
1670567940672 0.0 0
1670567941178 0.0 0
1670567941572 0.0 0
1670567942196 0.0 0
1670567942929 0.0 0
1670567943507 0.0 0
1670567944123 0.0 0
1670567944731 0.0 0
1670567945483 0.0003333333333333333 0
1670567946196 0.0 0
1670567946842 0.0 0
1670567947544 0.0 0
1670567948211 0.0 0
1670567948771 0.0 0
1670567949287 0.0 0
1670567949898 0.0 0
1670567950430 0.0 0
1670567951017 0.0 0
1670567951579 0.0 0
1670567952079 0.0 0
1670567952614 0.0 0
1670567953218 0.0 0
1670567953804 0.0 0
1670567954485 0.0 0
1670567955069 0.0 0
1670567955722 0.0 0
1670567956370 0.0 0
1670567956996 0.0 0
1670567957640 0.0 0
1670567958349 0.0 0
1670567958832 0.0 0
1670567959524 0.0 0
1670567960158 0.0 0
1670567960687 0.0 0
1670567961119 0.0 0
1670567961812 0.0 0
1670567962349 0.0 0
1670567962935 0.0 0
1670567963465 0.0 0
1670567963897 0.0 0
1670567964607 0.0 0
1670567964969 0.0 0
1670567965861 0.0 0
1670567966448 0.0 0
1670567966981 0.0 0
1670567967622 0.0 0
1670567968198 0.0 0
1670567968583 0.0 0
1670567969237 0.0 0
1670567969629 0.0 0
1670567970295 0.0 0
1670567970848 0.0 0
1670567971663 0.0 0
1670567972270 0.0 0
1670567973010 0.0003333333333333333 0
1670567973568 0.0 0
1670567974325 0.0 0
1670567974842 0.0 0
1670567975663 0.0 0
1670567976271 0.0 0
1670567976845 0.0 0
