1670586272920 0.0025412409472864187 0
1670586275321 0.0017682221825451837 0
1670586278093 0.001713799784381204 0
1670586280695 0.0013419165539706648 0
1670586283002 0.0012238417470597594 0
1670586285265 0.001131620809818816 0
1670586287757 0.0010239123358898351 0
1670586290446 0.0009963076565738388 0
1670586293084 0.0009370902427013996 0
1670586295662 0.0009130854410912817 0
1670586298682 0.0008641962064338033 0
1670586301189 0.0008466753317791899 0
1670586304592 0.0008118632349912019 0
1670586307416 0.0007810741336564194 0
1670586309965 0.000753110078176529 0
1670586312643 0.0007288303849961183 0
1670586315863 0.0007063905967909219 0
1670586318782 0.0006859206344858655 0
1670586321977 0.0007355423760756093 0
1670586324618 0.0007157390970778592 0
1670586327680 0.0008318455378910649 0
1670586330437 0.0008113151493571405 0
1670586333326 0.00079653765081653 0
1670586336428 0.0007831944377147929 0
1670586339103 0.0007704458961726741 0
1670586341824 0.0007588671060427318 0
1670586344719 0.0007438517316634475 0
1670586347482 0.000763378114403338 0
1670586350218 0.0007223264314711413 0
1670586353268 0.0007248533867271209 0
1670586356021 0.000716690351743803 0
1670586358779 0.000708743592788321 0
1670586361601 0.0007099591061879853 0
1670586364482 0.000710459013325505 0
1670586367624 0.00071035656020028 0
1670586370486 0.0007049854742201883 0
1670586373029 0.0007048657803084824 0
1670586375949 0.0007042943845682267 0
1670586378568 0.000703337656915145 0
1670586381495 0.000729383143520679 0
1670586384044 0.0007489826025316043 0
1670586387770 0.0007412693675232574 0
1670586390942 0.0007455340329201402 0
1670586393973 0.0007613989125301118 0
1670586396807 0.0007543887067957859 0
1670586399742 0.0007624851891145428 0
1670586402655 0.0007919416052166016 0
1670586405294 0.0007933176352187828 0
1670586407865 0.0007917866376349637 0
1670586410452 0.0007851903361230357 0
1670586413152 0.0007919186829293086 0
1670586415944 0.0008035572383074904 0
1670586418581 0.0008265527733361797 0
1670586421173 0.0008190323271238275 0
1670586423863 0.0008191644149011744 0
1670586426411 0.0008256490582522703 0
1670586428990 0.0008257544186935587 0
1670586431658 0.000824331348897542 0
1670586433928 0.0008227699617498658 0
1670586436497 0.0008160402484561572 0
1670586438921 0.0008094730045832237 0
1670586441251 0.0008178226510063074 0
1670586443979 0.0008234728386799551 0
1670586446583 0.0008190158128326296 0
1670586449716 0.0008242563328069426 0
1670586452215 0.0008379699783058702 0
1670586454608 0.0008419276679937811 0
1670586457207 0.0008359069695960068 0
1670586459693 0.0008305989678233105 0
1670586462263 0.0008253886673754424 0
1670586464619 0.0008217894777627267 0
1670586467122 0.0008168045248252314 0
1670586469805 0.0008113712720257594 0
1670586472380 0.0008065870297820513 0
1670586474840 0.0008077845885566242 0
1670586477518 0.0008031880857732746 0
1670586480090 0.0008016498425351109 0
1670586482792 0.0008296674380379955 0
1670586485395 0.0008363645390203789 0
1670586487902 0.0008348801279546912 0
1670586490679 0.0008456445112205329 0
1670586493209 0.0008486868366566135 0
1670586495960 0.000884978653250384 0
1670586498905 0.0008798041154679669 0
1670586501719 0.0008761550730847188 0
1670586504030 0.0008717499920200407 0
1670586506597 0.0008769638599918681 0
1670586509218 0.0008733630915368739 0
1670586512055 0.0008717917017957603 0
1670586514702 0.0008670188434453514 0
1670586517341 0.0008668171186353025 0
1670586520142 0.0008715119698922472 0
1670586522977 0.000867588780711831 0
1670586525767 0.0008706268552577949 0
1670586528515 0.0008667286852439054 0
1670586531109 0.0008665067386422183 0
1670586533765 0.0008620932003711252 0
1670586536510 0.0008577464215794845 0
1670586539078 0.0008575240015839512 0
1670586541857 0.0008664544364000897 0
1670586544283 0.000862809114953553 0
