1670563696288 nan 0
1670563698083 nan 0
1670563699482 nan 0
1670563701192 nan 0
1670563703030 nan 0
1670563705041 nan 0
1670563707079 nan 0
1670563708951 nan 0
1670563710779 1.1102230246251565e-16 0
1670563712054 1.1102230246251565e-16 0
1670563713823 nan 0
1670563715690 nan 0
1670563717558 nan 0
1670563719529 1.1102230246251565e-16 0
1670563721064 nan 0
1670563722539 0.00016626708229183773 0
1670563724295 0.00016109245329593014 0
1670563726154 0.0001563764443577309 0
1670563727405 0.00015205467232609626 0
1670563729303 0.00014807479576717242 0
1670563730797 0.0001443937554506114 0
1670563732190 0.00014097575248650518 0
1670563734030 0.0001377907413748214 0
1670563735697 0.00013481328951603366 0
1670563737287 0.00013202170209958286 0
1670563738707 0.00012939734220251964 0
1670563740460 0.00012692409653797254 0
1670563741708 0.00012458795128733602 0
1670563743380 0.00011727476747552812 0
1670563744915 0.00011543188023982465 0
1670563747004 0.00011367310026616506 0
1670563748664 0.00011199222823027322 0
1670563749880 0.0001537226654541035 0
1670563751612 0.0001516459303057549 0
1670563753587 0.00014965071353079118 0
1670563755578 0.00014773184858657418 0
1670563757156 0.0001458846130893976 0
1670563758724 0.00014410468125386489 0
1670563760128 0.00014238808235983447 0
1670563761433 0.00014073116437457456 0
1670563763073 0.00013913056199627016 0
1670563764272 0.00013758316850298602 0
1670563766275 0.0001360861108870015 0
1670563768207 0.00013463672783359248 0
1670563770257 0.00013323255017061442 0
1670563772445 0.00013187128346903165 0
1670563774206 0.0001305507925223881 0
1670563776259 0.00012926908747096233 0
1670563778078 0.0001280243113694346 0
1670563779684 0.00012681472902542623 0
1670563781631 0.0001256387169576989 0
1670563783473 0.00012449475434511692 0
1670563784942 0.00012338141485318532 0
1670563786815 0.0001222973592392429 0
1670563788682 0.00012124132865098947 0
1670563790550 0.00012021213854268575 0
1670563792389 0.00011920867314335615 0
1670563794069 0.00011822988041859661 0
1670563795717 0.00011727476747552812 0
1670563797630 0.0001163423963645438 0
1670563799421 0.00011543188023982465 0
1670563801406 0.00011454237984087623 0
1670563803303 0.00011367310026616506 0
1670563804821 0.00013707869200357825 0
1670563806693 0.0001360861108870015 0
1670563808060 0.00013511471451654877 0
1670563810258 0.00013416376253555518 0
1670563812308 0.00013323255017061442 0
1670563813820 0.0001323204060718619 0
1670563815664 0.0001314266903109096 0
1670563817169 0.00014965071353079118 0
1670563818794 0.00014868204204965263 0
1670563819911 0.00014773184858657418 0
1670563821501 0.00016296697156809037 0
1670563823490 0.0001619673290890744 0
1670563825077 0.0001609857226764766 0
1670563827196 0.0001600216211440353 0
1670563829553 0.00015907451472435552 0
1670563831380 0.0001581439139851648 0
1670563832946 0.0001572293488110721 0
1670563834965 0.00015633036744522322 0
1670563836671 0.00015544653558868804 0
1670563838442 0.00015457743555163939 0
1670563839752 0.0001537226654541035 0
1670563841517 0.00015288183847261827 0
1670563843572 0.0001520545821298569 0
1670563845489 0.0001512405376239423 0
1670563847629 0.00015043935919573093 0
1670563849484 0.00014965071353079118 0
1670563851506 0.00014887427919429985 0
1670563853371 0.0001481097460966363 0
1670563855359 0.00014735681498784237 0
1670563856941 0.0001466151969791163 0
1670563858753 0.0001458846130893976 0
1670563860452 0.0001451647938162104 0
1670563862221 0.00014445547872821152 0
1670563864148 0.00014375641607922152 0
1670563865878 0.00014306736244190654 0
1670563867434 0.00014238808235983447 0
1670563868712 0.00014171834801718353 0
1670563870314 0.0001410579389249378 0
1670563872272 0.00014040664162240368 0
1670563874208 0.000139764249393326 0
1670563876256 0.00013913056199627016 0
1670563877795 0.00013850538540727264 0
1670563879437 0.00013788853157536973 0
1670563880708 0.00013727981818933976 0
1670563882153 0.0001366790684557695 0
1670563883805 0.0001360861108870015 0
1670563885271 0.0001355007790992957 0
1670563886338 0.00013492291162015002 0
1670563887338 0.00013435235170422555 0
1670563888283 0.00013378894715770917 0
1670563889255 0.00013323255017061442 0
1670563891329 0.00013268301715640973 0
1670563892542 0.0001321402085987522 0
1670563894417 0.0001316039889050491 0
1670563896814 0.00013107422626618126 0
1670563898839 0.0001305507925223881 0
1670563900555 0.00013003356303503688 0
1670563902237 0.00012952241656344343 0
1670563903969 0.00012901723514729957 0
1670563905535 0.0001285179039937634 0
1670563907759 0.0001280243113694346 0
1670563909641 0.0001275363484966041 0
1670563911021 0.00012705390945366712 0
1670563912981 0.00012657689108014347 0
1670563914876 0.0001261051928847512 0
1670563916812 0.0001256387169576989 0
1670563918951 0.00012517736788630884 0
1670563921008 0.00012472105267408162 0
1670563923133 0.00012426968066253652 0
1670563924797 0.00013511471451654877 0
1670563926545 0.00013463672783359248 0
1670563928601 0.00013416376253555518 0
1670563930090 0.000133695731619643 0
1670563931650 0.00013323255017061442 0
1670563933696 0.0001327741352974976 0
1670563935814 0.0001323204060718619 0
1670563937546 0.00013187128346903165 0
1670563939260 0.0001314266903109096 0
1670563940743 0.0001309865512111874 0
1670563942165 0.0001305507925223881 0
1670563943901 0.00013011934228496225 0
1670563945562 0.00012969213017777204 0
1670563947299 0.00012926908747096233 0
1670563949320 0.0001288501469799419 0
1670563950625 0.00012843524302114107 0
1670563952308 0.0001280243113694346 0
1670563953656 0.00012761728921689697 0
1670563954983 0.00012721411513283432 0
1670563956650 0.00012681472902542623 0
1670563957735 0.00012641907210475534 0
1670563959213 0.0001260270868465585 0
1670563960427 0.0001256387169576989 0
1670563961571 0.00012525390734252628 0
1670563962541 0.00012487260407062495 0
1670563963740 0.00012449475434511692 0
1670563965491 0.00012412030647246386 0
1670563967151 0.0001237492098332127 0
1670563968240 0.00012338141485318532 0
1670563969433 0.0001230168729763892 0
1670563971061 0.00012265553663814988 0
1670563972352 0.0001222973592392429 0
1670563973869 0.00012194229512113575 0
1670563974863 0.00012159029954145195 0
1670563976403 0.00012124132865098947 0
1670563977609 0.00012089533947057252 0
1670563979111 0.00012055228986918021 0
1670563980333 0.00012021213854268575 0
1670563981732 0.00011987484499309531 0
1670563983363 0.00011954036950845293 0
1670563984711 0.00011920867314335615 0
1670563986012 0.00011887971770019323 0
1670563987622 0.00011855346571082448 0
1670563988764 0.00011822988041859661 0
1670563989956 0.00011790892576141188 0
1670563991212 0.00011759056635474163 0
1670563992550 0.00011727476747552812 0
1670563993899 0.00011696149504625275 0
1670563995132 0.00011665071561983709 0
1670563996405 0.0001163423963645438 0
1670563999523 0.00011603650504976581 0
1670564000790 0.00011573301003164893 0
1670564002452 0.00011543188023982465 0
1670564003636 0.00011513308516380993 0
1670564004992 0.00011483659484035069 0
1670564006777 0.00011454237984087623 0
1670564008630 0.0001142504112592313 0
1670564009932 0.00011396066069979671 0
1670564010946 0.00011367310026616506 0
1670564012124 0.00011338770254976094 0
1670564013756 0.00011310444061896074 0
1670564015210 0.0001128232880086566 0
1670564016268 0.00011254421870976472 0
1670564017518 0.00011226720715923344 0
1670564018841 0.00011199222823027322 0
1670564020258 0.00011171925722286424 0
1670564021672 0.00011144826985454159 0
1670564023678 0.0001111792422513469 0
1670564024870 0.00011091215093889106 0
1670564026220 0.0001106469728341386 0
1670564027427 0.00011038368523674791 0
1670564028967 0.00011012226582118867 0
1670564030253 0.00010986269262874826 0
1670564031473 0.00010960494405976018 0
1670564032989 0.00010934899886633209 0
1670564034192 0.00010909483614468529 0
1670564035723 0.00010884243532838234 0
1670564037076 0.0001085917761811106 0
1670564038789 0.00010834283879002093 0
1670564040262 0.00010809560355917736 0
1670564041696 0.00010785005120295121 0
1670564042873 0.00010760616273985946 0
1670564044691 0.0001073639194864584 0
1670564046377 0.00010712330305129303 0
1670564047521 0.00010688429532901278 0
1670564048582 0.00010664687849487597 0
1670564049880 0.00010641103499892113 0
1670564051144 0.00010617674756074891 0
1670564053003 0.00010594399916430408 0
1670564054612 0.00010571277305243543 0
1670564658253 0.00010548305272201075 0
1670564659560 0.0001052548219190319 0
1670564661160 0.00010502806463380532 0
1670564662336 0.00010480276509616804 0
1670564663499 0.00010457890777099133 0
1670564664891 0.00010435647735362874 0
1670564666681 0.0001041354587656973 0
1670564668698 0.00010391583715052555 0
1670564670479 0.00010369759786932331 0
1670564672124 0.00010348072649674078 0
1670564673470 0.0001032652088172048 0
1670564674952 0.00010305103082081102 0
1670564676010 0.00010283817869971568 0
1670564677277 0.00010262663884402778 0
1670564678573 0.00010241639783870049 0
1670564679838 0.00010220744245947877 0
1670564681015 0.00010199975966984631 0
1670564682812 0.00010179333661730627 0
1670564684444 0.00010158816063010612 0
1670564685590 0.00010138421921412899 0
1670564686688 0.00010118150004972959 0
1670564687791 0.00010097999098823696 0
1670564689263 0.00010077968004951199 0
1670564690474 0.00010058055541839472 0
1670564691726 0.00010038260544220634 0
1670564692965 0.00010018581862769604 0
1670564694193 9.999018363815448e-05 0
1670564695770 9.979568929097127e-05 0
1670564697459 9.960232455480389e-05 0
1670564699099 9.941007854680217e-05 0
1670564700503 9.921894053033231e-05 0
1670564701895 9.902889991231234e-05 0
1670564703989 0.00010654561107092952 0
1670565623306 0.00010634393769848316 0
1670565624989 0.00011324580627602998 0
1670565626439 0.00011303395574130404 0
1670565627490 0.0001128232880086566 0
1670565628920 0.00011261379212956779 0
1670565630394 0.00011240545729651608 0
1670565631566 0.00011219827284075778 0
1670565633097 0.00011855346571082448 0
