1670592883947 0.0 0
1670592884228 0.0 0
1670592884769 0.0 0
1670592885123 0.0 0
1670592885395 0.0 0
1670592885701 0.0 0
1670592886244 0.0 0
1670592886599 0.0 0
1670592886921 0.0 0
1670592887499 0.0 0
1670592887950 0.0 0
1670592888230 0.0 0
1670592888574 0.0 0
1670592888880 0.0 0
1670592889336 0.0 0
1670592889629 0.0 0
1670592889951 0.0 0
1670592890265 0.0 0
1670592890558 0.0 0
1670592890995 0.0 0
1670592891286 0.0 0
1670592891774 0.0 0
1670592892085 0.0 0
1670592892552 0.0 0
1670592892950 0.0 0
1670592893279 0.0 0
1670592893611 0.0 0
1670592894059 0.0 0
1670592894360 0.0 0
1670592894755 0.0 0
1670592895046 0.0 0
1670592895344 0.0 0
1670592895927 0.0 0
1670592896217 0.0 0
1670592896491 0.0 0
1670592896910 0.0 0
1670592897268 0.0 0
1670592897747 0.0 0
1670592898065 0.0 0
1670592898595 0.0 0
1670592899041 0.0 0
1670592899414 0.0 0
1670592899827 0.0 0
1670592900214 0.0 0
1670592900522 0.0 0
1670592900878 0.0 0
1670592901162 0.0 0
1670592901498 0.0 0
1670592901841 0.0 0
1670592902264 0.0 0
1670592902669 0.0 0
1670592903036 0.0 0
1670592903352 0.0 0
1670592903743 0.0 0
1670592904050 0.0 0
1670592904339 0.0 0
1670592904682 0.0 0
1670592905143 0.0 0
1670592905576 0.0 0
1670592905879 0.0 0
1670592906333 0.0 0
1670592906704 0.0 0
1670592907227 0.0 0
1670592907582 0.0 0
1670592907913 0.0 0
1670592908171 0.0 0
1670592908446 0.0 0
1670592908755 0.0 0
1670592909108 0.0 0
1670592909547 0.0 0
1670592909830 0.0 0
1670592910133 0.0 0
1670592910469 0.0 0
1670592910817 0.0 0
1670592911120 0.0 0
1670592911449 0.0 0
1670592911732 0.0 0
1670592912040 0.0 0
1670592912471 0.0 0
1670592912861 0.0 0
1670592913163 0.0 0
1670592913508 0.0 0
1670592913847 0.0 0
1670592914168 0.0 0
1670592914482 0.0 0
1670592914799 0.0 0
1670592915168 0.0 0
1670592915523 0.0 0
1670592915989 0.0 0
1670592916447 0.0 0
1670592916856 0.0 0
1670592917137 0.0 0
1670592917649 0.0 0
1670592918207 0.0 0
1670592918511 0.0 0
1670592918855 0.0 0
1670592919257 0.0 0
1670592919743 0.0 0
1670592920131 0.0 0
1670592920504 0.0 0
1670592920859 0.0 0
