1670582852374 0.012706204736432096 0
1670582853288 0.00487540227334019 0
1670582854115 0.0031379343745820496 0
1670582855198 0.002455580443989313 0
1670582856083 0.0020793464722159826 0
1670582857057 0.001893219603080228 0
1670582857886 0.001837978892274941 0
1670582858905 0.002522055039254392 0
1670582860060 0.002355734966286365 0
1670582860977 0.0022271155964106466 0
1670582861794 0.002117898957760436 0
1670582862625 0.0020235886478479227 0
1670582863481 0.0019410359184133018 0
1670582864457 0.0024747511548926055 0
1670582865332 0.002383033037240841 0
1670582866310 0.00269896085360414 0
1670582867096 0.002783630212416974 0
1670582867965 0.0027582212178609723 0
1670582868978 0.002765292382904152 0
1670582869822 0.0027110226578596257 0
1670582870777 0.0027706692653134716 0
1670582871797 0.002774296528061369 0
1670582872655 0.0027092921948242412 0
1670582873581 0.0028725039348425256 0
1670582874432 0.002810791336118232 0
1670582875455 0.0027992925133197583 0
1670582876455 0.002758362568142634 0
1670582877265 0.0027190038474810517 0
1670582878076 0.002727306819352156 0
1670582878891 0.0027652300608667878 0
1670582879930 0.0028838327931468427 0
1670582881079 0.002982023098744133 0
1670582882090 0.002945153367142795 0
1670582882887 0.0029711721605044338 0
1670582884035 0.002955810516411907 0
1670582884852 0.002953370427283287 0
1670582885722 0.003159710894997109 0
1670582886701 0.003138275309297533 0
1670582887560 0.003145285922643919 0
1670582888516 0.0031078727868512806 0
1670582889518 0.0031450893607012443 0
1670582890305 0.0031089965017104216 0
1670582891390 0.003106649069668877 0
1670582892532 0.0031029685236354833 0
1670582893382 0.0030778790127850937 0
1670582894197 0.0031283124899508944 0
1670582895109 0.003137000819163502 0
1670582896158 0.003134608782868988 0
1670582897091 0.0032006077842368736 0
1670582898164 0.0031940382167523346 0
1670582899049 0.0032135033912288405 0
1670582900035 0.0032302848061108976 0
1670582900881 0.0032002418959493975 0
1670582901802 0.0031754684876638883 0
1670582902711 0.0031649431588401753 0
1670582903947 0.0031426179555912636 0
1670582905164 0.003119420159836344 0
1670582906298 0.0030967091304734927 0
1670582907356 0.0030708419079368103 0
1670582908550 0.0030492257971529175 0
1670582909694 0.0030245942832192643 0
1670582910828 0.0030059929873102196 0
1670582911741 0.0029860178657542787 0
1670582912701 0.0030655682165147136 0
1670582913721 0.003048125725119372 0
1670582914949 0.003058416398591228 0
1670582915921 0.003036022642718908 0
1670582916846 0.003019819055944408 0
1670582917791 0.003011300949203272 0
1670582918973 0.003059620080724558 0
1670582920337 0.003051370342496103 0
1670582921451 0.0030356983311908134 0
1670582922440 0.003017751375792057 0
1670582923532 0.0030027394995119144 0
1670582924485 0.003012741946405391 0
1670582925580 0.0030216943431959917 0
1670582926710 0.003082928242464281 0
1670582927951 0.0031746901153597564 0
1670582928853 0.0031985650779385996 0
1670582929856 0.0031793166600231912 0
1670582930997 0.0031604112383614193 0
1670582931940 0.0031495596294908576 0
1670582932978 0.0031715589037986137 0
1670582934076 0.0031719061929020584 0
1670582935152 0.003154402932019398 0
1670582936301 0.003137185070924222 0
1670582937604 0.0031202449730055454 0
1670582938762 0.0031952831511295613 0
1670582939673 0.00317817098617512 0
1670582940850 0.0031959664170323346 0
1670582942075 0.0032149451300551345 0
1670582943225 0.0032041829880841326 0
1670582944457 0.003187783524567552 0
1670582945611 0.0031773536257074944 0
1670582946709 0.003178041320698018 0
1670582947767 0.0031792193434838443 0
1670582948816 0.003196272496891964 0
1670582949824 0.0031863707896969233 0
1670582950775 0.0031765125272364197 0
1670582951736 0.003161409928439999 0
1670582952644 0.003151757240354407 0
