1670567629220 0.0 0
1670567629944 0.0 0
1670567630381 0.0 0
1670567631193 0.0 0
1670567632139 0.0 0
1670567632915 0.0 0
1670567633650 0.0 0
1670567634348 0.0 0
1670567634824 0.0 0
1670567635558 0.0 0
1670567636525 0.0 0
1670567637125 0.0 0
1670567637695 0.0 0
1670567638454 0.0 0
1670567639424 0.0 0
1670567640267 0.0 0
1670567640938 0.0 0
1670567641513 0.0 0
1670567642007 0.0 0
1670567642855 0.0 0
1670567643395 0.0 0
1670567644021 0.0 0
1670567644428 0.0 0
1670567645232 0.0 0
1670567646253 0.0 0
1670567647020 0.0 0
1670567647818 0.0 0
1670567648522 0.0 0
1670567648981 0.0 0
1670567649480 0.0 0
1670567650169 0.0 0
1670567651033 0.0 0
1670567651931 0.0 0
1670567652803 0.0 0
1670567653535 0.0 0
1670567654383 0.0 0
1670567655029 0.0 0
1670567655478 0.0 0
1670567656158 0.0 0
1670567656771 0.0 0
1670567657294 0.0 0
1670567657887 0.0 0
1670567658634 0.0 0
1670567659226 0.0 0
1670567660049 0.0 0
1670567660757 0.0 0
1670567661562 0.0 0
1670567662355 0.0 0
1670567663010 0.0 0
1670567663684 0.0 0
1670567664464 0.0 0
1670567664871 0.0 0
1670567665774 0.0 0
1670567666507 0.0 0
1670567667254 0.0 0
1670567667800 0.0 0
1670567668439 0.0 0
1670567669012 0.0 0
1670567669690 0.0 0
1670567670621 0.0 0
1670567671254 0.0 0
1670567671990 0.0 0
1670567672819 0.0 0
1670567673419 0.0 0
1670567674174 0.0 0
1670567674899 0.0 0
1670567675595 0.0 0
1670567676444 0.0 0
1670567677119 0.0 0
1670567677747 0.0 0
1670567678414 0.0 0
1670567679002 0.0 0
1670567679557 0.0 0
1670567680138 0.0 0
1670567680730 0.0 0
1670567681352 0.0 0
1670567681994 0.0 0
1670567682647 0.0 0
1670567683054 0.0 0
1670567683767 0.0 0
1670567684226 0.0 0
1670567685118 0.0 0
1670567685690 0.0 0
1670567686393 0.0 0
1670567687072 0.0 0
1670567687715 0.0 0
1670567688565 0.0 0
1670567689400 0.0 0
1670567690062 0.0 0
1670567690769 0.0 0
1670567691650 0.0 0
1670567692439 0.0 0
1670567693360 0.0 0
1670567694188 0.0 0
1670567695067 0.0 0
1670567695834 0.0 0
1670567696548 0.0 0
1670567697284 0.0 0
1670567698163 0.0 0
1670567699092 0.0 0
1670567699824 0.0 0
1670567700566 0.0 0
