1670606759609 0.0 0
1670606761554 0.0 0
1670606763272 0.0 0
1670606764971 0.0 0
1670606766638 0.0 0
1670606768530 0.0 0
1670606770657 0.0 0
1670606772010 0.0 0
1670606773679 0.0 0
1670606775686 0.0 0
1670606777737 0.0 0
1670606779111 0.0 0
1670606780615 0.0 0
1670606782593 0.0 0
1670606783976 0.0 0
1670606785438 0.0 0
1670606786703 0.0 0
1670606788422 0.0 0
1670606789946 0.0 0
1670606791442 0.0 0
1670606792825 0.0 0
1670606794107 0.0 0
1670606795941 0.0 0
1670606797185 0.0 0
1670606798611 0.0 0
1670606800201 0.0 0
1670606801448 0.0 0
1670606803159 0.0 0
1670606804344 0.0 0
1670606805803 0.0 0
1670606807096 0.0 0
1670606808721 0.0 0
1670606810238 0.0 0
1670606811680 0.0 0
1670606812978 0.0 0
1670606814909 0.0 0
1670606816484 0.0 0
1670606817804 0.0 0
1670606819266 0.0 0
1670606820704 0.0 0
1670606822423 0.0 0
1670606824017 0.0 0
1670606825583 0.0 0
1670606826924 0.0 0
1670606828428 0.0 0
1670606829897 0.0 0
1670606831312 0.0 0
1670606832963 0.0 0
1670606834542 0.0 0
1670606836167 0.0 0
1670606837428 0.0 0
1670606839029 0.0 0
1670606840642 0.0 0
1670606842091 0.0 0
1670606843581 0.0 0
1670606845220 0.0 0
1670606846540 0.0 0
1670606848045 0.0 0
1670606849730 0.0 0
1670606851107 0.0 0
1670606852608 0.0 0
1670606854066 0.0 0
1670606855210 0.0 0
1670606856947 0.0 0
1670606858722 0.0 0
1670606860279 0.0 0
1670606862084 0.0 0
1670606863778 0.0 0
1670606865175 0.0 0
1670606867092 0.0 0
1670606869241 0.0 0
1670606870897 0.0 0
1670606872204 0.0 0
1670606873685 0.0 0
1670606874917 0.0 0
1670606876463 0.0 0
1670606878146 0.0 0
1670606879543 0.0 0
1670606880701 0.0 0
1670606881870 0.0 0
1670606883559 0.0 0
1670606884858 0.0 0
1670606886139 0.0 0
1670606887549 0.0 0
1670606888785 0.0 0
1670606890000 0.0 0
1670606891445 0.0 0
1670606893142 0.0 0
1670606894344 0.0 0
1670606896023 0.0 0
1670606897346 0.0 0
1670606898564 0.0 0
1670606899787 0.0 0
1670606901369 0.0 0
1670606902592 0.0 0
1670606904210 0.0 0
1670606905750 0.0 0
1670606906897 0.0 0
1670606908180 0.0 0
1670606909274 0.0 0
1670606910569 0.0 0
