1670566587032 0.348 0
1670566587568 0.3546666666666667 0
1670566588527 0.3506666666666667 0
1670566589170 0.354 0
1670566590016 0.3516666666666667 0
1670566591122 0.3516666666666667 0
1670566591753 0.353 0
1670566592398 0.3463333333333333 0
1670566593304 0.352 0
1670566594107 0.349 0
1670566594955 0.354 0
1670566595779 0.348 0
1670566596436 0.3473333333333333 0
1670566597081 0.352 0
1670566597838 0.3546666666666667 0
1670566598501 0.3556666666666667 0
1670566599225 0.35333333333333333 0
1670566599687 0.3526666666666667 0
1670566600269 0.3516666666666667 0
1670566600702 0.351 0
1670566601253 0.351 0
1670566601928 0.3536666666666667 0
1670566602473 0.3506666666666667 0
1670566603069 0.3546666666666667 0
1670566603868 0.354 0
1670566604493 0.351 0
1670566605299 0.352 0
1670566605765 0.35333333333333333 0
1670566606599 0.3536666666666667 0
1670566607383 0.3516666666666667 0
1670566608059 0.3516666666666667 0
1670566608781 0.351 0
1670566609383 0.3516666666666667 0
1670566610048 0.354 0
1670566610806 0.35233333333333333 0
1670566611543 0.354 0
1670566612194 0.35633333333333334 0
1670566613001 0.35633333333333334 0
1670566613633 0.3496666666666667 0
1670566614293 0.35233333333333333 0
1670566614848 0.35333333333333333 0
1670566615639 0.3506666666666667 0
1670566616411 0.355 0
1670566617222 0.35333333333333333 0
1670566617876 0.35233333333333333 0
1670566618579 0.3486666666666667 0
1670566619156 0.351 0
1670566619576 0.3486666666666667 0
1670566620394 0.3546666666666667 0
1670566621210 0.354 0
1670566622061 0.351 0
1670566622520 0.35433333333333333 0
1670566623258 0.35233333333333333 0
1670566624298 0.3556666666666667 0
1670566625028 0.3506666666666667 0
1670566625738 0.3516666666666667 0
1670566626498 0.35333333333333333 0
1670566627197 0.3506666666666667 0
1670566628177 0.3506666666666667 0
1670566628884 0.349 0
1670566629347 0.35133333333333333 0
1670566629857 0.3506666666666667 0
1670566630632 0.356 0
1670566631281 0.3506666666666667 0
1670566632014 0.352 0
1670566632846 0.35 0
1670566633689 0.353 0
1670566634528 0.3506666666666667 0
1670566635393 0.35333333333333333 0
1670566636113 0.3556666666666667 0
1670566637210 0.349 0
1670566638079 0.35 0
1670566638678 0.353 0
1670566639516 0.352 0
1670566640209 0.34933333333333333 0
1670566640819 0.35533333333333333 0
1670566641459 0.3516666666666667 0
1670566642190 0.3506666666666667 0
1670566642891 0.34833333333333333 0
1670566643388 0.352 0
1670566643855 0.353 0
1670566644372 0.3516666666666667 0
1670566645236 0.35033333333333333 0
1670566646236 0.347 0
1670566647141 0.351 0
1670566648034 0.34933333333333333 0
1670566648541 0.34833333333333333 0
1670566649447 0.35 0
1670566649996 0.346 0
1670566650782 0.35 0
1670566651757 0.3516666666666667 0
1670566652561 0.354 0
1670566653521 0.35233333333333333 0
1670566654183 0.3516666666666667 0
1670566654958 0.35333333333333333 0
1670566655526 0.3446666666666667 0
1670566656167 0.35333333333333333 0
1670566656775 0.35233333333333333 0
1670566657488 0.3516666666666667 0
1670566657956 0.35133333333333333 0
1670566658532 0.34833333333333333 0
1670566659154 0.35833333333333334 0
1670566660113 0.35 0
1670566660676 0.34933333333333333 0
1670566661046 0.355 0
1670566661767 0.3596666666666667 0
