1670585219777 0.1886 0
1670585223669 0.1865 0
1670585227213 0.1886 0
1670585230656 0.1872 0
1670585234421 0.1888 0
1670585238343 0.1875 0
1670585242654 0.189 0
1670585246852 0.1866 0
1670585250964 0.1874 0
1670585255525 0.189 0
1670585259812 0.1886 0
1670585264094 0.186 0
1670585267964 0.1876 0
1670585272090 0.1871 0
1670585275828 0.1869 0
1670585279757 0.1883 0
1670585284081 0.1873 0
1670585288080 0.1886 0
1670585291838 0.1874 0
1670585295481 0.1887 0
1670585299418 0.1865 0
1670585303255 0.1889 0
1670585306566 0.187 0
1670585310357 0.1857 0
1670585313899 0.1864 0
1670585317379 0.1877 0
1670585320713 0.1875 0
1670585324477 0.1853 0
1670585327700 0.1891 0
1670585331110 0.1864 0
1670585334609 0.1885 0
1670585338409 0.1875 0
1670585341913 0.187 0
1670585345609 0.1868 0
1670585348624 0.1877 0
1670585351882 0.1894 0
1670585355140 0.1882 0
1670585358809 0.1887 0
1670585362015 0.188 0
1670585365383 0.1895 0
1670585368896 0.1876 0
1670585372401 0.1877 0
1670585375470 0.1883 0
1670585379149 0.1892 0
1670585382357 0.1866 0
1670585385619 0.188 0
1670585389012 0.1883 0
1670585392120 0.189 0
1670585395431 0.1863 0
1670585399109 0.1878 0
1670585402969 0.1878 0
1670585406447 0.1868 0
1670585409719 0.1873 0
1670585412809 0.185 0
1670585416511 0.1866 0
1670585420005 0.1878 0
1670585423365 0.1873 0
1670585427548 0.1866 0
1670585431504 0.1867 0
1670585435719 0.189 0
1670585439923 0.1876 0
1670585443756 0.1883 0
1670585447686 0.188 0
1670585451384 0.1878 0
1670585455200 0.1879 0
1670585458692 0.1888 0
1670585462378 0.188 0
1670585465919 0.1876 0
1670585468891 0.189 0
1670585472451 0.1883 0
1670585476259 0.1873 0
1670585479901 0.1863 0
1670585483570 0.1882 0
1670585487190 0.1879 0
1670585490905 0.1885 0
1670585494684 0.1889 0
1670585498567 0.1875 0
1670585503257 0.1871 0
1670585506979 0.1882 0
1670585510557 0.1893 0
1670585514584 0.1872 0
1670585517855 0.1874 0
1670585521840 0.1878 0
1670585525643 0.1884 0
1670585529354 0.1877 0
1670585532598 0.1884 0
1670585536582 0.1888 0
1670585540422 0.1901 0
1670585543961 0.1873 0
1670585547483 0.1869 0
1670585550714 0.1876 0
1670585554405 0.1891 0
1670585557966 0.1857 0
1670585561703 0.1882 0
1670585565771 0.1878 0
1670585569975 0.1887 0
1670585574480 0.1859 0
1670585578795 0.1874 0
1670585582516 0.1861 0
1670585585716 0.1871 0
1670585590041 0.188 0
1670585593654 0.1857 0
1670585597742 0.1867 0
1670585601767 0.187 0
1670585605717 0.1876 0
1670585609562 0.1881 0
1670585613608 0.1885 0
1670585618261 0.1873 0
1670585622444 0.1877 0
1670585626976 0.1872 0
1670585631425 0.1886 0
1670585635819 0.1876 0
1670585640093 0.1891 0
1670585644473 0.1884 0
1670585648724 0.1867 0
1670585652330 0.1861 0
1670585656628 0.1881 0
1670585660675 0.189 0
1670585664897 0.1867 0
1670585668908 0.1894 0
1670585672791 0.1879 0
1670585677397 0.1882 0
1670585681640 0.1893 0
1670585685891 0.1901 0
1670585690112 0.1874 0
1670585694341 0.1874 0
1670585698462 0.187 0
1670585703168 0.187 0
1670585707436 0.1879 0
1670585711324 0.1888 0
1670585715409 0.1883 0
1670585719636 0.187 0
1670585723770 0.185 0
