1670615063693 0.005 0
1670615068998 0.005166666666666667 0
1670615073972 0.004666666666666667 0
1670615078574 0.0055 0
1670615083761 0.0065 0
1670615089252 0.006666666666666667 0
1670615094089 0.005166666666666667 0
1670615099027 0.005166666666666667 0
1670615104087 0.005166666666666667 0
1670615109039 0.004333333333333333 0
1670615114327 0.004833333333333334 0
1670615119369 0.005 0
1670615124323 0.004333333333333333 0
1670615130150 0.005 0
1670615134194 0.005333333333333333 0
1670615137435 0.005166666666666667 0
1670615142108 0.004166666666666667 0
1670615144380 0.003833333333333333 0
1670615147711 0.004833333333333334 0
1670615153161 0.004666666666666667 0
1670615156212 0.004 0
1670615158874 0.005166666666666667 0
1670615164602 0.005166666666666667 0
1670615167019 0.005166666666666667 0
1670615168105 0.0045 0
1670615169980 0.005 0
1670615175298 0.005666666666666667 0
1670615180544 0.006 0
1670615183622 0.006166666666666667 0
1670615188018 0.004 0
1670615192436 0.006 0
1670615197398 0.0045 0
1670615203769 0.005166666666666667 0
1670615208827 0.004 0
1670615213053 0.006833333333333334 0
1670615217407 0.004833333333333334 0
1670615221788 0.005833333333333334 0
1670615227351 0.004666666666666667 0
1670615232531 0.005166666666666667 0
1670615237450 0.005333333333333333 0
1670615243237 0.003833333333333333 0
1670615248156 0.004666666666666667 0
1670615254227 0.004666666666666667 0
1670615258465 0.0035 0
1670615263088 0.004833333333333334 0
1670615268278 0.005166666666666667 0
1670615272900 0.0035 0
1670615277306 0.004333333333333333 0
1670615282528 0.0065 0
1670615287923 0.004333333333333333 0
1670615293576 0.0036666666666666666 0
1670615299726 0.003833333333333333 0
1670615305730 0.006166666666666667 0
1670615311227 0.0045 0
1670615317195 0.004333333333333333 0
1670615322384 0.005166666666666667 0
1670615327893 0.005666666666666667 0
1670615334497 0.004833333333333334 0
1670615336686 0.005166666666666667 0
1670615337751 0.005 0
1670615338888 0.0055 0
1670615340615 0.005166666666666667 0
1670615344408 0.006833333333333334 0
1670615345413 0.004166666666666667 0
1670615346538 0.004666666666666667 0
1670615347602 0.004666666666666667 0
1670615348961 0.003833333333333333 0
1670615350125 0.005333333333333333 0
1670615351350 0.005166666666666667 0
1670615352631 0.005666666666666667 0
1670615353827 0.0036666666666666666 0
1670615355036 0.0055 0
1670615357630 0.005833333333333334 0
1670615362037 0.0055 0
1670615368727 0.004666666666666667 0
1670615374068 0.004 0
1670615379818 0.005 0
1670615382528 0.005666666666666667 0
1670615388149 0.0055 0
1670615391527 0.005166666666666667 0
1670615396126 0.005333333333333333 0
1670615403250 0.004333333333333333 0
1670615410494 0.005166666666666667 0
1670615417218 0.007166666666666667 0
1670615423805 0.005333333333333333 0
1670615431008 0.005666666666666667 0
1670615438507 0.0055 0
1670615445442 0.005666666666666667 0
1670615452814 0.005166666666666667 0
1670615459633 0.004833333333333334 0
1670615461007 0.004666666666666667 0
1670615462012 0.005333333333333333 0
1670615462985 0.005833333333333334 0
1670615464027 0.005 0
1670615470275 0.005166666666666667 0
1670615477411 0.0036666666666666666 0
1670615482605 0.004 0
1670615485130 0.005166666666666667 0
1670615491583 0.0065 0
1670615497690 0.004 0
1670615503412 0.004833333333333334 0
1670615510614 0.004666666666666667 0
