1670632259601 0.0 0
1670632263765 0.0 0
1670632268068 0.0 0
1670632272648 0.0 0
1670632277220 0.0 0
1670632281459 0.0 0
1670632286209 0.0 0
1670632290535 0.0 0
1670632294576 0.0 0
1670632298973 0.0 0
1670632303362 0.0 0
1670632307576 0.0 0
1670632311815 0.0 0
1670632316001 0.0 0
1670632320069 0.0 0
1670632323938 0.0 0
1670632327858 0.0 0
1670632331692 0.0 0
1670632335709 0.0 0
1670632339789 0.0 0
1670632343919 0.0 0
1670632348038 0.0 0
1670632352138 0.0 0
1670632355939 0.0 0
1670632359876 0.0 0
1670632363522 0.0 0
1670632367671 0.0 0
1670632371631 0.0 0
1670632375667 0.0 0
1670632379870 0.0 0
1670632384058 0.0 0
1670632388159 0.0 0
1670632392754 0.0 0
1670632396722 0.0 0
1670632400924 0.0 0
1670632404955 0.0 0
1670632408909 0.0 0
1670632413015 0.0 0
1670632417081 0.0 0
1670632420784 0.0 0
1670632424743 0.0 0
1670632428578 0.0 0
1670632432392 0.0 0
1670632436476 0.0 0
1670632440322 0.0 0
1670632444583 0.0 0
1670632448365 0.0 0
1670632452459 0.0 0
1670632456403 0.0 0
1670632460632 0.0 0
1670632464870 0.0 0
1670632468886 0.0 0
1670632472947 0.0 0
1670632476835 0.0 0
1670632480983 0.0 0
1670632485230 0.0 0
1670632489094 0.0 0
1670632493026 0.0 0
1670632496758 0.0 0
1670632500397 0.0 0
1670632504210 0.0 0
1670632508083 0.0 0
1670632511700 0.0 0
1670632514936 0.0 0
1670632518610 0.0 0
1670632522563 0.0 0
1670632526681 0.0 0
1670632530593 0.0 0
1670632534144 0.0 0
1670632538041 0.0 0
1670632542019 0.0 0
1670632545641 0.0 0
1670632549350 0.0 0
1670632553038 0.0 0
1670632556804 0.0 0
1670632560765 0.0 0
1670632564691 0.0 0
1670632568196 0.0 0
1670632572344 0.0 0
1670632575851 0.0 0
1670632579497 0.0 0
1670632583058 0.0 0
1670632586997 0.0 0
1670632590803 0.0 0
1670632594790 0.0 0
1670632599136 0.0 0
1670632603013 0.0 0
1670632606960 0.0 0
1670632611085 0.0 0
1670632614766 0.0 0
1670632618770 0.0 0
1670632622310 0.0 0
1670632626237 0.0 0
1670632630100 0.0 0
1670632634189 0.0 0
1670632638225 0.0 0
1670632641887 0.0 0
1670632645755 0.0 0
1670632649718 0.0 0
