1670632263783 0.0 0
1670632268097 0.0 0
1670632272672 0.0 0
1670632277234 0.0 0
1670632281485 0.0 0
1670632286234 0.0 0
1670632290541 0.0 0
1670632294592 0.0 0
1670632298998 0.0 0
1670632303381 0.0 0
1670632307601 0.0 0
1670632311834 0.0 0
1670632316020 0.0 0
1670632320094 0.0 0
1670632323963 0.0 0
1670632327878 0.0 0
1670632331712 0.0 0
1670632335730 0.0 0
1670632339808 0.0 0
1670632343943 0.0 0
1670632348055 0.0 0
1670632352162 0.0 0
1670632355960 0.0 0
1670632359892 0.0 0
1670632363541 0.0 0
1670632367689 0.0 0
1670632371660 0.0 0
1670632375688 0.0 0
1670632379895 0.0 0
1670632384077 0.0 0
1670632388165 0.0 0
1670632392760 0.0 0
1670632396747 0.0 0
1670632400952 0.0 0
1670632404980 0.0 0
1670632408933 0.0 0
1670632413039 0.0 0
1670632417099 0.0 0
1670632420800 0.0 0
1670632424764 0.0 0
1670632428598 0.0 0
1670632432421 0.0 0
1670632436488 0.0 0
1670632440339 0.0 0
1670632444601 0.0 0
1670632448383 0.0 0
1670632452485 0.0 0
1670632456427 0.0 0
1670632460651 0.0 0
1670632464889 0.0 0
1670632468904 0.0 0
1670632472966 0.0 0
1670632476853 0.0 0
1670632481010 0.0 0
1670632485236 0.0 0
1670632489115 0.0 0
1670632493051 0.0 0
1670632496776 0.0 0
1670632500422 0.0 0
1670632504229 0.0 0
1670632508112 0.0 0
1670632511713 0.0 0
1670632514953 0.0 0
1670632518634 0.0 0
1670632522587 0.0 0
1670632526687 0.0 0
1670632530599 0.0 0
1670632534160 0.0 0
1670632538066 0.0 0
1670632542025 0.0 0
1670632545666 0.0 0
1670632549356 0.0 0
1670632553056 0.0 0
1670632556825 0.0 0
1670632560776 0.0 0
1670632564706 0.0 0
1670632568212 0.0 0
1670632572371 0.0 0
1670632575866 0.0 0
1670632579503 0.0 0
1670632583076 0.0 0
1670632587022 0.0 0
1670632590823 0.0 0
1670632594812 0.0 0
1670632599158 0.0 0
1670632603032 0.0 0
1670632606981 0.0 0
1670632611112 0.0 0
1670632614785 0.0 0
1670632618787 0.0 0
1670632622329 0.0 0
1670632626256 0.0 0
1670632630116 0.0 0
1670632634204 0.0 0
1670632638239 0.0 0
1670632641912 0.0 0
1670632645770 0.0 0
1670632649724 0.0 0
