1670610071161 0.0 0
1670610071842 0.0 0
1670610072305 0.0 0
1670610072814 0.0 0
1670610073473 0.0 0
1670610073965 0.0 0
1670610074505 0.0 0
1670610075252 0.0 0
1670610075907 0.0 0
1670610076509 0.0 0
1670610077218 0.0 0
1670610077843 0.0 0
1670610078364 0.0 0
1670610079176 0.0 0
1670610079845 0.0 0
1670610080408 0.00033253416458368804 0
1670610080992 0.00032218490659184304 0
1670610081556 0.0003127528887155073 0
1670610082007 0.0003041093446521798 0
1670610082794 0.00029614959153436245 0
1670610083284 0.0002887875109012925 0
1670610083798 0.00028195150497305383 0
1670610084346 0.0002755814827496777 0
1670610084882 0.0002696265790321489 0
1670610085358 0.0002640434041991403 0
1670610085909 0.00025879468440504746 0
1670610086486 0.0002538481930760101 0
1670610086956 0.0002491759025746592 0
1670610087695 0.000234549534951027 0
1670610088160 0.0002308637604796332 0
1670610088774 0.00022734620053234262 0
1670610089308 0.00022398445646055397 0
1670610089872 0.00022076737047350257 0
1670610090436 0.0002176848706568071 0
1670610091122 0.00021472783897297747 0
1670610091648 0.00021188799832865449 0
1670610092025 0.00020915781554200414 0
1670610092775 0.0002065304176344201 0
1670610093414 0.0002039995193397598 0
1670610093892 0.00020155936009904441 0
1670610094531 0.00019920464910958542 0
1670610095064 0.00019693051724065677 0
1670610095537 0.00019473247482526367 0
1670610096108 0.00019260637449864564 0
1670610096687 0.00019054837838621333 0
1670610097351 0.00018855492905236424 0
1670610097856 0.00018662272371156084 0
1670610098390 0.0001847486912777423 0
1670610099001 0.00018292997189040507 0
1670610099461 0.00018116389860780104 0
1670610099815 0.00017944798100146746 0
1670610100615 0.0001777798904231918 0
1670610101206 0.00017615744674671224 0
1670610101700 0.0001745786064129204 0
1670610102093 0.00017304145162985637 0
1670610102675 0.00024042427708543103 0
1670610103155 0.00023841734628672306 0
1670610103781 0.00023645976083725697 0
1670610104508 0.000234549534951027 0
1670610105110 0.00023268479272914473 0
1670610105725 0.00023086376047963314 0
1670610106543 0.00022908475968179604 0
1670610106981 0.00022734620053234262 0
1670610107596 0.00022564657601739015 0
1670610108048 0.00022398445646055397 0
1670610108472 0.00022235848450268225 0
1670610109049 0.00022076737047350257 0
1670610109699 0.00021920988811959926 0
1670610110344 0.0002176848706568071 0
1670610110885 0.00021619120711835596 0
1670610111571 0.00021472783897297744 0
1670610112040 0.00021329375698974037 0
1670610112730 0.00021188799832865446 0
1670610113419 0.0002105096438381073 0
1670610114345 0.00020915781554200423 0
1670610114745 0.00020783167430109563 0
1670610115384 0.00020653041763442012 0
1670610116022 0.00020525327768808384 0
1670610116476 0.0002039995193397598 0
1670610116888 0.00020276843842833138 0
1670610117747 0.0002015593600990444 0
1670610118181 0.00020037163725537512 0
1670610118637 0.00019920464910958542 0
1670610119199 0.0001980577998246244 0
1670610119855 0.00019693051724065677 0
1670610120366 0.00019582225168006265 0
1670610120746 0.00019473247482526367 0
1670610121048 0.00019366067866419275 0
1670610121385 0.00019260637449864567 0
1670610122104 0.00019156909201113484 0
1670610122562 0.00019054837838621339 0
1670610123099 0.0001895437974825552 0
1670610123804 0.00018855492905236419 0
1670610124455 0.00018758136800495188 0
1670610124947 0.00018662272371156084 0
1670610125384 0.00018567861934873616 0
1670610126020 0.0001847486912777423 0
1670610126783 0.00018383258845771556 0
1670610127442 0.0001829299718904051 0
1670610128188 0.00018204051409451475 0
1670610128814 0.00018116389860780096 0
1670610129461 0.0001802998195152108 0
1670610130017 0.00017944798100146746 0
1670610130735 0.00017860809692662216 0
1670610131343 0.0001777798904231918 0
1670610131978 0.00017696309351359832 0
1670610132486 0.0001761574467467123 0
1670610133096 0.00017536269885238404 0
1670610133621 0.0001745786064129204 0
1670610134368 0.00017380493355053408 0
1670610135005 0.00017304145162985637 0
1670610135617 0.00017228793897466245 0
1670610136088 0.00017154418059801588 0
1670610136605 0.00017080996794508594 0
1670610137163 0.00017008509864794216 0
1670610137604 0.0001693693762916719 0
1670610138143 0.0001686626101912091 0
1670610138701 0.00016796461517829922 0
1670610139273 0.00016727521139806056 0
1670610139905 0.00016659422411463695 0
1670610140406 0.00020236300009943739 0
1670610141102 0.0002015593600990444 0
1670610141914 0.00020076521088448207 0
1670610142688 0.00019998036727632287 0
1670610143264 0.00019920464910958542 0
1670610143976 0.00019843788106066636 0
1670610144548 0.00019767989248150938 0
1670610145042 0.00019693051724065677 0
1670610145864 0.00019618959357085017 0
1670610146365 0.00019545696392286248 0
