1670610070596 0.0 0
1670610071154 0.0 0
1670610071839 0.0 0
1670610072302 0.0 0
1670610072810 0.0 0
1670610073470 0.0 0
1670610073962 0.0 0
1670610074502 0.0 0
1670610075249 0.0 0
1670610075904 0.0 0
1670610076485 0.0 0
1670610077215 0.0 0
1670610077838 0.0 0
1670610078361 0.0 0
1670610079173 0.0 0
1670610079842 0.0 0
1670610080405 0.0003333333333333333 0
1670610080989 0.0 0
1670610081542 0.0 0
1670610082004 0.0 0
1670610082791 0.0 0
1670610083281 0.0 0
1670610083795 0.0 0
1670610084342 0.0 0
1670610084878 0.0 0
1670610085355 0.0 0
1670610085906 0.0 0
1670610086482 0.0 0
1670610086953 0.0 0
1670610087691 0.0 0
1670610088157 0.0 0
1670610088769 0.0 0
1670610089305 0.0 0
1670610089869 0.0 0
1670610090433 0.0 0
1670610091118 0.0 0
1670610091645 0.0 0
1670610092022 0.0 0
1670610092757 0.0 0
1670610093411 0.0 0
1670610093889 0.0 0
1670610094528 0.0 0
1670610095061 0.0 0
1670610095534 0.0 0
1670610096104 0.0 0
1670610096684 0.0 0
1670610097348 0.0 0
1670610097853 0.0 0
1670610098387 0.0 0
1670610098998 0.0 0
1670610099452 0.0 0
1670610099812 0.0 0
1670610100611 0.0 0
1670610101203 0.0 0
1670610101697 0.0 0
1670610102090 0.0 0
1670610102672 0.0003333333333333333 0
1670610103152 0.0 0
1670610103778 0.0 0
1670610104504 0.0 0
1670610105107 0.0 0
1670610105722 0.0 0
1670610106521 0.0 0
1670610106978 0.0 0
1670610107593 0.0 0
1670610108045 0.0 0
1670610108469 0.0 0
1670610109046 0.0 0
1670610109695 0.0 0
1670610110341 0.0 0
1670610110882 0.0 0
1670610111554 0.0 0
1670610112036 0.0 0
1670610112727 0.0 0
1670610113416 0.0 0
1670610114342 0.0 0
1670610114742 0.0 0
1670610115381 0.0 0
1670610116019 0.0 0
1670610116473 0.0 0
1670610116885 0.0 0
1670610117744 0.0 0
1670610118178 0.0 0
1670610118633 0.0 0
1670610119196 0.0 0
1670610119852 0.0 0
1670610120357 0.0 0
1670610120743 0.0 0
1670610121045 0.0 0
1670610121382 0.0 0
1670610122099 0.0 0
1670610122535 0.0 0
1670610123095 0.0 0
1670610123801 0.0 0
1670610124452 0.0 0
1670610124943 0.0 0
1670610125381 0.0 0
1670610126017 0.0 0
1670610126780 0.0 0
1670610127439 0.0 0
1670610128185 0.0 0
1670610128810 0.0 0
1670610129458 0.0 0
1670610130014 0.0 0
1670610130730 0.0 0
1670610131340 0.0 0
1670610131975 0.0 0
1670610132480 0.0 0
1670610133093 0.0 0
1670610133618 0.0 0
1670610134362 0.0 0
1670610135002 0.0 0
1670610135614 0.0 0
1670610136084 0.0 0
1670610136602 0.0 0
1670610137160 0.0 0
1670610137586 0.0 0
1670610138138 0.0 0
1670610138698 0.0 0
1670610139269 0.0 0
1670610139902 0.0 0
1670610140403 0.0003333333333333333 0
1670610141098 0.0 0
1670610141910 0.0 0
1670610142679 0.0 0
1670610143260 0.0 0
1670610143972 0.0 0
1670610144545 0.0 0
1670610145039 0.0 0
1670610145861 0.0 0
1670610146357 0.0 0
