1670617800330 0.023597237367659285 0
1670617805080 0.009748890935721621 0
1670617809846 0.007675125311102149 0
1670617814264 0.009078004214755797 0
1670617818674 0.023927057451060163 0
1670617823748 0.02109209258143918 0
1670617828358 0.019084400976169258 0
1670617833087 0.024962873132570285 0
1670617837730 0.023325372649633302 0
1670617842530 0.02190549592395974 0
1670617847372 0.020772779697854182 0
1670617852352 0.021902805519920077 0
1670617856911 0.021227772680884383 0
1670617861368 0.022158945461510093 0
1670617865858 0.02132533345914578 0
1670617870423 0.020620470090634613 0
1670617874929 0.020171694054399336 0
1670617879492 0.01999692774844397 0
1670617884049 0.023806682893666165 0
1670617888610 0.023586463317848638 0
1670617893195 0.023066974324652767 0
1670617897600 0.022613956811960434 0
1670617902069 0.0225605844808201 0
1670617906624 0.022645463518593312 0
1670617911138 0.022578237906584753 0
1670617915519 0.02244751795008315 0
1670617919904 0.022006688018606724 0
1670617924467 0.02164413922888464 0
1670617929028 0.020370159700276003 0
1670617933409 0.020175647870924074 0
1670617937665 0.01997258470207519 0
1670617941927 0.020670271454029443 0
1670617946125 0.02049830763431504 0
1670617950421 0.020213816052507827 0
1670617954949 0.01995572572251403 0
1670617959439 0.020008807607017065 0
1670617963888 0.020317002549151808 0
1670617968429 0.020110859353287935 0
1670617972922 0.020112475968805943 0
1670617977595 0.019900267429124874 0
1670617982264 0.019669157005289817 0
1670617986914 0.019439320247531255 0
1670617991587 0.01943700108729729 0
1670617996162 0.019289634327774308 0
1670618000793 0.019950444744714968 0
1670618005400 0.019784086793332656 0
1670618010025 0.019759536746693174 0
1670618014547 0.020179334496341128 0
1670618019138 0.020202904534059374 0
1670618023834 0.021071691991671693 0
1670618028455 0.020880541042215928 0
1670618032990 0.02129977629747426 0
1670618037628 0.021529145163324714 0
1670618041968 0.02134698848935812 0
1670618046530 0.02120907749680878 0
1670618051169 0.021044103611436493 0
1670618055786 0.02086675616747491 0
1670618060411 0.020710719483922557 0
1670618064949 0.02056245096853293 0
1670618069559 0.020675899253497887 0
1670618074174 0.020540025977091814 0
1670618078725 0.02049250518970025 0
1670618083237 0.020350704025442923 0
1670618087749 0.020340722633188424 0
1670618092391 0.02022400650136269 0
1670618096866 0.02009554977888317 0
1670618101027 0.02015716693568903 0
1670618105558 0.020294951548864515 0
1670618110211 0.020184369475506503 0
1670618114774 0.0200868813220052 0
1670618119502 0.02003793927148867 0
1670618124027 0.020172089769451063 0
1670618128606 0.02004797918868384 0
1670618133155 0.020246050530135506 0
1670618137709 0.020165395976077582 0
1670618142173 0.02003613933096815 0
1670618146894 0.020453539603610627 0
1670618151669 0.0204453511148579 0
1670618156438 0.020354754561812682 0
1670618161211 0.02023052663397429 0
1670618165585 0.020113294521342917 0
1670618170025 0.0199930971187805 0
1670618174703 0.019875422393159647 0
1670618179260 0.019824247676675122 0
1670618183783 0.019736728466724696 0
1670618188398 0.019751410895795463 0
1670618192985 0.019689431477840302 0
1670618197605 0.019580314930349618 0
1670618202284 0.019582665893582818 0
1670618206735 0.019608391262940672 0
1670618211465 0.01966602525218275 0
1670618216035 0.019741472982786834 0
1670618220524 0.01969619426147351 0
1670618225126 0.019605364333578512 0
1670618229731 0.019503150633206734 0
1670618234324 0.0194041062586503 0
1670618238867 0.019305824439234898 0
1670618243385 0.019208086399141067 0
1670618247874 0.019156241243470484 0
1670618252410 0.019476646247390983 0
1670618257107 0.019485542048510385 0
1670618261767 0.01939252270564995 0
1670618266335 0.019358623904023986 0
1670618270888 0.01927176523710228 0
1670618275609 0.019298981862261533 0
1670618280175 0.01929094708302015 0
1670618284680 0.01927449823979621 0
1670618288930 0.019190666302017823 0
1670618292850 0.019117628346232207 0
1670618297051 0.019088190374313196 0
1670618301068 0.01909940230820928 0
1670618305289 0.019030758309962703 0
1670618309482 0.018957071469009712 0
1670618313657 0.01904102001548713 0
1670618317789 0.01895876953899789 0
1670618321838 0.018877575815133163 0
1670618325934 0.018804304297388663 0
1670618330010 0.018730567963096467 0
1670618334271 0.018855652090588926 0
1670618338488 0.018821014271164782 0
1670618342462 0.01874378825623102 0
1670618346490 0.018871155658922945 0
1670618350553 0.01881316651143361 0
1670618354558 0.018753528293511068 0
1670618358423 0.01867907092725507 0
1670618362432 0.018742509389649276 0
1670618366558 0.018669605873624318 0
1670618370582 0.018624025640500808 0
1670618374602 0.01864627813496833 0
1670618378822 0.018803239218919687 0
1670618382685 0.018820044135543168 0
1670618386817 0.018755636590650826 0
1670618390905 0.018686124038882146 0
1670618394979 0.018632811264427285 0
1670618399105 0.018586353775482678 0
1670618403039 0.01851847998723677 0
1670618407147 0.01857552041037025 0
1670618411496 0.018838472595870015 0
1670618415363 0.01877656802814398 0
1670618418863 0.01874506988878577 0
1670618423357 0.01868571586435741 0
1670618427851 0.0186825424155167 0
1670618432217 0.018618770502612625 0
1670618436319 0.01858364383668376 0
1670618440280 0.018531681926374777 0
1670618443901 0.0184801241350534 0
1670618447449 0.01842464339762706 0
1670618450945 0.018559531175175725 0
1670618454709 0.01851272077690591 0
1670618458564 0.018470085175491646 0
1670618462413 0.01844914998523184 0
1670618466203 0.018390363195816772 0
1670618470045 0.01834774663277494 0
1670618474021 0.018292398369569862 0
1670618477905 0.018237718852584628 0
1670618481742 0.01818671339415001 0
1670618485551 0.018183341638058348 0
1670618489359 0.018223053775539233 0
1670618493154 0.01819724204043549 0
1670618496917 0.01815790646998605 0
1670618501354 0.01820850286268505 0
1670618505347 0.018411698471395677 0
1670618509101 0.01836706653635012 0
1670618512915 0.01834581755795095 0
1670618516719 0.018335743636803126 0
1670618520581 0.01829645629516885 0
1670618524432 0.018259189844992085 0
1670618528297 0.018232621527845216 0
1670618532159 0.018182837231932814 0
1670618535656 0.018178582647637387 0
1670618539090 0.018125705773214484 0
1670618542323 0.018079339083492907 0
1670618545631 0.018066250070957746 0
1670618548877 0.018014624251513234 0
1670618552195 0.01796523758841906 0
1670618555387 0.017921362009031383 0
1670618558734 0.01787144608551805 0
1670618562002 0.017898854647732665 0
1670618565094 0.017857759655632854 0
1670618568349 0.01782026362137823 0
1670618571543 0.017798075910237965 0
1670618574703 0.017758092468718845 0
1670618577962 0.017714945255084547 0
1670618581622 0.017841693062296105 0
1670618585269 0.0177951818377301 0
1670618589001 0.017790798940606534 0
1670618592879 0.017743571740446717 0
1670618596673 0.017773995032027368 0
1670618600453 0.01775510768148436 0
1670618604183 0.01779582302446825 0
1670618607914 0.017840536423841202 0
1670618611651 0.017928937056191585 0
1670618615380 0.018075855978386346 0
1670618619114 0.01814622998710902 0
1670618622770 0.01809993484977812 0
1670618626426 0.018083296828652284 0
1670618630138 0.018062198502912352 0
1670618634065 0.018040505184686584 0
1670618637764 0.017995350140270983 0
1670618641423 0.01796572507826988 0
1670618645097 0.017928102921571987 0
1670618648811 0.01788948064430851 0
1670618652707 0.01788765187719099 0
1670618656296 0.01784495445281309 0
1670618660293 0.01780653309225666 0
1670618663868 0.017764418709703134 0
1670618666560 0.01772706380447142 0
1670618669902 0.017684815618794647 0
1670618673361 0.017759559343250686 0
1670618677218 0.01778910603444539 0
1670618681026 0.01775734223604719 0
1670618684387 0.017725362069053063 0
1670618687733 0.017685757812270664 0
1670618691038 0.01768582604656599 0
1670618694319 0.017708727061547358 0
1670618697671 0.017696122317463092 0
1670618700990 0.017741943338813404 0
1670618704287 0.01770139028599449 0
1670618707756 0.01772845266442502 0
1670618711159 0.01774648089789066 0
1670618714449 0.017706503466818346 0
1670618717727 0.017682542142561597 0
1670618720979 0.01764883431274089 0
1670618724227 0.017660354016347024 0
1670618727487 0.01778724670435583 0
1670618730776 0.017841030633611865 0
1670618734117 0.017921392862091157 0
1670618737498 0.01790308838753607 0
1670618741133 0.017938540750099596 0
1670618745566 0.01789980568179439 0
1670618749714 0.017866506122267478 0
1670618753786 0.017837946736029342 0
1670618758067 0.017800765081859904 0
1670618761944 0.01790569404157405 0
1670618765634 0.017874625070010586 0
1670618769339 0.01794583648274828 0
1670618772681 0.017922496689176892 0
1670618776398 0.017891376414660876 0
1670618780019 0.01788725955635606 0
1670618783653 0.01786778261216193 0
1670618787474 0.01795643837777605 0
1670618791379 0.01792132372777311 0
1670618795073 0.017989347466688788 0
1670618798855 0.01795773309087778 0
1670618802881 0.017966991342078464 0
1670618806828 0.018078185169712713 0
1670618810547 0.01805506342525731 0
1670618814772 0.018043183119712314 0
