1670646811330 0.006232307742762046 0
1670646841783 0.0068780866364275455 0
1670646853714 0.007660157740510265 0
1670646865609 0.006892940009515905 0
1670646877518 0.008024729076106338 0
1670646889450 0.006591334559274771 0
1670646907457 0.006227250875178111 0
1670646929978 0.006888069691906948 0
1670646943028 0.0068982215441907935 0
1670646954926 0.006892940009515905 0
1670646975248 0.008391969161397325 0
1670647006223 0.006864224648713368 0
1670647022907 0.005979328958584596 0
1670647034944 0.005927869056343903 0
1670647046774 0.006656490732523364 0
1670647058614 0.0074417615071090595 0
1670647071027 0.007580262299359359 0
1670647091972 0.0064672424515622535 0
1670647112571 0.007190318119988374 0
1670647129718 0.006375986920333867 0
1670647141671 0.007575365673765325 0
1670647221626 0.007112383895550205 0
1670647233151 0.006879302090276481 0
1670647244743 0.005800756596083999 0
1670647256270 0.008090907493321161 0
1670647267836 0.0071769803296141115 0
1670647279324 0.007164321137943373 0
1670647297460 0.006828045637960814 0
1670647376533 0.006837222271480015 0
1670647388057 0.00686506461373608 0
