1670588774853 0.002 0
1670588775896 0.002 0
1670588776954 0.0013333333333333333 0
1670588778117 0.003 0
1670588779195 0.0013333333333333333 0
1670588780393 0.0003333333333333333 0
1670588781517 0.0013333333333333333 0
1670588782632 0.0016666666666666668 0
1670588783766 0.0006666666666666666 0
1670588784911 0.0006666666666666666 0
1670588786101 0.002 0
1670588787202 0.0016666666666666668 0
1670588788296 0.0013333333333333333 0
1670588789414 0.003 0
1670588790677 0.0013333333333333333 0
1670588791657 0.0013333333333333333 0
1670588792625 0.0023333333333333335 0
1670588793783 0.0006666666666666666 0
1670588795191 0.0013333333333333333 0
1670588796209 0.0036666666666666666 0
1670588797165 0.0033333333333333335 0
1670588798395 0.001 0
1670588799361 0.0033333333333333335 0
1670588800296 0.0016666666666666668 0
1670588801249 0.0026666666666666666 0
1670588802482 0.0033333333333333335 0
1670588803434 0.0016666666666666668 0
1670588804537 0.001 0
1670588805718 0.002 0
1670588806832 0.0013333333333333333 0
1670588808221 0.003 0
1670588809566 0.0013333333333333333 0
1670588810943 0.0013333333333333333 0
1670588812072 0.001 0
1670588813199 0.0023333333333333335 0
1670588814153 0.0013333333333333333 0
1670588815429 0.002 0
1670588816703 0.002 0
1670588817712 0.0026666666666666666 0
1670588818966 0.003 0
1670588819955 0.004666666666666667 0
1670588820925 0.001 0
1670588822164 0.0016666666666666668 0
1670588823164 0.001 0
1670588824360 0.0003333333333333333 0
1670588825481 0.0013333333333333333 0
1670588826662 0.003 0
1670588827751 0.0016666666666666668 0
1670588828770 0.0023333333333333335 0
1670588829792 0.002 0
1670588830900 0.0016666666666666668 0
1670588831931 0.0023333333333333335 0
1670588833224 0.0013333333333333333 0
1670588834430 0.002 0
1670588835449 0.003 0
1670588836453 0.001 0
1670588837757 0.0016666666666666668 0
1670588838770 0.0023333333333333335 0
1670588839955 0.0016666666666666668 0
1670588841027 0.002 0
1670588842197 0.001 0
1670588843401 0.0016666666666666668 0
1670588844667 0.0016666666666666668 0
1670588845828 0.0016666666666666668 0
1670588846908 0.0013333333333333333 0
1670588847992 0.0023333333333333335 0
1670588849151 0.0013333333333333333 0
1670588850507 0.004 0
1670588851761 0.0013333333333333333 0
1670588852798 0.0023333333333333335 0
1670588853863 0.0013333333333333333 0
1670588854798 0.002 0
1670588856003 0.0013333333333333333 0
1670588857359 0.0016666666666666668 0
1670588858570 0.0023333333333333335 0
1670588859682 0.001 0
1670588860796 0.0023333333333333335 0
1670588861861 0.0036666666666666666 0
1670588863010 0.0026666666666666666 0
1670588863982 0.003 0
1670588864940 0.0023333333333333335 0
1670588866100 0.003 0
1670588867644 0.0036666666666666666 0
1670588868906 0.003 0
1670588870105 0.002 0
1670588871240 0.0016666666666666668 0
1670588872565 0.0006666666666666666 0
1670588873780 0.0016666666666666668 0
1670588875158 0.0023333333333333335 0
1670588876308 0.003 0
1670588877628 0.0013333333333333333 0
1670588878726 0.0013333333333333333 0
1670588879927 0.0013333333333333333 0
1670588881022 0.0016666666666666668 0
1670588882362 0.0013333333333333333 0
1670588883416 0.004 0
1670588884626 0.0016666666666666668 0
1670588885609 0.002 0
1670588886919 0.0013333333333333333 0
1670588887985 0.0013333333333333333 0
1670588889034 0.0003333333333333333 0
1670588889984 0.001 0
1670588891083 0.0033333333333333335 0
1670588892041 0.001 0
1670588893361 0.0023333333333333335 0
1670588894673 0.0013333333333333333 0
1670588895608 0.0016666666666666668 0
1670588896826 0.001 0
1670588898124 0.0013333333333333333 0
1670588899255 0.002 0
1670588900200 0.0006666666666666666 0
1670588901459 0.0016666666666666668 0
1670588902426 0.0016666666666666668 0
1670588903367 0.001 0
1670588904500 0.002 0
1670588905576 0.001 0
1670588906511 0.0016666666666666668 0
1670588907444 0.0023333333333333335 0
1670588908652 0.0016666666666666668 0
1670588909613 0.0023333333333333335 0
1670588910601 0.0013333333333333333 0
1670588911528 0.0026666666666666666 0
1670588912663 0.0013333333333333333 0
1670588913833 0.002 0
1670588914878 0.0016666666666666668 0
1670588915829 0.001 0
1670588916984 0.0006666666666666666 0
1670588917931 0.0013333333333333333 0
1670588919109 0.001 0
1670588920277 0.002 0
1670588921364 0.0013333333333333333 0
1670588922719 0.0026666666666666666 0
1670588924000 0.001 0
1670588924938 0.0006666666666666666 0
1670588926061 0.001 0
1670588927205 0.0026666666666666666 0
1670588928234 0.0016666666666666668 0
1670588929265 0.0033333333333333335 0
1670588930342 0.0016666666666666668 0
1670588931495 0.002 0
1670588932504 0.0016666666666666668 0
1670588933539 0.0006666666666666666 0
1670588934526 0.001 0
1670588935874 0.002 0
1670588936883 0.0023333333333333335 0
1670588938098 0.003 0
1670588939051 0.0033333333333333335 0
1670588940187 0.0006666666666666666 0
1670588941074 0.002 0
1670588942263 0.0013333333333333333 0
1670588943341 0.0023333333333333335 0
1670588944458 0.0016666666666666668 0
1670588945590 0.002 0
1670588946658 0.0013333333333333333 0
1670588947689 0.0006666666666666666 0
1670588948694 0.001 0
1670588949673 0.0023333333333333335 0
1670588950715 0.0013333333333333333 0
1670588951753 0.0023333333333333335 0
1670588952740 0.0006666666666666666 0
1670588954012 0.0003333333333333333 0
1670588955006 0.0026666666666666666 0
1670588956052 0.0016666666666666668 0
1670588957069 0.0016666666666666668 0
1670588958058 0.003 0
1670588959350 0.003 0
1670588960529 0.0016666666666666668 0
1670588961508 0.002 0
1670588962711 0.001 0
1670588963674 0.0006666666666666666 0
1670588964923 0.0016666666666666668 0
1670588966149 0.0013333333333333333 0
1670588967176 0.0016666666666666668 0
1670588968339 0.0023333333333333335 0
1670588969502 0.0006666666666666666 0
1670588970586 0.0006666666666666666 0
1670588971892 0.0013333333333333333 0
1670588972898 0.001 0
1670588973854 0.002 0
1670588975184 0.001 0
1670588976393 0.0006666666666666666 0
1670588977468 0.001 0
1670588978693 0.0026666666666666666 0
1670588979937 0.0003333333333333333 0
1670588981308 0.0033333333333333335 0
1670588982481 0.001 0
1670588983875 0.003 0
1670588985013 0.0006666666666666666 0
1670588986136 0.0013333333333333333 0
1670588987390 0.0026666666666666666 0
1670588988399 0.0013333333333333333 0
1670588989633 0.0016666666666666668 0
1670588990875 0.0023333333333333335 0
1670588992107 0.003 0
1670588993444 0.0016666666666666668 0
1670588994620 0.0016666666666666668 0
1670588995985 0.002 0
1670588997365 0.0023333333333333335 0
1670588998539 0.001 0
1670588999589 0.0013333333333333333 0
1670589000865 0.0013333333333333333 0
1670589002326 0.0026666666666666666 0
1670589003337 0.0013333333333333333 0
1670589004417 0.001 0
1670589005445 0.002 0
1670589006956 0.0023333333333333335 0
1670589008185 0.001 0
1670589009336 0.0016666666666666668 0
1670589010469 0.0013333333333333333 0
1670589011634 0.002 0
1670589012707 0.003 0
1670589013889 0.0033333333333333335 0
1670589015310 0.0013333333333333333 0
1670589016428 0.003 0
1670589017706 0.0023333333333333335 0
1670589018842 0.001 0
1670589020101 0.0016666666666666668 0
1670589021142 0.002 0
1670589022422 0.0016666666666666668 0
1670589023628 0.002 0
1670589024694 0.001 0
1670589025759 0.001 0
1670589027183 0.0033333333333333335 0
1670589028348 0.0023333333333333335 0
1670589029462 0.0013333333333333333 0
1670589030818 0.0026666666666666666 0
1670589032164 0.0013333333333333333 0
1670589033507 0.0016666666666666668 0
1670589034561 0.0026666666666666666 0
1670589036104 0.001 0
1670589037456 0.0016666666666666668 0
1670589038778 0.0013333333333333333 0
1670589039983 0.0013333333333333333 0
1670589041366 0.0013333333333333333 0
1670589042879 0.001 0
1670589044182 0.0006666666666666666 0
1670589045760 0.0016666666666666668 0
1670589047218 0.001 0
1670589048608 0.0006666666666666666 0
1670589049991 0.002 0
1670589051415 0.0013333333333333333 0
1670589052818 0.0023333333333333335 0
1670589054034 0.0033333333333333335 0
1670589055467 0.0013333333333333333 0
1670589056642 0.002 0
1670589058050 0.001 0
1670589059444 0.0003333333333333333 0
1670589060904 0.002 0
1670589062563 0.0016666666666666668 0
1670589063998 0.002 0
1670589065349 0.0013333333333333333 0
1670589066753 0.0026666666666666666 0
1670589067970 0.0006666666666666666 0
1670589069112 0.0016666666666666668 0
1670589070557 0.0016666666666666668 0
1670589071694 0.001 0
1670589073017 0.0026666666666666666 0
1670589074269 0.0016666666666666668 0
1670589075682 0.0026666666666666666 0
1670589076914 0.0033333333333333335 0
1670589078099 0.0016666666666666668 0
1670589079354 0.002 0
1670589080655 0.0013333333333333333 0
1670589081923 0.0013333333333333333 0
1670589083249 0.0013333333333333333 0
1670589084568 0.0003333333333333333 0
1670589085975 0.0023333333333333335 0
1670589087310 0.0033333333333333335 0
1670589088538 0.0026666666666666666 0
1670589089771 0.002 0
1670589090993 0.0013333333333333333 0
1670589092356 0.0013333333333333333 0
1670589093720 0.0016666666666666668 0
1670589094857 0.0026666666666666666 0
1670589096273 0.0016666666666666668 0
1670589097576 0.0016666666666666668 0
1670589098949 0.0016666666666666668 0
1670589099997 0.002 0
1670589101391 0.0033333333333333335 0
1670589102775 0.001 0
1670589104147 0.0013333333333333333 0
1670589105231 0.0026666666666666666 0
1670589106603 0.0023333333333333335 0
1670589108089 0.003 0
1670589109420 0.001 0
1670589110593 0.003 0
1670589111989 0.002 0
1670589113207 0.0006666666666666666 0
1670589114591 0.0016666666666666668 0
1670589115763 0.003 0
1670589116898 0.0016666666666666668 0
1670589118171 0.0033333333333333335 0
1670589119427 0.0023333333333333335 0
1670589120729 0.0023333333333333335 0
1670589122188 0.002 0
1670589123370 0.0016666666666666668 0
1670589124865 0.0013333333333333333 0
1670589126208 0.001 0
1670589127416 0.0023333333333333335 0
1670589128494 0.001 0
1670589129615 0.001 0
1670589130812 0.0013333333333333333 0
1670589131836 0.0016666666666666668 0
1670589133139 0.002 0
1670589134353 0.003 0
1670589135610 0.002 0
1670589136836 0.0016666666666666668 0
1670589137934 0.0016666666666666668 0
1670589139217 0.002 0
1670589140429 0.0016666666666666668 0
1670589141749 0.001 0
1670589142916 0.0013333333333333333 0
1670589144108 0.0013333333333333333 0
1670589145232 0.001 0
1670589146550 0.001 0
1670589147866 0.0023333333333333335 0
1670589148958 0.0006666666666666666 0
1670589150187 0.0016666666666666668 0
1670589151314 0.0016666666666666668 0
1670589152492 0.0023333333333333335 0
1670589153602 0.002 0
1670589154577 0.0013333333333333333 0
1670589155702 0.002 0
1670589157109 0.003 0
1670589158307 0.002 0
1670589159554 0.0006666666666666666 0
1670589160877 0.0023333333333333335 0
1670589162072 0.0016666666666666668 0
1670589163313 0.002 0
1670589164402 0.0033333333333333335 0
1670589165641 0.002 0
1670589166905 0.0006666666666666666 0
1670589168052 0.0013333333333333333 0
1670589169253 0.0026666666666666666 0
1670589170463 0.0 0
1670589171753 0.0023333333333333335 0
1670589173023 0.0023333333333333335 0
1670589174370 0.001 0
1670589175825 0.0013333333333333333 0
1670589177714 0.0013333333333333333 0
1670589178989 0.0013333333333333333 0
1670589180126 0.0016666666666666668 0
1670589181161 0.0026666666666666666 0
1670589182609 0.0013333333333333333 0
1670589183908 0.001 0
1670589185434 0.002 0
1670589186810 0.0033333333333333335 0
1670589188440 0.001 0
1670589189606 0.0016666666666666668 0
1670589190889 0.002 0
1670589192013 0.002 0
1670589193334 0.002 0
1670589194547 0.0006666666666666666 0
1670589195789 0.0023333333333333335 0
1670589197015 0.002 0
1670589198255 0.002 0
1670589199502 0.0016666666666666668 0
1670589200675 0.0013333333333333333 0
1670589201843 0.0013333333333333333 0
1670589202927 0.0033333333333333335 0
1670589203953 0.0013333333333333333 0
1670589205374 0.002 0
1670589206705 0.002 0
1670589207706 0.004 0
1670589208964 0.0023333333333333335 0
1670589210195 0.0016666666666666668 0
1670589211231 0.002 0
1670589212431 0.0023333333333333335 0
1670589213687 0.002 0
1670589215037 0.001 0
1670589216358 0.0016666666666666668 0
1670589217766 0.0006666666666666666 0
1670589218981 0.0006666666666666666 0
1670589220273 0.001 0
1670589221531 0.0023333333333333335 0
1670589222702 0.001 0
1670589223903 0.0026666666666666666 0
1670589225126 0.0016666666666666668 0
1670589226731 0.0016666666666666668 0
1670589228109 0.0026666666666666666 0
1670589229307 0.0016666666666666668 0
1670589230427 0.0016666666666666668 0
1670589231693 0.003 0
1670589232932 0.0026666666666666666 0
1670589233977 0.0026666666666666666 0
1670589235275 0.0013333333333333333 0
1670589236411 0.003 0
1670589237456 0.0006666666666666666 0
1670589238791 0.001 0
1670589240054 0.002 0
1670589241090 0.0013333333333333333 0
1670589242557 0.0026666666666666666 0
1670589243835 0.002 0
1670589245185 0.0016666666666666668 0
1670589246375 0.0013333333333333333 0
1670589247597 0.0013333333333333333 0
1670589249213 0.003 0
1670589250491 0.0013333333333333333 0
1670589251568 0.0016666666666666668 0
1670589252707 0.0016666666666666668 0
1670589254062 0.002 0
1670589255525 0.0023333333333333335 0
1670589256773 0.002 0
1670589257929 0.0023333333333333335 0
1670589259199 0.001 0
1670589260330 0.002 0
1670589261524 0.0016666666666666668 0
1670589262629 0.0016666666666666668 0
1670589263922 0.0013333333333333333 0
1670589265239 0.002 0
1670589266569 0.0003333333333333333 0
1670589267986 0.0033333333333333335 0
1670589269064 0.0023333333333333335 0
1670589270260 0.002 0
1670589271445 0.0023333333333333335 0
1670589272702 0.0013333333333333333 0
1670589273942 0.0006666666666666666 0
1670589275030 0.002 0
1670589276060 0.0013333333333333333 0
1670589277110 0.002 0
1670589278380 0.0016666666666666668 0
1670589279472 0.0013333333333333333 0
1670589280696 0.002 0
1670589281996 0.001 0
1670589283365 0.0013333333333333333 0
1670589284559 0.0016666666666666668 0
1670589285540 0.0023333333333333335 0
1670589286641 0.0006666666666666666 0
1670589287825 0.0023333333333333335 0
1670589289036 0.0013333333333333333 0
1670589289977 0.0016666666666666668 0
1670589291091 0.0026666666666666666 0
1670589292355 0.001 0
1670589293787 0.002 0
1670589294999 0.002 0
1670589295952 0.001 0
1670589297266 0.003 0
1670589298598 0.001 0
1670589299571 0.001 0
1670589300862 0.0023333333333333335 0
1670589301928 0.002 0
1670589303022 0.0013333333333333333 0
1670589304233 0.0016666666666666668 0
1670589305463 0.003 0
1670589306766 0.002 0
1670589307935 0.0016666666666666668 0
1670589309090 0.002 0
1670589310207 0.0016666666666666668 0
1670589311407 0.002 0
1670589312381 0.001 0
1670589313365 0.003 0
1670589314839 0.002 0
1670589315936 0.0013333333333333333 0
1670589317023 0.001 0
1670589318389 0.0013333333333333333 0
1670589319627 0.0013333333333333333 0
1670589320808 0.0023333333333333335 0
1670589321950 0.0013333333333333333 0
1670589323251 0.0013333333333333333 0
1670589324439 0.0033333333333333335 0
1670589325591 0.0016666666666666668 0
1670589326721 0.0013333333333333333 0
1670589328050 0.0016666666666666668 0
1670589329181 0.0023333333333333335 0
1670589330375 0.003 0
1670589331444 0.0023333333333333335 0
1670589332412 0.001 0
1670589333364 0.002 0
1670589334662 0.0013333333333333333 0
1670589335876 0.004 0
1670589336860 0.0026666666666666666 0
1670589338228 0.003 0
1670589339327 0.0013333333333333333 0
1670589340628 0.0026666666666666666 0
1670589341661 0.0016666666666666668 0
1670589342840 0.0023333333333333335 0
1670589344029 0.0023333333333333335 0
1670589345204 0.0016666666666666668 0
1670589346284 0.001 0
1670589347449 0.0013333333333333333 0
1670589348396 0.0013333333333333333 0
1670589349643 0.0013333333333333333 0
1670589350836 0.0023333333333333335 0
1670589351959 0.0023333333333333335 0
1670589353033 0.0033333333333333335 0
1670589354374 0.0016666666666666668 0
1670589355763 0.0023333333333333335 0
1670589357031 0.0016666666666666668 0
1670589358076 0.001 0
1670589359219 0.001 0
1670589360240 0.0023333333333333335 0
1670589361581 0.002 0
1670589362822 0.0026666666666666666 0
1670589363856 0.003 0
1670589364920 0.0033333333333333335 0
1670589366227 0.0006666666666666666 0
1670589367360 0.0023333333333333335 0
1670589368369 0.0013333333333333333 0
1670589369401 0.0006666666666666666 0
1670589370558 0.003 0
1670589371660 0.001 0
1670589372690 0.0036666666666666666 0
1670589373815 0.0016666666666666668 0
