1670574954199 0.004235401578810698 0
1670574955063 0.0013521932988493658 0
1670574955833 0.0015002195754857174 0
1670574956671 0.0011706520441134459 0
1670574957633 0.00117764227018409 0
1670574958498 0.0010421830912091207 0
1670574959684 0.0010427012853809375 0
1670574960652 0.001133059330505739 0
1670574961790 0.0011285622744017878 0
1670574962419 0.001113557798205323 0
1670574963287 0.0010936783189808286 0
1670574964186 0.0011611736988184473 0
1670574965245 0.0011997148296148323 0
1670574966169 0.00122074094449104 0
1670574967234 0.001174851131173251 0
1670574968421 0.001133790339261934 0
1670574969162 0.0011377547594623282 0
1670574970304 0.0011561991099281117 0
1670574971418 0.001269307837699902 0
1670574972516 0.0012353378897483366 0
1670574973624 0.00124770465005994 0
1670574974677 0.0012171805530926732 0
1670574975512 0.0012148981648972526 0
1670574976465 0.001225738758392388 0
1670574977425 0.001223749315254965 0
1670574978139 0.0012202044288829716 0
1670574979124 0.0012154511778394354 0
1670574979893 0.0011931486066607436 0
1670574980923 0.0011556382469918738 0
1670574981621 0.001137262784895331 0
1670574982323 0.001119736342269365 0
1670574982867 0.0011310660620698553 0
1670574983600 0.0011144893245423838 0
1670574984331 0.0010986205886118945 0
1670574985040 0.001108057473774515 0
1670574985884 0.001093044548175003 0
1670574986663 0.0011528064320978522 0
1670574987297 0.0011606007528986379 0
1670574988124 0.0011668692032773594 0
1670574988862 0.0011718211197753372 0
1670574989555 0.001222846045497251 0
1670574990334 0.0012222995025794258 0
1670574991235 0.0012269331934859039 0
1670574992021 0.001230544955345289 0
1670574992861 0.0012306403104530618 0
1670574993573 0.0013373363563332023 0
1670574994458 0.0013333087172818258 0
1670574995313 0.0013199084041425502 0
1670574996133 0.0013232619907727846 0
1670574996837 0.001325842518168779 0
1670574997513 0.001313150001178193 0
1670574998328 0.0013008151246123136 0
1670574998905 0.0012888214041689848 0
1670574999616 0.0012868389487660074 0
1670575000374 0.0012896575716446665 0
1670575001048 0.0012878060871322498 0
1670575001877 0.0012767815746375978 0
1670575002773 0.0012795226746275903 0
1670575003349 0.001308637393378681 0
1670575004377 0.0012980108813687929 0
1670575005020 0.0013005097495400685 0
1670575005848 0.0013025210050074045 0
1670575006718 0.001304088122819209 0
1670575007456 0.001305250224029482 0
1670575008430 0.0013060425908145619 0
1670575009392 0.001296268253620594 0
1670575010406 0.001286710133370969 0
1670575011527 0.001277360374338959 0
1670575012525 0.001268211514663499 0
1670575013344 0.001269168855315654 0
1670575014034 0.001269828412164708 0
1670575014804 0.0012702138170284584 0
1670575015812 0.001261603791314657 0
1670575016663 0.001253166511774788 0
1670575017715 0.001253532868134511 0
1670575018688 0.001323394467405416 0
1670575019461 0.0013469345524978762 0
1670575020345 0.0014065622240249233 0
1670575021160 0.0014253788574934516 0
1670575022067 0.001425416282464509 0
1670575023152 0.001416752268531257 0
1670575024090 0.0014082443358187586 0
1670575025030 0.0014082459819504485 0
1670575025640 0.0014060372817836662 0
1670575026297 0.0013978863429554606 0
1670575027116 0.001395705841520673 0
1670575027930 0.0013959688478298164 0
1670575028809 0.0013881474023192753 0
1670575029491 0.0013804559632785097 0
1670575030515 0.0013728909687342737 0
1670575031204 0.0013731828047732638 0
1670575032094 0.0013733034208923182 0
1670575033149 0.001365998096201151 0
1670575034125 0.0013588081263677914 0
1670575034895 0.0013517305071755388 0
1670575035921 0.001344762342813382 0
1670575036732 0.0013621301252165052 0
1670575037329 0.001355265353455382 0
1670575037916 0.001348503333316247 0
1670575039126 0.0013418415268829404 0
1670575040227 0.0013352774831380905 0
