1670575344443 0.0 0
1670575346267 0.0 0
1670575348053 0.0 0
1670575349602 0.0 0
1670575351080 0.0 0
1670575352812 0.0 0
1670575354691 0.0 0
1670575356430 0.0 0
1670575358221 0.0 0
1670575359954 0.0 0
1670575361676 0.0 0
1670575362939 0.0 0
1670575364924 0.0 0
1670575366310 0.0 0
1670575368070 0.0 0
1670575370047 0.0 0
1670575371948 0.0 0
1670575373924 0.0 0
1670575376293 0.0 0
1670575378141 0.0 0
1670575380049 0.0 0
1670575381428 0.0 0
1670575382894 0.0 0
1670575384238 0.0 0
1670575386292 0.0 0
1670575388455 0.0 0
1670575390688 0.0 0
1670575392366 0.0 0
1670575394004 0.0 0
1670575395299 0.0 0
1670575396781 0.0 0
1670575398403 0.0 0
1670575399866 0.0 0
1670575401052 0.0 0
1670575402404 0.0 0
1670575403765 0.0 0
1670575405080 0.0 0
1670575406452 0.0 0
1670575407836 0.0 0
1670575409128 0.0 0
1670575410750 0.0 0
1670575412146 0.0 0
1670575413477 0.0 0
1670575414766 0.0 0
1670575416764 0.0 0
1670575418275 0.0 0
1670575419592 0.0 0
1670575420924 0.0 0
1670575422126 0.0 0
1670575423579 0.0 0
1670575424937 0.0 0
1670575426380 0.0 0
1670575428004 0.0 0
1670575429430 0.0 0
1670575431183 0.0 0
1670575432502 0.0 0
1670575433956 0.0 0
1670575435393 0.0 0
1670575436616 0.0 0
1670575438088 0.0 0
1670575439476 0.0 0
1670575440666 0.0 0
1670575442190 0.0 0
1670575443590 0.0 0
1670575445159 0.0 0
1670575446549 0.0 0
1670575448268 0.0 0
1670575449615 0.0 0
1670575451195 0.0 0
1670575452740 0.0 0
1670575454258 0.0 0
1670575455576 0.0 0
1670575456893 0.0 0
1670575458099 0.0 0
1670575459299 0.0 0
1670575460600 0.0 0
1670575461778 0.0 0
1670575463135 0.0 0
1670575464337 0.0 0
1670575465977 0.0 0
1670575467201 0.0 0
1670575468593 0.0 0
1670575469685 0.0 0
1670575471032 0.0 0
1670575472259 0.0 0
1670575473967 0.0 0
1670575475225 0.0 0
1670575476823 0.0 0
1670575478533 0.0 0
1670575479611 0.0 0
1670575480925 0.0 0
1670575482116 0.0 0
1670575483358 0.0 0
1670575484861 0.0 0
1670575486100 0.0 0
1670575487457 0.0 0
1670575488926 0.0 0
1670575490473 0.0 0
1670575492142 0.0 0
1670575493688 0.0 0
1670575495279 0.0 0
