1670573202526 0.0 0
1670573202876 0.0 0
1670573203256 0.0 0
1670573203616 0.0 0
1670573204186 0.0 0
1670573204613 0.0 0
1670573204972 0.0 0
1670573205269 0.0 0
1670573205598 0.0 0
1670573206052 0.0 0
1670573206469 0.0 0
1670573206932 0.0 0
1670573207257 0.0 0
1670573207900 0.0 0
1670573208402 0.0 0
1670573208789 0.0 0
1670573209108 0.0 0
1670573209442 0.0 0
1670573209857 0.0 0
1670573210367 0.0 0
1670573210668 0.0 0
1670573211138 0.0 0
1670573211485 0.0 0
1670573211977 0.0 0
1670573212327 0.0 0
1670573212762 0.0 0
1670573213288 0.0 0
1670573213770 0.0 0
1670573214124 0.0 0
1670573214581 0.0 0
1670573215029 0.0 0
1670573215378 0.0 0
1670573215715 0.0 0
1670573216179 0.0 0
1670573216608 0.0 0
1670573216985 0.0 0
1670573217610 0.0 0
1670573218009 0.0 0
1670573218436 0.0 0
1670573218796 0.0 0
1670573219307 0.0 0
1670573219652 0.0 0
1670573220195 0.0 0
1670573220610 0.0 0
1670573221022 0.0 0
1670573221557 0.0 0
1670573221955 0.0 0
1670573222438 0.0 0
1670573222753 0.0 0
1670573223393 0.0 0
1670573223893 0.0 0
1670573224259 0.0 0
1670573224775 0.0 0
1670573225223 0.0 0
1670573225651 0.0 0
1670573226022 0.0 0
1670573226466 0.0 0
1670573226890 0.0 0
1670573227332 0.0 0
1670573227769 0.0 0
1670573228062 0.0 0
1670573228443 0.0 0
1670573228716 0.0 0
1670573229279 0.0 0
1670573229738 0.0 0
1670573230212 0.0 0
1670573230795 0.0 0
1670573231104 0.0 0
1670573231626 0.0 0
1670573232189 0.0 0
1670573232695 0.0 0
1670573232962 0.0 0
1670573233403 0.0 0
1670573233691 0.0 0
1670573233960 0.0 0
1670573234309 0.0 0
1670573234612 0.0 0
1670573235312 0.0 0
1670573235857 0.0 0
1670573236174 0.0 0
1670573236617 0.0 0
1670573237278 0.0 0
1670573237627 0.0 0
1670573238124 0.0 0
1670573238595 0.0 0
1670573239110 0.0 0
1670573239563 0.0 0
1670573240042 0.0 0
1670573240509 0.0 0
1670573240842 0.0 0
1670573241231 0.0 0
1670573241648 0.0 0
1670573242128 0.0 0
1670573242634 0.0 0
1670573243046 0.0 0
1670573243339 0.0 0
1670573243639 0.0 0
1670573244015 0.0 0
1670573244203 0.0 0
1670573244541 0.0 0
1670573244926 0.0 0
