1670620365871 0.078 0
1670620370781 0.08228571428571428 0
1670620375692 0.085 0
1670620380518 0.08928571428571429 0
1670620385757 0.08542857142857142 0
1670620390741 0.08385714285714285 0
1670620395751 0.08242857142857143 0
1670620400613 0.08114285714285714 0
1670620405875 0.08657142857142858 0
1670620410711 0.08928571428571429 0
1670620415465 0.08871428571428572 0
1670620420608 0.08185714285714285 0
1670620425899 0.08771428571428572 0
1670620430962 0.08985714285714286 0
1670620435742 0.08571428571428572 0
1670620440748 0.087 0
1670620445645 0.08385714285714285 0
1670620450704 0.07957142857142857 0
1670620455537 0.07914285714285714 0
1670620460411 0.08914285714285715 0
1670620465477 0.09085714285714286 0
1670620470475 0.09014285714285715 0
1670620475594 0.08657142857142858 0
1670620481027 0.08957142857142857 0
1670620486452 0.08828571428571429 0
1670620491707 0.08228571428571428 0
1670620496775 0.08357142857142857 0
1670620501655 0.08957142857142857 0
1670620506643 0.08828571428571429 0
1670620511618 0.08785714285714286 0
1670620516785 0.089 0
1670620521812 0.08914285714285715 0
1670620526936 0.08485714285714285 0
1670620531767 0.07985714285714286 0
1670620536624 0.08385714285714285 0
1670620541992 0.087 0
1670620546827 0.08657142857142858 0
1670620551885 0.08657142857142858 0
1670620556583 0.086 0
1670620561617 0.086 0
1670620566554 0.08357142857142857 0
1670620571855 0.09414285714285714 0
1670620576989 0.08742857142857142 0
1670620582063 0.09328571428571429 0
1670620587081 0.09014285714285715 0
1670620592040 0.09028571428571429 0
1670620597040 0.097 0
1670620602083 0.09 0
1670620607357 0.08714285714285715 0
1670620612142 0.08114285714285714 0
1670620617062 0.08142857142857143 0
1670620622125 0.08742857142857142 0
1670620627184 0.08542857142857142 0
1670620632353 0.08571428571428572 0
1670620637558 0.08442857142857142 0
1670620642930 0.08414285714285714 0
1670620647685 0.09957142857142857 0
1670620652372 0.07814285714285714 0
1670620657494 0.08828571428571429 0
1670620662260 0.08214285714285714 0
1670620667128 0.07957142857142857 0
1670620672154 0.08214285714285714 0
1670620677068 0.09371428571428571 0
1670620681922 0.08614285714285715 0
1670620686880 0.08628571428571429 0
1670620691661 0.08928571428571429 0
1670620697024 0.082 0
1670620702235 0.08 0
1670620707452 0.08671428571428572 0
1670620712358 0.09385714285714286 0
1670620717554 0.084 0
1670620722770 0.08371428571428571 0
1670620727734 0.08642857142857142 0
1670620732453 0.08057142857142857 0
1670620737772 0.09085714285714286 0
1670620742609 0.08142857142857143 0
1670620747575 0.07785714285714286 0
1670620752599 0.083 0
1670620757870 0.091 0
1670620762713 0.08214285714285714 0
1670620767946 0.08971428571428572 0
1670620773342 0.08542857142857142 0
1670620778311 0.08442857142857142 0
1670620783517 0.08671428571428572 0
1670620788211 0.08785714285714286 0
1670620793297 0.08814285714285715 0
1670620798170 0.08771428571428572 0
1670620803030 0.087 0
1670620807757 0.08671428571428572 0
1670620812337 0.09228571428571429 0
1670620816391 0.08885714285714286 0
1670620820296 0.084 0
1670620823905 0.09142857142857143 0
1670620828011 0.08485714285714285 0
1670620831839 0.085 0
1670620835445 0.086 0
1670620839496 0.07871428571428571 0
1670620843382 0.08314285714285714 0
1670620847292 0.08471428571428571 0
1670620851229 0.08728571428571429 0
1670620855263 0.083 0
1670620859764 0.08171428571428571 0
