1670630558739 0.0052393198628658735 0
1670630595193 0.004917132266005332 0
1670630638714 0.004883519960331877 0
1670630682011 0.005174922143483035 0
1670630720726 0.005274918730704336 0
1670630774124 0.004836531048819839 0
1670630810572 0.005489928917686209 0
1670630850050 0.0044645608314075064 0
1670630886223 0.005468700245715824 0
1670630922776 0.00514219801644195 0
1670630965306 0.005053412476649558 0
1670631001545 0.004126734778548914 0
1670631048733 0.00510558591908465 0
1670631085357 0.004611652744025439 0
1670631121625 0.005781557153549925 0
1670631200679 0.005111317770971675 0
1670631238035 0.005294499467196888 0
1670631274320 0.005454685494529944 0
1670631335829 0.005375832287271018 0
1670631397117 0.004782977473176555 0
1670631484786 0.005031018521591147 0
1670631561821 0.004743891923445591 0
1670631598230 0.004948772448349506 0
1670631639314 0.005266471785536131 0
1670631675737 0.004563799216507201 0
1670631712121 0.0048809976842988136 0
1670631863862 0.004781616174112022 0
1670631926341 0.00516404540534453 0
1670631962720 0.005068081429975583 0
1670632040077 0.005177641851729838 0
