1670596175907 0.0 0
1670596179034 0.0 0
1670596182030 0.0 0
1670596185240 0.0 0
1670596188503 0.0 0
1670596191859 0.0 0
1670596195172 0.0 0
1670596198758 0.0 0
1670596202448 0.0 0
1670596205520 0.0 0
1670596208400 0.0 0
1670596210950 0.0 0
1670596213785 0.0 0
1670596216980 0.0 0
1670596220189 0.0 0
1670596223657 0.0 0
1670596227404 0.0 0
1670596230703 0.0 0
1670596233944 0.0 0
1670596237259 0.0 0
1670596240312 0.0 0
1670596243597 0.0 0
1670596246547 0.0 0
1670596249767 0.0 0
1670596252842 0.0 0
1670596256262 0.0 0
1670596259442 0.0 0
1670596262985 0.0 0
1670596266621 0.0 0
1670596269422 0.0 0
1670596271975 0.0 0
1670596274825 0.0 0
1670596278108 0.0 0
1670596281634 0.0 0
1670596284926 0.0 0
1670596288016 0.0 0
1670596291129 0.0 0
1670596294370 0.0 0
1670596297730 0.0 0
1670596300569 0.0 0
1670596303815 0.0 0
1670596307018 0.0 0
1670596310652 0.0 0
1670596314146 0.0 0
1670596317502 0.0 0
1670596321263 0.0 0
1670596324911 0.0 0
1670596328247 0.0 0
1670596331116 0.0 0
1670596334716 0.0 0
1670596338328 0.0 0
1670596342015 0.0 0
1670596345607 0.0 0
1670596348606 0.0 0
1670596351931 0.0 0
1670596355584 0.0 0
1670596358926 0.0 0
1670596362396 0.0 0
1670596365815 0.0 0
1670596369377 0.0 0
1670596372636 0.0 0
1670596376367 0.0 0
1670596379765 0.0 0
1670596383062 0.0 0
1670596386628 0.0 0
1670596389565 0.0 0
1670596392657 0.0 0
1670596396136 0.0 0
1670596399396 0.0 0
1670596402837 0.0 0
1670596406179 0.0 0
1670596409928 0.0 0
1670596413715 0.0 0
1670596416724 0.0 0
1670596419699 0.0 0
1670596423457 0.0 0
1670596427158 0.0 0
1670596430640 0.0 0
1670596433713 0.0 0
1670596436871 0.0 0
1670596439779 0.0 0
1670596443030 0.0 0
1670596446358 0.0 0
1670596449414 0.0 0
1670596451994 0.0 0
1670596455128 0.0 0
1670596458289 0.0 0
1670596461221 0.0 0
1670596464272 0.0 0
1670596467430 0.0 0
1670596470534 0.0 0
1670596473361 0.0 0
1670596476491 0.0 0
1670596479596 0.0 0
1670596482710 0.0 0
1670596485909 0.0 0
1670596489755 0.0 0
1670596493532 0.0 0
1670596496765 0.0 0
1670596500170 0.0 0
1670596504069 0.0 0
1670596507620 0.0 0
