1670605810917 0.021177007894053492 0
1670605811823 0.0075286936609910635 0
1670605812785 0.010105624270705695 0
1670605813564 0.007939748458597509 0
1670605814321 0.006740878862686606 0
1670605814997 0.007212931029016243 0
1670605815782 0.00653547617564694 0
1670605816469 0.006432272408899214 0
1670605817468 0.007564615067775601 0
1670605818371 0.0071046281154534974 0
1670605819312 0.006895379434809739 0
1670605820136 0.006629131655800803 0
1670605821189 0.006946899152803252 0
1670605822002 0.006695779754701714 0
1670605823118 0.006607875560398671 0
1670605823852 0.006384526062527372 0
1670605824233 0.006247397128195355 0
1670605824662 0.006055536331465099 0
1670605825652 0.006017823315502699 0
1670605826592 0.0058529829291625105 0
1670605827352 0.005708316606343052 0
1670605828301 0.0055739336796956016 0
1670605829039 0.0054429049085816545 0
1670605829975 0.0053457053427087165 0
1670605831007 0.005230992396026224 0
1670605831846 0.005145445522368057 0
1670605832831 0.005092687502777299 0
1670605833498 0.004996405140956782 0
1670605834432 0.004710361699662631 0
1670605835413 0.0046510119765934155 0
1670605836337 0.004798132566613683 0
1670605837212 0.0047289373145602935 0
1670605838111 0.004701124628953977 0
1670605839204 0.004686697187430814 0
1670605839606 0.004621247558024656 0
1670605840056 0.004598506575685843 0
1670605840447 0.004544721321086256 0
1670605841065 0.004568552691795244 0
1670605841955 0.004587111366682967 0
1670605842841 0.004549172877877622 0
1670605843581 0.004499319751883574 0
1670605844314 0.00445105290830199 0
1670605845215 0.0044393919155252485 0
1670605846077 0.004394404044182025 0
1670605846790 0.004362684084121113 0
1670605847341 0.004320693952199018 0
1670605848329 0.004531251671004223 0
1670605849226 0.004614250361848435 0
1670605850060 0.004619235903985608 0
1670605850909 0.004651645485945689 0
1670605851808 0.004626985851065021 0
1670605852487 0.004583587487195688 0
1670605853100 0.004613972581666256 0
1670605853682 0.0045798933845787905 0
1670605854533 0.004539734246216636 0
1670605855327 0.004519836895867067 0
1670605856041 0.0045187118672670255 0
1670605856895 0.00451636297041289 0
1670605857889 0.004578172482721977 0
1670605858747 0.004634033863379714 0
1670605859467 0.004855645392413607 0
1670605860162 0.004817302926615559 0
1670605860865 0.004779854563068306 0
1670605861752 0.0047504170010566685 0
1670605862650 0.004732955403148456 0
1670605863504 0.004704259607849986 0
1670605864394 0.0047244717459640154 0
1670605865243 0.004768101809633709 0
1670605865862 0.004739041013495059 0
1670605866646 0.004720037160534063 0
1670605867306 0.004687479004812874 0
1670605868299 0.0046879542818890965 0
1670605868951 0.004662338500201693 0
1670605869664 0.004631933031773172 0
1670605870470 0.0046156786521528055 0
1670605871211 0.004601614174837792 0
1670605872079 0.0045777571833198385 0
1670605872609 0.004554239887590562 0
1670605873200 0.0045262250612558685 0
1670605873958 0.004625688623393244 0
1670605874716 0.004610078312471781 0
1670605875546 0.004582499944343803 0
1670605876328 0.004570603077635214 0
1670605877228 0.004556003717821418 0
1670605877961 0.004535310036008206 0
1670605878712 0.0045094675103810235 0
1670605879388 0.004598417183813952 0
1670605880214 0.00457592910082223 0
1670605881161 0.0047049216667980846 0
1670605881856 0.0047357630738900924 0
1670605882670 0.004710139392054844 0
1670605883440 0.00469502871048437 0
1670605884241 0.004684205435226621 0
1670605885068 0.004662752593779299 0
1670605885589 0.004641582995708314 0
1670605886442 0.004631516630853292 0
1670605887461 0.004621353047648467 0
1670605888323 0.00465711302137941 0
1670605889210 0.004638471008257657 0
1670605889922 0.0046160822631604315 0
1670605890592 0.0045970138473866405 0
1670605891511 0.004597811658297538 0
1670605892169 0.004610495849091258 0
1670605892616 0.004591898758810456 0
1670605893433 0.0045900970329356625 0
1670605894262 0.0045915991952573 0
1670605894967 0.004639582276166643 0
1670605895773 0.00465484349590207 0
1670605896669 0.004669124087689103 0
1670605897537 0.004651298926977115 0
1670605898274 0.004651623886982972 0
1670605898909 0.0046646622855929 0
1670605899567 0.004732479038011165 0
1670605900226 0.004712413742981578 0
1670605900830 0.004695142213098769 0
1670605901510 0.0047077110203212254 0
1670605902036 0.004707118185525784 0
1670605902657 0.004690559468421835 0
1670605903453 0.004717203187218277 0
1670605903995 0.004701020128756131 0
