1670634713790 0.001815172105204585 0
1670634717712 0.0005795114137925854 0
1670634721547 0.0003937256209365855 0
1670634725192 0.00031730801202260565 0
1670634728777 0.00027371408230461027 0
1670634732331 0.0002446402234738712 0
1670634736512 0.00029254638168281 0
1670634740560 0.0002739135684374243 0
1670634744752 0.00025853224717039907 0
1670634748893 0.0002455374688285118 0
1670634752628 0.00023435963978160628 0
1670634756458 0.0002246052315155775 0
1670634760422 0.00021599187202577663 0
1670634764421 0.00020831065093680854 0
1670634768577 0.00020140305105827158 0
1670634772770 0.00019514621044673726 0
1670634776644 0.0001894431621763627 0
1670634780741 0.00021888142655269825 0
1670634784897 0.00021353116405393126 0
1670634788886 0.0002085529007305431 0
1670634792700 0.00020390571710377542 0
1670634796721 0.00019955467960597098 0
1670634800745 0.00019546977088964 0
1670634804861 0.0001916250420335881 0
1670634808943 0.0001879979350428601 0
1670634813015 0.0002086343466442493 0
1670634816910 0.00020514031853257 0
1670634821115 0.00020181351150692057 0
1670634825209 0.00019035989720207243 0
1670634829237 0.00018772850887899628 0
1670634832871 0.00018519918863343666 0
1670634837144 0.00018276587139041064 0
1670634841243 0.00018042293886223434 0
1670634845264 0.00017816518572330524 0
1670634849323 0.00017598778721900673 0
1670634853207 0.00019144248102071398 0
1670634857160 0.0001892946859189791 0
1670634860986 0.00018721468017764235 0
1670634864858 0.00019995632168734947 0
1670634868946 0.0002107097677826244 0
1670634872906 0.0002198949260044926 0
1670634877003 0.00021791674675230755 0
1670634880920 0.0002159850115869628 0
1670634885024 0.00021409838357717403 0
1670634889219 0.00022214898420920944 0
1670634893416 0.00022034096227866714 0
1670634897602 0.00021857091357831406 0
1670634901760 0.00025960246832122387 0
1670634905835 0.00025759526653955004 0
1670634909647 0.00025562864256055884 0
1670634913705 0.00025370159324411204 0
1670634918034 0.00025181311472104124 0
1670634922194 0.0002499622084379764 0
1670634926286 0.0002481478859549099 0
1670634930268 0.00025297756420594356 0
1670634934270 0.0002573162708970239 0
1670634938454 0.00025562955387199997 0
1670634942396 0.00025397124397186606 0
1670634946607 0.0002579737255254076 0
1670634950683 0.00025638789280804837 0
1670634954421 0.00025482667704664053 0
1670634958364 0.0002585381749419393 0
1670634962112 0.0002619112043058993 0
1670634966273 0.0002604592513394315 0
1670634970314 0.0002590264224407957 0
1670634974203 0.0002576125678382427 0
1670634978087 0.0002562175137453186 0
1670634981964 0.0002548410661971009 0
1670634986527 0.0002534830143886145 0
1670634991215 0.00025214313358087084 0
1670634995049 0.0002554808030375779 0
1670634999176 0.00025855107763234455 0
1670635003310 0.00025729256939908046 0
1670635007346 0.00025604862273894986 0
1670635010364 0.0002548191391536039 0
1670635014238 0.0002536040056872553 0
1670635018165 0.0002524030969614142 0
1670635022101 0.0002512162769757375 0
1670635025851 0.0002500434007022914 0
1670635029423 0.0002488843154971498 0
1670635033404 0.0002477388623503143 0
1670635037041 0.00024660687699239696 0
1670635040763 0.00024548819087428744 0
1670635044773 0.0002443826320340988 0
1670635048696 0.0002432900258639966 0
1670635052742 0.00024221019578804168 0
1670635056863 0.0002411429638608912 0
1670635061075 0.00024008815129606602 0
1670635065113 0.00024329953558222377 0
1670635069138 0.0002422727134544419 0
1670635073185 0.00024125721594013674 0
1670635077289 0.00024025289515588506 0
1670635081404 0.00023925960244006303 0
1670635085881 0.0002382771887116195 0
1670635090300 0.00024135744168394234 0
1670635094238 0.0002403991119235354 0
1670635098061 0.00023945076383810832 0
1670635102068 0.00024237129901496908 0
1670635106032 0.000245119464425834 0
1670635110062 0.0002442078037399663 0
1670635114663 0.00024330476622292285 0
