1670634710022 0.0 0
1670634713764 0.00014285714285714287 0
1670634717692 0.0 0
1670634721526 0.0 0
1670634725171 0.0 0
1670634728756 0.0 0
1670634732310 0.0 0
1670634736492 0.00014285714285714287 0
1670634740540 0.0 0
1670634744731 0.0 0
1670634748867 0.0 0
1670634752600 0.0 0
1670634756438 0.0 0
1670634760402 0.0 0
1670634764403 0.0 0
1670634768555 0.0 0
1670634772746 0.0 0
1670634776628 0.0 0
1670634780718 0.00014285714285714287 0
1670634784877 0.0 0
1670634788864 0.0 0
1670634792673 0.0 0
1670634796694 0.0 0
1670634800724 0.0 0
1670634804832 0.0 0
1670634808917 0.0 0
1670634812989 0.00014285714285714287 0
1670634816877 0.0 0
1670634821088 0.0 0
1670634825179 0.0 0
1670634829210 0.0 0
1670634832847 0.0 0
1670634837117 0.0 0
1670634841216 0.0 0
1670634845242 0.0 0
1670634849317 0.0 0
1670634853187 0.00014285714285714287 0
1670634857140 0.0 0
1670634860965 0.0 0
1670634864833 0.00014285714285714287 0
1670634868926 0.00014285714285714287 0
1670634872878 0.00014285714285714287 0
1670634876982 0.0 0
1670634880891 0.0 0
1670634884995 0.0 0
1670634889193 0.00014285714285714287 0
1670634893394 0.0 0
1670634897572 0.0 0
1670634901747 0.00028571428571428574 0
1670634905813 0.0 0
1670634909625 0.0 0
1670634913681 0.0 0
1670634918009 0.0 0
1670634922167 0.0 0
1670634926265 0.0 0
1670634930246 0.00014285714285714287 0
1670634934249 0.00014285714285714287 0
1670634938431 0.0 0
1670634942369 0.0 0
1670634946586 0.00014285714285714287 0
1670634950656 0.0 0
1670634954389 0.0 0
1670634958336 0.00014285714285714287 0
1670634962088 0.00014285714285714287 0
1670634966241 0.0 0
1670634970294 0.0 0
1670634974178 0.0 0
1670634978067 0.0 0
1670634981938 0.0 0
1670634986505 0.0 0
1670634991188 0.0 0
1670634995022 0.00014285714285714287 0
1670634999147 0.00014285714285714287 0
1670635003286 0.0 0
1670635007325 0.0 0
1670635010343 0.0 0
1670635014231 0.0 0
1670635018137 0.0 0
1670635022094 0.0 0
1670635025835 0.0 0
1670635029416 0.0 0
1670635033383 0.0 0
1670635037020 0.0 0
1670635040737 0.0 0
1670635044745 0.0 0
1670635048673 0.0 0
1670635052722 0.0 0
1670635056840 0.0 0
1670635061046 0.0 0
1670635065093 0.00014285714285714287 0
1670635069112 0.0 0
1670635073158 0.0 0
1670635077261 0.0 0
1670635081376 0.0 0
1670635085864 0.0 0
1670635090284 0.00014285714285714287 0
1670635094215 0.0 0
1670635098038 0.0 0
1670635102047 0.00014285714285714287 0
1670635106000 0.00014285714285714287 0
1670635110033 0.0 0
1670635114635 0.0 0
