1670575858878 0.0 0
1670575860330 0.0 0
1670575861558 0.0 0
1670575863022 0.0 0
1670575864378 0.0 0
1670575865858 0.0 0
1670575867138 0.0 0
1670575868353 0.0 0
1670575869457 0.0 0
1670575870525 0.0 0
1670575871806 0.0 0
1670575873267 0.0 0
1670575874675 0.0 0
1670575876251 0.0 0
1670575877645 0.0 0
1670575879017 0.0 0
1670575880493 0.0 0
1670575882007 0.0 0
1670575883324 0.0 0
1670575884493 0.0 0
1670575885543 0.0 0
1670575887252 0.0 0
1670575889890 0.0 0
1670575891239 0.0 0
1670575892618 0.0 0
1670575893958 0.0 0
1670575895406 0.0 0
1670575896812 0.0 0
1670575898746 0.0 0
1670575900267 0.0 0
1670575901506 0.0 0
1670575902524 0.0 0
1670575903751 0.0 0
1670575904801 0.0 0
1670575906303 0.0 0
1670575907779 0.0 0
1670575909183 0.0 0
1670575910458 0.0 0
1670575911765 0.0 0
1670575912914 0.0 0
1670575914407 0.0 0
1670575915592 0.0 0
1670575917395 0.0 0
1670575918617 0.0 0
1670575919824 0.0 0
1670575921066 0.0 0
1670575922269 0.0 0
1670575923366 0.0 0
1670575924600 0.0 0
1670575926064 0.0 0
1670575927364 0.0 0
1670575928589 0.0 0
1670575929955 0.0 0
1670575931068 0.0 0
1670575932250 0.0 0
1670575933385 0.0 0
1670575934624 0.0 0
1670575935905 0.0 0
1670575937098 0.0 0
1670575938423 0.0 0
1670575939653 0.0 0
1670575940871 0.0 0
1670575942279 0.0 0
1670575943489 0.0 0
1670575945050 0.0 0
1670575946256 0.0 0
1670575947697 0.0 0
1670575948870 0.0 0
1670575949990 0.0 0
1670575951539 0.0 0
1670575952845 0.0 0
1670575954398 0.0 0
1670575955951 0.0 0
1670575957067 0.0 0
1670575958247 0.0 0
1670575959834 0.0 0
1670575961276 0.0 0
1670575962689 0.0 0
1670575963836 0.0 0
1670575964957 0.0 0
1670575966491 0.0 0
1670575967741 0.0 0
1670575969233 0.0 0
1670575970414 0.0 0
1670575971384 0.0 0
1670575972682 0.0 0
1670575973840 0.0 0
1670575975254 0.0 0
1670575977068 0.0 0
1670575978453 0.0 0
1670575979840 0.0 0
1670575981560 0.0 0
1670575983214 0.0 0
1670575984640 0.0 0
1670575986005 0.0 0
1670575987127 0.0 0
1670575988211 0.0 0
1670575989751 0.0 0
1670575991378 0.0 0
1670575993134 0.0 0
1670575994600 0.0 0
1670575996059 0.0 0
