1670640657267 0.0 0
1670640657831 0.0 0
1670640658397 0.0 0
1670640659008 0.0 0
1670640659454 0.0 0
1670640660060 0.0 0
1670640660541 0.0 0
1670640661048 0.0 0
1670640661644 0.0 0
1670640662244 0.0 0
1670640662832 0.0 0
1670640663434 0.0 0
1670640664073 0.0 0
1670640664729 0.0 0
1670640665384 0.0 0
1670640665997 0.0 0
1670640666655 0.0 0
1670640667244 0.0 0
1670640667863 0.0 0
1670640668390 0.0 0
1670640668861 0.0 0
1670640669536 0.0 0
1670640670192 0.0 0
1670640670793 0.0 0
1670640671393 0.0 0
1670640672052 0.0 0
1670640672708 0.0 0
1670640673291 0.0 0
1670640673824 0.0 0
1670640674409 0.0 0
1670640674915 0.0 0
1670640675429 0.0 0
1670640675926 0.0 0
1670640676446 0.0 0
1670640676985 0.0 0
1670640677547 0.0 0
1670640678095 0.0 0
1670640678635 0.0 0
1670640679209 0.0 0
1670640679829 0.0 0
1670640680463 0.0 0
1670640681028 0.0 0
1670640681705 0.0 0
1670640682339 0.0 0
1670640682983 0.0 0
1670640683694 0.0 0
1670640684264 0.0 0
1670640684918 0.0 0
1670640685552 0.0 0
1670640686127 0.0 0
1670640686643 0.0 0
1670640687329 0.0 0
1670640687919 0.0 0
1670640688619 0.0 0
1670640689260 0.0 0
1670640689900 0.0 0
1670640690508 0.0 0
1670640691110 0.0 0
1670640691763 0.0 0
1670640692388 0.0 0
1670640692881 0.0 0
1670640693404 0.0 0
1670640693933 0.0 0
1670640694564 0.0 0
1670640695203 0.0 0
1670640695843 0.0 0
1670640696463 0.0 0
1670640697100 0.0 0
1670640697702 0.0 0
1670640698302 0.0 0
1670640698873 0.0 0
1670640699509 0.0 0
1670640700082 0.0 0
1670640700704 0.0 0
1670640701258 0.0 0
1670640701847 0.0 0
1670640702457 0.0 0
1670640703116 0.0 0
1670640703614 0.0 0
1670640704177 0.0 0
1670640704842 0.0 0
1670640705484 0.0 0
1670640706111 0.0 0
1670640706737 0.0 0
1670640707382 0.0 0
1670640708042 0.0 0
1670640708727 0.0 0
1670640709310 0.0 0
1670640709838 0.0 0
1670640710325 0.0 0
1670640710822 0.0 0
1670640711308 0.0 0
1670640711792 0.0 0
1670640712405 0.0 0
1670640713067 0.0 0
1670640713678 0.0 0
1670640714261 0.0 0
1670640714900 0.0 0
1670640715470 0.0 0
1670640716018 0.0 0
1670640716550 0.0 0
