1670640656697 0.0 0
1670640657246 0.0 0
1670640657811 0.0 0
1670640658390 0.0 0
1670640658989 0.0 0
1670640659447 0.0 0
1670640660031 0.0 0
1670640660527 0.0 0
1670640661042 0.0 0
1670640661625 0.0 0
1670640662238 0.0 0
1670640662826 0.0 0
1670640663427 0.0 0
1670640664066 0.0 0
1670640664709 0.0 0
1670640665377 0.0 0
1670640665985 0.0 0
1670640666628 0.0 0
1670640667238 0.0 0
1670640667845 0.0 0
1670640668375 0.0 0
1670640668847 0.0 0
1670640669511 0.0 0
1670640670166 0.0 0
1670640670770 0.0 0
1670640671367 0.0 0
1670640672028 0.0 0
1670640672678 0.0 0
1670640673271 0.0 0
1670640673801 0.0 0
1670640674389 0.0 0
1670640674895 0.0 0
1670640675410 0.0 0
1670640675906 0.0 0
1670640676424 0.0 0
1670640676967 0.0 0
1670640677526 0.0 0
1670640678076 0.0 0
1670640678615 0.0 0
1670640679189 0.0 0
1670640679823 0.0 0
1670640680444 0.0 0
1670640681006 0.0 0
1670640681682 0.0 0
1670640682321 0.0 0
1670640682976 0.0 0
1670640683665 0.0 0
1670640684244 0.0 0
1670640684901 0.0 0
1670640685531 0.0 0
1670640686117 0.0 0
1670640686623 0.0 0
1670640687299 0.0 0
1670640687898 0.0 0
1670640688600 0.0 0
1670640689238 0.0 0
1670640689879 0.0 0
1670640690482 0.0 0
1670640691103 0.0 0
1670640691738 0.0 0
1670640692368 0.0 0
1670640692860 0.0 0
1670640693385 0.0 0
1670640693905 0.0 0
1670640694537 0.0 0
1670640695176 0.0 0
1670640695816 0.0 0
1670640696435 0.0 0
1670640697079 0.0 0
1670640697679 0.0 0
1670640698280 0.0 0
1670640698854 0.0 0
1670640699483 0.0 0
1670640700055 0.0 0
1670640700683 0.0 0
1670640701238 0.0 0
1670640701827 0.0 0
1670640702437 0.0 0
1670640703095 0.0 0
1670640703594 0.0 0
1670640704157 0.0 0
1670640704817 0.0 0
1670640705457 0.0 0
1670640706086 0.0 0
1670640706717 0.0 0
1670640707356 0.0 0
1670640708014 0.0 0
1670640708697 0.0 0
1670640709280 0.0 0
1670640709818 0.0 0
1670640710305 0.0 0
1670640710803 0.0 0
1670640711288 0.0 0
1670640711773 0.0 0
1670640712381 0.0 0
1670640713043 0.0 0
1670640713657 0.0 0
1670640714231 0.0 0
1670640714872 0.0 0
1670640715463 0.0 0
1670640716002 0.0 0
1670640716529 0.0 0
