1670563316680 0.0 0
1670563318357 0.0 0
1670563319792 0.0 0
1670563321173 0.0 0
1670563322480 0.0 0
1670563323920 0.0 0
1670563325436 0.0 0
1670563326505 0.0 0
1670563327892 0.0 0
1670563329134 0.0 0
1670563330372 0.0 0
1670563331635 0.0 0
1670563332997 0.0 0
1670563334206 0.0 0
1670563335314 0.0 0
1670563336796 0.0 0
1670563338424 0.0 0
1670563339811 0.0 0
1670563341024 0.0 0
1670563342167 0.0 0
1670563343636 0.0 0
1670563344901 0.0 0
1670563346397 0.0 0
1670563347572 0.0 0
1670563348806 0.0 0
1670563350318 0.0 0
1670563351327 0.0 0
1670563352493 0.0 0
1670563353761 0.0 0
1670563354811 0.0 0
1670563355966 0.0 0
1670563357272 0.0 0
1670563358312 0.0 0
1670563359872 0.0 0
1670563360857 0.0 0
1670563362255 0.0 0
1670563363721 0.0 0
1670563365075 0.0 0
1670563366461 0.0 0
1670563367638 0.0 0
1670563368692 0.0 0
1670563369956 0.0 0
1670563371486 0.0 0
1670563372664 0.0 0
1670563374022 0.0 0
1670563375079 0.0 0
1670563376496 0.0 0
1670563377891 0.0 0
1670563379175 0.0 0
1670563380506 0.0 0
1670563381822 0.0 0
1670563383106 0.0 0
1670563384834 0.0 0
1670563385811 0.0 0
1670563386971 0.0 0
1670563388073 0.0 0
1670563389313 0.0 0
1670563390891 0.0 0
1670563392155 0.0 0
1670563393315 0.0 0
1670563394479 0.0 0
1670563395852 0.0 0
1670563397208 0.0 0
1670563398252 0.0 0
1670563399602 0.0 0
1670563400771 0.0 0
1670563401958 0.0 0
1670563403008 0.0 0
1670563404250 0.0 0
1670563405551 0.0 0
1670563406801 0.0 0
1670563407904 0.0 0
1670563409113 0.0 0
1670563410491 0.0 0
1670563411527 0.0 0
1670563412698 0.0 0
1670563413911 0.0 0
1670563414981 0.0 0
1670563416402 0.0 0
1670563417486 0.0 0
1670563418471 0.0 0
1670563419766 0.0 0
1670563421017 0.0 0
1670563422552 0.0 0
1670563423672 0.0 0
1670563425033 0.0 0
1670563426145 0.0 0
1670563427311 0.0 0
1670563428490 0.0 0
1670563429794 0.0 0
1670563430869 0.0 0
1670563432162 0.0 0
1670563433371 0.0 0
1670563434682 0.0 0
1670563435825 0.0 0
1670563437064 0.0 0
1670563438246 0.0 0
1670563439494 0.0 0
1670563441004 0.0 0
1670563442470 0.0 0
1670563443639 0.0 0
1670563445152 0.0 0
