1670595799937 0.351 0
1670595800620 0.346 0
1670595801392 0.343 0
1670595802158 0.348 0
1670595802876 0.3453333333333333 0
1670595803863 0.3506666666666667 0
1670595804541 0.3466666666666667 0
1670595805504 0.3443333333333333 0
1670595806218 0.3516666666666667 0
1670595807004 0.3473333333333333 0
1670595807854 0.3496666666666667 0
1670595808695 0.349 0
1670595809383 0.35033333333333333 0
1670595810358 0.35133333333333333 0
1670595811149 0.3476666666666667 0
1670595811972 0.3516666666666667 0
1670595812680 0.3476666666666667 0
1670595813496 0.3476666666666667 0
1670595814279 0.34833333333333333 0
1670595815192 0.34833333333333333 0
1670595816089 0.353 0
1670595817163 0.3476666666666667 0
1670595817860 0.349 0
1670595818772 0.35133333333333333 0
1670595819495 0.35 0
1670595820379 0.3463333333333333 0
1670595821267 0.3516666666666667 0
1670595822239 0.3446666666666667 0
1670595823043 0.34933333333333333 0
1670595823886 0.3466666666666667 0
1670595825022 0.34833333333333333 0
1670595825694 0.3486666666666667 0
1670595826596 0.3496666666666667 0
1670595827630 0.3456666666666667 0
1670595828424 0.3466666666666667 0
1670595829139 0.349 0
1670595830151 0.3476666666666667 0
1670595831132 0.351 0
1670595832113 0.3466666666666667 0
1670595833077 0.3526666666666667 0
1670595833815 0.3476666666666667 0
1670595834816 0.34833333333333333 0
1670595835570 0.34933333333333333 0
1670595836322 0.347 0
1670595837337 0.34933333333333333 0
1670595838213 0.3476666666666667 0
1670595839059 0.345 0
1670595839985 0.34833333333333333 0
1670595840721 0.3473333333333333 0
1670595841568 0.348 0
1670595842374 0.3436666666666667 0
1670595843152 0.348 0
1670595844084 0.3463333333333333 0
1670595844820 0.35 0
1670595845839 0.349 0
1670595846637 0.3453333333333333 0
1670595847356 0.348 0
1670595848095 0.35233333333333333 0
1670595848986 0.35133333333333333 0
1670595849736 0.3453333333333333 0
1670595850497 0.348 0
1670595851385 0.3516666666666667 0
1670595852246 0.3496666666666667 0
1670595853145 0.3466666666666667 0
1670595854124 0.3496666666666667 0
1670595855102 0.349 0
1670595855921 0.3486666666666667 0
1670595857038 0.3476666666666667 0
1670595858097 0.349 0
1670595858902 0.3473333333333333 0
1670595859992 0.34833333333333333 0
1670595860808 0.349 0
1670595861762 0.3506666666666667 0
1670595862754 0.3486666666666667 0
1670595863616 0.3496666666666667 0
1670595864587 0.352 0
1670595865884 0.35 0
1670595866972 0.352 0
1670595867797 0.3456666666666667 0
1670595869087 0.351 0
1670595869836 0.35033333333333333 0
1670595870699 0.347 0
1670595871574 0.3466666666666667 0
1670595872323 0.3466666666666667 0
1670595873040 0.347 0
1670595874130 0.3536666666666667 0
1670595875113 0.34933333333333333 0
1670595876076 0.349 0
1670595876791 0.349 0
1670595877778 0.35 0
1670595878793 0.35033333333333333 0
1670595879553 0.3536666666666667 0
1670595880459 0.3456666666666667 0
1670595881341 0.35033333333333333 0
1670595882138 0.35033333333333333 0
1670595882861 0.34833333333333333 0
1670595883677 0.3496666666666667 0
1670595884444 0.347 0
1670595885372 0.3476666666666667 0
1670595886202 0.35 0
1670595887262 0.3466666666666667 0
1670595888147 0.35133333333333333 0
1670595889223 0.347 0
1670595890017 0.3506666666666667 0
1670595890784 0.3506666666666667 0
1670595891722 0.3486666666666667 0
1670595892479 0.353 0
1670595893416 0.34833333333333333 0
1670595894315 0.35133333333333333 0
1670595895188 0.352 0
1670595896097 0.3466666666666667 0
1670595896858 0.3433333333333333 0
1670595897686 0.353 0
1670595898398 0.3463333333333333 0
1670595899150 0.3466666666666667 0
1670595900174 0.349 0
1670595900965 0.346 0
1670595902017 0.35333333333333333 0
1670595902923 0.3486666666666667 0
1670595903668 0.3496666666666667 0
