1670596798885 0.004235401578810698 0
1670596800095 0.0013521932988493658 0
1670596801484 0.0010608154350947542 0
1670596802824 0.0009067831742110094 0
1670596804264 0.001828861651370276 0
1670596805711 0.0016804697404492936 0
1670596807213 0.0015640519280714063 0
1670596808421 0.0014694072323483216 0
1670596809648 0.0013822008576196173 0
1670596810724 0.0013231038214266192 0
1670596811928 0.0013834058062094329 0
1670596813239 0.0013220544136133142 0
1670596814743 0.0015258783582490526 0
1670596816094 0.0014950962110631255 0
1670596817309 0.0014646986020026417 0
1670596818577 0.0014157131921415458 0
1670596819493 0.001391266607623163 0
1670596820710 0.0013512469162954748 0
1670596821765 0.0013310784633391172 0
1670596822986 0.0013506499456825112 0
1670596824130 0.0013633007909691621 0
1670596825328 0.001330641661118959 0
1670596826430 0.0013002327326937448 0
1670596827592 0.001271826029645131 0
1670596828562 0.0012452103297257895 0
1670596829808 0.0012202044288829716 0
1670596831216 0.0014384730940973905 0
1670596832423 0.0014111240468994244 0
1670596833378 0.0013494947326737707 0
1670596834588 0.0013275502664127268 0
1670596835760 0.001326273473426994 0
1670596837003 0.0013239262520856469 0
1670596838289 0.0013043800699761674 0
1670596839331 0.0013614904773177837 0
1670596840344 0.001342447714623731 0
1670596841412 0.0013410276674077843 0
1670596842683 0.001323277001697647 0
1670596843678 0.0013215908442323543 0
1670596844635 0.0013192400312882285 0
1670596845739 0.0013163230573065342 0
1670596846935 0.0013007033408100749 0
1670596848126 0.0012977791525021546 0
1670596849340 0.0013012321045215687 0
1670596850513 0.001298551911965306 0
1670596851819 0.0012954798662330182 0
1670596852976 0.0013431032496492464 0
1670596854088 0.0013399614424142942 0
1670596855255 0.001326357506402611 0
1670596856549 0.0013232619907727846 0
1670596857828 0.0013198881055104313 0
1670596858868 0.0013162716934347761 0
1670596859871 0.0013124443128830548 0
1670596861016 0.001308433805461842 0
1670596862165 0.0013042647787637066 0
1670596863352 0.0012930303333940196 0
1670596864533 0.0012890296561371224 0
1670596865499 0.0012849045589794156 0
1670596867109 0.0012745297710664127 0
1670596868097 0.0012644013703149441 0
1670596869107 0.0013068182213801579 0
1670596870041 0.0013032390489734202 0
1670596871198 0.0012995453217079188 0
1670596872218 0.0012957511081293 0
1670596873254 0.0013005980164371902 0
1670596874359 0.0013048416318563788 0
1670596875464 0.0012953877361951223 0
1670596876616 0.001292293658369374 0
1670596877559 0.0012832423411697155 0
1670596878630 0.0012802431136947493 0
1670596879816 0.0013155547690754867 0
1670596880994 0.0013066426563600358 0
1670596881990 0.0013038198680071786 0
1670596883139 0.0013009033490134342 0
1670596884459 0.0012925125872025674 0
1670596885534 0.0012842818327998746 0
1670596886820 0.0012816099344790583 0
1670596887953 0.0012788570466160023 0
1670596889234 0.0012760309313774498 0
1670596890522 0.0012731387229811186 0
1670596891617 0.0012701869832961274 0
1670596892755 0.0012628663063074294 0
1670596893641 0.001255670154972429 0
1670596894834 0.001248595057815332 0
1670596895932 0.001246007312315147 0
1670596897113 0.001243364691148302 0
1670596898299 0.0012366660156758233 0
1670596899467 0.0012300737743191114 0
1670596900459 0.0012276301194162503 0
1670596901764 0.0012589927894887352 0
1670596902735 0.001252422010943597 0
1670596903988 0.0012500741730549069 0
1670596905054 0.0012476772887745967 0
1670596906055 0.0012414280414126914 0
1670596907106 0.0012390939767034082 0
1670596908061 0.0012367173143636079 0
1670596909245 0.0012307683452897791 0
1670596910245 0.001228454351569548 0
1670596911649 0.0012261032263376824 0
1670596912896 0.0012204350181023442 0
1670596914205 0.001218145938850125 0
1670596915240 0.0012230911351477792 0
1670596916512 0.0012175773818851351 0
1670596917720 0.0012154531298793241 0
1670596918696 0.001213295083820923 0
1670596919633 0.0012111058998857693 0
1670596920660 0.0012088880710838309 0
1670596921599 0.0012037898406165352 0
1670596922776 0.0011987547306055377 0
1670596923871 0.0011966737734884878 0
1670596924948 0.001201736874992103 0
1670596925893 0.0011968210773627382 0
1670596926918 0.0011948773994867022 0
1670596927854 0.0011929062288707016 0
1670596928907 0.0011978272471926065 0
1670596930072 0.0011959123003982754 0
1670596931109 0.0011939718438502792 0
1670596932175 0.0011987776310445361 0
1670596933615 0.001196891119250263 0
1670596934800 0.0011923487133755678 0
1670596936242 0.0011905045995495613 0
1670596937435 0.0011951818665173496 0
1670596938687 0.0011933872620745302 0
1670596939712 0.0011890044000430365 0
1670596941093 0.0011872486217890635 0
1670596942503 0.0011854707690321798 0
1670596943999 0.0011812552852228186 0
1670596945451 0.001179515793186827 0
1670596946704 0.0011754020037358216 0
1670596947853 0.0011713302366019975 0
1670596948875 0.0011696837815042532 0
1670596950126 0.0011743758249549824 0
1670596951364 0.0011703802708036152 0
1670596952691 0.0011688268869128298 0
1670596953981 0.0011672529935706103 0
1670596955301 0.0011718202762862385 0
1670596956661 0.0011761760092262959 0
1670596957800 0.0011803294760961438 0
1670596958993 0.0011789049248386362 0
1670596960131 0.0011750521170168272 0
1670596961096 0.001173653508244724 0
1670596962676 0.0011698842885324928 0
1670596963927 0.001166150693336753 0
1670596965116 0.001162452173939428 0
1670596966106 0.0011587881931372642 0
1670596967236 0.0011627947469123327 0
1670596968169 0.0011591525223434394 0
1670596969112 0.0011555439659932368 0
1670596970377 0.0011544359562672744 0
1670596971903 0.001153304916523801 0
1670596973212 0.0011521519420180765 0
1670596974192 0.0011509780814534633 0
1670596975421 0.0011497843391852067 0
1670596977047 0.0011538246050691872 0
1670596978393 0.0011504337533375251 0
1670596979595 0.0011470722352785203 0
1670596980698 0.0011459781734854586 0
1670596981882 0.0011426821884124555 0
1670596982943 0.0011416049906525425 0
1670596983985 0.0011383725769902988 0
1670596985290 0.0011373119012274163 0
1670596986407 0.0011341411763717735 0
1670596987711 0.0011330966863908807 0
1670596988721 0.0011299858427416053 0
1670596989730 0.0011289572083459571 0
1670596990975 0.001132953738799788 0
1670596992005 0.0011368010798859874 0
1670596992953 0.0011358276447601568 0
1670596994083 0.0011327803057307943 0
1670596995000 0.001129757013006205 0
1670596996055 0.0011288283241973182 0
1670596996992 0.0011278821808228413 0
1670596998017 0.0011316676506236936 0
1670596999238 0.0011353171487207229 0
1670597000373 0.001134421153271161 0
1670597001577 0.0011379728189180073 0
1670597002659 0.0011370925879730354 0
1670597003832 0.0011361954508373373 0
1670597004789 0.001133309059113181 0
1670597005943 0.0011367893089931794 0
1670597007045 0.0011359352516234187 0
1670597008124 0.0011330878699061086 0
1670597009120 0.0011302615264607552 0
1670597010004 0.0011294446049411307 0
1670597010855 0.0011266651605137024 0
1670597011978 0.0011258581416640607 0
1670597012992 0.001125035513428325 0
1670597013871 0.0011223271497563343 0
1670597014918 0.0011196379625890741 0
1670597015934 0.001118850339490743 0
1670597016855 0.0011180478961495446 0
1670597017753 0.0011172311740175168 0
1670597018853 0.0011146338809671817 0
1670597019917 0.0011138273753249005 0
1670597020935 0.0011523310250533718 0
1670597022145 0.00114964549294958 0
1670597023282 0.0011487797095665205 0
1670597024148 0.0011461358782788103 0
1670597025024 0.0011491889257437098 0
1670597025910 0.0011465556642907989 0
1670597027029 0.0011457489378562684 0
1670597028118 0.001144929456315477 0
1670597028987 0.0011423581471754535 0
1670597030029 0.0011415482121637547 0
1670597031362 0.0011572737386914196 0
1670597032351 0.0011564494442775435 0
1670597033443 0.0011538881614337713 0
1670597034358 0.0011513436325594592 0
1670597035490 0.0011488156783236272 0
1670597036590 0.0011463041220235125 0
1670597037679 0.0011455508694240121 0
1670597038840 0.0011447857751982007 0
1670597039853 0.0011597885162920544 0
1670597040994 0.0011590101599555712 0
1670597042463 0.0011582206186350106 0
