1670639282283 0.15075054967876614 0
1670639308806 0.15512444141159057 0
1670639337940 0.15145166220755735 0
1670639364573 0.1584082178335233 0
1670639390953 0.14684364597130553 0
1670639462024 0.15012859777626358 0
1670639489523 0.14867473746308624 0
1670639529443 0.15237967630033952 0
1670639558318 0.1496083572290298 0
1670639584959 0.1483330808025773 0
1670639615236 0.14616527549200403 0
1670639653093 0.14971946777871747 0
1670639679684 0.14903384431488403 0
1670639716297 0.15319255029958884 0
1670639742629 0.15183463140343 0
1670639769139 0.14990841092546786 0
1670639805711 0.15149286842705778 0
1670639832134 0.15221910162421926 0
1670639858478 0.1563487724689697 0
1670639884829 0.14892418055079273 0
1670639911175 0.15145904697504228 0
1670639937506 0.14795983808334945 0
1670639982606 0.1485711322255493 0
1670640042218 0.14843070079103438 0
1670640068656 0.1487618224689099 0
1670640116386 0.14991855052868547 0
1670640154609 0.14903555129522228 0
1670640186194 0.15201744422652552 0
1670640212894 0.14722892424404238 0
1670640240996 0.15220005647339077 0
