1670580238666 0.006353102368216068 0
1670580242829 0.005366350789865193 0
1670580246684 0.003670176121987001 0
1670580251026 0.0028832282913560103 0
1670580254794 0.005170356859977965 0
1670580258985 0.005135541583164593 0
1670580262845 0.006696522361994861 0
1670580267090 0.006529607695449635 0
1670580271226 0.006125226537049833 0
1670580275067 0.005758637437493053 0
1670580279195 0.005582943947562091 0
1670580283655 0.005385601560238984 0
1670580287625 0.005206974151906185 0
1670581288407 0.005339020833280916 0
1670581291022 0.0056362006016738575 0
1670581293702 0.0054461924276783535 0
1670581296474 0.00532075243484359 0
1670581299141 0.0051948057108747725 0
1670581303205 0.005070823246190848 0
1670581306041 0.004941165189848884 0
1670581308978 0.004938230247368336 0
1670581312281 0.0052883282792486885 0
1670581315159 0.005336992976169186 0
1670581318163 0.005328127524686033 0
1670581321365 0.005311904955501767 0
1670581324452 0.005276512499625741 0
1670581327728 0.005207209626320208 0
1670581330881 0.005111924693769088 0
1670581334303 0.004965052971234507 0
1670581337464 0.0048964130025001 0
1670581340664 0.004929450060165763 0
1670581343694 0.004928847815922788 0
1670581346647 0.004882299676733759 0
1670581348944 0.004837299895063596 0
1670581351737 0.004777839519953642 0
1670581354717 0.004757416432628725 0
1670581357516 0.004753868984171017 0
1670581360117 0.004701292674895774 0
1670581362530 0.004659100714462794 0
1670581365523 0.004617797081896247 0
1670581367992 0.004569295279617747 0
1670581370255 0.004654290548045836 0
1670581373216 0.004605975675160523 0
1670581375782 0.004602350834715274 0
1670581378694 0.004564109014027928 0
1670581381333 0.004563325690189912 0
1670581383895 0.004540987132323149 0
1670581386515 0.004495077464269914 0
1670581389752 0.004454363021867358 0
1670581392226 0.004434945521098466 0
1670581394359 0.004517160412283339 0
1670581396989 0.00449872030955123 0
1670581399812 0.004521340006097663 0
1670581402323 0.004480438994408531 0
1670581404863 0.004450773413214315 0
1670581407399 0.004527544368355729 0
1670581410281 0.004494374763491904 0
1670581412609 0.004457943996705571 0
1670581415657 0.004446133647160899 0
1670581418053 0.004417473709635578 0
1670581420302 0.004441993635883323 0
1670581423039 0.004418204855706709 0
1670581425565 0.0044194999609866725 0
1670581428442 0.004409809432665723 0
1670581431341 0.004381666857948163 0
1670581434181 0.0043489179663242505 0
1670581437136 0.004319939821141039 0
1670581439900 0.004289155160508762 0
1670581442297 0.004260060758929929 0
1670581445124 0.00423151204159955 0
1670581447863 0.00420262482699707 0
1670581450583 0.004176834527272244 0
1670581453043 0.004156034012181231 0
1670581455914 0.00420209127443838 0
1670581458740 0.004197181702849384 0
1670581461590 0.004186241728808049 0
1670581463952 0.004160486606713587 0
1670581466347 0.004135884467895201 0
1670581469087 0.004122033055400209 0
1670581472810 0.004098777855552682 0
1670581475861 0.00413066668104245 0
1670581479141 0.004115679820319962 0
1670581482550 0.004107468747329701 0
1670581485019 0.004083293006129973 0
1670581487992 0.004104996775477154 0
1670581491540 0.00408742484707264 0
1670581494392 0.0040664129479427435 0
1670581497198 0.004049292306440855 0
1670581500782 0.004026740174847443 0
1670581504367 0.004028901163393717 0
1670581507458 0.004010749158406268 0
1670581510029 0.003989140515743839 0
1670581513081 0.003980095114500148 0
1670581516342 0.003959655625952629 0
1670581519456 0.0039403929208764454 0
1670581522948 0.003951773790347668 0
1670581526383 0.003931610345871084 0
1670581529845 0.003925866754698248 0
1670581532183 0.003923407320969685 0
1670581534938 0.003908159357189911 0
1670581537472 0.003890284554149359 0
1670581540477 0.003873548532271176 0
1670581543675 0.003855231348699528 0
1670581546989 0.0038623975149954526 0
1670581550493 0.003868574259650648 0
1670581553554 0.0038713546291048173 0
1670581556506 0.003853445619519613 0
1670581559593 0.003838017659480497 0
1670581562591 0.003881945806485765 0
1670581565865 0.0038683086555161283 0
1670581568646 0.0038522305706888416 0
1670581571047 0.0038402374000499617 0
1670581574163 0.003841978990395345 0
1670581577172 0.003934035073524245 0
1670581580540 0.003925185583132151 0
1670581583874 0.003908514381915085 0
1670581587148 0.00394474310504922 0
1670581590982 0.003937920944725171 0
1670581593861 0.003928716178352165 0
1670581597491 0.00393698582108476 0
1670581600570 0.003921634204382463 0
1670581604251 0.0039064601201176385 0
1670581606670 0.0038979147151799176 0
1670581609799 0.0038823726519747748 0
1670581612234 0.003898740231884412 0
1670581615360 0.003910094549587795 0
1670581619229 0.0039202676942096115 0
1670581622399 0.0039051470769070895 0
1670581626013 0.003894138612750786 0
1670581629161 0.003886884694258963 0
1670581632186 0.003897587490114318 0
1670581635604 0.0038829072929769115 0
1670581638656 0.00387775994016043 0
1670581641946 0.0038669166591113746 0
1670581644877 0.003853322466425335 0
1670581648808 0.0038394075349467705 0
1670581651968 0.0038276822326521742 0
1670581654956 0.003816325468401438 0
1670581658098 0.0038026723763569525 0
1670581661052 0.0038838653951457913 0
1670581664353 0.003870880576189062 0
1670581667850 0.0038667326305372174 0
1670581671678 0.0038552724750474665 0
1670581675856 0.003845080616199148 0
1670581679971 0.0038411731978145736 0
1670581684240 0.0038363296697527804 0
1670581688324 0.0038435365548089018 0
1670581692225 0.003830799753552938 0
1670581696176 0.003818631363264935 0
1670581700650 0.0038147694084317285 0
1670581704950 0.0038033161900138945 0
1670581709642 0.003790868322557872 0
1670581714138 0.003779634851366953 0
1670581718601 0.003768015692711235 0
1670581723025 0.003766187723562242 0
1670581727533 0.003754178214836923 0
1670581731259 0.003743311527701687 0
1670581735445 0.0037721173403474917 0
1670581739692 0.0037631109124794393 0
1670581744064 0.0037676024654840212 0
1670581748290 0.0037645098564564328 0
1670581751981 0.0037558075165252114 0
1670581756062 0.0037751020081172593 0
1670581760287 0.003841765210800596 0
1670581764237 0.0038357556601732457 0
1670581768326 0.003828881936922268 0
1670581772567 0.0038176368394154947 0
1670581776817 0.003828939112829721 0
1670581781054 0.003818911683941495 0
1670581785405 0.003807735725613104 0
1670581789208 0.003854069312220265 0
1670581792875 0.0038795105105433603 0
1670581796914 0.0038721440461196854 0
1670581800561 0.003880853937591855 0
1670581804671 0.003882942788241861 0
1670581809086 0.0038744908046039472 0
1670581812792 0.0038720687609691273 0
1670581816753 0.003887057820018247 0
1670581820834 0.003881954848004965 0
1670581825250 0.003895081202922812 0
1670581829424 0.0039110328327851 0
1670581833210 0.003910285135074132 0
