1670634677851 0.0 0
1670634683148 0.00040565798965480973 0
1670634688594 0.0003182446305284263 0
1670634694069 0.0002720349522633028 0
1670634699041 0.00025705818366147395 0
1670634703950 0.00024218146535711342 0
1670634709410 0.00022895375860502691 0
1670634714712 0.00022917253343689875 0
1670634720125 0.00022164523066790226 0
1670634725458 0.00021436731959346137 0
1670634731231 0.00021702006347448343 0
1670634736571 0.00021200034267485779 0
1670634742213 0.00020703133595600205 0
1670634747390 0.00020221242816329264 0
1670634752845 0.00020637671483081564 0
1670634758346 0.00020261402429485624 0
1670634763834 0.00019891532028518084 0
1670634768866 0.000195314116402166 0
1670634774293 0.0001918288232137847 0
1670634780021 0.0001884684459776165 0
1670634785808 0.00018523610114946535 0
1670634791168 0.00018213122861593666 0
1670634796905 0.00017915100423549017 0
1670634802813 0.00017629125157405797 0
1670634808567 0.0001827058251981928 0
1670634814494 0.00018015816526698063 0
1670634820054 0.00018538450870620994 0
1670634825713 0.00018310614525161048 0
1670634831092 0.00017963366637084108 0
1670634836771 0.00017792992184076766 0
1670634842398 0.00017624356990527743 0
1670634847909 0.0001745786064129204 0
1670634853470 0.00020656259735082444 0
1670634859092 0.00020468370790368952 0
1670634864717 0.0002028337982572399 0
1670634870534 0.0002010146050717497 0
1670634876230 0.00019922732600503523 0
1670634881607 0.00019747273081581726 0
1670634887473 0.00019575124964204928 0
1670634893159 0.00019406304342032285 0
1670634899251 0.00019240806025393103 0
1670634905073 0.00019078608066845783 0
1670634911058 0.00018919675403739398 0
1670634916583 0.0001920364670542124 0
1670634922555 0.00019450873824805766 0
1670634928457 0.00019666071986545233 0
1670634934304 0.00019531466978514936 0
1670634939697 0.00019398612584162946 0
1670634945765 0.0001959963984540054 0
1670634951651 0.00019775929505841036 0
1670634957308 0.00019930276823717204 0
1670634962847 0.000198182106016186 0
1670634968674 0.00019706889017284907 0
1670634974377 0.0001959639996772812 0
1670634980119 0.0001948681718848651 0
1670634985839 0.00019378202156596755 0
1670634991575 0.00021081742929904783 0
1670634997030 0.0002096793898862686 0
1670635002585 0.00020855179314840374 0
1670635008243 0.00020961341120664 0
1670635013948 0.00020854551046877682 0
1670635019631 0.00020748654110046974 0
1670635024772 0.0002064368760470751 0
1670635030191 0.0002053968243448196 0
1670635035385 0.00020436663886912065 0
1670635040903 0.00020334652312908606 0
1670635046424 0.00020454178377149443 0
1670635052046 0.00020356893651965317 0
1670635057891 0.00021695536435248954 0
1670635063796 0.00021595608882463247 0
1670635070227 0.00021668217131097636 0
1670635075879 0.00021732624451082017 0
1670635081459 0.0002164086098706322 0
1670635087108 0.00021549702748440273 0
1670635092816 0.00021459175340066762 0
1670635098497 0.00021369300858896785 0
1670635104146 0.000214397233943994 0
1670635109926 0.00021353618851005144 0
1670635115408 0.00021268092912547033 0
1670635121803 0.00022345324607679802 0
1670635128244 0.00022258396437590126 0
1670635134218 0.0002230244237080713 0
1670635139611 0.00022219002646395794 0
1670635145136 0.00022136063825393552 0
1670635150655 0.0002205364311509972 0
1670635156299 0.00022100731355952116 0
1670635161967 0.00022021455256651047 0
1670635167849 0.00022066067420241305 0
1670635173383 0.00022105915550511002 0
1670635178663 0.00022032083263014065 0
1670635184289 0.0002195858215446923 0
1670635189725 0.0002188542990469092 0
1670635195299 0.00021812642404058072 0
1670635200738 0.00021740233900019635 0
1670635206543 0.0002166821713109764 0
1670635212435 0.00021596603449547722 0
1670635217973 0.00021525402933719574 0
1670635223753 0.00021454624491054516 0
1670635229168 0.00021384275952564507 0
1670635234950 0.00021314364159553658 0
1670635240722 0.0002124489504326886 0
