1670643542290 0.004470809865638798 0
1670643593404 0.004223805472177319 0
1670643633848 0.004082101108217606 0
1670643672432 0.004670330155120125 0
1670643710100 0.003935500842841894 0
1670643747691 0.004031190663772571 0
1670643785464 0.004632027687677216 0
1670643839802 0.004687233524667038 0
1670643882742 0.0040570549717628005 0
1670643986739 0.004002258846243568 0
1670644025762 0.003778348950451745 0
1670644063524 0.004296366970061928 0
1670644101506 0.0040986828379634445 0
1670644139089 0.004481304183612342 0
1670644245041 0.0044750077513636645 0
1670644282857 0.004585983703429681 0
1670644320585 0.004384566729675323 0
1670644432451 0.004193417860062498 0
1670644489510 0.004332915223975206 0
1670644654132 0.0044187680428922176 0
1670644697661 0.00419472648780268 0
1670644735696 0.00456251364348524 0
1670644773422 0.004056780616104738 0
1670644811915 0.004666507057179218 0
1670644880346 0.004497882351193002 0
1670644958796 0.004537598461888416 0
1670645007011 0.004105626046893268 0
1670645044649 0.0044991864622133835 0
1670645082171 0.00440926497615098 0
1670645120111 0.004421801632555006 0
