1670630073107 0.0 0
1670630076367 0.0 0
1670630079706 0.0 0
1670630083204 0.0 0
1670630086590 0.0 0
1670630089973 0.0 0
1670630093509 0.0 0
1670630096763 0.0 0
1670630100096 0.0 0
1670630103397 0.0 0
1670630106798 0.0 0
1670630110247 0.0 0
1670630113602 0.0 0
1670630116820 0.0 0
1670630120203 0.0 0
1670630123414 0.0 0
1670630126850 0.0 0
1670630130236 0.0 0
1670630133562 0.0 0
1670630137189 0.0 0
1670630140045 0.0 0
1670630143278 0.0 0
1670630146377 0.0 0
1670630149722 0.0 0
1670630152896 0.0 0
1670630155943 0.0 0
1670630159064 0.0 0
1670630162545 0.0 0
1670630165804 0.0 0
1670630169028 0.0 0
1670630172007 0.0 0
1670630175304 0.0 0
1670630178438 0.0 0
1670630181627 0.0 0
1670630184771 0.0 0
1670630187960 0.0 0
1670630190846 0.0 0
1670630194158 0.0 0
1670630197570 0.0 0
1670630200758 0.0 0
1670630204124 0.0 0
1670630207461 0.0 0
1670630210720 0.0 0
1670630213968 0.0 0
1670630217242 0.0 0
1670630220472 0.0 0
1670630223762 0.0 0
1670630226802 0.0 0
1670630230183 0.0 0
1670630233578 0.0 0
1670630236791 0.0 0
1670630240069 0.0 0
1670630243429 0.0 0
1670630246727 0.0 0
1670630249836 0.0 0
1670630253103 0.0 0
1670630256181 0.0 0
1670630259366 0.0 0
1670630262226 0.0 0
1670630265397 0.0 0
1670630268474 0.0 0
1670630271791 0.0 0
1670630274853 0.0 0
1670630278012 0.0 0
1670630281481 0.0 0
1670630285204 0.0 0
1670630288270 0.0 0
1670630291380 0.0 0
1670630294704 0.0 0
1670630298134 0.0 0
1670630301058 0.0 0
1670630304178 0.0 0
1670630307485 0.0 0
1670630310461 0.0 0
1670630313759 0.0 0
1670630316940 0.0 0
1670630320192 0.0 0
1670630323366 0.0 0
1670630326473 0.0 0
1670630329482 0.0 0
1670630332713 0.0 0
1670630336104 0.0 0
1670630339744 0.0 0
1670630343082 0.0 0
1670630346503 0.0 0
1670630349734 0.0 0
1670630353129 0.0 0
1670630356241 0.0 0
1670630359590 0.0 0
1670630362955 0.0 0
1670630366187 0.0 0
1670630369204 0.0 0
1670630372397 0.0 0
1670630375851 0.0 0
1670630379279 0.0 0
1670630382218 0.0 0
1670630385367 0.0 0
1670630388524 0.0 0
1670630391711 0.0 0
1670630395291 0.0 0
1670630398649 0.0 0
