1670638008979 0.0 0
1670638014255 0.0001 0
1670638019868 0.0 0
1670638025369 0.0001 0
1670638031054 0.0001 0
1670638036688 0.0001 0
1670638042076 0.0001 0
1670638048131 0.0 0
1670638054018 0.0 0
1670638059599 0.0002 0
1670638065082 0.0 0
1670638069504 0.0 0
1670638074543 0.0 0
1670638079756 0.0001 0
1670638085079 0.0 0
1670638090400 0.0 0
1670638095774 0.0 0
1670638101233 0.0 0
1670638106863 0.0001 0
1670638112139 0.0001 0
1670638117539 0.0001 0
1670638122907 0.0 0
1670638128647 0.0001 0
1670638134156 0.0001 0
1670638139976 0.0 0
1670638145177 0.0 0
1670638150946 0.0 0
1670638156673 0.0 0
1670638162093 0.0 0
1670638167964 0.0 0
1670638173787 0.0 0
1670638179565 0.0 0
1670638185168 0.0001 0
1670638190780 0.0001 0
1670638196130 0.0001 0
1670638201774 0.0 0
1670638207551 0.0 0
1670638213290 0.0 0
1670638219006 0.0 0
1670638224505 0.0001 0
1670638230600 0.0 0
1670638236095 0.0 0
1670638241101 0.0 0
1670638246790 0.0 0
1670638252214 0.0 0
1670638258079 0.0 0
1670638263164 0.0 0
1670638268611 0.0003 0
1670638273896 0.0001 0
1670638278959 0.0001 0
1670638284245 0.0001 0
1670638289787 0.0001 0
1670638295036 0.0 0
1670638300573 0.0 0
1670638306205 0.0 0
1670638311403 0.0 0
1670638316704 0.0001 0
1670638322690 0.0001 0
1670638328685 0.0 0
1670638334120 0.0001 0
1670638339793 0.0 0
1670638345304 0.0001 0
1670638350848 0.0001 0
1670638356783 0.0001 0
1670638362576 0.0 0
1670638368278 0.0 0
1670638373799 0.0001 0
1670638379586 0.0 0
1670638385440 0.0 0
1670638391281 0.0 0
1670638396704 0.0 0
1670638402434 0.0001 0
1670638408000 0.0001 0
1670638413530 0.0 0
1670638419890 0.0 0
1670638426345 0.0001 0
1670638432105 0.0001 0
1670638437686 0.0 0
1670638443424 0.0 0
1670638449091 0.0002 0
1670638454748 0.0 0
1670638460469 0.0 0
1670638466450 0.0 0
1670638472200 0.0 0
1670638477495 0.0 0
1670638483122 0.0 0
1670638489002 0.0 0
1670638494360 0.0 0
1670638499828 0.0001 0
1670638505157 0.0 0
1670638510922 0.0001 0
1670638516636 0.0 0
1670638522320 0.0 0
1670638528247 0.0 0
1670638533740 0.0 0
1670638539173 0.0 0
1670638544643 0.0001 0
1670638550391 0.0001 0
1670638556133 0.0 0
1670638561591 0.0001 0
1670638567444 0.0001 0
1670638573451 0.0001 0
1670638579048 0.0001 0
1670638584791 0.0001 0
1670638590718 0.0 0
1670638596085 0.0001 0
1670638601565 0.0 0
1670638606898 0.0001 0
1670638612138 0.0 0
1670638617227 0.0 0
1670638622085 0.0 0
1670638627477 0.0 0
1670638632678 0.0001 0
1670638637883 0.0001 0
1670638643161 0.0 0
1670638647850 0.0001 0
1670638653404 0.0 0
1670638658476 0.0001 0
1670638663791 0.0002 0
1670638668596 0.0 0
1670638673697 0.0 0
1670638678888 0.0001 0
1670638684038 0.0 0
1670638689115 0.0 0
1670638694162 0.0 0
1670638699586 0.0 0
1670638705225 0.0 0
1670638710940 0.0 0
1670638716074 0.0 0
1670638721631 0.0 0
1670638727034 0.0 0
1670638732298 0.0 0
1670638737890 0.0 0
1670638743137 0.0 0
1670638748454 0.0001 0
1670638753794 0.0001 0
1670638759238 0.0001 0
1670638764072 0.0002 0
1670638769593 0.0 0
1670638774839 0.0 0
1670638780748 0.0 0
1670638786040 0.0 0
1670638791296 0.0 0
1670638796524 0.0 0
1670638801951 0.0 0
1670638807071 0.0 0
1670638812342 0.0 0
1670638817900 0.0 0
1670638823407 0.0 0
1670638829051 0.0 0
1670638834302 0.0 0
1670638839777 0.0 0
1670638844682 0.0 0
1670638849846 0.0 0
1670638855308 0.0 0
1670638860778 0.0 0
1670638866177 0.0 0
1670638871740 0.0 0
1670638877126 0.0 0
1670638882669 0.0 0
1670638887861 0.0001 0
1670638893173 0.0 0
1670638898397 0.0 0
1670638903758 0.0 0
1670638909286 0.0 0
1670638914829 0.0001 0
1670638919929 0.0 0
1670638925437 0.0 0
1670638931277 0.0 0
1670638937185 0.0 0
1670638943095 0.0 0
1670638948943 0.0 0
1670638954308 0.0001 0
1670638960064 0.0 0
1670638965936 0.0 0
1670638971884 0.0 0
1670638978349 0.0 0
1670638983970 0.0002 0
1670638989759 0.0002 0
1670638995668 0.0 0
1670639002441 0.0 0
1670639009233 0.0 0
1670639015618 0.0 0
1670639021366 0.0 0
1670639027403 0.0 0
1670639033149 0.0 0
1670639038288 0.0 0
1670639043914 0.0001 0
1670639049290 0.0001 0
1670639054985 0.0 0
1670639060930 0.0001 0
1670639067030 0.0 0
1670639072797 0.0 0
1670639078691 0.0 0
1670639084392 0.0001 0
1670639090301 0.0 0
1670639095833 0.0 0
1670639101560 0.0 0
1670639107557 0.0 0
1670639114024 0.0 0
1670639120450 0.0 0
1670639127007 0.0001 0
1670639133496 0.0 0
1670639139546 0.0 0
1670639145595 0.0 0
1670639151621 0.0 0
1670639157381 0.0 0
1670639163099 0.0001 0
1670639169297 0.0 0
1670639175715 0.0 0
1670639182038 0.0 0
1670639188200 0.0 0
1670639194643 0.0002 0
1670639201053 0.0 0
1670639207400 0.0 0
1670639213255 0.0 0
1670639218888 0.0 0
1670639225243 0.0 0
1670639231679 0.0 0
1670639237275 0.0 0
1670639243902 0.0001 0
1670639249969 0.0001 0
1670639255575 0.0 0
1670639261269 0.0 0
1670639266711 0.0 0
1670639272263 0.0001 0
1670639277948 0.0 0
1670639283381 0.0 0
1670639289063 0.0 0
1670639294912 0.0 0
1670639300356 0.0001 0
1670639305850 0.0 0
1670639311402 0.0001 0
1670639317375 0.0 0
1670639322452 0.0001 0
1670639328146 0.0 0
1670639333760 0.0 0
1670639339203 0.0 0
1670639344856 0.0 0
1670639350255 0.0 0
1670639356101 0.0001 0
1670639361636 0.0 0
1670639367182 0.0 0
1670639372812 0.0 0
1670639378249 0.0 0
1670639383085 0.0001 0
1670639388376 0.0 0
1670639393556 0.0 0
1670639398923 0.0001 0
1670639403925 0.0001 0
1670639408883 0.0 0
1670639414018 0.0001 0
1670639419024 0.0 0
1670639424159 0.0001 0
1670639429490 0.0001 0
1670639435003 0.0001 0
1670639439982 0.0 0
1670639445272 0.0001 0
1670639450148 0.0 0
1670639454757 0.0 0
1670639459913 0.0 0
1670639465000 0.0 0
1670639470122 0.0 0
1670639475171 0.0001 0
1670639480659 0.0 0
1670639485892 0.0 0
1670639490856 0.0001 0
1670639496643 0.0 0
1670639501822 0.0001 0
1670639507044 0.0 0
1670639512416 0.0 0
1670639517039 0.0 0
1670639522269 0.0001 0
1670639527395 0.0 0
1670639532494 0.0 0
1670639537723 0.0 0
1670639542838 0.0001 0
1670639547736 0.0 0
1670639552698 0.0 0
1670639557904 0.0 0
1670639563072 0.0001 0
1670639568223 0.0001 0
1670639573302 0.0001 0
1670639578488 0.0 0
1670639583327 0.0 0
1670639588356 0.0001 0
1670639593350 0.0001 0
1670639598501 0.0001 0
1670639603328 0.0001 0
1670639608239 0.0 0
1670639612975 0.0001 0
1670639618163 0.0001 0
1670639623239 0.0 0
1670639628556 0.0 0
1670639633691 0.0 0
1670639638755 0.0 0
1670639644132 0.0001 0
1670639649057 0.0 0
1670639653440 0.0 0
1670639658635 0.0 0
1670639663745 0.0 0
1670639668508 0.0 0
1670639673638 0.0 0
1670639678396 0.0001 0
1670639683176 0.0001 0
1670639687938 0.0 0
1670639692827 0.0 0
1670639697628 0.0 0
1670639702696 0.0 0
1670639707634 0.0001 0
1670639712492 0.0 0
1670639717652 0.0001 0
1670639722594 0.0 0
1670639727464 0.0001 0
1670639732618 0.0 0
1670639737807 0.0 0
1670639742738 0.0 0
1670639747970 0.0 0
1670639752601 0.0 0
1670639757246 0.0 0
1670639762370 0.0001 0
1670639767402 0.0 0
1670639772500 0.0 0
1670639777845 0.0 0
1670639783321 0.0 0
1670639788245 0.0 0
1670639793903 0.0003 0
1670639798811 0.0 0
1670639802670 0.0 0
1670639807968 0.0 0
1670639813405 0.0 0
1670639818354 0.0 0
1670639823756 0.0 0
