1670598781778 0.05082481894572777 0
1670598782760 0.026942260610960056 0
1670598783678 0.039493120044467034 0
1670598784572 0.03207244786440955 0
1670598785463 0.027126402023998963 0
1670598786579 0.02426966741624348 0
1670598787506 0.02235997827481806 0
1670598788379 0.020686268318499845 0
1670598789281 0.02349741457953347 0
1670598790189 0.022280160861116838 0
1670598791093 0.025081682825089824 0
1670598791952 0.024215104424148315 0
1670598792907 0.02328516008867043 0
1670598793977 0.023089239650171622 0
1670598795140 0.022834464131113452 0
1670598796255 0.022355040490342315 0
1670598797325 0.021628777093613882 0
1670598798467 0.021036490764660742 0
1670598799385 0.022585271620573666 0
1670598800268 0.025708445659530565 0
1670598801243 0.025208464573625244 0
1670598802132 0.02497619309713961 0
1670598803470 0.024486128279670005 0
1670598804475 0.024047834210094265 0
1670598805599 0.023620066146981866 0
1670598806667 0.02373618623204854 0
1670598807452 0.02352793250191687 0
1670598808221 0.02319583511208345 0
1670598809119 0.021882352884124434 0
1670598810263 0.021743313898371475 0
1670598811207 0.021740580179246183 0
1670598812215 0.02179802932585395 0
1670598813170 0.021483704961036465 0
1670598814225 0.021195476952381 0
1670598815041 0.020941382920295237 0
1670598815865 0.020666051043711664 0
1670598816971 0.020401284936505837 0
1670598818000 0.020187170240333896 0
1670598819160 0.020118664071004044 0
1670598820403 0.020044467796922927 0
1670598821239 0.01980490685219305 0
1670598822440 0.020933339491115643 0
1670598823386 0.020695382282340802 0
1670598824268 0.02046535940170735 0
1670598825223 0.020347319379803608 0
1670598826158 0.020337233249940412 0
1670598827170 0.02012788188882808 0
1670598828357 0.020295710968155634 0
1670598829215 0.0201394117391287 0
1670598830249 0.019957059802412025 0
1670598831078 0.019766496213405316 0
1670598831859 0.019775442747464567 0
1670598832958 0.020520855374622227 0
1670598833951 0.020345323291827366 0
1670598835078 0.020781747198475586 0
1670598836106 0.020613566634814617 0
1670598836967 0.020439483281489257 0
1670598837748 0.020791481231343334 0
1670598838899 0.020912225066485046 0
1670598839925 0.02074031817744504 0
1670598841336 0.020632438202836445 0
1670598842517 0.020538423213649737 0
1670598843333 0.020380562356363097 0
1670598844421 0.020311972164270053 0
1670598845589 0.020204357085190083 0
1670598846440 0.020054448250952706 0
1670598847302 0.019962530260844935 0
1670598848164 0.01982907946751189 0
1670598849064 0.019811477798817867 0
1670598849797 0.01973043791772855 0
1670598850605 0.019592976112111415 0
1670598851532 0.019474559212221965 0
1670598852503 0.019535682759135198 0
1670598853559 0.019452675185171575 0
1670598854371 0.019406149520710403 0
1670598855205 0.019403688691909227 0
1670598856244 0.019279113626083477 0
1670598857205 0.01918715765581913 0
1670598857995 0.019648788290552277 0
1670598858975 0.019542019854428272 0
1670598859775 0.019423286586697786 0
1670598861033 0.019411870337511683 0
1670598861853 0.019295978218384024 0
1670598862977 0.019527825289611167 0
1670598864107 0.019430135144773875 0
1670598865084 0.019383365862767565 0
1670598866150 0.019325391425144445 0
1670598867251 0.019315204097747007 0
1670598868072 0.019231511071792884 0
1670598869052 0.01913805512084077 0
1670598870008 0.019072968360120512 0
1670598870950 0.01902878067732172 0
1670598872066 0.01913464491325856 0
1670598873304 0.01904216902533229 0
1670598874289 0.018945022898867125 0
1670598875330 0.018847778298892504 0
1670598876391 0.018755011341700767 0
1670598877382 0.0188647908341415 0
1670598878535 0.018806664398756223 0
1670598879541 0.018758802581893774 0
1670598880427 0.018810069707956067 0
1670598881450 0.018722932318261498 0
1670598882394 0.01863270885441426 0
1670598883474 0.018550256491268624 0
1670598884486 0.018477221012029976 0
1670598885509 0.01847202640506307 0
1670598886651 0.018391102795255576 0
1670598887728 0.018306739214690726 0
1670598888765 0.01828738100310734 0
1670598889853 0.01824483250894615 0
1670598890782 0.018179731943501753 0
1670598891888 0.018127247610511987 0
1670598892785 0.018137708199959635 0
1670598894049 0.018120289411473367 0
1670598894884 0.018289029332609674 0
1670598896024 0.018238802435011525 0
1670598896901 0.018345686784550064 0
1670598897737 0.01828032537754487 0
1670598898725 0.01823183727517863 0
1670598899717 0.01816131328155013 0
1670598900540 0.01821670359594918 0
1670598901520 0.01832051514871247 0
1670598902562 0.018878953709810964 0
1670598903555 0.01885398984152442 0
1670598904600 0.018813198260793973 0
1670598905689 0.01881163292592747 0
1670598906528 0.01883032982686761 0
1670598907638 0.018993495340341227 0
1670598908517 0.018986349978033057 0
1670598909611 0.01892707874309696 0
1670598910619 0.019360942405877046 0
1670598911598 0.019339617527361574 0
1670598912427 0.019366576611813735 0
1670598913301 0.019299207653921013 0
1670598914090 0.01926511087907168 0
1670598914883 0.019194720422102796 0
1670598915925 0.019161182309313407 0
1670598917021 0.01938624538103262 0
1670598917831 0.0193169034614602 0
1670598918853 0.019311532245419594 0
1670598919876 0.019248734485911467 0
1670598920873 0.019512706014636616 0
1670598921863 0.019518915373276213 0
