1670581586599 0.0211770078940533 0
1670581587388 0.0058940739418171795 0
1670581588066 0.004074138984275666 0
1670581588796 0.007216383853337116 0
1670581589693 0.008380896953006145 0
1670581590854 0.013358657168946242 0
1670581591731 0.012727791230599417 0
1670581592206 0.012442565511949666 0
1670581593113 0.01463405692250519 0
1670581593896 0.014854259013099558 0
1670581594568 0.014141899263406588 0
1670581595202 0.014032294692175706 0
1670581596197 0.013471479991589597 0
1670581597027 0.012935274720558443 0
1670581597858 0.01339595267339988 0
1670581598467 0.012977888681081295 0
1670581599576 0.012554272718848458 0
1670581600607 0.013634176722958635 0
1670581601889 0.013313709759156245 0
1670581602958 0.013197111657021865 0
1670581603843 0.01294154146295301 0
1670581604675 0.012877219705523357 0
1670581605597 0.01266045811534633 0
1670581606532 0.013281446943872899 0
1670581607080 0.013035510255993588 0
1670581607916 0.012774443428556492 0
1670581608554 0.012745606295016976 0
1670581609579 0.01259315952448592 0
1670581610604 0.011908860928313891 0
1670581611513 0.011751547467002355 0
1670581612138 0.01157429078485439 0
1670581612802 0.011471689260433071 0
1670581613435 0.011799716653869696 0
1670581614213 0.011915490937695283 0
1670581614823 0.011921995485894232 0
1670581615829 0.01177891038717116 0
1670581616767 0.011692277339432122 0
1670581617609 0.011656769518063048 0
1670581618265 0.011737986327967964 0
1670581618995 0.012089697767634688 0
1670581619856 0.012629193106189929 0
1670581620882 0.012609339539549902 0
1670581621898 0.012517773659908027 0
1670581622647 0.013067587972123484 0
1670581623354 0.01297085764180006 0
1670581624438 0.012848050403712619 0
1670581625287 0.012752207363986856 0
1670581625860 0.012876036148091852 0
1670581626672 0.01280179099938683 0
1670581627426 0.01271280144027187 0
1670581628241 0.01279601805677899 0
1670581629142 0.012744665568000357 0
1670581630229 0.012639961242171038 0
1670581631029 0.012537738777382179 0
1670581631869 0.012472065003067745 0
1670581632608 0.012455572403114124 0
1670581633421 0.012654421178415753 0
1670581634225 0.012683151406914894 0
1670581635368 0.013491362255148465 0
1670581636270 0.013476767585531846 0
1670581637051 0.013410929299720098 0
1670581638178 0.013345514903499223 0
1670581639107 0.013315116521989023 0
1670581640031 0.013218564946645639 0
1670581640880 0.013205529293129237 0
1670581641777 0.01319523342836959 0
1670581642633 0.013103786537162154 0
1670581643571 0.013092281345723045 0
1670581644187 0.013048067336069669 0
1670581645109 0.012955901492133881 0
1670581645795 0.012926952210231657 0
1670581646901 0.013062944334583215 0
1670581647663 0.012986197308383796 0
1670581648321 0.012975680160045688 0
1670581649315 0.013051521521741272 0
1670581650226 0.012968563250271847 0
1670581651044 0.012895165764413297 0
1670581651968 0.013128939761735237 0
1670581652775 0.013138054749643358 0
1670581653488 0.01322382507917974 0
1670581654722 0.013143038152312547 0
1670581655480 0.013181561638464512 0
1670581656554 0.013216304944829504 0
1670581657438 0.013379577852107083 0
1670581658307 0.013302730884422798 0
1670581659258 0.013231625732011976 0
1670581660037 0.013156613484964108 0
1670581660807 0.013158938164882783 0
1670581661873 0.013088032829245089 0
1670581662866 0.013021553490414561 0
1670581663605 0.013048568437226238 0
1670581664788 0.013163883803136711 0
1670581665691 0.013096912846130904 0
1670581666538 0.013081156900137003 0
1670581667520 0.013012887156876651 0
1670581668354 0.012986092373022062 0
1670581669417 0.012946291454941194 0
1670581670430 0.01288573210149524 0
1670581671486 0.012842668890120645 0
1670581672609 0.012839896105336202 0
1670581673730 0.012778387594074125 0
