1670581585726 0.366 0
1670581586596 0.36433333333333334 0
1670581587385 0.365 0
1670581588063 0.36566666666666664 0
1670581588794 0.36233333333333334 0
1670581589691 0.3616666666666667 0
1670581590851 0.37066666666666664 0
1670581591678 0.36766666666666664 0
1670581592204 0.36833333333333335 0
1670581593111 0.37233333333333335 0
1670581593866 0.362 0
1670581594566 0.36733333333333335 0
1670581595199 0.3626666666666667 0
1670581596078 0.36466666666666664 0
1670581597025 0.36633333333333334 0
1670581597856 0.361 0
1670581598464 0.36666666666666664 0
1670581599573 0.36533333333333334 0
1670581600561 0.359 0
1670581601862 0.3636666666666667 0
1670581602956 0.368 0
1670581603841 0.367 0
1670581604673 0.36233333333333334 0
1670581605595 0.367 0
1670581606529 0.35933333333333334 0
1670581607077 0.36633333333333334 0
1670581607913 0.36566666666666664 0
1670581608551 0.362 0
1670581609577 0.363 0
1670581610601 0.36666666666666664 0
1670581611361 0.36633333333333334 0
1670581612136 0.36566666666666664 0
1670581612799 0.367 0
1670581613433 0.36 0
1670581614211 0.361 0
1670581614821 0.368 0
1670581615822 0.366 0
1670581616765 0.367 0
1670581617607 0.36766666666666664 0
1670581618262 0.36133333333333334 0
1670581618988 0.37066666666666664 0
1670581619854 0.372 0
1670581620879 0.36833333333333335 0
1670581621895 0.36733333333333335 0
1670581622644 0.37266666666666665 0
1670581623351 0.3636666666666667 0
1670581624436 0.36666666666666664 0
1670581625285 0.36733333333333335 0
1670581625858 0.361 0
1670581626669 0.36766666666666664 0
1670581627423 0.36733333333333335 0
1670581628239 0.36133333333333334 0
1670581629140 0.363 0
1670581630227 0.36433333333333334 0
1670581631026 0.36433333333333334 0
1670581631866 0.36333333333333334 0
1670581632606 0.36833333333333335 0
1670581633419 0.36 0
1670581634222 0.3616666666666667 0
1670581635366 0.375 0
1670581636267 0.36866666666666664 0
1670581637048 0.36766666666666664 0
1670581638175 0.36766666666666664 0
1670581639105 0.3626666666666667 0
1670581640028 0.36466666666666664 0
1670581640877 0.36866666666666664 0
1670581641775 0.36233333333333334 0
1670581642630 0.36633333333333334 0
1670581643567 0.36866666666666664 0
1670581644184 0.368 0
1670581645106 0.36566666666666664 0
1670581645792 0.36833333333333335 0
1670581646898 0.36033333333333334 0
1670581647660 0.36433333333333334 0
1670581648319 0.36866666666666664 0
1670581649313 0.361 0
1670581650224 0.365 0
1670581651042 0.36666666666666664 0
1670581651916 0.359 0
1670581652773 0.369 0
1670581653486 0.37033333333333335 0
1670581654720 0.36566666666666664 0
1670581655478 0.36966666666666664 0
1670581656552 0.36966666666666664 0
1670581657435 0.3596666666666667 0
1670581658305 0.366 0
1670581659163 0.36466666666666664 0
1670581660034 0.36533333333333334 0
1670581660805 0.369 0
1670581661870 0.365 0
1670581662864 0.36466666666666664 0
1670581663539 0.3616666666666667 0
1670581664785 0.371 0
1670581665689 0.36633333333333334 0
1670581666536 0.3626666666666667 0
1670581667518 0.36566666666666664 0
1670581668351 0.363 0
1670581669414 0.36766666666666664 0
1670581670426 0.36466666666666664 0
1670581671483 0.3636666666666667 0
1670581672606 0.36233333333333334 0
1670581673727 0.365 0
