1670599091532 0.16666666666666666 0
1670599093155 0.16666666666666666 0
1670599095030 0.16666666666666666 0
1670599096857 0.16666666666666666 0
1670599098508 0.16666666666666666 0
1670599100177 0.16666666666666666 0
1670599102070 0.16666666666666666 0
1670599104173 0.16666666666666666 0
1670599106086 0.16666666666666666 0
1670599108100 0.16666666666666666 0
1670599109928 0.16666666666666666 0
1670599111981 0.16666666666666666 0
1670599113782 0.16666666666666666 0
1670599115757 0.16666666666666666 0
1670599117722 0.16666666666666666 0
1670599119433 0.16666666666666666 0
1670599121456 0.16666666666666666 0
1670599123384 0.16666666666666666 0
1670599125471 0.16666666666666666 0
1670599127216 0.16666666666666666 0
1670599129183 0.16666666666666666 0
1670599131025 0.16666666666666666 0
1670599133186 0.16666666666666666 0
1670599135002 0.16666666666666666 0
1670599136737 0.16666666666666666 0
1670599138733 0.16666666666666666 0
1670599140459 0.16666666666666666 0
1670599142533 0.16666666666666666 0
1670599144325 0.16666666666666666 0
1670599146124 0.16666666666666666 0
1670599148017 0.16666666666666666 0
1670599149682 0.16666666666666666 0
1670599151389 0.16666666666666666 0
1670599153079 0.16666666666666666 0
1670599155180 0.16666666666666666 0
1670599157105 0.16666666666666666 0
1670599159283 0.16666666666666666 0
1670599161081 0.16666666666666666 0
1670599162987 0.16666666666666666 0
1670599164864 0.16666666666666666 0
1670599166757 0.16666666666666666 0
1670599169261 0.16666666666666666 0
1670599171364 0.16666666666666666 0
1670599173049 0.16666666666666666 0
1670599175229 0.16666666666666666 0
1670599177304 0.16666666666666666 0
1670599179161 0.16666666666666666 0
1670599181209 0.16666666666666666 0
1670599183462 0.16666666666666666 0
1670599185721 0.16666666666666666 0
1670599187867 0.16666666666666666 0
1670599189589 0.16666666666666666 0
1670599191581 0.16666666666666666 0
1670599193330 0.16666666666666666 0
1670599195364 0.16666666666666666 0
1670599197169 0.16666666666666666 0
1670599199120 0.16666666666666666 0
1670599200948 0.16666666666666666 0
1670599203326 0.16666666666666666 0
1670599205278 0.16666666666666666 0
1670599207481 0.16666666666666666 0
1670599209211 0.16666666666666666 0
1670599210928 0.16666666666666666 0
1670599212660 0.16666666666666666 0
1670599214547 0.16666666666666666 0
1670599216695 0.16666666666666666 0
1670599218849 0.16666666666666666 0
1670599220904 0.16666666666666666 0
1670599222833 0.16666666666666666 0
1670599224895 0.16666666666666666 0
1670599226646 0.16666666666666666 0
1670599228891 0.16666666666666666 0
1670599231068 0.16666666666666666 0
1670599233291 0.16666666666666666 0
1670599235139 0.16666666666666666 0
1670599237037 0.1665 0
1670599238798 0.16666666666666666 0
1670599240891 0.16666666666666666 0
1670599242676 0.16666666666666666 0
1670599244837 0.16666666666666666 0
1670599246808 0.16666666666666666 0
1670599248932 0.16666666666666666 0
1670599250791 0.16666666666666666 0
1670599252734 0.16666666666666666 0
1670599254837 0.16666666666666666 0
1670599256763 0.16666666666666666 0
1670599258749 0.16666666666666666 0
1670599260399 0.16666666666666666 0
1670599262430 0.16666666666666666 0
1670599264493 0.16666666666666666 0
1670599266607 0.16666666666666666 0
1670599268468 0.16666666666666666 0
1670599270176 0.16666666666666666 0
1670599271765 0.16666666666666666 0
1670599273557 0.16666666666666666 0
1670599275423 0.16666666666666666 0
1670599277155 0.16666666666666666 0
1670599279262 0.16666666666666666 0
1670599281199 0.16666666666666666 0
1670599282942 0.16666666666666666 0
1670599284952 0.16666666666666666 0
1670599286930 0.16666666666666666 0
1670599289232 0.16666666666666666 0
1670599291203 0.16666666666666666 0
1670599293023 0.16666666666666666 0
1670599294975 0.16666666666666666 0
1670599296784 0.16666666666666666 0
1670599298540 0.16666666666666666 0
1670599300482 0.16666666666666666 0
1670599302201 0.16666666666666666 0
1670599304101 0.16666666666666666 0
1670599306109 0.16666666666666666 0
1670599308045 0.16666666666666666 0
1670599309926 0.16666666666666666 0
1670599311509 0.16666666666666666 0
1670599313734 0.16666666666666666 0
1670599315633 0.16666666666666666 0
1670599317620 0.16666666666666666 0
1670599319409 0.16666666666666666 0
1670599321037 0.16666666666666666 0
1670599322956 0.16666666666666666 0
1670599324836 0.16666666666666666 0
1670599326541 0.16666666666666666 0
1670599328204 0.16666666666666666 0
1670599329971 0.16666666666666666 0
1670599331588 0.16666666666666666 0
1670599333191 0.16666666666666666 0
1670599335139 0.16666666666666666 0
1670599337033 0.16666666666666666 0
1670599338884 0.16666666666666666 0
1670599340595 0.16666666666666666 0
1670599342478 0.16666666666666666 0
1670599344645 0.16666666666666666 0
1670599346593 0.16666666666666666 0
1670599348349 0.16666666666666666 0
1670599350192 0.16666666666666666 0
1670599351880 0.16666666666666666 0
1670599353982 0.16666666666666666 0
1670599355732 0.16666666666666666 0
1670599357332 0.16666666666666666 0
1670599359192 0.16666666666666666 0
1670599360872 0.16666666666666666 0
1670599362692 0.16666666666666666 0
1670599364361 0.16666666666666666 0
1670599365993 0.16666666666666666 0
1670599367785 0.16666666666666666 0
1670599369533 0.16666666666666666 0
1670599371332 0.16666666666666666 0
1670599373245 0.16666666666666666 0
1670599374953 0.16666666666666666 0
1670599377365 0.16666666666666666 0
1670599379127 0.16666666666666666 0
1670599380943 0.16666666666666666 0
1670599383214 0.16666666666666666 0
1670599385321 0.16666666666666666 0
1670599387490 0.16666666666666666 0
1670599389328 0.16666666666666666 0
1670599391006 0.16666666666666666 0
1670599392737 0.16666666666666666 0
1670599394759 0.16666666666666666 0
1670599396782 0.16666666666666666 0
1670599399114 0.16666666666666666 0
1670599401135 0.16666666666666666 0
1670599403350 0.16666666666666666 0
1670599405235 0.16666666666666666 0
1670599407376 0.16666666666666666 0
1670599409662 0.16666666666666666 0
1670599411737 0.16666666666666666 0
1670599413800 0.16666666666666666 0
1670599415575 0.16666666666666666 0
1670599417501 0.16666666666666666 0
1670599419449 0.16666666666666666 0
1670599421433 0.16666666666666666 0
1670599423708 0.16666666666666666 0
1670599425665 0.16666666666666666 0
1670599428338 0.16666666666666666 0
1670599430350 0.16666666666666666 0
1670599432459 0.16666666666666666 0
1670599434377 0.16666666666666666 0
1670599436107 0.16666666666666666 0
1670599438191 0.16666666666666666 0
1670599440139 0.16666666666666666 0
1670599442401 0.16666666666666666 0
1670599444418 0.16666666666666666 0
1670599446550 0.16666666666666666 0
1670599448346 0.16666666666666666 0
1670599450035 0.16666666666666666 0
1670599451813 0.16666666666666666 0
1670599453889 0.16666666666666666 0
1670599455872 0.16666666666666666 0
1670599457897 0.16666666666666666 0
1670599459839 0.16666666666666666 0
1670599461774 0.16666666666666666 0
1670599464003 0.16666666666666666 0
1670599466014 0.16666666666666666 0
1670599467930 0.16666666666666666 0
1670599469960 0.16666666666666666 0
1670599471876 0.16666666666666666 0
1670599473888 0.16666666666666666 0
1670599475928 0.16666666666666666 0
1670599477960 0.16666666666666666 0
1670599479751 0.16666666666666666 0
1670599481930 0.16666666666666666 0
1670599484280 0.16666666666666666 0
1670599486477 0.16666666666666666 0
1670599488606 0.16666666666666666 0
1670599490663 0.16666666666666666 0
1670599492877 0.16666666666666666 0
1670599494935 0.16666666666666666 0
1670599496906 0.16666666666666666 0
1670599499017 0.16666666666666666 0
1670599500904 0.16666666666666666 0
1670599502725 0.16666666666666666 0
1670599504746 0.16666666666666666 0
1670599506953 0.16666666666666666 0
1670599508723 0.16666666666666666 0
1670599510442 0.16666666666666666 0
1670599512273 0.16666666666666666 0
1670599514252 0.16666666666666666 0
1670599516265 0.16666666666666666 0
1670599518041 0.16666666666666666 0
1670599520288 0.16666666666666666 0
1670599522362 0.16666666666666666 0
1670599524480 0.16666666666666666 0
1670599526684 0.16666666666666666 0
1670599528818 0.16666666666666666 0
1670599530578 0.16666666666666666 0
1670599532739 0.16666666666666666 0
1670599534520 0.1665 0
1670599536513 0.16666666666666666 0
1670599538684 0.16666666666666666 0
1670599540647 0.16666666666666666 0
