1670580042374 0.008470803157621165 0
1670580043035 0.007155134386486961 0
1670580044445 0.04646746993273421 0
1670580045276 0.03728852948333361 0
1670580046030 0.03742387702907912 0
1670580046981 0.03308828735923053 0
1670580047933 0.0304552169810568 0
1670580049260 0.029375234856004018 0
1670580050374 0.0300673130045348 0
1670580051276 0.03517026319818928 0
1670580052089 0.03337130494984397 0
1670580052670 0.03392005482797722 0
1670580053505 0.033871406415237004 0
1670580054808 0.03475727804994777 0
1670580055646 0.033468089684458247 0
1670580056210 0.03251616255862422 0
1670580057169 0.03145214731451074 0
1670580058061 0.03811723723989935 0
1670580059037 0.03704770824362036 0
1670580059949 0.036181190825174125 0
1670580060707 0.03537134787583218 0
1670580061536 0.034663881133872865 0
1670580062133 0.034413016522016004 0
1670580062968 0.03366123435335311 0
1670580064058 0.033435193952902065 0
1670580064726 0.033037886691723806 0
1670580065523 0.03276816497800061 0
1670580066289 0.0328929719539367 0
1670580066962 0.031334611923596656 0
1670580067873 0.031064289624271657 0
1670580068456 0.03090700179699213 0
1670580069227 0.03057946715176363 0
1670580069982 0.03017619874070565 0
1670580070864 0.03033341347126217 0
1670580071499 0.03080778492079317 0
1670580072237 0.03047080717552575 0
1670580073098 0.0303945533428579 0
1670580073893 0.030056235845703827 0
1670580074726 0.03016602904095267 0
1670580075535 0.029853213960702396 0
1670580076330 0.029948641219490035 0
1670580077241 0.029612040410951557 0
1670580077973 0.029292944617394845 0
1670580078767 0.02915756561348648 0
1670580079354 0.028914351715506714 0
1670580080079 0.028769386084986692 0
1670580080718 0.02962542644953814 0
1670580081510 0.02937947148098141 0
1670580082359 0.02926540036793357 0
1670580082971 0.028984321493892073 0
1670580083767 0.028765932901539393 0
1670580084208 0.028698864387327716 0
1670580084691 0.029133452597120968 0
1670580085167 0.028877640692035023 0
1670580085705 0.029171758076031673 0
1670580086480 0.028933595437081294 0
1670580087343 0.02873329124777102 0
1670580087994 0.02849114183939505 0
1670580088730 0.028278040123021264 0
1670580089364 0.02878089759581859 0
1670580090255 0.02860184442955649 0
1670580091239 0.02837687484564866 0
1670580091756 0.028157130483973503 0
1670580092275 0.02848280245572965 0
1670580092931 0.02826675299115189 0
1670580093558 0.02857021325721687 0
1670580094143 0.02840665816628485 0
1670580094785 0.028202278981782514 0
1670580095416 0.02800620456375602 0
1670580096001 0.027816106834217313 0
1670580096779 0.027675548276252626 0
1670580097635 0.027705104713808493 0
1670580098289 0.02766022794725842 0
1670580099333 0.027537629606691594 0
1670580100101 0.027798899019140788 0
1670580100991 0.027822340670549006 0
1670580101603 0.027671425341719513 0
1670580102684 0.02871362099737307 0
1670580103347 0.02855129598244932 0
1670580104116 0.0284258634021185 0
1670580104854 0.028432576073138538 0
1670580105554 0.02888697752784053 0
1670580106327 0.028718697395144988 0
1670580107009 0.028551583995664043 0
1670580107835 0.0284485168393529 0
1670580108829 0.028294527680932435 0
1670580109529 0.02817206322606891 0
1670580110390 0.028105871758397627 0
1670580111084 0.027980464270768945 0
1670580112099 0.027953226960128252 0
1670580112814 0.02809022849356657 0
1670580113701 0.028277063891333776 0
1670580114397 0.028218537465407256 0
1670580115377 0.028319877209821764 0
1670580116080 0.028225759083011726 0
1670580116749 0.02827324790602148 0
1670580117606 0.02812864552807781 0
1670580118480 0.028136739498299757 0
1670580119341 0.028199346563175465 0
1670580120036 0.02840689404522967 0
1670580120730 0.028410115417219606 0
1670580121606 0.028345000519410135 0
1670580122404 0.02859450806233843 0
1670580123077 0.028543314839889256 0
1670580123908 0.028615503485906135 0
1670580124706 0.028499017927656634 0
1670580125438 0.02836905850842375 0
1670580126066 0.028256863837981094 0
1670580127024 0.028443765092650453 0
1670580127661 0.028647588809896374 0
1670580128399 0.028536702721730478 0
1670580129364 0.028601513591520522 0
1670580129858 0.028477766399893745 0
1670580130300 0.028482124480823767 0
1670580130804 0.02836572461888598 0
1670580131580 0.0282941514802455 0
1670580132256 0.02817777192821236 0
1670580133253 0.028100720685579228 0
1670580133993 0.027984716147216537 0
1670580134801 0.028061156050337765 0
1670580135500 0.02800554441179448 0
1670580136118 0.02823866296907651 0
1670580136717 0.028224615278277687 0
1670580137901 0.02838622827018833 0
1670580138642 0.028274937563326108 0
1670580139477 0.02818976955024144 0
1670580140325 0.02808947663869865 0
1670580141079 0.0280112827659047 0
1670580141827 0.027916868174247877 0
1670580142780 0.028151719337216052 0
1670580143472 0.028388143583383818 0
1670580144402 0.02833491448505543 0
1670580145071 0.028539433794662616 0
1670580146033 0.028438939105247085 0
1670580146738 0.028348575826709355 0
1670580147340 0.02836083320942029 0
1670580148230 0.02826607804646597 0
1670580148956 0.0281644771710009 0
1670580149717 0.028245625061305124 0
1670580150255 0.028231626590911052 0
1670580151055 0.028173476227900895 0
1670580151846 0.028076849682630467 0
1670580152506 0.027999813880531077 0
1670580153326 0.028191054190099596 0
1670580153894 0.028319753400549263 0
1670580154655 0.028323231824247674 0
1670580155375 0.028434277503500804 0
1670580155996 0.028347902935700664 0
1670580156797 0.028258819263229373 0
1670580157692 0.028259345964652738 0
1670580158311 0.028283765391522553 0
1670580159322 0.02858267508140344 0
1670580160042 0.028490167508887665 0
