1670611489664 0.03266666666666666 0
1670611490158 0.03333333333333333 0
1670611490826 0.034 0
1670611491425 0.028666666666666667 0
1670611492012 0.027666666666666666 0
1670611492667 0.029333333333333333 0
1670611493517 0.03233333333333333 0
1670611494288 0.03333333333333333 0
1670611494995 0.03333333333333333 0
1670611495458 0.030666666666666665 0
1670611496208 0.03966666666666667 0
1670611496638 0.035 0
1670611497149 0.034666666666666665 0
1670611497761 0.029666666666666668 0
1670611498498 0.027333333333333334 0
1670611499122 0.04033333333333333 0
1670611499786 0.032 0
1670611500269 0.03166666666666667 0
1670611501009 0.03833333333333333 0
1670611501625 0.035333333333333335 0
1670611502016 0.03333333333333333 0
1670611502833 0.035666666666666666 0
1670611503685 0.03766666666666667 0
1670611504168 0.033666666666666664 0
1670611504801 0.030333333333333334 0
1670611505525 0.039 0
1670611506101 0.029666666666666668 0
1670611506712 0.03333333333333333 0
1670611507091 0.034666666666666665 0
1670611507635 0.03233333333333333 0
1670611508212 0.033 0
1670611508847 0.03766666666666667 0
1670611509590 0.03233333333333333 0
1670611510283 0.03166666666666667 0
1670611510781 0.034 0
1670611511595 0.03233333333333333 0
1670611512088 0.03 0
1670611512745 0.03166666666666667 0
1670611513497 0.036333333333333336 0
1670611514048 0.034 0
1670611514704 0.034666666666666665 0
1670611515466 0.033 0
1670611515943 0.034666666666666665 0
1670611516577 0.03266666666666666 0
1670611517232 0.033666666666666664 0
1670611517859 0.029 0
1670611518467 0.03266666666666666 0
1670611519095 0.03666666666666667 0
1670611519647 0.03233333333333333 0
1670611520335 0.035333333333333335 0
1670611520992 0.037 0
1670611521641 0.029 0
1670611522334 0.029666666666666668 0
1670611522958 0.03 0
1670611523633 0.034333333333333334 0
1670611524156 0.03933333333333333 0
1670611525017 0.033 0
1670611525476 0.03333333333333333 0
1670611526177 0.03 0
1670611526692 0.035666666666666666 0
1670611527272 0.034 0
1670611527886 0.04 0
1670611528387 0.03133333333333333 0
1670611528952 0.034666666666666665 0
1670611529643 0.033666666666666664 0
1670611530380 0.037 0
1670611530845 0.033666666666666664 0
1670611531547 0.036 0
1670611532148 0.031 0
1670611532651 0.03266666666666666 0
1670611533409 0.036 0
1670611534126 0.037333333333333336 0
1670611534514 0.036 0
1670611535092 0.033 0
1670611535587 0.035666666666666666 0
1670611536461 0.034 0
1670611537268 0.03166666666666667 0
1670611537935 0.035333333333333335 0
1670611538555 0.033666666666666664 0
1670611539161 0.03966666666666667 0
1670611539732 0.030666666666666665 0
1670611540298 0.037 0
1670611541137 0.03166666666666667 0
1670611541641 0.034 0
1670611542186 0.035333333333333335 0
1670611542993 0.031 0
1670611543520 0.03866666666666667 0
1670611544172 0.034 0
1670611544642 0.033666666666666664 0
1670611545268 0.035666666666666666 0
1670611546012 0.032 0
1670611546824 0.03766666666666667 0
1670611547579 0.03233333333333333 0
1670611547946 0.03233333333333333 0
1670611548402 0.030666666666666665 0
1670611549083 0.03966666666666667 0
1670611549922 0.029333333333333333 0
1670611550645 0.034666666666666665 0
1670611551575 0.028 0
1670611552144 0.03 0
1670611552700 0.034333333333333334 0
1670611553408 0.03233333333333333 0
1670611554392 0.030333333333333334 0
1670611554981 0.028333333333333332 0
1670611555451 0.035333333333333335 0
1670611555969 0.03766666666666667 0
1670611556627 0.034333333333333334 0
1670611557228 0.03333333333333333 0
1670611558072 0.035333333333333335 0
1670611558424 0.03266666666666666 0
1670611559406 0.034 0
1670611560016 0.03233333333333333 0
1670611560802 0.034333333333333334 0
1670611561562 0.03266666666666666 0
1670611562396 0.029 0
1670611563347 0.029333333333333333 0
1670611564037 0.034333333333333334 0
1670611564833 0.033 0
1670611565555 0.024666666666666667 0
1670611566319 0.034 0
1670611567051 0.03166666666666667 0
1670611567743 0.03133333333333333 0
1670611568496 0.029 0
1670611569318 0.033666666666666664 0
1670611569990 0.03333333333333333 0
1670611570671 0.038 0
1670611571246 0.033666666666666664 0
1670611572082 0.03166666666666667 0
1670611572478 0.03333333333333333 0
1670611572861 0.035666666666666666 0
1670611573654 0.03333333333333333 0
1670611574408 0.028666666666666667 0
1670611575062 0.042 0
1670611575607 0.034333333333333334 0
