1670594707871 0.0 0
1670594708186 0.0 0
1670594708493 0.0 0
1670594708945 0.0 0
1670594709265 0.0 0
1670594709570 0.0 0
1670594709846 0.0 0
1670594710180 0.0 0
1670594710484 0.0 0
1670594710749 0.0 0
1670594711059 0.0 0
1670594711470 0.0 0
1670594711755 0.0 0
1670594712088 0.0 0
1670594712461 0.0 0
1670594712808 0.0 0
1670594713214 0.0 0
1670594713518 0.0 0
1670594714000 0.0 0
1670594714284 0.0 0
1670594714576 0.0 0
1670594714890 0.0 0
1670594715194 0.0 0
1670594715705 0.0 0
1670594716014 0.0 0
1670594716315 0.0 0
1670594716618 0.0 0
1670594716898 0.0 0
1670594717202 0.0 0
1670594717491 0.0 0
1670594717880 0.0 0
1670594718173 0.0 0
1670594718488 0.0 0
1670594718911 0.0 0
1670594719206 0.0 0
1670594719480 0.0 0
1670594719761 0.0 0
1670594720097 0.0 0
1670594720508 0.0 0
1670594720809 0.0 0
1670594721194 0.0 0
1670594721500 0.0 0
1670594721772 0.0 0
1670594722254 0.0 0
1670594722554 0.0 0
1670594722972 0.0 0
1670594723301 0.0 0
1670594723694 0.0 0
1670594724004 0.0 0
1670594724483 0.0 0
1670594724815 0.0 0
1670594725103 0.0 0
1670594725566 0.0 0
1670594726027 0.0 0
1670594726378 0.0 0
1670594726811 0.0 0
1670594727315 0.0 0
1670594727604 0.0 0
1670594727948 0.0 0
1670594728229 0.0 0
1670594728532 0.0 0
1670594728923 0.0 0
1670594729196 0.0 0
1670594729483 0.0 0
1670594729750 0.0 0
1670594730249 0.0 0
1670594730554 0.0 0
1670594730834 0.0 0
1670594731332 0.0 0
1670594731620 0.0 0
1670594732194 0.0 0
1670594732605 0.0 0
1670594733002 0.0 0
1670594733288 0.0 0
1670594733588 0.0 0
1670594733880 0.0 0
1670594734357 0.0 0
1670594734660 0.0 0
1670594735137 0.0 0
1670594735455 0.0 0
1670594735747 0.0 0
1670594736020 0.0 0
1670594736368 0.0 0
1670594736823 0.0 0
1670594737091 0.0 0
1670594737379 0.0 0
1670594737689 0.0 0
1670594737957 0.0 0
1670594738436 0.0 0
1670594738728 0.0 0
1670594739017 0.0 0
1670594739499 0.0 0
1670594739881 0.0 0
1670594740185 0.0 0
1670594740666 0.0 0
1670594741158 0.0 0
1670594741415 0.0 0
1670594741719 0.0 0
1670594742045 0.0 0
1670594742314 0.0 0
1670594742588 0.0 0
