1670627913861 0.0 0
1670627921165 0.0 0
1670627928367 0.0 0
1670627935571 0.0 0
1670627942654 0.0 0
1670627949558 0.0 0
1670627956328 0.0 0
1670627963809 0.0 0
1670627971179 0.0 0
1670627978125 0.0 0
1670627984771 0.0 0
1670627991209 0.0 0
1670627997629 0.0 0
1670628004240 0.0 0
1670628011000 0.0 0
1670628017847 0.0 0
1670628024837 0.0 0
1670628031842 0.0 0
1670628038892 0.0 0
1670628045892 0.0 0
1670628053043 0.0 0
1670628060215 0.0 0
1670628067243 0.0 0
1670628074226 0.0 0
1670628081262 0.0 0
1670628088372 0.0 0
1670628095512 0.0 0
1670628102648 0.0 0
1670628109846 0.0 0
1670628116666 0.0 0
1670628123036 0.0 0
1670628129578 0.0 0
1670628136612 0.0 0
1670628144213 0.0 0
1670628151739 0.0 0
1670628159208 0.0 0
1670628166669 0.0 0
1670628174101 0.0 0
1670628181198 0.0 0
1670628188230 0.0 0
1670628195276 0.0 0
1670628202312 0.0 0
1670628209362 0.0 0
1670628216485 0.0 0
1670628223735 0.0 0
1670628231170 0.0 0
1670628238656 0.0 0
1670628245630 0.0 0
1670628253048 0.0 0
1670628260232 0.0 0
1670628267061 0.0 0
1670628273932 0.0 0
1670628281022 0.0 0
1670628288044 0.0 0
1670628295056 0.0 0
1670628301922 0.0 0
1670628308955 0.0 0
1670628315911 0.0 0
1670628322842 0.0 0
1670628329783 0.0 0
1670628336564 0.0 0
1670628343817 0.0 0
1670628350965 0.0 0
1670628357988 0.0 0
1670628365068 0.0 0
1670628371937 0.0 0
1670628378786 0.0 0
1670628385288 0.0 0
1670628392359 0.0 0
1670628399460 0.0 0
1670628406598 0.0 0
1670628413725 0.0 0
1670628420837 0.0 0
1670628428051 0.0 0
1670628435206 0.0 0
1670628442224 0.0 0
1670628449198 0.0 0
1670628456361 0.0 0
1670628463352 0.0 0
1670628469934 0.0 0
1670628476409 0.0 0
1670628482605 0.0 0
1670628489138 0.0 0
1670628495463 0.0 0
1670628501438 0.0 0
1670628507673 0.0 0
1670628514302 0.0 0
1670628520221 0.0 0
1670628526331 0.0 0
1670628532196 0.0 0
1670628538209 0.0 0
1670628544359 0.0 0
1670628550643 0.0 0
1670628556945 0.0 0
1670628563136 0.0 0
1670628569534 0.0 0
1670628575712 0.0 0
1670628581510 0.0 0
1670628587373 0.0 0
1670628593522 0.0 0
1670628598977 0.0 0
1670628604910 0.0 0
