1670569831635 0.0 0
1670569833675 0.0 0
1670569835426 0.0 0
1670569836726 0.0 0
1670569838168 0.0 0
1670569839323 0.0 0
1670569840369 0.0 0
1670569841606 0.0 0
1670569842782 0.0 0
1670569844231 0.0 0
1670569845582 0.0 0
1670569847120 0.0 0
1670569848502 0.0 0
1670569849965 0.0 0
1670569851325 0.0 0
1670569852998 0.0 0
1670569854087 0.0 0
1670569855263 0.0 0
1670569856613 0.0 0
1670569858119 0.0 0
1670569859616 0.0 0
1670569860536 0.0 0
1670569861422 0.0 0
1670569863429 0.0 0
1670569864906 0.0 0
1670569866239 0.0 0
1670569867534 0.0 0
1670569869359 0.0 0
1670569870664 0.0 0
1670569872399 0.0 0
1670569874335 0.0 0
1670569875764 0.0 0
1670569877100 0.0 0
1670569878317 0.0 0
1670569879932 0.0 0
1670569881706 0.0 0
1670569882910 0.0 0
1670569884481 0.0 0
1670569885905 0.0 0
1670569887223 0.0 0
1670569888483 0.0 0
1670569889811 0.0 0
1670569891085 0.0 0
1670569892546 0.0 0
1670569893734 0.0 0
1670569895118 0.0 0
1670569896473 0.0 0
1670569898073 0.0 0
1670569899218 0.0 0
1670569900206 0.0 0
1670569901298 0.0 0
1670569902476 0.0 0
1670569903695 0.0 0
1670569905058 0.0 0
1670569906642 0.0 0
1670569908195 0.0 0
1670569909623 0.0 0
1670569911418 0.0 0
1670569913126 0.0 0
1670569914490 0.0 0
1670569916241 0.0 0
1670569917491 0.0 0
1670569919165 0.0 0
1670569920536 0.0 0
1670569921850 0.0 0
1670569923116 0.0 0
1670569924618 0.0 0
1670569925995 0.0 0
1670569927369 0.0 0
1670569928852 0.0 0
1670569930185 0.0 0
1670569931800 0.0 0
1670569933161 0.0 0
1670569934609 0.0 0
1670569935848 0.0 0
1670569936953 0.0 0
1670569938285 0.0 0
1670569939594 0.0 0
1670569940932 0.0 0
1670569942112 0.0 0
1670569943440 0.0 0
1670569944852 0.0 0
1670569946251 0.0 0
1670569947608 0.0 0
1670569948971 0.0 0
1670569950379 0.0 0
1670569951722 0.0 0
1670569953255 0.0 0
1670569954568 0.0 0
1670569955901 0.0 0
1670569957393 0.0 0
1670569958917 0.0 0
1670569960323 0.0 0
1670569961529 0.0 0
1670569962961 0.0 0
1670569964384 0.0 0
1670569966048 0.0 0
1670569967438 0.0 0
1670569968534 0.0 0
1670569969882 0.0 0
1670569971257 0.0 0
1670569972613 0.0 0
