1670637845400 0.08470803157621402 0
1670637847387 0.023769389047533757 0
1670637849375 0.01590338894083908 0
1670637851303 0.012422157262906273 0
1670637853253 0.0135451448233702 0
1670637854946 0.01217169911064761 0
1670637856656 0.019367316794914963 0
1670637858415 0.018764801037939288 0
1670637860213 0.019290186984692897 0
1670637861901 0.02087735270419304 0
1670637863689 0.0198450635772684 0
1670637865379 0.01889923570521582 0
1670637867118 0.01986307693919949 0
1670637869148 0.019503921853851053 0
1670637871199 0.018819214561772823 0
1670637873228 0.018202638904225767 0
1670637875278 0.01781296424923956 0
1670637877334 0.017405228245982295 0
1670637879379 0.016930798042853426 0
1670637881096 0.0167948415163173 0
1670637882870 0.016439039645284703 0
1670637884621 0.01636555665765058 0
1670637886289 0.015982486454493766 0
1670637888119 0.016428056354368236 0
1670637889982 0.016331548806985438 0
1670637891792 0.017112241074453277 0
1670637893584 0.016774410047230348 0
1670637895386 0.016742401018164182 0
1670637897097 0.01596149563862477 0
1670637898894 0.016388617101497527 0
1670637900714 0.01645588557512387 0
1670637902464 0.016945464080032932 0
1670637904096 0.01682688383409768 0
1670637905876 0.016592083406009983 0
1670637907709 0.01656842804305966 0
1670637909456 0.016363461374545946 0
1670637911044 0.01677570857711279 0
1670637912836 0.016608422512400817 0
1670637914641 0.016720144519348792 0
1670637916429 0.016518032437974853 0
1670637918208 0.016344406813167525 0
1670637920000 0.016288643140169215 0
1670637921792 0.016150568854293754 0
1670637923633 0.01597018249800343 0
1670637925427 0.015840392122139196 0
1670637927192 0.015688138610509578 0
1670637928964 0.015540122691466738 0
1670637930758 0.01546504909672898 0
1670637932429 0.015309949345427246 0
1670637934160 0.01519229695325193 0
1670637935608 0.015045854044838203 0
1670637937305 0.015066497773891945 0
1670637939000 0.014944732421847379 0
1670637940658 0.01492935374485245 0
1670637942206 0.014795913435818889 0
1670637943722 0.01512895608059035 0
1670637945160 0.01501562916776623 0
1670637947064 0.014998714594270091 0
1670637948701 0.014900501257874219 0
1670637950473 0.014884121987524049 0
1670637952362 0.014929289012302241 0
1670637954126 0.014955798399924392 0
1670637955810 0.014887662798942145 0
1670637957498 0.015064365293021739 0
1670637959301 0.015138756833033382 0
1670637960821 0.015150958043043384 0
1670637962240 0.015201879040730431 0
1670637963880 0.015104912921593328 0
1670637965470 0.015036346487202285 0
1670637967235 0.014949466727079492 0
1670637969018 0.015018498121235235 0
1670637970603 0.015020160777855614 0
1670637972087 0.014961097072599364 0
1670637973473 0.014945819169391004 0
1670637975149 0.014878998887471531 0
1670637977117 0.014823066324981152 0
1670637979133 0.014729735622879173 0
1670637981161 0.014640312593126203 0
1670637983178 0.014874757961894029 0
1670637985017 0.014782657272560937 0
1670637986807 0.01471025206654629 0
1670637988475 0.01467739867017373 0
1670637990238 0.014624625818989451 0
1670637991969 0.014733497526557546 0
1670637993726 0.01474000036440122 0
1670637995412 0.014831386534548782 0
1670637997219 0.014761953181158083 0
1670637998986 0.01469650686740127 0
1670638000609 0.014621119337339384 0
1670638002439 0.014541397271328808 0
1670638004205 0.014462965019682514 0
1670638006019 0.014391138722907437 0
1670638007673 0.014391320462290857 0
1670638009272 0.014316037650632302 0
1670638010915 0.014271343120258753 0
1670638012428 0.014203459447714895 0
1670638014000 0.014136525975099432 0
1670638015537 0.014079926926173315 0
1670638017156 0.01430045025128417 0
1670638018873 0.014401215564585703 0
1670638020656 0.014358996204096471 0
1670638022410 0.014298130348815705 0
1670638023943 0.014243945652080096 0
1670638025390 0.014203533730508894 0
1670638027064 0.014173310236671413 0
1670638028599 0.014287671422653248 0
1670638030394 0.014621623692192175 0
1670638032202 0.014596550724018196 0
1670638033924 0.014757606164730486 0
1670638035528 0.014865065053206603 0
1670638037373 0.014837966233090708 0
1670638039153 0.014773003486343455 0
1670638040964 0.014710677055978907 0
1670638042739 0.014650364802588908 0
1670638044671 0.015081966839345332 0
1670638046492 0.015027352300182595 0
1670638048276 0.015050818323763787 0
1670638050093 0.015133777772514442 0
1670638051882 0.015076473955432091 0
1670638053728 0.015033822274435029 0
1670638055331 0.015005241560132498 0
1670638057160 0.01496927901691725 0
1670638058802 0.014914953647801599 0
1670638060533 0.015012741636501254 0
1670638062060 0.015060818179868495 0
1670638063714 0.015014310500604297 0
1670638065521 0.015108714401100957 0
1670638067310 0.015198501917295871 0
1670638068982 0.015169903175310886 0
1670638070585 0.015180921216921172 0
1670638072152 0.015125715494845818 0
