1670640940536 0.06916666666666667 0
1670640943342 0.07383333333333333 0
1670640945842 0.068 0
1670640948522 0.076 0
1670640951194 0.0775 0
1670640954172 0.07283333333333333 0
1670640957158 0.0765 0
1670640960172 0.068 0
1670640963229 0.07183333333333333 0
1670640966095 0.07333333333333333 0
1670640968631 0.06683333333333333 0
1670640971184 0.0775 0
1670640973600 0.072 0
1670640975980 0.07266666666666667 0
1670640978461 0.072 0
1670640981186 0.06766666666666667 0
1670640984136 0.07133333333333333 0
1670640987053 0.07866666666666666 0
1670640990052 0.07516666666666667 0
1670640993000 0.07 0
1670640996013 0.073 0
1670640998749 0.074 0
1670641000988 0.0725 0
1670641003373 0.076 0
1670641005666 0.07516666666666667 0
1670641008206 0.071 0
1670641010996 0.0675 0
1670641013782 0.06583333333333333 0
1670641016298 0.07666666666666666 0
1670641018814 0.0785 0
1670641021327 0.07616666666666666 0
1670641023769 0.06916666666666667 0
1670641026106 0.06633333333333333 0
1670641028343 0.07766666666666666 0
1670641031175 0.0785 0
1670641034044 0.0725 0
1670641036903 0.08066666666666666 0
1670641039732 0.07366666666666667 0
1670641042587 0.0755 0
1670641045387 0.07316666666666667 0
1670641048175 0.06933333333333333 0
1670641051024 0.07566666666666666 0
1670641053790 0.07133333333333333 0
1670641056300 0.0745 0
1670641058839 0.07666666666666666 0
1670641061353 0.06983333333333333 0
1670641063788 0.07716666666666666 0
1670641066309 0.07166666666666667 0
1670641068763 0.072 0
1670641071136 0.06733333333333333 0
1670641073551 0.07083333333333333 0
1670641076016 0.07583333333333334 0
1670641078495 0.0705 0
1670641081090 0.072 0
1670641083747 0.07233333333333333 0
1670641086528 0.07216666666666667 0
1670641089306 0.07116666666666667 0
1670641091972 0.07316666666666667 0
1670641094574 0.069 0
1670641097382 0.06933333333333333 0
1670641100017 0.074 0
1670641102541 0.067 0
1670641105090 0.0705 0
1670641107696 0.0755 0
1670641110422 0.06466666666666666 0
1670641113384 0.07183333333333333 0
1670641116297 0.07683333333333334 0
1670641119232 0.06783333333333333 0
1670641121815 0.0745 0
1670641124060 0.06683333333333333 0
1670641126296 0.07333333333333333 0
1670641128579 0.07466666666666667 0
1670641130869 0.07416666666666667 0
1670641133145 0.0685 0
1670641135412 0.07533333333333334 0
1670641137716 0.06883333333333333 0
1670641139989 0.07466666666666667 0
1670641142245 0.08 0
1670641144613 0.06716666666666667 0
1670641147109 0.06233333333333333 0
1670641149890 0.06733333333333333 0
1670641152633 0.06983333333333333 0
1670641155444 0.0715 0
1670641158316 0.07133333333333333 0
1670641161199 0.0765 0
1670641164138 0.07066666666666667 0
1670641166995 0.0765 0
1670641169871 0.0695 0
1670641172759 0.06883333333333333 0
1670641175635 0.075 0
1670641178073 0.06816666666666667 0
1670641180500 0.07566666666666666 0
1670641182952 0.08083333333333333 0
1670641185401 0.07483333333333334 0
1670641188022 0.077 0
1670641190960 0.06916666666666667 0
1670641193685 0.07216666666666667 0
1670641196334 0.0775 0
1670641199233 0.073 0
1670641201897 0.07283333333333333 0
1670641204400 0.072 0
1670641206862 0.07783333333333334 0
