% Module: Sweep, ID: c0p1t6p1cfm0
% Devices: DEV4765
% Time: 2021/02/12 16:10:04
% Impedance 1 Sample Abs(Z), /dev4765/imps/0/sample.AbsZ
% Impedance 1 Sample Imag(Z), /dev4765/imps/0/sample.ImagZ
% Impedance 1 Sample Phase(Z), /dev4765/imps/0/sample.PhaseZ
% Impedance 1 Sample Real(Z), /dev4765/imps/0/sample.RealZ
% Frequency (Hz); Impedance 1 Sample Abs(Z)  Impedance (Ohm); Impedance 1 Sample Imag(Z)  Impedance (Ohm); Impedance 1 Sample Phase(Z)  Phase(Z) (deg); Impedance 1 Sample Real(Z)  Impedance (Ohm)
1000; 4911177.44642; -4909375.7574; -88.4483797937; 132983.578567
1099.099099099099; 4477090.45261; -4475482.98044; -88.4652558934; 119910.01221
1198.198198198198; 4113138.38205; -4111610.38879; -88.4385635021; 112077.637491
1297.297297297297; 3803081.61991; -3801628.81008; -88.4169126684; 105066.886635
1396.396396396396; 3537072.00091; -3535744.65958; -88.4307697191; 96861.8965694
1495.495495495496; 3307881.6831; -3306538.9608; -88.3679286297; 94212.2842018
1594.594594594595; 3104782.94844; -3103524.16611; -88.3688701397; 88376.7827089
1693.693693693694; 2925554.83314; -2924360.13215; -88.3627823683; 83585.8586735
1792.792792792793; 2766341.12124; -2765158.7611; -88.3250365352; 80858.7444454
1891.891891891892; 2623790.21441; -2622690.2128; -88.3411052762; 75956.4294275
1990.990990990991; 2495263.97026; -2494206.06098; -88.3318556825; 72638.1952109
2090.09009009009; 2379034.49083; -2377992.84764; -88.3046474531; 70384.1317352
2189.189189189189; 2273589.8827; -2272578.64511; -88.291182267; 67798.6838567
2288.288288288288; 2176873.56624; -2175879.74546; -88.2687071761; 65768.0350257
2387.387387387387; 2087794.34333; -2086830.41499; -88.2589829967; 63430.9367413
2486.486486486487; 2006487.01664; -2005541.12695; -88.2407616045; 61598.4504091
2585.585585585585; 1930915.90831; -1929990.58462; -88.2262022713; 59768.960931
2684.684684684685; 1860710.58482; -1859802.87014; -88.2103266319; 58111.1327872
2783.783783783784; 1795742.98352; -1794847.70403; -88.1907425388; 56695.6869684
2882.882882882883; 1735286.78157; -1734404.02653; -88.1724347334; 55341.1104203
2981.981981981982; 1678846.72694; -1677982.26821; -88.1613546083; 53865.6181569
3081.081081081081; 1625682.38074; -1624832.91571; -88.1478322763; 52543.3353983
3180.18018018018; 1576065.60127; -1575217.66882; -88.1205473749; 51689.8332584
3279.279279279279; 1529387.8458; -1528557.67372; -88.1121448295; 50383.1194244
3378.378378378378; 1485374.47111; -1484559.69673; -88.1022166856; 49190.4296641
3477.477477477477; 1443953.98009; -1443153.51778; -88.0921445679; 48072.398531
3576.576576576576; 1404710.3582; -1403918.59644; -88.076231867; 47155.8141454
3675.675675675675; 1367610.15013; -1366834.44411; -88.070171182; 46054.9691866
3774.774774774774; 1332503.51015; -1331736.96495; -88.0564932146; 45190.6540661
3873.873873873874; 1299106.39708; -1298351.0941; -88.0461687639; 44291.9640712
3972.972972972973; 1267331.94981; -1266579.85908; -88.0260648638; 43653.0433402
4072.072072072072; 1237324.67886; -1236585.47995; -88.0194491362; 42762.2436441
4171.17117117117; 1208414.67585; -1207688.23558; -88.0132599753; 41893.5698699
4270.27027027027; 1181086.19564; -1180366.61895; -87.9998986392; 41221.3916136
4369.369369369369; 1154834.00974; -1154123.51122; -87.9900923478; 40502.6962144
4468.468468468468; 1129753.95536; -1129050.38429; -87.9778339478; 39864.627147
4567.567567567567; 1105729.97235; -1105033.105; -87.965740976; 39250.178791
4666.666666666666; 1082858.5793; -1082169.68075; -87.9561491886; 38619.4625671
4765.765765765766; 1060796.89125; -1060116.86193; -87.9483426499; 37977.0880042
4864.864864864865; 1039695.68975; -1039021.9046; -87.9371654258; 37424.3432065
4963.963963963964; 1019416.13916; -1018752.05268; -87.9318216083; 36789.381411
5063.063063063062; 999862.693827; -999204.812464; -87.9214666649; 36264.3122304
5162.162162162162; 981150.808486; -980497.659291; -87.9092745932; 35794.2869263
5261.261261261261; 963032.459084; -962387.106931; -87.9023256602; 35250.0138261
5360.36036036036; 945586.060528; -944948.995794; -87.8967055116; 34704.111009
5459.459459459459; 928897.797508; -928267.038486; -87.8884177162; 34225.9072592
5558.558558558559; 912701.36579; -912074.365518; -87.8761219637; 33824.8710825
5657.657657657657; 897080.355592; -896457.964509; -87.865602193; 33410.5501766
5756.756756756757; 882055.657556; -881439.54624; -87.8583796997; 32962.0886849
5855.855855855855; 867419.102028; -866808.99149; -87.8509287404; 32527.8470025
5954.954954954955; 853330.741371; -852728.061913; -87.8465069332; 32065.3382677
6054.054054054053; 839673.035812; -839076.155393; -87.8395219572; 31654.4266647
6153.153153153153; 826497.453431; -825905.411091; -87.8312128; 31277.506241
6252.252252252252; 813681.55223; -813091.640969; -87.8181311749; 30978.1489008
6351.351351351351; 801290.144449; -800708.127691; -87.8160854245; 30534.9800565
6450.45045045045; 789319.555867; -788740.90439; -87.8059582159; 30218.226269
6549.549549549549; 777733.172964; -777159.115455; -87.7984658328; 29876.2793497
6648.648648648648; 766399.059694; -765830.636604; -87.7931620221; 29511.7803361
6747.747747747748; 755609.169799; -755044.482444; -87.7847721098; 29206.8549084
6846.846846846846; 745221.688137; -744662.170872; -87.779621406; 28872.2865429
6945.945945945946; 735356.774549; -734800.759966; -87.7717887942; 28590.5483449
7045.045045045044; 725587.96305; -725034.806664; -87.762615606; 28326.807502
7144.144144144144; 715867.015395; -715318.286703; -87.7564959314; 28023.7064888
7243.243243243242; 706542.380145; -705996.200435; -87.7469923163; 27775.7837076
7342.342342342342; 697545.009656; -697004.020921; -87.7433060039; 27466.9200859
7441.441441441441; 688724.208798; -688186.941047; -87.7367298253; 27198.5788671
7540.54054054054; 680021.488946; -679488.618803; -87.731628508; 26915.3918064
7639.639639639639; 671361.36934; -670831.971318; -87.7244937252; 26656.1556137
7738.738738738738; 662851.738612; -662325.84642; -87.7175274467; 26398.8156418
7837.837837837837; 654573.628934; -654053.442083; -87.715633984; 26090.7450259
7936.936936936936; 646509.603706; -645991.732537; -87.7065559468; 25871.6758775
8036.036036036036; 638627.946944; -638114.118084; -87.7014709106; 25612.9018257
8135.135135135135; 630976.693058; -630466.492738; -87.6957559063; 25368.9258581
8234.234234234234; 623554.103226; -623047.563631; -87.6904063187; 25128.666209
8333.333333333332; 616281.545652; -615779.593813; -87.6873636397; 24868.2907044
8432.432432432432; 609180.210599; -608681.768231; -87.6820706516; 24637.9679266
8531.531531531531; 602204.884144; -601709.581009; -87.6760343887; 24419.245927
8630.630630630631; 595323.672178; -594832.052512; -87.671346987; 24188.8762502
8729.72972972973; 588376.146435; -587889.498234; -87.6695154577; 23925.3865884
8828.828828828828; 581569.225382; -581086.732623; -87.6659420404; 23684.8313585
8927.927927927927; 575092.661429; -574613.214439; -87.6602596497; 23478.0557922
9027.027027027027; 568885.466424; -568407.856227; -87.6520398342; 23306.1967919
9126.126126126124; 562821.636448; -562348.378464; -87.6502027927; 23075.8006547
9225.225225225224; 556938.913823; -556468.479645; -87.6448851394; 22886.254011
9324.324324324323; 551159.467977; -550693.324208; -87.6433854273; 22663.1740627
9423.423423423423; 545495.876415; -545031.756496; -87.6363302962; 22497.4058797
9522.522522522522; 539971.187056; -539511.355797; -87.6352689582; 22279.5488142
9621.621621621622; 534563.176276; -534104.849493; -87.62722874; 22131.3619982
9720.720720720719; 529239.58733; -528784.609284; -87.6240547219; 21940.2537333
9819.819819819819; 524065.332652; -523613.389818; -87.6203310915; 21759.7774476
9918.918918918918; 518948.252721; -518498.545151; -87.614544927; 21599.6731942
10018.01801801802; 513945.795653; -513498.765495; -87.6101146031; 21431.1665655
10117.11711711712; 509074.766518; -508629.18279; -87.602590857; 21294.840525
10216.21621621621; 504260.313247; -503816.325204; -87.5954878805; 21155.9067052
10315.31531531531; 499562.800485; -499121.70475; -87.5920927033; 20988.4016066
10414.41441441441; 494930.979886; -494491.324398; -87.5848053904; 20856.6980697
10513.51351351351; 490390.186039; -489952.880921; -87.5801409915; 20705.2307494
10612.61261261261; 485934.62306; -485499.376159; -87.5748008354; 20562.3597882
10711.71171171171; 481550.54781; -481115.87042; -87.5653761158; 20455.9861573
10810.81081081081; 477277.410718; -476844.489263; -87.5594482673; 20323.804729
10909.90990990991; 473034.621211; -472601.236218; -87.5474540464; 20242.0474283
11009.00900900901; 468870.663318; -468416.804521; -87.4788598443; 20624.6800348
11108.10810810811; 464793.230054; -464353.210694; -87.506719259; 20219.5367773
11207.20720720721; 460817.905124; -460381.205272; -87.5054444313; 20056.8477284
11306.30630630631; 456898.054027; -456472.92891; -87.5281831516; 19705.0800084
11405.4054054054; 453045.168168; -452623.694375; -87.528363512; 19537.490626
11504.5045045045; 449245.200116; -448826.301417; -87.5255329786; 19395.7877635
11603.6036036036; 445520.739661; -445103.270121; -87.5194646867; 19282.1311085
11702.7027027027; 441835.563274; -441421.774641; -87.5201255014; 19117.5457824
11801.8018018018; 438226.815331; -437816.763678; -87.5212062924; 18953.1411397
11900.9009009009; 434681.642521; -434272.641672; -87.5143099093; 18852.0856703
12000; 431194.282395; -430788.342511; -87.5136422602; 18705.8583895
12099.0990990991; 427768.586767; -427366.38578; -87.5152244637; 18545.4449731
12198.1981981982; 424387.656319; -423986.191549; -87.5076251198; 18455.1046284
12297.2972972973; 421059.024633; -420660.610383; -87.5073160559; 18312.6224768
12396.3963963964; 417786.784118; -417388.999372; -87.4995502935; 18226.8794352
12495.4954954955; 414579.79162; -414183.163362; -87.4935493607; 18130.3474599
12594.59459459459; 411390.357214; -410997.032836; -87.4943601332; 17985.0521212
12693.69369369369; 408203.142615; -407793.086847; -87.4326684593; 18284.8161808
12792.79279279279; 405137.270263; -404667.933533; -87.2435287959; 19483.361871
12891.89189189189; 402147.106559; -401725.148263; -87.3753672488; 18415.2937662
12990.99099099099; 399156.230325; -398724.453922; -87.336184999; 18550.9787527
13090.09009009009; 396183.217672; -395712.483998; -87.2074115464; 19302.2359657
13189.18918918919; 393347.304234; -392934.067795; -87.3736680942; 18023.9820406
13288.28828828829; 390486.87625; -390072.193018; -87.3593679831; 17990.2775462
13387.38738738739; 387685.436483; -387284.857234; -87.3952179014; 17618.8906925
13486.48648648648; 384913.325359; -384512.208019; -87.384098374; 17567.5331761
13585.58558558558; 382203.386644; -381810.434334; -87.4016942216; 17326.5977595
13684.68468468468; 379505.190911; -379117.629103; -87.410409272; 17146.6140041
13783.78378378378; 376864.457892; -376481.137624; -87.4156093278; 16993.1327656
13882.88288288288; 374250.296053; -373870.575685; -87.4188109223; 16854.3670966
13981.98198198198; 371692.195748; -371320.311992; -87.4367931825; 16622.6246828
14081.08108108108; 369161.251124; -368793.850746; -87.4435701585; 16465.8146225
14180.18018018018; 366632.736705; -366267.378535; -87.4419070362; 16363.6675514
14279.27927927928; 364162.463668; -363802.065332; -87.4507283887; 16197.4027745
14378.37837837838; 361735.969883; -361379.12159; -87.4548203098; 16063.6662644
14477.47747747748; 359338.080948; -358982.730286; -87.4517043417; 15976.7055453
14576.57657657658; 356959.889227; -356605.844342; -87.4479324832; 15894.4434582
14675.67567567567; 354624.270823; -354270.966622; -87.4422201509; 15825.7653777
14774.77477477477; 352307.596827; -351956.841626; -87.4430996783; 15716.9769043
14873.87387387387; 350025.250001; -349676.171771; -87.4409154586; 15628.4887624
14972.97297297297; 347764.114734; -347415.086002; -87.4328002709; 15576.7355191
15072.07207207207; 345548.721998; -345202.894403; -87.4364154174; 15455.7260699
15171.17117117117; 343364.585243; -343019.836575; -87.4322898781; 15382.7316849
15270.27027027027; 341194.906623; -340853.121944; -87.4352325621; 15268.0243742
15369.36936936937; 339061.193379; -338720.64899; -87.4318447773; 15192.5718748
15468.46846846847; 336966.693811; -336626.289832; -87.4244112599; 15142.394906
15567.56756756757; 334877.204889; -334537.185572; -87.4178466023; 15086.8289572
15666.66666666667; 332802.929779; -332465.331802; -87.4190475292; 14986.4107863
15765.76576576577; 330784.582631; -330443.980562; -87.3999231788; 15005.8089362
15864.86486486486; 328761.276543; -328412.824569; -87.361821548; 15132.4317877
15963.96396396396; 326790.957748; -326447.714978; -87.3737594125; 14973.7223088
16063.06306306306; 324823.129563; -324479.127749; -87.3629006183; 14945.0534746
16162.16216216216; 322906.724384; -322571.139671; -87.3876348537; 14717.6305168
16261.26126126126; 320992.986144; -320659.059781; -87.3863218037; 14637.7523505
16360.36036036036; 319105.711558; -318773.804718; -87.3865570968; 14550.3806889
16459.45945945946; 317211.445148; -316845.55068; -87.2484976005; 15227.4968024
16558.55855855856; 315381.112119; -315045.230418; -87.3554893245; 14551.3779729
16657.65765765766; 313576.897971; -313242.565942; -87.3540029811; 14476.2609278
16756.75675675675; 311770.174077; -311420.326189; -87.2855198616; 14765.0874761
16855.85585585585; 309989.946588; -309654.976746; -87.3362176364; 14406.7900796
16954.95495495496; 308231.528892; -307899.946386; -87.3421527709; 14293.1720557
17054.05405405405; 306507.423179; -306176.499514; -87.3373923313; 14238.6638363
17153.15315315315; 304785.051169; -304457.162542; -87.3420855401; 14133.7131632
17252.25225225225; 303089.281345; -302764.57417; -87.3476229294; 14025.8148884
17351.35135135135; 301417.132059; -301094.181633; -87.3474834245; 13949.1661426
17450.45045045045; 299734.23758; -299410.002827; -87.3347511272; 13937.8190927
17549.54954954955; 298113.609868; -297792.883539; -87.3420193724; 13824.6826728
17648.64864864865; 296483.911891; -296155.415152; -87.3026271114; 13952.7255682
17747.74774774775; 294858.93912; -294522.978963; -87.2647506329; 14070.9525382
17846.84684684685; 293270.700634; -292948.014285; -87.3120592751; 13753.2816217
17945.94594594594; 291702.916627; -291381.993056; -87.3121858622; 13679.1099749
18045.04504504504; 290170.090875; -289865.429569; -87.3742295893; 13293.3585497
18144.14414414414; 288629.673272; -288327.263463; -87.3769746639; 13208.9748958
18243.24324324324; 287113.291474; -286812.296566; -87.3762158153; 13143.3770862
18342.34234234234; 285603.809508; -285303.514483; -87.3723503295; 13093.5247666
18441.44144144144; 284112.506371; -283813.671228; -87.3718751338; 13027.510096
18540.54054054054; 282633.84636; -282335.907668; -87.3689647446; 12974.0497594
18639.63963963964; 281178.477509; -280880.050483; -87.3600200498; 12951.092456
18738.73873873874; 279687.567215; -279354.339507; -87.2030917837; 13647.5917203
18837.83783783784; 278206.431515; -277834.774303; -87.0385355022; 14373.3147532
18936.93693693693; 276817.466915; -276452.298348; -87.0581460134; 14206.9009564
19036.03603603604; 275432.487614; -275072.499067; -87.0705902265; 14076.1208051
19135.13513513513; 274074.68586; -273737.748189; -87.158881136; 13584.9324738
19234.23423423423; 272687.518533; -272335.134937; -87.0875632345; 13855.1520668
19333.33333333333; 271366.272594; -271052.931645; -87.246736676; 13035.0744736
19432.43243243243; 270031.977895; -269719.966159; -87.2454330186; 12977.1273842
19531.53153153153; 268702.645669; -268395.477186; -87.2602169721; 12843.9853245
19630.63063063063; 267369.646086; -267047.787414; -87.1886136787; 13114.0085495
19729.72972972973; 266091.910611; -265793.762782; -87.2874925116; 12592.6660017
19828.82882882883; 264804.188341; -264510.760943; -87.3025207218; 12462.3470914
19927.92792792793; 263523.288335; -263230.62973; -87.2995147134; 12415.8747717
20027.02702702703; 262247.560072; -261945.786255; -87.2511719423; 12576.7853169
20126.12612612612; 261013.257222; -260728.143492; -87.3217301115; 12196.52503
20225.22522522523; 259765.243715; -259476.899884; -87.3001373689; 12235.9961956
20324.32432432432; 258535.589746; -258248.030209; -87.2974087701; 12190.3732546
20423.42342342342; 257322.412612; -257037.113134; -87.3017092488; 12113.8776745
20522.52252252252; 256117.615002; -255831.499773; -87.2915037623; 12102.7281907
20621.62162162162; 254928.734759; -254645.127445; -87.2971194738; 12021.5900342
20720.72072072072; 253743.078419; -253461.129081; -87.2987424771; 11958.4987257
20819.81981981982; 252563.56168; -252278.875286; -87.2793335147; 11988.3699891
20918.91891891892; 251410.138048; -251126.713444; -87.2791451069; 11934.4469438
21018.01801801802; 250257.740728; -249975.255939; -87.277414652; 11887.2923289
21117.11711711712; 249118.383501; -248837.30403; -87.277989923; 11830.6742706
21216.21621621621; 247994.582518; -247713.463389; -87.2716380334; 11804.7661408
21315.31531531531; 246884.854784; -246611.304454; -87.3025789783; 11618.7688318
21414.41441441441; 245774.74784; -245503.203859; -87.3064267312; 11550.038357
21513.51351351351; 244678.384436; -244406.944169; -87.3009139326; 11522.0315501
21612.61261261261; 243586.309395; -243314.662044; -87.2938386582; 11500.6516052
21711.71171171171; 242508.357633; -242237.165406; -87.2901076237; 11465.5313648
21810.81081081081; 241432.013593; -241154.149033; -87.250856303; 11579.8517369
21909.90990990991; 240366.042689; -240087.722229; -87.2425012318; 11563.7352361
22009.00900900901; 239324.135537; -239047.590795; -87.2453383459; 11501.7730186
22108.10810810811; 238280.788163; -238003.984856; -87.2380205199; 11482.0288724
22207.2072072072; 237250.97567; -236976.546668; -87.2439329082; 11407.9514466
22306.30630630631; 236232.086217; -235958.408563; -87.2417786464; 11367.8308507
22405.4054054054; 235221.750878; -234948.523043; -87.2381319927; 11334.1661605
22504.5045045045; 234215.318012; -233946.067772; -87.2524295935; 11227.2923354
22603.6036036036; 233223.649826; -232961.964789; -87.2855643352; 11045.0337495
22702.7027027027; 232237.598055; -231976.80539; -87.2844401065; 11002.8875405
22801.8018018018; 231259.096598; -230999.365227; -87.2842554724; 10957.2722958
22900.9009009009; 230293.886643; -230031.989302; -87.2672331209; 10979.8822528
23000; 229304.849789; -229023.980085; -87.1642453951; 11344.3959728
23099.0990990991; 228355.580171; -228083.425477; -87.2024465442; 11145.3782873
23198.1981981982; 227410.74954; -227136.649589; -87.1866712717; 11161.7999216
23297.2972972973; 226470.150933; -226199.730807; -87.1997961065; 11063.8182079
23396.39639639639; 225541.817211; -225274.409638; -87.20969417; 10979.5500612
23495.4954954955; 224617.331299; -224346.781549; -87.1876315472; 11020.9322106
23594.59459459459; 223713.267067; -223451.402673; -87.2275051211; 10821.073321
23693.69369369369; 222803.43098; -222544.832059; -87.2392228756; 10731.5514555
23792.79279279279; 221905.631025; -221647.380925; -87.2355298807; 10702.5946749
23891.89189189189; 221004.080727; -220742.250052; -87.2107599341; 10754.5430347
23990.99099099099; 220122.665824; -219863.410106; -87.2189392642; 10680.265375
24090.09009009009; 219246.547792; -218989.977696; -87.2278554206; 10603.6787028
24189.18918918919; 218380.367214; -218125.78655; -87.2331532221; 10541.6174876
24288.28828828829; 217517.740915; -217264.742359; -87.2363002909; 10488.0435924
24387.38738738739; 216660.40179; -216407.698096; -87.2324503676; 10461.2463562
24486.48648648649; 215810.315246; -215559.25565; -87.2360426595; 10406.6858231
24585.58558558558; 214970.580696; -214720.842543; -87.2379453836; 10359.0618267
24684.68468468468; 214130.727951; -213881.139513; -87.2333623601; 10335.6990176
24783.78378378378; 213298.879333; -213049.811631; -87.2308663337; 10304.8286574
24882.88288288288; 212475.471246; -212227.585826; -87.2321010575; 10260.47495
24981.98198198198; 211660.234902; -211411.69642; -87.2231217243; 10254.2393174
25081.08108108108; 210851.62962; -210603.716012; -87.2213021567; 10221.753249
25180.18018018018; 210044.097162; -209797.237806; -87.2218959722; 10180.4308378
25279.27927927928; 209247.912772; -209002.90535; -87.2270794559; 10122.9333193
25378.37837837838; 208456.112187; -208214.723376; -87.2424046057; 10028.9360436
25477.47747747747; 207667.990296; -207427.143545; -87.2402806698; 9998.70842101
25576.57657657658; 206888.562563; -206648.265422; -87.2382440174; 9968.52648411
25675.67567567567; 206112.756208; -205872.774832; -87.2348717059; 9943.26301588
25774.77477477477; 205342.47724; -205102.964801; -87.2323942951; 9914.97164481
25873.87387387387; 204582.003884; -204344.353208; -87.2380539488; 9858.0670765
25972.97297297297; 203826.329271; -203589.224625; -87.2361195335; 9828.52744953
26072.07207207207; 203081.024689; -202842.899902; -87.2251008592; 9831.59820308
26171.17117117117; 202332.099218; -202093.989644; -87.2200684232; 9813.09123587
26270.27027027027; 201593.438552; -201354.122294; -87.2079309204; 9819.9213009
26369.36936936937; 200861.732275; -200624.2232; -87.2134233293; 9765.047195
26468.46846846847; 200128.784584; -199892.069725; -87.2129939808; 9730.91218636
26567.56756756757; 199403.069213; -199167.05809; -87.2120799886; 9698.80267829
26666.66666666666; 198690.833398; -198456.478324; -87.2169037638; 9647.45199428
26765.76576576577; 197978.734948; -197745.507618; -87.2186199343; 9606.95291056
26864.86486486486; 197265.703107; -197033.18223; -87.2178201044; 9575.10369271
26963.96396396396; 196566.029412; -196334.632777; -87.2196198909; 9534.9745268
27063.06306306306; 195872.860963; -195642.587246; -87.2214711952; 9495.02896417
27162.16216216216; 195177.915161; -194947.649093; -87.2165779298; 9477.99058926
27261.26126126126; 194490.260434; -194261.430785; -87.2203693588; 9431.74276752
27360.36036036036; 193806.763255; -193578.16867; -87.2169014855; 9410.31310714
27459.45945945946; 193129.500606; -192901.049335; -87.2128990215; 9390.90393212
27558.55855855856; 192460.398814; -192232.939155; -87.2141244989; 9354.25728513
27657.65765765766; 191789.729433; -191561.652797; -87.2054784324; 9350.56772887
27756.75675675676; 191115.40327; -190876.827559; -87.1370675338; 9545.59628753
27855.85585585585; 190445.617387; -190201.217542; -87.0970132133; 9645.11827624
27954.95495495495; 189788.573791; -189543.164495; -87.0859862906; 9648.32101956
28054.05405405405; 189136.607258; -188890.700582; -87.0780171956; 9641.44884644
28153.15315315315; 188497.235963; -188255.986112; -87.1010435693; 9533.19715917
28252.25225225225; 187866.499803; -187634.633174; -87.1530742921; 9330.91243725
28351.35135135135; 187213.946298; -186968.278563; -87.0646899742; 9586.92233696
28450.45045045045; 186569.925103; -186314.868799; -87.0037785592; 9752.02632526
28549.54954954955; 185941.01864; -185687.425054; -87.0073227267; 9707.66779312
28648.64864864865; 185323.979641; -185071.863756; -87.0111175674; 9663.19568835
28747.74774774774; 184706.730006; -184465.870417; -87.0737745963; 9429.288002
28846.84684684685; 184099.36105; -183863.575562; -87.0998872884; 9314.48917037
28945.94594594594; 183484.944459; -183250.659773; -87.1042995978; 9269.29080775
29045.04504504504; 182873.094158; -182635.111252; -87.0766690931; 9326.45726546
29144.14414414414; 182268.739446; -182030.530788; -87.0704463711; 9315.40444184
29243.24324324324; 181666.377332; -181425.217413; -87.0474341939; 9357.48796872
29342.34234234234; 181076.790655; -180839.970759; -87.0694068333; 9257.76677115
29441.44144144144; 180482.062818; -180241.086758; -87.0388983276; 9323.33669498
29540.54054054054; 179897.139866; -179659.38419; -87.0539630042; 9245.88402865
29639.63963963964; 179316.949405; -179080.055527; -87.0545631642; 9214.18872842
29738.73873873874; 178738.507781; -178501.290847; -87.04778584; 9205.58018787
29837.83783783784; 178164.99549; -177929.947856; -87.0565919931; 9148.69545404
29936.93693693693; 177585.219322; -177346.479025; -87.0287621872; 9205.06530839
30036.03603603604; 177019.480856; -176778.923624; -87.0128471888; 9224.84003737
30135.13513513513; 176444.675649; -176195.870184; -86.9571303724; 9366.23000482
30234.23423423423; 175885.255793; -175634.039955; -86.937512502; 9396.67221191
30333.33333333333; 175314.993859; -175054.616328; -86.8772004603; 9550.47792489
30432.43243243243; 174758.8518; -174493.51661; -86.8429150222; 9624.58991755
30531.53153153153; 174212.475655; -173954.57566; -86.8821689817; 9475.33613733
30630.63063063063; 173667.156145; -173407.631991; -86.8674237504; 9490.30339465
30729.72972972973; 173123.709098; -172862.613266; -86.8529684681; 9504.22029627
30828.82882882883; 172593.30207; -172339.70795; -86.893787557; 9352.32416948
30927.92792792793; 172053.049754; -171798.874518; -86.8852512434; 9348.64804525
31027.02702702703; 171519.891421; -171264.84538; -86.8754576487; 9348.94283903
31126.12612612612; 170988.355827; -170731.709206; -86.8605337565; 9364.44902191
31225.22522522522; 170464.488366; -170212.084895; -86.8817091218; 9272.85463452
31324.32432432432; 169954.416328; -169712.175981; -86.9406110052; 9070.64206515
31423.42342342342; 169437.289529; -169200.983204; -86.9736905047; 8945.3564914
31522.52252252252; 168925.481547; -168692.318109; -86.9893531537; 8872.22227573
31621.62162162162; 168411.486738; -168179.213685; -86.9906215782; 8841.50020038
31720.72072072072; 167894.002373; -167655.71055; -86.9471248508; 8941.61426329
31819.81981981982; 167393.349378; -167158.730037; -86.9661691627; 8859.39131016
31918.91891891892; 166888.064314; -166656.263194; -86.9798670152; 8792.8069903
32018.01801801801; 166385.080895; -166150.290204; -86.9559153573; 8835.76183157
32117.11711711712; 165895.051769; -165667.404911; -86.998142176; 8687.64559257
32216.21621621621; 165405.191266; -165177.532729; -86.9936098977; 8675.05888091
32315.31531531531; 164910.974052; -164684.109217; -86.9943226868; 8647.0908957
32414.41441441441; 164425.396315; -164204.145988; -87.027411788; 8526.80014887
32513.51351351351; 163916.756343; -163672.021786; -86.8695970312; 8951.24895172
32612.61261261261; 163432.782092; -163187.404583; -86.8606615996; 8950.27481088
32711.71171171171; 162960.502065; -162722.400478; -86.902510356; 8805.57763082
32810.81081081081; 162480.957391; -162238.922403; -86.8724888696; 8864.67331493
32909.90990990991; 162002.64057; -161757.226873; -86.8459562296; 8913.48811073
33009.00900900901; 161518.574261; -161262.341942; -86.7726120907; 9093.28744596
33108.10810810811; 161072.886293; -160839.448334; -86.9151501727; 8668.09465802
33207.2072072072; 160611.229195; -160380.231114; -86.9267822129; 8610.69587973
33306.3063063063; 160150.142744; -159924.19516; -86.9561961054; 8503.87745239
33405.4054054054; 159695.802432; -159476.468509; -86.9967786902; 8366.79802394
33504.5045045045; 159240.292518; -159022.197179; -87.0009651338; 8331.31380595
33603.6036036036; 158779.833039; -158557.539293; -86.9678711828; 8398.80654684
33702.7027027027; 158322.185784; -158093.92308; -86.9229784918; 8498.47172444
33801.8018018018; 157869.119382; -157638.213889; -86.9008017896; 8535.16653953
33900.9009009009; 157389.301265; -157127.14474; -86.6956223737; 9071.88731441
34000; 156812.383686; -156418.530372; -85.9477196281; 11081.0334657
34099.0990990991; 156337.247091; -155910.505605; -85.7711020341; 11528.2557749
34198.1981981982; 155974.788759; -155629.865006; -86.1927965497; 10356.4908819
34297.29729729729; 155443.907585; -155002.608355; -85.699688084; 11654.9904308
34396.39639639639; 155091.845622; -154736.704756; -86.1288015399; 10470.5699233
34495.4954954955; 154712.70686; -154409.016516; -86.4109658825; 9684.89122951
34594.59459459459; 154293.942922; -153999.074516; -86.4595160904; 9528.16176159
34693.69369369369; 153897.152422; -153637.322803; -86.6712594082; 8935.97763895
34792.79279279279; 153467.434816; -153203.03296; -86.6367999955; 9003.1820702
34891.89189189189; 153048.450775; -152786.392904; -86.6474965481; 8950.0723171
34990.99099099099; 152514.032554; -152140.255517; -85.9918164029; 10660.4204661
35090.09009009009; 152181.459837; -151888.193228; -86.4475614926; 9429.31634649
35189.18918918919; 151713.262926; -151370.008701; -86.1662330868; 10143.0374493
35288.28828828828; 151225.563205; -150811.431459; -85.7626715923; 11173.5755425
35387.38738738738; 150584.950612; -149947.954497; -84.7401329479; 13803.757065
35486.48648648649; 150289.796849; -149758.97617; -85.1898743423; 12601.9890461
35585.58558558558; 149700.577647; -148990.136273; -84.430858101; 14526.7465801
35684.68468468468; 149292.911427; -148576.523594; -84.4117959548; 14535.7597591
35783.78378378378; 148632.774565; -147665.177693; -83.4772125542; 16882.4535988
35882.88288288288; 147645.118236; -146099.195265; -81.7163145311; 21269.3844382
35981.98198198198; 147265.50193; -145738.150174; -81.7480080514; 21135.3908344
36081.08108108108; 146146.26394; -143908.579627; -79.9769300056; 25431.8011846
36180.18018018018; 145035.6334; -142121.906511; -78.5230875214; 28849.0919808
36279.27927927928; 141356.034081; -135394.650827; -73.4233037276; 40226.1457458
36378.37837837837; 143385.507954; -139635.387575; -76.8870218072; 32521.2033613
36477.47747747748; 143436.223569; -140121.581582; -77.6931122646; 30559.1337803
36576.57657657658; 138742.985457; -131501.41039; -71.508379917; 43895.4826578
36675.67567567567; 140584.19235; -135365.694962; -74.5245602583; 37379.66037
36774.77477477477; 141172.263619; -136810.824847; -75.7757183847; 34658.2894422
36873.87387387387; 138260.941154; -131612.690721; -72.2556274628; 42048.6446779
36972.97297297297; 138785.412293; -132947.55827; -73.3631025964; 39704.2390329
37072.07207207207; 136791.59114; -129491.886034; -71.2395194779; 43950.2505293
37171.17117117117; 129542.174113; -116530.274946; -64.1836477379; 56174.4528007
37270.27027027027; 132003.091792; -121292.827975; -66.9188922784; 51440.6330631
37369.36936936936; 139328.629916; -135353.53837; -76.415122999; 32661.9783334
37468.46846846847; 136872.367992; -130942.731349; -73.0989036763; 39771.4002619
37567.56756756757; 130675.513061; -119710.111577; -66.3933301541; 52265.5382391
37666.66666666666; 129601.644449; -118046.420793; -65.6312003698; 53454.3759894
37765.76576576576; 132585.799407; -123849.040336; -69.0921037673; 47304.6491086
37864.86486486486; 131513.927064; -122192.913004; -68.3432109097; 48469.5097163
37963.96396396396; 129548.46241; -118879.965451; -66.5926898118; 51450.2498695
38063.06306306306; 128520.836602; -117298.399544; -65.8857556564; 52492.6626788
38162.16216216216; 129515.359452; -119403.224736; -67.2180899111; 50135.7068425
38261.26126126126; 129410.26521; -119517.343859; -67.4634539743; 49578.4698464
38360.36036036036; 128997.180021; -119061.478442; -67.3801882759; 49588.9867015
38459.45945945946; 127638.351788; -116868.64217; -66.3028374426; 51281.9143886
38558.55855855856; 128784.138367; -119264.213165; -67.8447489095; 48545.7207625
38657.65765765766; 125409.324065; -113370.176057; -64.6938242663; 53595.3228257
38756.75675675675; 125743.864609; -114279.208272; -65.3551311036; 52408.1863584
38855.85585585585; 125475.953798; -114080.152295; -65.4017929662; 52207.8680788
38954.95495495496; 119362.79011; -103604.823314; -60.2661398826; 59013.5603769
39054.05405405405; 117667.665539; -100898.196712; -59.0425482721; 60478.0092573
39153.15315315315; 114724.172861; -96158.9457907; -56.9486108756; 62558.596336
39252.25225225225; 116647.30262; -99651.3650586; -58.6852137966; 60600.4621243
39351.35135135135; 114799.708986; -96762.8617515; -57.4483213006; 61741.0797103
39450.45045045045; 117314.25625; -101251.328276; -59.6719560255; 59190.3769943
39549.54954954955; 119280.848444; -104910.033393; -61.5916504561; 56720.9649843
39648.64864864865; 120181.879416; -106767.471763; -62.6931159507; 55064.544398
39747.74774774774; 118354.760044; -103804.710625; -61.2970827779; 56814.4976894
39846.84684684684; 117383.343115; -102332.521918; -60.6680709161; 57494.0853291
39945.94594594595; 114485.045399; -97619.847231; -58.5087105561; 59773.9536529
40045.04504504504; 114435.179246; -97750.0044677; -58.6727998816; 59482.7603827
40144.14414414414; 115741.740063; -100225.926281; -59.9925933977; 57873.9138624
40243.24324324324; 118018.132905; -104410.628225; -62.2223691312; 54974.0935387
40342.34234234234; 119937.655217; -108090.228415; -64.3243577665; 51952.9002734
40441.44144144144; 120322.75726; -109046.142328; -65.0235393419; 50743.43163
40540.54054054054; 122200.649588; -112725.91473; -67.3328099757; 47025.7067141
40639.63963963964; 121717.128476; -112103.674853; -67.0836465603; 47381.2671303
40738.73873873874; 122405.797353; -113611.685103; -68.1638984546; 45507.878035
40837.83783783783; 122261.045375; -113605.157059; -68.3278355195; 45127.159312
40936.93693693693; 124104.584543; -117333.920679; -71.0085306937; 40366.6150368
41036.03603603604; 123599.452801; -116640.230808; -70.6888012071; 40867.1411311
41135.13513513513; 125353.44598; -120240.444277; -73.6244812685; 35310.2152513
41234.23423423423; 127184.548099; -124050.412057; -77.3014493114; 27939.8722497
41333.33333333333; 126982.706269; -123950.981537; -77.4934599481; 27484.2118802
41432.43243243243; 127001.100136; -124276.822848; -78.1426703999; 26085.4579219
41531.53153153153; 126442.816363; -123476.139216; -77.594105909; 27153.9788086
41630.63063063063; 126081.162734; -123063.022619; -77.4896230253; 27291.6179228
41729.72972972973; 125730.477624; -122649.16435; -77.3003825478; 27636.503447
41828.82882882882; 124453.989985; -120458.275142; -75.4477139023; 31267.9326816
41927.92792792792; 123674.617964; -119235.302951; -74.6130550343; 32809.1098966
42027.02702702703; 123337.186568; -118833.496686; -74.4757476402; 33007.121894
42126.12612612612; 123087.449398; -118636.005687; -74.5530350917; 32780.3830205
42225.22522522522; 122649.157456; -118019.59001; -74.2318497815; 33323.4635532
42324.32432432432; 121918.286117; -116998.233625; -73.6871917015; 34232.0926523
42423.42342342342; 121380.957166; -116168.372541; -73.1654792466; 35143.4860852
42522.52252252252; 120106.232031; -113963.364414; -71.603500288; 37898.5034322
42621.62162162162; 120326.969404; -114686.321873; -72.3990897897; 36375.9078608
42720.72072072072; 119235.7749; -112871.121981; -71.2007328725; 38418.9980626
42819.81981981982; 119531.045925; -113679.392787; -72.0051511895; 36920.9185255
42918.91891891891; 119149.928138; -113211.041973; -71.8379894983; 37136.2217462
43018.01801801802; 118964.909012; -113108.451345; -71.9534293516; 36849.186059
43117.11711711712; 118612.171956; -112691.630992; -71.8248067263; 36994.6379597
43216.21621621621; 117715.558131; -111249.648102; -70.9633049532; 38357.7730303
43315.31531531531; 119243.945828; -114395.988869; -73.6422292077; 33560.22552
43414.41441441441; 117844.639191; -111986.841789; -71.8894299209; 36606.9318889
43513.51351351351; 116894.301589; -110439.52087; -70.8849829359; 38265.9226167
43612.61261261261; 117734.910205; -112254.212302; -72.4714713268; 35442.9400654
43711.71171171171; 119289.686145; -115489.103403; -75.5175004739; 29823.3099884
43810.81081081081; 118278.684542; -113794.795681; -74.2063831968; 32172.8659997
43909.9099099099; 119280.600749; -115980.913089; -76.6775020487; 27407.2184866
44009.00900900901; 115827.150653; -109621.852716; -71.1810967724; 37345.4340431
44108.10810810811; 115786.665419; -109801.800911; -71.6875577322; 36234.0311577
44207.2072072072; 116631.902609; -111630.893086; -73.1943116673; 33699.1448956
44306.3063063063; 114757.553158; -108303.989951; -70.731438688; 37833.7404239
44405.4054054054; 115021.586524; -109034.274792; -71.447381213; 36584.4119714
44504.5045045045; 113600.822693; -106600.169666; -69.7872375302; 39242.7171655
44603.6036036036; 112798.051288; -105333.686614; -69.055214378; 40303.4550223
44702.7027027027; 112933.624832; -105809.804209; -69.5477095738; 39454.311937
44801.8018018018; 113293.844373; -106699.183711; -70.3628412725; 38065.8647262
44900.9009009009; 113074.995456; -106524.960607; -70.4152919797; 37890.6969443
45000; 113597.033419; -107738.640867; -71.5363276819; 35962.1894788
45099.0990990991; 114521.842543; -109719.949588; -73.358852584; 32790.3934893
45198.1981981982; 113935.48335; -108830.090073; -72.7910360219; 33703.0442865
45297.29729729729; 115181.468101; -111452.165213; -75.3924519883; 29042.6541882
45396.39639639639; 115060.131488; -111440.728164; -75.5936333257; 28625.393353
45495.4954954955; 114583.434103; -110756.886504; -75.1634956707; 29334.3036082
45594.59459459459; 113979.969824; -109822.148552; -74.4826969277; 30489.8364307
45693.69369369369; 114407.161999; -110873.803926; -75.7466991184; 28157.8052118
45792.79279279279; 114051.07751; -110418.445924; -75.5107977196; 28530.6288767
45891.89189189189; 112845.676955; -108348.584496; -73.959601099; 31067.4823673
45990.99099099099; 110883.624594; -104819.96584; -70.9711831022; 36146.8974052
46090.09009009009; 111179.753381; -105609.236032; -71.7917585946; 34736.2237636
46189.18918918919; 112044.519905; -107478.422333; -73.6547969518; 31491.1901915
46288.28828828828; 113023.349583; -109578.687102; -75.8339284272; 27653.9244055
46387.38738738738; 112981.774994; -109733.380934; -76.3717995754; 26558.2835849
46486.48648648649; 113037.723445; -110077.484696; -77.1911441783; 24934.8713644
46585.58558558558; 112336.846276; -108938.711226; -75.9840698406; 27161.1808116
46684.68468468468; 106174.533775; -97550.8099683; -66.7564744077; 41887.894527
46783.78378378378; 104287.773084; -94324.3647232; -64.7609996324; 44448.4776657
46882.88288288288; 108927.837396; -103075.723456; -71.1544525072; 35168.5158948
46981.98198198198; 110943.873612; -107130.006214; -74.9906639033; 28703.8541282
47081.08108108108; 111627.608387; -108657.364634; -76.7701334801; 25540.7789534
47180.18018018018; 111368.04045; -108370.404237; -76.710396387; 25587.8164734
47279.27927927928; 111337.28549; -108537.226644; -77.1382466919; 24778.7344845
47378.37837837837; 111308.089876; -108700.89708; -77.5964222186; 23901.8613492
47477.47747747748; 110869.826195; -108062.207002; -77.0927700399; 24760.4648979
47576.57657657658; 111098.830463; -108731.331756; -78.1581999238; 22796.4365287
47675.67567567567; 110959.73949; -108677.099288; -78.3641709012; 22377.9255625
47774.77477477477; 110977.096471; -108920.732284; -78.9578698183; 21254.3503786
47873.87387387387; 110614.41533; -108436.70764; -78.6247527702; 21813.7049613
47972.97297297297; 110454.710211; -108332.454175; -78.7565192347; 21534.805293
48072.07207207207; 109602.641794; -106882.277757; -77.2171839545; 24247.1417339
48171.17117117117; 109436.800362; -106777.628014; -77.3522235213; 23959.3038063
48270.27027027027; 109208.641516; -106550.915087; -77.3497871813; 23911.5163484
48369.36936936936; 109113.194967; -106564.550579; -77.6103757534; 23405.5639314
48468.46846846846; 109180.744547; -106914.731814; -78.3291975544; 22079.99428
48567.56756756757; 108390.523478; -105587.575979; -76.9726428589; 24422.4091119
48666.66666666666; 105785.508596; -100788.974071; -72.3945903316; 31946.1364582
48765.76576576576; 106676.051835; -102682.445384; -74.3028428549; 28846.4400972
48864.86486486486; 108121.266695; -105669.597223; -77.8660256008; 22701.1698873
48963.96396396396; 107684.638438; -105035.916316; -77.698093028; 22809.7447191
49063.06306306306; 105893.726461; -101766.471731; -74.0165777899; 29126.5018945
49162.16216216216; 109065.202826; -108143.871468; -82.6336926467; 13974.9429651
49261.26126126126; 108319.860131; -106880.092703; -80.9011709163; 17084.0137573
49360.36036036036; 102788.451373; -96469.3406006; -69.838902485; 35395.3548683
49459.45945945945; 103353.092865; -97714.2844616; -71.0724300529; 33462.9863954
49558.55855855856; 101420.010497; -94290.1717075; -68.4027761415; 37314.1437677
49657.65765765766; 102307.745387; -96124.4967634; -70.0046425035; 34958.8607202
49756.75675675675; 98619.4592266; -89509.7928292; -65.1830552467; 41386.6651382
49855.85585585585; 98228.0210149; -88980.7921405; -64.9451286583; 41587.4477201
49954.95495495495; 97927.1729759; -88608.4142338; -64.8032514668; 41687.4932457
50054.05405405405; 98038.1474649; -88984.5309398; -65.2029169624; 41086.1099803
50153.15315315315; 101264.353645; -95078.8252775; -69.8876033142; 34805.1697285
50252.25225225225; 102494.874486; -97581.2759377; -72.2373477132; 31235.790685
50351.35135135135; 99675.5742335; -92498.7846437; -68.1891277148; 36953.993216
50450.45045045044; 102524.899567; -98005.4260627; -72.9485414329; 30049.1953775
50549.54954954955; 103301.758607; -99677.0725351; -74.8189399225; 27032.1249235
50648.64864864865; 104817.943257; -102817.47074; -78.8133156677; 20329.5458137
50747.74774774774; 104612.332345; -102610.260237; -78.8009384834; 20311.1960896
50846.84684684684; 104958.517352; -103476.732112; -80.3671255199; 17562.1422521
50945.94594594594; 104609.785061; -102990.130084; -79.941754413; 18263.2523351
51045.04504504504; 104482.682155; -102929.812158; -80.1316842144; 17902.7321817
51144.14414414414; 103093.186916; -100439.132766; -77.0946265355; 22984.2173673
51243.24324324324; 101410.790439; -97391.650196; -74.0307215399; 27792.018529
51342.34234234234; 103000.032972; -100609.965198; -77.7026352058; 21916.2204609
51441.44144144144; 101607.641449; -98111.5411571; -75.1084350538; 26023.5480215
51540.54054054054; 101540.888051; -98150.9668767; -75.1979290139; 25922.9557155
51639.63963963964; 101215.843491; -97711.6305967; -74.9177146773; 26319.6229854
51738.73873873874; 97496.2103698; -90879.9613844; -68.865065255; 35064.0585802
51837.83783783783; 97299.3862045; -90650.8117102; -68.742195689; 35231.936471
51936.93693693693; 96825.7570952; -89929.2141852; -68.2682671329; 35824.0173637
52036.03603603604; 97328.295006; -91024.7559943; -69.2842796784; 34410.3233998
52135.13513513513; 96334.4430151; -89355.9664886; -68.08148669; 35933.0061055
52234.23423423423; 96921.4376023; -90600.911904; -69.2019990975; 34406.3750907
52333.33333333333; 97626.2840934; -92086.023319; -70.620605447; 32382.1404364
52432.43243243243; 97073.6931721; -91216.0706275; -70.0122860825; 33165.9544952
52531.53153153153; 98860.2779127; -94756.4930209; -73.4715361712; 28104.3711931
52630.63063063063; 99466.7907228; -96082.7430232; -75.0654125427; 25611.4670034
52729.72972972973; 99424.3474213; -96200.1256879; -75.3827142938; 25085.2063423
52828.82882882882; 99843.0009546; -97183.5460656; -76.7669364513; 22848.7303885
52927.92792792792; 99943.4286005; -97559.3809774; -77.4823258596; 21655.4961803
53027.02702702703; 99504.3868232; -96886.7622708; -76.8591273917; 22611.9499237
53126.12612612612; 100273.42585; -98561.6255063; -79.431190048; 18385.1055084
53225.22522522522; 99123.1221879; -96490.4294139; -76.8520461526; 22520.1031012
53324.32432432432; 98736.6716248; -95906.2242317; -76.2784334938; 23409.962703
53423.42342342342; 98871.6502357; -96339.4232533; -77.0123181643; 22218.3342282
53522.52252252252; 98216.7671122; -95248.8161364; -75.8968287968; 23925.5872644
53621.62162162162; 97872.1157088; -94753.8420653; -75.5031312864; 24498.0921361
53720.72072072072; 97698.3351685; -94585.0103178; -75.5207883341; 24417.8045077
53819.81981981982; 97668.6669575; -94695.1804428; -75.853882874; 23859.9676649
53918.91891891891; 97492.2014293; -94523.5259973; -75.8613191689; 23800.8552608
54018.01801801802; 96362.7580625; -92509.8933403; -73.7505778163; 26960.571426
54117.11711711712; 96116.1251807; -92196.0406052; -73.5841932163; 27160.8554956
54216.21621621621; 95382.8941155; -90961.9511923; -72.4933458701; 28689.2092979
54315.31531531531; 94597.1631501; -89633.9331909; -71.3627268054; 30227.473043
54414.41441441441; 93967.1597857; -88600.2150386; -70.5475755676; 31288.8221108
54513.51351351351; 93968.4934422; -88757.2494179; -70.8320490088; 30851.1797887
54612.61261261261; 94137.7105695; -89236.8108113; -71.435188322; 29968.2036675
54711.71171171171; 92839.9521594; -86952.3795433; -69.4917219159; 32520.2467369
54810.81081081081; 92841.0026595; -87112.5791048; -69.7728712416; 32094.8199374
54909.9099099099; 92480.888373; -86596.6732575; -69.4793156503; 32392.1622474
55009.00900900901; 92546.1371494; -86864.3261607; -69.8249419098; 31912.8575575
55108.10810810811; 92109.9230082; -86196.2787831; -69.3762148313; 32427.0465397
55207.2072072072; 92303.1196555; -86709.2824301; -69.9712608418; 31595.5922944
55306.3063063063; 92561.3934515; -87341.6759237; -70.6753758352; 30623.6596485
55405.4054054054; 92372.6810053; -87134.2208346; -70.6243141756; 30635.9370907
55504.5045045045; 92064.6701248; -86702.5041636; -70.3518710798; 30953.5206168
55603.6036036036; 92030.4462773; -86788.096268; -70.5805748553; 30588.5801268
55702.7027027027; 92871.255061; -88526.3114379; -72.4148451533; 28052.5785733
55801.8018018018; 94119.3010171; -91067.647611; -75.3883534348; 23736.2372122
55900.9009009009; 94434.7431875; -91847.0626459; -76.6340410425; 21806.5585967
55999.99999999999; 95653.5454703; -94372.8595518; -80.6414767171; 15550.2498702
56099.0990990991; 96113.2180946; -95443.1516033; -83.2410714859; 11310.9622871
56198.1981981982; 95223.7860722; -93845.0167601; -80.3827227297; 15886.2840688
56297.29729729729; 95182.1357459; -93921.4087326; -80.6893684954; 15395.6050762
56396.39639639639; 94817.7286285; -93362.5642254; -79.9624304332; 16523.9179226
56495.49549549549; 94400.6870807; -92707.7790945; -79.1624061131; 17743.5538562
56594.59459459459; 94100.3411919; -92281.9504467; -78.7636598386; 18325.8110295
56693.69369369369; 91903.138727; -88168.5018286; -73.7961551216; 25563.8078751
56792.79279279279; 89496.8033744; -83780.7874981; -69.5465634371; 31149.9354291
56891.89189189189; 87396.102718; -80014.1515827; -66.2884987793; 35135.7475374
56990.99099099098; 88139.3369554; -81518.2801658; -67.6598872651; 33491.3149749
57090.09009009009; 88361.198066; -82065.861266; -68.2563571641; 32718.4209451
57189.18918918919; 87239.731439; -80117.6849367; -66.7026004407; 34485.9658592
57288.28828828828; 86461.145772; -78834.2079003; -65.7655407049; 35473.9576016
57387.38738738738; 85084.3727822; -76500.9463128; -64.0481682365; 37223.9166509
57486.48648648648; 85128.9593791; -76704.0609766; -64.2966649852; 36917.2092848
57585.58558558558; 84758.008191; -76164.535966; -63.9809812176; 37171.9834257
57684.68468468468; 84429.7453366; -75702.1556794; -63.7213050851; 37374.6140088
57783.78378378378; 84743.2078418; -76387.5242967; -64.3457466887; 36683.5067595
57882.88288288288; 84705.6326835; -76445.3070967; -64.4892678137; 36475.7714411
57981.98198198197; 85098.7879082; -77297.624982; -65.2828413933; 35571.7781779
58081.08108108108; 86144.7853509; -79319.409063; -67.0502435261; 33576.3987161
58180.18018018018; 86167.0247854; -79485.8552639; -67.3055026817; 33225.7449496
58279.27927927928; 86980.8768062; -81129.6583073; -68.8767028515; 31334.3474218
58378.37837837837; 87143.7634841; -81576.7511526; -69.4350741617; 30589.2965215
58477.47747747747; 87258.9177439; -81926.6319574; -69.9013934498; 29957.9817316
58576.57657657658; 86277.129386; -80213.3905368; -68.3978047129; 31757.0626076
58675.67567567567; 86222.2259751; -80255.7601042; -68.5763849911; 31478.2756448
58774.77477477477; 86424.0341871; -80758.4378437; -69.1519178286; 30745.9294422
58873.87387387387; 86125.5871627; -80326.1214801; -68.8644428253; 31045.2000074
58972.97297297297; 86494.2715845; -81150.5054729; -69.7789798338; 29876.7115326
59072.07207207207; 86454.0856675; -81197.4255163; -69.9287836399; 29661.0195223
59171.17117117117; 87216.0844626; -82772.201003; -71.6657254453; 27413.2301367
59270.27027027027; 87782.407408; -83989.025422; -73.1509093306; 25414.241389
59369.36936936936; 88837.7765128; -86145.6871531; -75.8692609178; 21685.0573564
59468.46846846846; 88075.1483346; -84816.140819; -74.3894626188; 23690.4176874
59567.56756756757; 88876.1074387; -86503.2892149; -76.7459200552; 20372.2340562
59666.66666666666; 88825.0098814; -86541.5808232; -76.9909166502; 19992.2604768
59765.76576576576; 88749.5001606; -86532.8559924; -77.1928602093; 19666.2990561
59864.86486486486; 89048.5135908; -87261.1943743; -78.5053514039; 17744.4190955
59963.96396396396; 88902.1000473; -87111.8419271; -78.4895941448; 17738.5331687
60063.06306306306; 88821.540938; -87092.3550538; -78.683984468; 17426.9797396
60162.16216216216; 88767.7901032; -87122.0760652; -78.9625411131; 16992.2807715
60261.26126126126; 88806.1198383; -87341.1574732; -79.5813919472; 16059.0973539
60360.36036036036; 88582.0540748; -87041.7830651; -79.304525338; 16438.9854397
60459.45945945945; 88330.718598; -86686.8829481; -78.940958735; 16941.3770071
60558.55855855856; 87645.4208073; -85484.7380234; -77.2834629216; 19284.6956179
60657.65765765766; 87403.9241961; -85150.2439393; -77.0525280257; 19558.169398
60756.75675675675; 85822.4648401; -82245.3066145; -73.4147416356; 24490.0691197
60855.85585585585; 84960.8578307; -80727.9075397; -71.8476391687; 26463.2205395
60954.95495495495; 84274.5253836; -79558.5702808; -70.7464602929; 27786.237082
61054.05405405405; 83146.5732576; -77559.1741789; -68.8810534518; 29953.3599586
61153.15315315315; 82885.7940235; -77192.0938481; -68.6463948772; 30174.4640449
61252.25225225225; 83297.80624; -78079.6762677; -69.6156008659; 29011.1846176
61351.35135135135; 82711.2689029; -77100.473227; -68.7815972093; 29929.0549419
61450.45045045044; 83144.1153664; -78033.1494251; -69.80958487; 28693.5741469
61549.54954954955; 83114.3784768; -78084.7200061; -69.9711660528; 28461.6640627
61648.64864864865; 82945.8939017; -77887.740841; -69.8950101479; 28506.3470622
61747.74774774774; 83126.3276745; -78338.4291313; -70.4634127331; 27794.9591602
61846.84684684684; 84324.9787974; -80747.0445016; -73.2793219348; 24246.3880725
61945.94594594594; 86640.3061078; -85357.9587393; -80.2284622807; 14687.0611166
62045.04504504504; 86044.061999; -84317.9425242; -78.52715213; 17109.8128127
62144.14414414414; 86591.187622; -85525.6418926; -81.0249291535; 13506.0207326
62243.24324324324; 86295.9647959; -85082.027965; -80.4024578274; 14384.6113806
62342.34234234234; 86303.886648; -85224.0186833; -80.9416985586; 13585.8303882
62441.44144144144; 86159.4318246; -85066.5162862; -80.8947280764; 13631.086866
62540.54054054054; 86388.3498147; -85660.5025747; -82.5893747538; 11139.7867676
62639.63963963964; 86475.5892917; -85963.3989252; -83.7765441855; 9373.6638587
62738.73873873874; 86372.0985369; -85887.0946465; -83.9282419544; 9135.76473727
62837.83783783783; 86265.8434109; -85805.647998; -84.0839467625; 8891.28249528
62936.93693693693; 86095.2846737; -85602.4311177; -83.8715786496; 9191.0241357
63036.03603603603; 86030.2916532; -85604.4901339; -84.3020653786; 8541.19376621
63135.13513513513; 85923.8152502; -85518.6308353; -84.4365954325; 8329.93790508
63234.23423423423; 85791.0922452; -85381.4654883; -84.4007513552; 8370.53990466
63333.33333333333; 85627.7380192; -85186.9171593; -84.1910059392; 8666.23236211
63432.43243243243; 85524.9804432; -85116.9918496; -84.4096490948; 8331.05893235
63531.53153153152; 85461.1436576; -85114.7025489; -84.8430887294; 7681.40807948
63630.63063063063; 85326.1254316; -84967.9126127; -84.7500572016; 7807.31835531
63729.72972972973; 85218.1952789; -84879.2129067; -84.8896009597; 7590.750094
63828.82882882882; 85107.7172122; -84787.4430145; -85.0288786957; 7374.85529072
63927.92792792792; 84973.7401935; -84650.2387657; -85.0028417406; 7401.61181493
64027.02702702702; 84831.2830545; -84497.7731111; -84.9200472539; 7511.36696043
64126.12612612612; 84745.0873414; -84445.1018072; -85.1889944892; 7107.12779389
64225.22522522522; 84554.1177459; -84195.2149489; -84.7200391343; 7780.82755252
64324.32432432432; 84370.0291398; -83953.1697382; -84.3155210764; 8356.2577233
64423.42342342342; 84301.1997956; -83941.3260575; -84.7056578992; 7778.59421365
64522.52252252251; 84183.3652949; -83832.0039425; -84.7665492437; 7678.57582026
64621.62162162162; 84040.4082094; -83674.1369696; -84.6508603885; 7834.54399432
64720.72072072072; 83965.3519134; -83644.3308389; -84.9903077687; 7332.13982627
64819.81981981982; 83844.734293; -83527.5418753; -85.0153098533; 7285.20758046
64918.91891891891; 83716.174543; -83394.6280102; -84.9776810937; 7328.7972429
65018.01801801801; 83574.0414752; -83232.6861302; -84.822394619; 7541.90425387
65117.11711711712; 83443.1961798; -83096.9188368; -84.7832192593; 7586.82533658
65216.21621621621; 83327.5940285; -82988.8654103; -84.83381638; 7503.15439931
65315.31531531531; 83187.8839422; -82827.1105809; -84.6651759243; 7734.32462726
65414.41441441441; 83076.263723; -82726.5930124; -84.7428253847; 7611.90880051
65513.51351351351; 82963.7706537; -82626.7291871; -84.8342914929; 7469.74449478
65612.6126126126; 82879.2158582; -82577.9905884; -85.1144668383; 7058.40723859
65711.71171171172; 82766.9555672; -82472.3117719; -85.165703157; 6975.07288797
65810.8108108108; 82631.4471058; -82323.5359679; -85.0553961683; 7122.09484086
65909.90990990991; 82478.9312045; -82144.7394971; -84.8440932312; 7411.93370553
66009.00900900899; 82358.6936537; -82030.9716004; -84.8893135207; 7336.43610675
66108.10810810811; 82239.5588099; -81911.7650627; -84.8837708579; 7333.79440707
66207.2072072072; 82066.3555771; -81684.7171479; -84.4763487742; 7899.26722729
66306.3063063063; 82018.1813028; -81712.1037154; -85.0492693663; 7078.05943922
66405.4054054054; 81869.0966456; -81524.5185183; -84.7421201679; 7502.33809867
66504.5045045045; 81751.7952744; -81410.3205942; -84.7644484408; 7459.77808596
66603.60360360359; 81679.9341011; -81382.7358464; -85.1118551865; 6959.97526931
66702.70270270269; 81604.4396871; -81349.723634; -85.4738970408; 6439.61636152
66801.80180180179; 81491.9347972; -81240.4696669; -85.5001278112; 6393.53749809
66900.9009009009; 81444.7558224; -81261.0242881; -86.1554174945; 5460.79537976
67000; 81338.9820819; -81167.5128067; -86.2793525584; 5278.23668701
67099.0990990991; 81237.1926043; -81083.2140365; -86.4724461933; 4998.39357952
67198.1981981982; 81127.2467161; -80977.8689842; -86.5228353916; 4920.42186042
67297.29729729729; 81020.345169; -80878.320731; -86.607507524; 4794.41683197
67396.39639639639; 80892.9315367; -80740.9058819; -86.4874220232; 4956.11061704
67495.49549549549; 80785.589328; -80640.0223922; -86.5606475274; 4846.4765933
67594.59459459459; 80673.9690449; -80530.7200865; -86.5852551348; 4805.20302115
67693.69369369368; 80558.8007802; -80414.2606943; -86.5675453491; 4823.1967204
67792.79279279278; 80456.7016341; -80324.471975; -86.7162671216; 4608.58362543
67891.89189189189; 80354.9286186; -80234.1649355; -86.8586009552; 4403.47072017
67990.99099099099; 80238.3694015; -80114.8003158; -86.8198395894; 4451.28523427
68090.09009009009; 80129.7388656; -80012.175615; -86.8960857041; 4338.785413
68189.18918918919; 80014.8313502; -79895.5460867; -86.8712309424; 4367.22156499
68288.28828828828; 79904.4558338; -79786.3637459; -86.884706404; 4342.43359827
68387.38738738738; 79792.7229014; -79674.7568509; -86.8846845473; 4336.38521091
68486.48648648648; 79678.7310654; -79558.1953753; -86.8485839556; 4380.32015467
68585.58558558558; 79560.4136796; -79433.3685358; -86.7622938024; 4493.44923852
68684.68468468467; 79440.4134051; -79306.96034; -86.6791416912; 4601.77245782
68783.78378378377; 79335.7490055; -79207.4175034; -86.7408306415; 4510.43899235
68882.88288288288; 79227.069626; -79101.6837255; -86.776205382; 4455.42402063
68981.98198198198; 79112.5254798; -78982.4127823; -86.7136190686; 4535.26011625
69081.08108108108; 78999.3808733; -78865.4765117; -86.6639142328; 4597.18863348
69180.18018018018; 78895.2516598; -78767.3016985; -86.7365377661; 4491.29796224
69279.27927927928; 78786.9565268; -78660.5441055; -86.7540973435; 4461.02408631
69378.37837837837; 78674.2457027; -78543.1368986; -86.6919787528; 4539.79947627
69477.47747747747; 78567.958186; -78440.6576099; -86.7380993273; 4470.52712133
69576.57657657657; 78454.6479356; -78322.0365103; -86.6683057462; 4559.49001908
69675.67567567567; 78346.6644775; -78214.7332252; -86.6746780455; 4544.51394368
69774.77477477476; 78233.4423346; -78096.8153776; -86.6134973871; 4621.34228038
69873.87387387388; 78134.9387551; -78007.7260184; -86.7301706417; 4456.68375895
69972.97297297297; 78020.9505758; -77887.0278283; -86.6425403568; 4569.31085996
70072.07207207207; 77917.0903519; -77785.5091641; -86.6698571719; 4526.14270717
70171.17117117117; 77818.8355356; -77694.8008603; -86.7648116663; 4391.67925196
70270.27027027027; 77714.5082795; -77592.5646164; -86.790381842; 4351.16052922
70369.36936936936; 77606.057624; -77482.8862654; -86.771658022; 4370.41309475
70468.46846846846; 77509.6059478; -77395.250373; -86.8884640655; 4207.19577202
70567.56756756756; 77407.2903661; -77297.0414371; -86.941714512; 4129.81825756
70666.66666666666; 77306.0702585; -77199.3427813; -86.989052735; 4060.63588591
70765.76576576575; 77201.5331996; -77093.7059823; -86.9714421565; 4078.84213251
70864.86486486487; 77097.7765432; -76991.8545615; -86.9963848284; 4039.84237127
70963.96396396396; 76990.5960525; -76883.0206408; -86.9708751548; 4068.45777245
71063.06306306306; 76886.6328305; -76779.7460123; -86.9785103114; 4052.73284145
71162.16216216216; 76783.9224019; -76677.5831872; -86.9842351036; 4039.65778742
71261.26126126126; 76680.0831182; -76574.0698399; -86.9868513037; 4030.69781832
71360.36036036036; 76578.9084168; -76474.2624374; -87.0043432053; 4002.03320539
71459.45945945945; 76474.8064215; -76368.9544027; -86.9850753657; 4022.27499106
71558.55855855855; 76372.7705344; -76266.8868211; -86.9826286011; 4020.16502078
71657.65765765765; 76271.8880537; -76166.8548842; -86.992786515; 4001.35123057
71756.75675675675; 76168.112562; -76063.0617281; -86.9905087949; 3998.93038159
71855.85585585586; 76066.9982769; -75963.1289807; -87.0055113728; 3973.73144113
71954.95495495496; 75967.261771; -75863.8135344; -87.0095966303; 3963.11220979
72054.05405405405; 75863.5020141; -75758.6962553; -86.9879825547; 3986.27862356
72153.15315315315; 75765.1630505; -75659.9680786; -86.9804501183; 3991.05764122
72252.25225225225; 75660.6838513; -75552.4685852; -86.935374421; 4044.99317283
72351.35135135135; 75554.5960752; -75441.1064306; -86.8596433235; 4139.03705363
72450.45045045044; 75445.2845658; -75324.4632886; -86.7574488136; 4267.40511615
72549.54954954954; 75349.1385434; -75231.4739639; -86.7987244607; 4207.76257311
72648.64864864864; 75250.340765; -75133.3872099; -86.8065553549; 4191.97418541
72747.74774774774; 75149.8842219; -75032.2985239; -86.7947733823; 4201.81937949
72846.84684684685; 75056.0391505; -74943.588946; -86.863556498; 4106.60742725
72945.94594594595; 74958.4150075; -74846.6250251; -86.8719876868; 4090.23720819
73045.04504504504; 74856.8528518; -74743.9407167; -86.8530437493; 4109.42205418
73144.14414414414; 74755.3924082; -74639.9674032; -86.8162475785; 4151.78481014
73243.24324324324; 74652.6399818; -74531.653696; -86.7391177834; 4246.40218962
73342.34234234234; 74557.3630655; -74440.2207739; -86.7886944922; 4176.58230095
73441.44144144144; 74455.8974074; -74334.3891845; -86.7272299166; 4250.64123459
73540.54054054053; 74362.3446297; -74245.5857371; -86.7889971377; 4165.27404596
73639.63963963963; 74265.4559919; -74148.3550298; -86.7821811284; 4168.66791109
73738.73873873873; 74165.7088769; -74044.7931134; -86.7281119948; 4232.94404466
73837.83783783783; 74071.8090053; -73954.1228022; -86.7706709764; 4172.64509481
73936.93693693694; 73973.7975976; -73854.827676; -86.75040099; 4193.26007184
74036.03603603604; 73881.2368465; -73764.6607512; -86.7813537474; 4148.16298097
74135.13513513513; 73779.1097193; -73657.2094543; -86.7064301531; 4238.74979553
74234.23423423423; 73682.6158199; -73561.1986787; -86.7107169722; 4227.70337943
74333.33333333333; 73592.0827463; -73474.5631624; -86.7617029083; 4157.13168227
74432.43243243243; 73498.3427563; -73381.0583254; -86.7629807337; 4150.19824582
74531.53153153152; 73398.1048743; -73274.786448; -86.6788369514; 4252.14767287
74630.63063063062; 73310.6905029; -73194.6027025; -86.7762421443; 4122.65153187
74729.72972972972; 73223.2901552; -73113.0447843; -86.8565462344; 4015.26741569
74828.82882882882; 73117.5031476; -72997.0718719; -86.7116456074; 4194.093934
74927.92792792793; 73026.1541966; -72908.1489346; -86.7430515123; 4148.88869881
75027.02702702703; 72931.2341932; -72811.3540794; -86.7147494368; 4179.4679314
75126.12612612612; 72836.3265472; -72715.7021874; -86.7025125091; 4189.55774974
75225.22522522522; 72741.6161976; -72619.3323246; -86.6777505721; 4215.49455521
75324.32432432432; 72656.5369018; -72541.660051; -86.7778158393; 4083.88245506
75423.42342342342; 72563.69077; -72448.9169764; -86.7773880167; 4079.20263822
75522.52252252251; 72476.3244628; -72365.4966232; -86.8311864834; 4006.34725297
75621.62162162161; 72387.4992847; -72280.7009288; -86.8873767087; 3930.5536822
75720.72072072071; 72296.2452959; -72189.9056797; -86.8922408249; 3919.46849476
75819.81981981981; 72201.3304399; -72091.4539884; -86.8387926221; 3981.57607759
75918.91891891892; 72107.8496652; -71996.0834349; -86.8095538378; 4013.16302972
76018.01801801802; 72011.0863779; -71894.7935044; -86.7435124086; 4090.64764768
76117.11711711712; 71918.8394746; -71800.5354413; -86.7132805841; 4123.29425538
76216.21621621621; 71826.9721721; -71706.6280684; -86.6830240107; 4155.89305318
76315.31531531531; 71740.2924465; -71623.8685105; -86.7355255115; 4085.24921693
76414.41441441441; 71645.3031322; -71522.92874; -86.6511342547; 4185.18829875
76513.51351351351; 71552.7857326; -71429.4276103; -86.6353523581; 4199.46119961
76612.6126126126; 71466.872506; -71346.7343938; -86.6776381658; 4141.76357993
76711.7117117117; 71377.96798; -71258.7319906; -86.6879368374; 4123.80435063
76810.8108108108; 71289.1150815; -71171.3719285; -86.7066675977; 4095.40491202
76909.90990990991; 71205.3383969; -71092.1198254; -86.7687433293; 4013.57036343
77009.00900900901; 71118.3377724; -71007.2180169; -86.7970501369; 3973.58428586
77108.10810810811; 71026.7192781; -70913.0989561; -86.759138441; 4015.38755197
77207.2072072072; 70936.5883162; -70821.2578505; -86.7325955066; 4043.10338139
77306.3063063063; 70848.9304319; -70732.573734; -86.7160191437; 4058.57143828
77405.4054054054; 70762.1979011; -70648.4323945; -86.7507365093; 4010.79650716
77504.5045045045; 70675.7444844; -70563.0471604; -86.7641248888; 3989.40716832
77603.60360360359; 70581.889094; -70467.218316; -86.7336955467; 4021.53487058
77702.70270270269; 70493.4182212; -70377.1785792; -86.7094858626; 4046.22932725
77801.80180180179; 70410.6174295; -70296.4341214; -86.7371724938; 4007.50411697
77900.9009009009; 70322.0557285; -70206.0326633; -86.7084236348; 4037.69756626
78000; 70230.9681279; -70110.2088981; -86.6400512833; 4116.13019599
78099.0990990991; 70142.5507702; -70020.7256804; -86.6227495787; 4132.09654239
78198.1981981982; 70062.8070137; -69946.6972237; -86.7012009472; 4031.62818437
78297.29729729729; 69964.0077131; -69836.2083363; -86.5408427051; 4221.35629226
78396.39639639639; 69837.2296359; -69668.2648493; -86.0178966582; 4849.75639779
78495.49549549549; 69751.6230965; -69582.2921016; -86.0125509916; 4850.27544495
78594.59459459459; 69667.7540288; -69500.0940819; -86.0277869234; 4826.00743527
78693.69369369368; 69596.0106277; -69439.7946238; -86.1638687377; 4656.13306708
78792.79279279278; 69512.7469339; -69357.7016463; -86.1748680597; 4637.26181974
78891.89189189189; 69454.9694673; -69326.6353642; -86.517273388; 4219.2129533
78990.99099099099; 69351.3798322; -69203.8845154; -86.2650912798; 4517.52869137
79090.09009009009; 69242.2350017; -69072.3659459; -85.9877908154; 4844.77553217
79189.18918918919; 69163.955529; -68998.1296882; -86.0372808111; 4779.63916082
79288.28828828828; 69102.6131391; -68958.2531803; -86.3005973978; 4458.55900285
79387.38738738738; 69006.1565941; -68851.3820345; -86.1640420971; 4616.48110869
79486.48648648648; 68933.6434327; -68789.0461103; -86.290757383; 4459.5066726
79585.58558558558; 68856.7878357; -68718.5521603; -86.3707395185; 4358.61764646
79684.68468468467; 68786.1986275; -68660.9707924; -86.5464556309; 4143.56865
79783.78378378377; 68692.8432271; -68557.8460207; -86.4108625217; 4300.21175714
79882.88288288288; 68563.723483; -68382.6491891; -85.8398956394; 4973.77095889
79981.98198198198; 68440.8674087; -68219.7492805; -85.3988021755; 5490.16942027
80081.08108108108; 68386.0210062; -68190.5508879; -85.6797835571; 5151.28039557
80180.18018018018; 68270.5521235; -68045.0794347; -85.3478513808; 5537.0183259
80279.27927927928; 68179.6607937; -67944.8568418; -85.2499883045; 5645.68752593
80378.37837837837; 68064.4930112; -67797.6453547; -84.9346680518; 6009.23307993
80477.47747747747; 67967.7056638; -67684.4837036; -84.7737632369; 6190.89222819
80576.57657657657; 67901.9191946; -67634.5697076; -84.9210030378; 6011.09812889
80675.67567567567; 67801.8634255; -67515.0466357; -84.731155279; 6226.08755006
80774.77477477476; 67712.2030036; -67416.3163145; -84.64826903; 6315.27570955
80873.87387387386; 67625.4714553; -67327.3545611; -84.6250847569; 6334.42128964
80972.97297297297; 67538.7828512; -67230.5297136; -84.53277056; 6434.55266521
81072.07207207207; 67500.5218017; -67234.1209358; -84.9255784662; 5969.88304635
81171.17117117117; 67404.927695; -67123.4037856; -84.7657749166; 6149.05577784
81270.27027027027; 67257.1467927; -66910.1490137; -84.1828094154; 6816.62812804
81369.36936936936; 67264.5375596; -67001.1029016; -84.934518792; 5938.86901163
81468.46846846846; 67203.0436082; -66959.7045879; -85.1294279124; 5705.70819376
81567.56756756756; 67135.497565; -66904.5564525; -85.2545944535; 5553.79548662
81666.66666666666; 67032.4909198; -66778.9908583; -85.0221584255; 5816.25274368
81765.76576576575; 66976.9834971; -66744.3940619; -85.2317783225; 5567.26970803
81864.86486486485; 66881.4171181; -66629.8600136; -85.0335639499; 5789.94693429
81963.96396396396; 66807.9277925; -66562.6989507; -85.1000344669; 5706.21998434
82063.06306306306; 66778.7619888; -66581.5457527; -85.5993143631; 5123.9155951
82162.16216216216; 66703.6952031; -66511.7558381; -85.6583877797; 5049.53948196
82261.26126126126; 66620.8112434; -66423.3919318; -85.594067163; 5117.82935531
82360.36036036036; 66557.6234722; -66374.8647308; -85.7658126983; 4913.92146131
82459.45945945945; 66473.2639441; -66284.1693618; -85.6838840126; 5002.59534949
82558.55855855855; 66394.5177276; -66203.4810799; -85.6620025833; 5021.8908506
82657.65765765765; 66254.757907; -66002.1895218; -85.0030607012; 5770.76315628
82756.75675675675; 66149.4142249; -65869.1293135; -84.7321901111; 6072.9964656
82855.85585585584; 66045.7648844; -65740.0168513; -84.5048497016; 6324.004219
82954.95495495496; 66048.3978654; -65819.9201478; -85.2385841994; 5482.32727626
83054.05405405405; 65944.1082165; -65689.4390186; -84.9687663753; 5783.05689858
83153.15315315315; 65910.9219384; -65696.0348213; -85.3778202301; 5311.28351667
83252.25225225225; 65845.5778204; -65644.4563523; -85.528010759; 5133.93782327
83351.35135135135; 65813.3849731; -65655.0787881; -86.0418552407; 4542.66437075
83450.45045045044; 65745.418058; -65596.3248629; -86.1479063071; 4416.73218977
83549.54954954954; 65680.0461043; -65543.4057431; -86.3042392301; 4233.62551857
83648.64864864864; 65608.5973232; -65475.9224297; -86.3560026176; 4169.87223072
83747.74774774774; 65533.3447161; -65400.9039837; -86.3570016571; 4163.95127126
83846.84684684683; 65441.5981444; -65292.7719827; -86.1353571108; 4410.73426625
83945.94594594595; 65370.8913221; -65226.4381349; -86.1907170776; 4342.94555295
84045.04504504504; 65296.0908488; -65150.8341927; -86.177976984; 4352.46291625
84144.14414414414; 65227.7781176; -65089.3320512; -86.2664941735; 4247.36061623
84243.24324324324; 65152.3886118; -65012.655723; -86.2473402284; 4264.18011318
84342.34234234234; 65081.1194722; -64941.9367601; -86.2530034567; 4253.09224306
84441.44144144144; 64990.4020198; -64852.8132567; -86.2717020176; 4225.99660781
84540.54054054053; 64923.8855773; -64782.8109051; -86.2227777786; 4276.98779369
84639.63963963963; 64853.7613503; -64709.7461276; -86.181340489; 4319.17457368
84738.73873873873; 64777.4779208; -64634.6861218; -86.1965006574; 4296.9856495
84837.83783783783; 64702.7668152; -64555.7425871; -86.1373242124; 4358.71391012
84936.93693693694; 64637.3194719; -64497.7323491; -86.2346244224; 4244.77949484
85036.03603603604; 64572.911199; -64441.5140699; -86.3446479917; 4116.8181361
85135.13513513513; 64500.1641416; -64369.9133031; -86.3583917385; 4096.74211285
85234.23423423423; 64418.0309091; -64278.6690934; -86.2321148165; 4233.18119156
85333.33333333333; 64340.3013554; -64196.1102942; -86.1641923281; 4304.1916862
85432.43243243243; 64274.2977437; -64136.5785531; -86.2488234367; 4205.05399349
85531.53153153152; 64204.6550256; -64068.6421859; -86.2701365531; 4176.66522923
85630.63063063062; 64138.6714718; -64008.575678; -86.3522902058; 4080.57074822
85729.72972972972; 64063.4438448; -63930.8404208; -86.3135678579; 4119.01348194
85828.82882882882; 63989.2268; -63853.0997835; -86.2634478884; 4170.08707071
85927.92792792793; 63913.978567; -63775.8124634; -86.2344087145; 4197.4915891
86027.02702702703; 63858.7135408; -63735.592812; -86.442060228; 3962.92784286
86126.12612612612; 63791.9571153; -63672.4127054; -86.4924345886; 3902.80471997
86225.22522522522; 63711.6682844; -63583.8327016; -86.3707232403; 4032.96576924
86324.32432432432; 63641.0288852; -63514.0957896; -86.3810692698; 4017.03294518
86423.42342342342; 63575.9112905; -63455.0053955; -86.4664417445; 3918.37526221
86522.52252252251; 63503.641936; -63380.8321558; -86.4366705432; 3946.85424778
86621.62162162161; 63430.6706939; -63305.876403; -86.4058785006; 3976.34294667
86720.72072072071; 63370.1319579; -63254.6190171; -86.5406159496; 3823.80736569
86819.81981981981; 63298.569478; -63181.042658; -86.5093710557; 3853.93506377
86918.91891891892; 63223.5208354; -63100.7506089; -86.4300781664; 3936.69553653
87018.01801801802; 63138.8452844; -63001.2402994; -86.2176365455; 4165.04900378
87117.11711711712; 63071.8049265; -62938.0538265; -86.2686599123; 4104.58587539
87216.21621621621; 62994.0413908; -62852.8485129; -86.1633468039; 4215.0657275
87315.31531531531; 62931.308173; -62796.3759395; -86.2478830342; 4118.21713843
87414.41441441441; 62876.1197883; -62754.4540985; -86.4357777179; 3908.82853702
87513.51351351351; 62807.1384652; -62686.0912309; -86.4427405345; 3896.92597019
87612.6126126126; 62741.6491273; -62623.2401736; -86.4815087477; 3850.46874737
87711.7117117117; 62679.5426057; -62567.6082476; -86.5758197687; 3743.69489711
87810.8108108108; 62612.1739101; -62501.7582519; -86.5973650673; 3716.16907607
87909.90990990991; 62546.8235094; -62438.8368763; -86.6329509056; 3673.5140004
88009.00900900901; 62475.8652302; -62366.0703709; -86.6039078567; 3700.94911055
88108.10810810811; 62405.8140834; -62293.3390323; -86.5608862654; 3743.57354707
88207.2072072072; 62352.4567485; -62255.9665147; -86.8122550314; 3467.29016813
88306.3063063063; 62285.6532108; -62190.2199577; -86.8279939553; 3446.49294317
88405.4054054054; 62222.6918772; -62131.7655345; -86.9026361231; 3362.06623671
88504.5045045045; 62156.4015758; -62066.3053516; -86.9147078047; 3345.41182534
88603.60360360359; 62087.1905991; -61995.4472316; -86.8849310253; 3373.9059383
88702.70270270269; 62021.6107744; -61931.0346145; -86.9031467566; 3350.65337146
88801.80180180179; 61954.9273248; -61863.7288131; -86.8908645604; 3360.31216072
88900.90090090089; 61884.7861513; -61791.7096113; -86.8573259045; 3392.67779572
89000; 61815.3301311; -61720.5111789; -86.8263234777; 3422.26648605
89099.0990990991; 61737.8061481; -61632.6675955; -86.6684571081; 3587.65294317
89198.1981981982; 61684.5817891; -61592.0299909; -86.8610460462; 3377.70378786
89297.29729729729; 61621.474636; -61531.6732564; -86.9064197562; 3325.5215798
89396.39639639639; 61553.3488198; -61461.9916888; -86.8779938327; 3352.33838585
89495.49549549549; 61485.507497; -61392.6077469; -86.8501767294; 3378.44818112
89594.59459459459; 61419.6021138; -61327.1837041; -86.8566151862; 3367.93604765
89693.69369369368; 61352.7727049; -61259.956728; -86.8480526684; 3373.42736633
89792.79279279278; 61290.0422538; -61199.999714; -86.8938862495; 3321.02290324
89891.89189189188; 61227.9954531; -61141.3491004; -86.9515293607; 3256.15032479
89990.99099099099; 61163.229976; -61076.6155759; -86.9504471814; 3253.85987485
90090.09009009009; 61099.0719853; -61013.701168; -86.9708678685; 3228.70090225
90189.18918918919; 61034.464031; -60949.1536574; -86.9703270826; 3225.86240508
90288.28828828828; 60967.0266112; -60881.2563179; -86.9604741737; 3232.76725958
90387.38738738738; 60902.1786494; -60816.531482; -86.9610365775; 3228.7320499
90486.48648648648; 60837.4967441; -60750.7635269; -86.9403873353; 3247.19613223
90585.58558558558; 60772.1678725; -60685.0181059; -86.9312094634; 3253.43129174
90684.68468468467; 60710.8970321; -60626.8950374; -86.9856947465; 3192.49906026
90783.78378378377; 60644.5847695; -60559.1444551; -86.9583072551; 3217.95992643
90882.88288288287; 60581.1161141; -60496.369199; -86.9692684148; 3203.01752597
90981.98198198198; 60513.9796585; -60425.7281209; -86.9053418593; 3266.88986911
91081.08108108108; 60453.9947543; -60368.6434671; -86.9552288803; 3211.08920602
91180.18018018018; 60392.2360548; -60309.1585906; -86.994505362; 3166.46765355
91279.27927927928; 60329.5251788; -60247.3294284; -87.0093119521; 3147.60730956
91378.37837837837; 60266.9969924; -60185.6943491; -87.0237253826; 3129.20735461
91477.47747747747; 60202.5544616; -60120.5831989; -87.0097777879; 3140.4980982
91576.57657657657; 60139.7848654; -60058.9847974; -87.0296737637; 3116.36841409
91675.67567567567; 60076.655571; -59995.936357; -87.0296044417; 3113.16949355
91774.77477477476; 60014.2528092; -59934.4406142; -87.0448208659; 3094.01869139
91873.87387387386; 59952.1961831; -59872.0996154; -87.0380175627; 3097.92872927
91972.97297297297; 59890.8392329; -59811.6156465; -87.0526682888; 3079.46456664
92072.07207207207; 59828.3576847; -59748.8641297; -87.0461442632; 3083.05482971
92171.17117117117; 59767.0073194; -59688.7120247; -87.0670437117; 3058.12100121
92270.27027027027; 59705.1724689; -59627.4954473; -87.0770880184; 3044.50445788
92369.36936936936; 59640.3880262; -59560.7162291; -87.0381852905; 3081.64203163
92468.46846846846; 59577.6476541; -59497.2663259; -87.0234181321; 3093.73522109
92567.56756756756; 59513.6762171; -59431.562052; -86.9898860146; 3125.19586243
92666.66666666666; 59453.1574844; -59371.9741067; -87.0055006703; 3105.83728673
92765.76576576575; 59391.9889518; -59311.178459; -87.0108101225; 3097.14593884
92864.86486486485; 59330.5742381; -59250.5931942; -87.0246643139; 3079.61661592
92963.96396396396; 59267.1238432; -59184.9318236; -86.982212898; 3120.17491769
93063.06306306306; 59208.4371395; -59128.0897605; -87.0148041912; 3083.45212991
93162.16216216216; 59147.3761662; -59066.6765852; -87.0067154616; 3088.61114334
93261.26126126126; 59086.3619514; -59005.9820575; -87.0111433414; 3080.8648384
93360.36036036036; 59025.7483002; -58946.3163816; -87.027308943; 3061.073073
93459.45945945945; 58965.2147729; -58885.6146261; -87.0226898646; 3062.68030006
93558.55855855855; 58905.1904282; -58826.2506235; -87.0335798011; 3048.38173823
93657.65765765765; 58844.2562195; -58765.2138019; -87.029977247; 3048.92459247
93756.75675675675; 58783.5688142; -58704.5424244; -87.0287497229; 3047.03776673
93855.85585585584; 58726.3882177; -58650.1083034; -87.0794414986; 2992.18489235
93954.95495495496; 58666.2285477; -58589.8787721; -87.0766140714; 2992.01093913
94054.05405405405; 58606.7648513; -58531.0403646; -87.0871088288; 2978.25756803
94153.15315315315; 58546.5561907; -58470.2698798; -87.074810104; 2987.74881846
94252.25225225225; 58486.5013756; -58409.5738092; -87.0610448353; 2998.71694372
94351.35135135135; 58425.4923642; -58347.491312; -87.0390526584; 3017.98495462
94450.45045045044; 58365.6965817; -58287.9264419; -87.0419265022; 3011.97257444
94549.54954954954; 58307.6825337; -58230.9475795; -87.0602042403; 2990.40300798
94648.64864864864; 58250.5891043; -58176.1072021; -87.1023004221; 2944.73254368
94747.74774774774; 58191.6393845; -58117.3452972; -87.1044760797; 2939.54561511
94846.84684684683; 58131.57576; -58055.7583082; -87.0734161338; 2967.98394666
94945.94594594595; 58072.7052675; -57996.4111065; -87.0627463999; 2975.77847341
95045.04504504504; 58015.2864782; -57940.3708361; -87.0879735147; 2947.32555783
95144.14414414414; 57954.6031583; -57878.6774197; -87.0668633713; 2965.5678813
95243.24324324324; 57895.678425; -57819.0194798; -87.0512585512; 2978.29975543
95342.34234234234; 57832.6588592; -57751.7180842; -86.9685271679; 3058.44914347
95441.44144144144; 57769.1576076; -57683.5349258; -86.8808213352; 3143.3895202
95540.54054054053; 57721.8715057; -57646.1754409; -87.0655760061; 2954.95253149
95639.63963963963; 57662.2466064; -57585.2992954; -87.0398426964; 2977.76445986
95738.73873873873; 57605.7507279; -57529.811264; -87.0578768745; 2956.73891452
95837.83783783783; 57547.5743984; -57471.3900162; -87.051566402; 2960.08338285
95936.93693693692; 57492.3283261; -57418.2040869; -87.0902522825; 2918.47425138
96036.03603603604; 57433.6796707; -57358.669343; -87.071428017; 2934.34204287
96135.13513513513; 57378.169733; -57304.8140088; -87.1026443338; 2900.28393903
96234.23423423423; 57321.9919732; -57248.8573541; -87.1055300979; 2894.56170769
96333.33333333333; 57265.8094097; -57193.981232; -87.1299996375; 2867.29966122
96432.43243243243; 57207.6283455; -57135.7895542; -87.1283309098; 2866.05062382
96531.53153153152; 57150.1803777; -57078.3168209; -87.1264033021; 2865.09266535
96630.63063063062; 57094.2273922; -57022.9223902; -87.1361758799; 2852.56175541
96729.72972972972; 57036.9288132; -56965.4813748; -87.1318835942; 2853.96646505
96828.82882882882; 56979.8711759; -56907.9198642; -87.1203772719; 2862.53968239
96927.92792792791; 56919.6232258; -56843.8240656; -87.0431241511; 2936.15675346
97027.02702702703; 56858.5123483; -56778.3891037; -86.9581651545; 3017.2004681
97126.12612612612; 56806.3432773; -56729.344207; -87.0167950077; 2956.38257987
97225.22522522522; 56755.535343; -56684.4064692; -87.1311979793; 2840.56466033
97324.32432432432; 56696.9766563; -56622.7946182; -87.068756318; 2899.34380339
97423.42342342342; 56643.6650643; -56572.3617568; -87.1248471229; 2841.23630087
97522.52252252251; 56587.4260209; -56516.1969484; -87.1249448576; 2838.31881069
97621.62162162161; 56531.3385846; -56460.4541283; -87.1304598287; 2830.0711881
97720.72072072071; 56474.5453268; -56401.9513782; -87.0946760451; 2862.45360443
97819.81981981981; 56419.0330904; -56346.8558017; -87.1015404384; 2852.88961256
97918.91891891891; 56363.2962809; -56290.4986101; -87.0876649245; 2863.70348529
98018.01801801802; 56308.9291334; -56237.8410568; -87.1206859879; 2828.53021158
98117.11711711712; 56255.6334111; -56186.0022095; -87.1489768453; 2798.11070529
98216.21621621621; 56200.9560696; -56132.0369551; -87.1622276299; 2782.40946041
98315.31531531531; 56144.264406; -56073.3144135; -87.1195478959; 2821.37031277
98414.41441441441; 56091.0405898; -56021.8156601; -87.1531433789; 2785.8500629
98513.51351351351; 56036.617175; -55967.1336002; -87.146440869; 2789.69417279
98612.6126126126; 55980.5781843; -55910.3956942; -87.130778866; 2802.18719339
98711.7117117117; 55927.3943988; -55858.2935664; -87.1515307182; 2779.2945538
98810.8108108108; 55873.2609542; -55803.8374365; -87.1435034047; 2784.42273674
98909.9099099099; 55818.6083766; -55749.2247674; -87.1429301909; 2782.25685763
99009.00900900901; 55764.7910435; -55696.1196643; -87.1562621346; 2766.61469077
99108.10810810811; 55710.4644569; -55642.1474086; -87.162224993; 2758.12873338
99207.2072072072; 55656.6188709; -55588.3873054; -87.1626300702; 2755.0699274
99306.3063063063; 55603.1991154; -55534.8629219; -87.1590899333; 2755.8569332
99405.4054054054; 55550.1782644; -55481.9796089; -87.160596377; 2751.77027707
99504.5045045045; 55496.6139033; -55428.2322327; -87.1554173978; 2754.12705971
99603.60360360359; 55443.5755937; -55375.3870265; -87.1580777189; 2748.9237941
99702.70270270269; 55390.3739706; -55322.5190912; -87.1636833818; 2740.87340769
99801.80180180179; 55337.297116; -55269.546828; -87.1645090843; 2737.45050757
99900.90090090089; 55284.4758404; -55217.0123985; -87.1691662076; 2730.34941411
100000; 55231.1197739; -55163.5466547; -87.1654984346; 2731.24557884
