% Module: Sweep, ID: c0p1t6p1cfm0
% Devices: DEV4765
% Time: 2021/02/12 16:28:58
% Impedance 1 Sample Abs(Z), /dev4765/imps/0/sample.AbsZ
% Impedance 1 Sample Imag(Z), /dev4765/imps/0/sample.ImagZ
% Impedance 1 Sample Phase(Z), /dev4765/imps/0/sample.PhaseZ
% Impedance 1 Sample Real(Z), /dev4765/imps/0/sample.RealZ
% Frequency (Hz); Impedance 1 Sample Abs(Z)  Impedance (Ohm); Impedance 1 Sample Imag(Z)  Impedance (Ohm); Impedance 1 Sample Phase(Z)  Phase(Z) (deg); Impedance 1 Sample Real(Z)  Impedance (Ohm)
1000; 4792406.94217; -4790478.35885; -88.3750219352; 135900.597419
1099.099099099099; 4368793.61188; -4367091.83158; -88.4015786461; 121863.505132
1198.198198198198; 4012256.50977; -4010681.59187; -88.3953230815; 112356.551307
1297.297297297297; 3710554.72263; -3709050.60685; -88.3691749045; 105599.476086
1396.396396396396; 3451364.26405; -3449922.75989; -88.3445200433; 99708.2660191
1495.495495495496; 3226244.10667; -3224923.24487; -88.3608142559; 92287.6715149
1594.594594594595; 3028765.63316; -3027453.37189; -88.313645739; 89131.1317317
1693.693693693694; 2854513.30168; -2853267.0567; -88.3070700351; 84330.4080773
1792.792792792793; 2699765.51677; -2698542.41473; -88.2754709905; 81247.4138336
1891.891891891892; 2560703.68166; -2559539.24413; -88.2722662865; 77205.3542373
1990.990990990991; 2435078.34716; -2433951.13471; -88.2569670306; 74067.5931201
2090.09009009009; 2321626.45029; -2320535.10038; -88.2433976733; 71166.3058309
2189.189189189189; 2219044.20984; -2217965.94714; -88.2138908815; 69164.0459155
2288.288288288288; 2124589.47567; -2123543.4834; -88.2021025332; 66656.9875449
2387.387387387387; 2037944.08508; -2036909.22581; -88.1740883819; 64934.5065846
2486.486486486487; 1958475.16241; -1957473.27183; -88.1673544716; 62632.5263285
2585.585585585585; 1884601.37342; -1883626.54458; -88.1571358433; 60605.9432523
2684.684684684685; 1816434.07274; -1815463.10412; -88.1265669689; 59382.3887535
2783.783783783784; 1753024.8044; -1752080.1392; -88.1189853919; 57541.324684
2882.882882882883; 1693910.70455; -1692991.69523; -88.1126234564; 55788.8814343
2981.981981981982; 1638598.14888; -1637700.81053; -88.1038785027; 54217.141891
3081.081081081081; 1587292.73777; -1586394.62999; -88.0725997169; 53385.5640921
3180.18018018018; 1538626.61399; -1537748.47521; -88.0642299549; 51973.4675893
3279.279279279279; 1493318.01152; -1492458.56929; -88.0560582638; 50655.8639018
3378.378378378378; 1450375.77756; -1449520.66725; -88.0324615005; 49796.1482384
3477.477477477477; 1409828.81271; -1408997.80003; -88.0327021204; 48398.1260657
3576.576576576576; 1371641.42698; -1370826.01112; -88.0243093323; 47287.9878489
3675.675675675675; 1335443.91361; -1334640.81704; -88.012886477; 46306.1543828
3774.774774774774; 1301019.63329; -1300224.30213; -87.9965169975; 45483.9746015
3873.873873873874; 1268463.48889; -1267684.71671; -87.9922189939; 44440.9128188
3972.972972972973; 1237474.8377; -1236705.28839; -87.9793813312; 43632.2862339
4072.072072072072; 1208115.25711; -1207353.10227; -87.9647781047; 42904.7891064
4171.17117117117; 1180009.14474; -1179261.78842; -87.9607426418; 41989.7370992
4270.27027027027; 1153270.42784; -1152531.24229; -87.9485353237; 41283.8016229
4369.369369369369; 1127656.24173; -1126927.5583; -87.9401568976; 40531.6885422
4468.468468468468; 1103196.3438; -1102478.6428; -87.9331950209; 39786.4718396
4567.567567567567; 1079894.83058; -1079185.47456; -87.9231955169; 39134.4588214
4666.666666666666; 1057289.09365; -1056588.20823; -87.9136624309; 38491.0440259
4765.765765765766; 1035917.67107; -1035224.77316; -87.904291557; 37882.3264951
4864.864864864865; 1015263.22266; -1014578.98673; -87.8963527806; 37267.5974565
4963.963963963964; 995500.348011; -994822.617133; -87.8857134838; 36726.8789365
5063.063063063062; 976439.151571; -975770.613338; -87.8796937171; 36126.1784061
5162.162162162162; 958151.242757; -957488.624491; -87.8690470782; 35627.4817129
5261.261261261261; 940464.344651; -939810.153039; -87.8628265262; 35071.8534932
5360.36036036036; 923499.465442; -922853.123942; -87.8562607164; 34544.9592856
5459.459459459459; 907142.126325; -906501.209323; -87.8461137029; 34093.6246795
5558.558558558559; 891375.205286; -890738.232934; -87.8338449907; 33691.7810872
5657.657657657657; 876123.569786; -875492.386566; -87.8250166147; 33250.2035037
5756.756756756757; 861359.310235; -860733.771334; -87.8162810107; 32821.1132105
5855.855855855855; 847179.463132; -846510.955222; -87.7256110779; 33620.318237
5954.954954954955; 833366.659383; -832711.774827; -87.7301754872; 33005.919064
6054.054054054053; 820120.579105; -819512.4978; -87.7935097866; 31575.4624065
6153.153153153153; 807240.763455; -806640.393182; -87.790117978; 31127.3273062
6252.252252252252; 794732.110446; -794137.907718; -87.7842540839; 30726.2661211
6351.351351351351; 782632.975124; -782043.99503; -87.7770224801; 30357.1930797
6450.45045045045; 770909.248159; -770325.656142; -87.7704525411; 29990.7786548
6549.549549549549; 759565.152965; -758987.212412; -87.7647671426; 29624.7710289
6648.648648648648; 748475.699989; -747902.523544; -87.7575695992; 29286.211461
6747.747747747748; 737777.73539; -737207.940523; -87.7480447687; 28990.1739994
6846.846846846846; 727350.516646; -726786.58165; -87.7436497818; 28636.1998161
6945.945945945946; 717231.55219; -716671.593367; -87.735816942; 28335.7836174
7045.045045045044; 707411.253969; -706856.931881; -87.7316576085; 27999.1271789
7144.144144144144; 697871.994417; -697324.167622; -87.7296282314; 27646.2636347
7243.243243243242; 688557.11866; -688010.7901; -87.7174465319; 27423.5326021
7342.342342342342; 679537.529431; -678996.156168; -87.7127885543; 27119.5048075
7441.441441441441; 670681.966121; -670145.500984; -87.7082032162; 26819.7259446
7540.54054054054; 662091.596272; -661558.735047; -87.7011374748; 26557.7883457
7639.639639639639; 653767.276414; -653239.53566; -87.6976846428; 26263.2478368
7738.738738738738; 645575.239074; -645050.115958; -87.6888793697; 26033.2910898
7837.837837837837; 637620.631106; -637100.157819; -87.6848283606; 25757.561492
7936.936936936936; 629877.410191; -629362.625944; -87.6834075743; 25460.3727166
8036.036036036036; 622288.808955; -621776.991519; -87.6760445867; 25233.5327142
8135.135135135135; 614924.317756; -614416.853558; -87.6721311505; 24976.8723361
8234.234234234234; 607739.43285; -607237.164396; -87.670435914; 24703.0048307
8333.333333333332; 600727.021509; -600228.349193; -87.6652782876; 24471.9980261
8432.432432432432; 593841.704795; -593346.833423; -87.6607448087; 24238.4600783
8531.531531531531; 587132.506115; -586641.050472; -87.6555515332; 24017.7864004
8630.630630630631; 580548.275431; -580058.928835; -87.6473587263; 23831.3877185
8729.72972972973; 574146.589858; -573663.134432; -87.6485598694; 23556.5759493
8828.828828828828; 567873.230614; -567393.127357; -87.643817714; 23346.1480347
8927.927927927927; 561727.175621; -561249.410778; -87.636738814; 23162.8167031
9027.027027027027; 555685.821271; -555210.869242; -87.6309306571; 22969.9856714
9126.126126126124; 549846.847935; -549374.26345; -87.6243274873; 22791.9372477
9225.225225225224; 544082.745165; -543614.854792; -87.6236686497; 22559.2559265
9324.324324324323; 538480.622968; -538015.898209; -87.6194311469; 22366.7693295
9423.423423423423; 532972.351771; -532510.120423; -87.6135881595; 22192.2777539
9522.522522522522; 527576.337854; -527116.96303; -87.6088345159; 22011.326344
9621.621621621622; 522290.056157; -521833.833195; -87.6050226295; 21825.4932483
9720.720720720719; 517113.150576; -516660.276119; -87.6019142633; 21637.190253
9819.819819819819; 512045.405846; -511596.026262; -87.5993946276; 21447.6419023
9918.918918918918; 507060.533687; -506614.235786; -87.5959063796; 21269.6870771
10018.01801801802; 502199.688789; -501756.400285; -87.5924626153; 21095.9504543
10117.11711711712; 497403.379772; -496963.697084; -87.5907420177; 20909.3916069
10216.21621621621; 492725.412925; -492287.473509; -87.5841327034; 20769.5318393
10315.31531531531; 488132.78884; -487698.175409; -87.5820250162; 20593.8823285
10414.41441441441; 483596.265775; -483163.209381; -87.5750645063; 20461.1876495
10513.51351351351; 479182.906677; -478752.77315; -87.5721586481; 20298.7348606
10612.61261261261; 474829.584947; -474401.432187; -87.5666755328; 20159.7241701
10711.71171171171; 470554.07682; -470129.032259; -87.5645357512; 19995.7577971
10810.81081081081; 466355.601465; -465932.374139; -87.5588301713; 19863.7463528
10909.90990990991; 462233.228209; -461811.584205; -87.5525652059; 19738.6578844
11009.00900900901; 458188.442088; -457769.362691; -87.5492744877; 19592.2225845
11108.10810810811; 454207.6106; -453790.840011; -87.5453484878; 19453.0982138
11207.20720720721; 450307.469059; -449894.227853; -87.5451935725; 19287.2761361
11306.30630630631; 446475.771359; -446064.480139; -87.5405054728; 19159.6574817
11405.4054054054; 442704.129158; -442295.267707; -87.5373578392; 19022.102015
11504.5045045045; 438996.224966; -438589.446514; -87.5332846055; 18893.9615006
11603.6036036036; 435372.425089; -434969.955281; -87.5361957632; 18715.8965003
11702.7027027027; 431775.774447; -431374.82487; -87.5306296907; 18603.1892206
11801.8018018018; 428272.703889; -427873.70885; -87.5265993736; 18482.3557872
11900.9009009009; 424809.121735; -424412.740435; -87.524690224; 18347.0243568
12000; 421389.911934; -420995.364458; -87.5204321948; 18230.6421915
12099.0990990991; 418042.440057; -417649.633847; -87.5160217381; 18117.9675167
12198.1981981982; 414732.337719; -414342.023128; -87.5140396639; 17988.8411376
12297.2972972973; 411493.001117; -411104.611864; -87.5104351538; 17874.1996338
12396.3963963964; 408307.074264; -407920.642854; -87.5070495715; 17759.9149272
12495.4954954955; 405156.733587; -404772.751458; -87.505315354; 17635.1378647
12594.59459459459; 402045.041776; -401662.623438; -87.5007856447; 17531.450464
12693.69369369369; 399005.42448; -398625.190043; -87.4984577601; 17415.1019103
12792.79279279279; 396007.338896; -395628.652801; -87.4941236329; 17314.1740025
12891.89189189189; 393054.948318; -392679.110411; -87.4942068044; 17184.5188744
12990.99099099099; 390143.481507; -389769.68577; -87.4917205392; 17074.1429091
13090.09009009009; 387282.458267; -386910.877881; -87.4899420701; 16960.9430501
13189.18918918919; 384443.649268; -384073.941667; -87.4870454077; 16856.0361247
13288.28828828829; 381652.628444; -381284.565669; -87.483489003; 16757.3294574
13387.38738738739; 378915.412779; -378549.227562; -87.4808671131; 16654.4682961
13486.48648648648; 376206.172819; -375841.582928; -87.4773246647; 16558.6262073
13585.58558558558; 373553.648726; -373191.206593; -87.4758492289; 16451.4867544
13684.68468468468; 370930.400052; -370569.528255; -87.4724331376; 16358.0518918
13783.78378378378; 368337.985901; -367978.723711; -87.4692164648; 16264.3842646
13882.88288288288; 365777.072405; -365420.017184; -87.4681868963; 16157.8707746
13981.98198198198; 363268.971753; -362914.08546; -87.4671937638; 16053.368084
14081.08108108108; 360786.529196; -360433.988506; -87.4669062184; 15945.4754068
14180.18018018018; 358343.015771; -357990.773384; -87.4593564; 15884.6527232
14279.27927927928; 355929.396423; -355578.716891; -87.4564175606; 15795.9003615
14378.37837837838; 353530.926598; -353181.98057; -87.4541187; 15703.6280924
14477.47747747748; 351189.387414; -350841.979741; -87.4512839101; 15616.9770711
14576.57657657658; 348850.289611; -348504.970576; -87.4504506656; 15518.0282625
14675.67567567567; 346575.612147; -346232.023166; -87.4485112533; 15428.5618986
14774.77477477477; 344330.074102; -343987.429502; -87.443724279; 15357.3376307
14873.87387387387; 342116.415462; -341776.054329; -87.444030543; 15256.7804244
14972.97297297297; 339904.414519; -339565.585213; -87.4415054859; 15173.1005156
15072.07207207207; 337747.665027; -337410.070917; -87.4380318569; 15097.2802195
15171.17117117117; 335609.898328; -335274.180581; -87.4370341364; 15007.560046
15270.27027027027; 333487.922924; -333154.335073; -87.4370614581; 14912.5124668
15369.36936936937; 331398.973515; -331066.78082; -87.4343789058; 14834.6017909
15468.46846846847; 329355.934606; -329024.94284; -87.4310881155; 14762.0462961
15567.56756756757; 327324.903047; -326995.453282; -87.429137965; 14682.1428153
15666.66666666667; 325304.998642; -324977.008026; -87.4268847931; 14604.3199725
15765.76576576577; 323327.493758; -323000.557711; -87.4231804554; 14536.424488
15864.86486486486; 321367.461907; -321042.609552; -87.4235866607; 14446.0271596
15963.96396396396; 319428.649561; -319105.951978; -87.4243637524; 14354.546553
16063.06306306306; 317525.139836; -317203.624709; -87.4213928757; 14285.4546044
16162.16216216216; 315627.581705; -315307.568643; -87.4197000238; 14209.3984996
16261.26126126126; 313764.258032; -313445.841479; -87.4185128986; 14132.007217
16360.36036036036; 311923.124739; -311606.134929; -87.4167113729; 14058.8802711
16459.45945945946; 310092.296804; -309775.834698; -87.4112537398; 14005.8690783
16558.55855855856; 308301.391791; -307986.723709; -87.4111146079; 13925.7278834
16657.65765765766; 306527.80916; -306214.22563; -87.4081136182; 13861.6546232
16756.75675675675; 304755.562197; -304443.695805; -87.407713986; 13783.6345373
16855.85585585585; 303024.238714; -302713.60209; -87.4054504282; 13717.2884378
16954.95495495496; 301299.158832; -300989.890149; -87.4037699331; 13648.025549
17054.05405405405; 299594.280037; -299285.827358; -87.3998315072; 13591.372136
17153.15315315315; 297918.171815; -297611.416097; -87.3997077925; 13515.9759927
17252.25225225225; 296254.69033; -295948.815818; -87.3961627856; 13458.8184703
17351.35135135135; 294617.704018; -294313.444133; -87.3958395465; 13386.1106435
17450.45045045045; 293005.529193; -292702.706945; -87.3948620284; 13317.8545219
17549.54954954955; 291386.610659; -291084.692082; -87.3915357541; 13261.1692905
17648.64864864865; 289808.174864; -289507.561657; -87.3901016258; 13196.5800587
17747.74774774775; 288229.103786; -287929.291624; -87.3864502279; 13143.0257567
17846.84684684685; 286675.221285; -286376.801618; -87.3854695923; 13077.0712684
17945.94594594594; 285148.275428; -284851.25259; -87.3846216325; 13011.6335296
18045.04504504504; 283644.340415; -283348.627571; -87.3834865225; 12948.6209411
18144.14414414414; 282118.345435; -281823.734097; -87.3813097166; 12889.6648254
18243.24324324324; 280636.249852; -280342.538922; -87.3784189093; 12836.0941758
18342.34234234234; 279163.40813; -278870.751771; -87.376234236; 12779.360565
18441.44144144144; 277710.030258; -277419.020689; -87.3767898421; 12710.1385585
18540.54054054054; 276271.805189; -275982.239523; -87.3765032834; 12645.6945994
18639.63963963964; 274846.552422; -274557.91974; -87.3739499077; 12592.692868
18738.73873873874; 273433.291263; -273145.529383; -87.3711467605; 12541.3046459
18837.83783783784; 272031.832438; -271745.84433; -87.3725189401; 12470.5168996
18936.93693693693; 270654.90593; -270369.716644; -87.3695261389; 12421.5185209
19036.03603603604; 269291.300766; -269007.309259; -87.3684190504; 12364.1343819
19135.13513513513; 267932.077234; -267648.971951; -87.3658700318; 12313.6349978
19234.23423423423; 266600.040169; -266317.938946; -87.3639838765; 12261.1842022
19333.33333333333; 265273.289071; -264992.551835; -87.3637960237; 12201.0346417
19432.43243243243; 263966.594639; -263687.08579; -87.3630672153; 12144.288325
19531.53153153153; 262661.033816; -262382.524869; -87.3612545459; 12092.5244814
19630.63063063063; 261382.248532; -261104.674512; -87.3592501569; 12042.785521
19729.72972972973; 260111.658224; -259835.255594; -87.3584000781; 11988.0998562
19828.82882882883; 258852.192006; -258576.624267; -87.3559831033; 11940.9613536
19927.92792792793; 257608.036747; -257333.653572; -87.355309325; 11886.593983
20027.02702702703; 256372.728096; -256099.577969; -87.3549072689; 11831.3913296
20126.12612612612; 255149.483042; -254877.169168; -87.3526369607; 11785.0389176
20225.22522522523; 253938.423126; -253667.194188; -87.351622049; 11733.5948976
20324.32432432432; 252741.070644; -252470.875993; -87.3504224022; 11683.5556519
20423.42342342342; 251556.296326; -251286.935616; -87.3482917061; 11638.1314414
20522.52252252252; 250382.255357; -250114.050329; -87.3477897589; 11586.0061037
20621.62162162162; 249222.146303; -248955.129964; -87.347521629; 11533.4891082
20720.72072072072; 248067.957129; -247801.596925; -87.3446262086; 11492.5981761
20819.81981981982; 246922.750509; -246657.503429; -87.3440422073; 11442.0568209
20918.91891891892; 245791.511792; -245527.171659; -87.3424931433; 11396.2748667
21018.01801801802; 244664.639253; -244401.241179; -87.3411312241; 11349.8361296
21117.11711711712; 243549.89087; -243287.392412; -87.3396066799; 11304.5970809
21216.21621621621; 242451.868098; -242189.863961; -87.3361004521; 11268.4523024
21315.31531531531; 241362.642881; -241101.771373; -87.335873523; 11218.7830987
21414.41441441441; 240275.457428; -240015.350368; -87.3337678222; 11177.0705028
21513.51351351351; 239205.105889; -238945.997995; -87.3329465987; 11130.7050117
21612.61261261261; 238144.461828; -237886.362972; -87.3322236877; 11084.3525966
21711.71171171171; 237085.973842; -236828.981226; -87.3320104186; 11035.9671093
21810.81081081081; 236045.425251; -235789.215568; -87.3302120686; 10994.9320729
21909.90990990991; 235008.346315; -234753.145135; -87.3295994547; 10949.1351169
22009.00900900901; 233985.444533; -233731.122623; -87.3283837747; 10906.4369462
22108.10810810811; 232969.751925; -232716.515484; -87.3282852902; 10859.4939829
22207.2072072072; 231960.604192; -231707.774781; -87.3246317035; 10827.2295521
22306.30630630631; 230962.38642; -230710.966194; -87.3263392106; 10773.7601135
22405.4054054054; 229981.980111; -229730.963974; -87.3227995296; 10742.2195188
22504.5045045045; 228982.806153; -228732.86716; -87.3227275187; 10695.8365243
22603.6036036036; 227994.192271; -227745.06132; -87.3212697881; 10655.4526059
22702.7027027027; 227027.185105; -226778.851168; -87.3198681019; 10615.8068375
22801.8018018018; 226068.605212; -225821.168162; -87.3190456144; 10574.2252802
22900.9009009009; 225121.946117; -224875.424035; -87.318387277; 10532.5297465
23000; 224180.119779; -223934.457786; -87.3174513209; 10492.1236862
23099.0990990991; 223246.870197; -223002.050008; -87.3164602117; 10452.3028637
23198.1981981982; 222317.358183; -222073.249197; -87.3147647088; 10415.3554746
23297.2972972973; 221406.417895; -221163.011673; -87.3131223648; 10379.0181791
23396.39639639639; 220497.657526; -220255.153176; -87.3125827551; 10338.4919364
23495.4954954955; 219604.226678; -219362.794983; -87.3130840481; 10294.6823691
23594.59459459459; 218704.852191; -218463.849343; -87.3099567448; 10264.4452474
23693.69369369369; 217814.238401; -217574.093133; -87.3092629121; 10225.2809992
23792.79279279279; 216935.259359; -216695.681194; -87.3070016834; 10192.5694107
23891.89189189189; 216069.679898; -215830.954334; -87.3064191227; 10154.0950526
23990.99099099099; 215201.432556; -214963.450439; -87.3051968018; 10117.8782165
24090.09009009009; 214346.919923; -214109.607272; -87.3036307898; 10083.5545195
24189.18918918919; 213492.566381; -213256.185319; -87.3035494432; 10043.6659091
24288.28828828829; 212654.836946; -212419.334689; -87.3032698908; 10005.2918014
24387.38738738739; 211813.96018; -211579.212108; -87.3022524586; 9969.4861309
24486.48648648649; 210983.509948; -210749.438777; -87.300848046; 9935.56488547
24585.58558558558; 210156.501352; -209923.231746; -87.3001768134; 9899.07911219
24684.68468468468; 209342.471266; -209110.12397; -87.3002859348; 9860.3372651
24783.78378378378; 208534.408978; -208302.878096; -87.2998163396; 9823.98358578
24882.88288288288; 207724.087458; -207493.102645; -87.2977470668; 9793.30336931
24981.98198198198; 206929.951438; -206699.71733; -87.296970024; 9758.66648563
25081.08108108108; 206141.919144; -205912.287721; -87.2953550708; 9727.30727088
25180.18018018018; 205355.594473; -205126.97068; -87.2961337412; 9687.41484056
25279.27927927928; 204573.95947; -204345.907615; -87.2943633808; 9656.85620965
25378.37837837838; 203799.288429; -203572.065513; -87.2941566566; 9621.02257894
25477.47747747747; 203029.495778; -202803.007786; -87.2934194296; 9587.29146729
25576.57657657658; 202271.627633; -202045.796291; -87.2922874469; 9555.49577621
25675.67567567567; 201508.98875; -201283.695752; -87.2904034648; 9526.08663668
25774.77477477477; 200765.545197; -200541.143775; -87.2907679518; 9489.66548619
25873.87387387387; 200014.888113; -199791.10885; -87.2894543138; 9458.76463054
25972.97297297297; 199281.099416; -199057.863288; -87.2877659937; 9429.92903601
26072.07207207207; 198546.247149; -198323.899782; -87.2881658502; 9393.77188155
26171.17117117117; 197816.071654; -197593.602855; -87.2824223507; 9379.03278605
26270.27027027027; 197092.946958; -196871.424474; -87.2832380628; 9341.94453224
26369.36936936937; 196379.247707; -196158.172429; -87.2810542467; 9315.59262981
26468.46846846847; 195666.440251; -195446.193648; -87.2812161765; 9281.22702526
26567.56756756757; 194964.690572; -194745.028106; -87.2799412118; 9252.27381122
26666.66666666666; 194263.078239; -194044.160941; -87.2796599233; 9219.9307225
26765.76576576577; 193563.902546; -193345.679773; -87.2790773045; 9188.71308459
26864.86486486486; 192877.507904; -192659.769233; -87.2772649774; 9162.22320753
26963.96396396396; 192187.337597; -191970.196952; -87.2761286073; 9133.24551452
27063.06306306306; 191494.97372; -191268.717045; -87.2145275789; 9305.98814801
27162.16216216216; 190826.298668; -190605.922715; -87.2461458239; 9168.31030539
27261.26126126126; 190158.362094; -189939.838188; -87.2529256346; 9113.74368771
27360.36036036036; 189491.57647; -189273.642496; -87.2518153495; 9085.45408404
27459.45945945946; 188826.204072; -188607.422986; -87.2416432607; 9087.03631794
27558.55855855856; 188168.034061; -187948.643587; -87.2329586948; 9083.85154627
27657.65765765766; 187516.084674; -187298.706691; -87.2409003731; 9026.41750697
27756.75675675676; 186867.558121; -186650.836828; -87.2402917139; 8997.18219425
27855.85585585585; 186223.387698; -186007.013032; -87.237733021; 8974.47371018
27954.95495495495; 185586.331794; -185370.85099; -87.2387188237; 8940.58343727
28054.05405405405; 184953.508453; -184738.918112; -87.2397219245; 8906.86302187
28153.15315315315; 184322.137619; -184108.727891; -87.2426130385; 8867.16789368
28252.25225225225; 183696.752322; -183484.928982; -87.2482094151; 8819.1605242
28351.35135135135; 183078.003134; -182866.803293; -87.2476228744; 8791.32685889
28450.45045045045; 182462.102748; -182252.123007; -87.2509578948; 8751.14327475
28549.54954954955; 181850.214901; -181641.313292; -87.2534165101; 8714.00196494
28648.64864864865; 181239.866069; -181031.742097; -87.2539226139; 8683.15556663
28747.74774774774; 180634.484; -180426.32194; -87.2490694823; 8669.43475131
28846.84684684685; 180033.801911; -179826.70771; -87.251561389; 8632.78434676
28945.94594594594; 179435.764259; -179229.439442; -87.2521051732; 8602.40682714
29045.04504504504; 178842.329775; -178636.256968; -87.2492317777; 8582.91530175
29144.14414414414; 178254.092356; -178047.921778; -87.2440414271; 8570.8141359
29243.24324324324; 177671.312563; -177467.996266; -87.2587018295; 8497.38402898
29342.34234234234; 177088.332143; -176885.375443; -87.2566212518; 8475.92542866
29441.44144144144; 176514.355195; -176312.077668; -87.2567662611; 8448.00718524
29540.54054054054; 175941.768863; -175739.915921; -87.2551910651; 8425.43454637
29639.63963963964; 175371.13055; -175169.975994; -87.2554893402; 8397.19609852
29738.73873873874; 174805.870889; -174605.208068; -87.2544170345; 8373.3979644
29837.83783783784; 174243.222102; -174043.168254; -87.254164417; 8347.21368949
29936.93693693693; 173684.562435; -173485.174898; -87.2543355814; 8319.93267517
30036.03603603604; 173132.552024; -172933.537234; -87.2525339201; 8298.92783798
30135.13513513513; 172579.898367; -172381.242608; -87.2506204682; 8278.19371112
30234.23423423423; 172031.822277; -171833.718844; -87.2500779308; 8253.53111605
30333.33333333333; 171487.607892; -171289.245424; -87.2439145082; 8245.84754747
30432.43243243243; 170947.652203; -170751.272798; -87.2533993978; 8191.6176535
30531.53153153153; 170409.899383; -170213.790968; -87.2509681097; 8173.07199844
30630.63063063063; 169875.436377; -169680.140181; -87.2523552976; 8143.33026009
30729.72972972973; 169346.275927; -169151.376427; -87.2508614342; 8122.37418766
30828.82882882883; 168822.916549; -168628.777041; -87.2519765655; 8093.99026043
30927.92792792793; 168301.860674; -168108.250304; -87.2514794422; 8070.46756324
31027.02702702703; 167778.245267; -167584.964496; -87.2495381531; 8051.03705462
31126.12612612612; 167263.590315; -167071.267092; -87.2521425584; 8018.74646992
31225.22522522522; 166752.503235; -166560.519319; -87.250362948; 7999.41784484
31324.32432432432; 166242.715235; -166050.934499; -87.2476068038; 7982.95010249
31423.42342342342; 165734.039782; -165542.649808; -87.2461959113; 7962.60012599
31522.52252252252; 165234.953759; -165044.351703; -87.2477236304; 7934.22100685
31621.62162162162; 164738.978084; -164548.710014; -87.245998918; 7915.358661
31720.72072072072; 164247.850688; -164057.986649; -87.2448146738; 7895.15178339
31819.81981981982; 163744.629341; -163555.233936; -87.2439924917; 7873.30972959
31918.91891891892; 163251.206234; -163062.09883; -87.2419287365; 7855.45794991
32018.01801801801; 162759.93334; -162571.147136; -87.2401159594; 7836.96209902
32117.11711711712; 162274.223956; -162085.817371; -87.238768401; 7817.38708725
32216.21621621621; 161792.003959; -161604.507517; -87.2413444343; 7786.89093237
32315.31531531531; 161312.74291; -161125.565484; -87.2396005243; 7768.72874589
32414.41441441441; 160836.42412; -160649.719349; -87.2390083352; 7747.44992928
32513.51351351351; 160361.385933; -160175.398087; -87.240236239; 7721.13473661
32612.61261261261; 159888.270444; -159702.701234; -87.2392682264; 7701.05319466
32711.71171171171; 159418.843278; -159233.736401; -87.2386528791; 7680.15327301
32810.81081081081; 158953.265413; -158768.864973; -87.2398939239; 7654.28459395
32909.90990990991; 158490.465622; -158306.715628; -87.2407467334; 7629.64254272
33009.00900900901; 158031.815784; -157847.992621; -87.2361945343; 7620.10459035
33108.10810810811; 157574.371857; -157391.030827; -87.2358182282; 7599.08092361
33207.2072072072; 157120.541844; -156938.005874; -87.2379134722; 7571.45575954
33306.3063063063; 156670.01927; -156488.036264; -87.238137596; 7549.13341157
33405.4054054054; 156219.495103; -156037.790164; -87.2362714869; 7532.5070398
33504.5045045045; 155769.892479; -155588.873494; -87.237515077; 7507.45133572
33603.6036036036; 155326.34935; -155145.925077; -87.2381218281; 7484.43151814
33702.7027027027; 154885.944144; -154705.953402; -87.2375229324; 7464.82761972
33801.8018018018; 154444.581747; -154264.920629; -87.2361125476; 7447.35321018
33900.9009009009; 154008.018779; -153828.993379; -87.2370994; 7423.65254857
34000; 153573.231552; -153394.546434; -87.2358216191; 7406.11533683
34099.0990990991; 153141.504171; -152963.325036; -87.2358498536; 7385.21983321
34198.1981981982; 152710.382501; -152532.58567; -87.234922086; 7366.898923
34297.29729729729; 152280.906356; -152103.297299; -87.2324879986; 7352.64231463
34396.39639639639; 151858.601476; -151681.668058; -87.2339183399; 7328.46549746
34495.4954954955; 151436.952901; -151260.636944; -87.2349080234; 7305.50459417
34594.59459459459; 151014.833233; -150838.839808; -87.2335797507; 7288.6379144
34693.69369369369; 150598.474922; -150422.980202; -87.2336860144; 7268.26359883
34792.79279279279; 150182.530437; -150007.087299; -87.2302645029; 7257.14702913
34891.89189189189; 149769.345523; -149594.369829; -87.2301437779; 7237.49623908
34990.99099099099; 149355.731076; -149181.114297; -87.2291572494; 7220.0772674
35090.09009009009; 148951.110033; -148776.849938; -87.2282316257; 7202.92080146
35189.18918918919; 148546.303444; -148372.489159; -87.2280095999; 7183.9202245
35288.28828828828; 148139.592945; -147966.40731; -87.2292316816; 7161.09508561
35387.38738738738; 147737.878751; -147565.077646; -87.2285487607; 7143.43504506
35486.48648648649; 147339.163189; -147166.672326; -87.2272936252; 7127.38018343
35585.58558558558; 146942.614642; -146770.620282; -87.2275537757; 7107.53108052
35684.68468468468; 146546.394274; -146374.802642; -87.2270602817; 7089.62688796
35783.78378378378; 146154.890055; -145983.874875; -87.2280182996; 7068.2457082
35882.88288288288; 145762.146884; -145591.407696; -87.2265256696; 7053.04502927
35981.98198198198; 145377.367522; -145206.707167; -87.2234984752; 7042.0985052
36081.08108108108; 144988.945028; -144818.767798; -87.2237197874; 7022.72392438
36180.18018018018; 144605.911695; -144436.597992; -87.2271078949; 6995.63017146
36279.27927927928; 144222.363754; -144053.402567; -87.2263152198; 6979.06812945
36378.37837837837; 143844.812767; -143675.980255; -87.2237347076; 6967.26894091
36477.47747747748; 143466.742853; -143298.186777; -87.2223556462; 6952.40582172
36576.57657657658; 143087.657154; -142919.467465; -87.2217029608; 6935.66346326
36675.67567567567; 142714.272964; -142546.553871; -87.2219656525; 6916.91140666
36774.77477477477; 142339.926877; -142172.558042; -87.2212208174; 6900.61618946
36873.87387387387; 141968.20169; -141801.311546; -87.2215671606; 6881.73792071
36972.97297297297; 141601.352532; -141434.564203; -87.218818829; 6870.73959502
37072.07207207207; 141233.315168; -141067.111179; -87.2200804318; 6849.7755787
37171.17117117117; 140867.213294; -140701.456342; -87.2202166127; 6831.68537341
37270.27027027027; 140508.216252; -140342.807673; -87.2195942183; 6815.79957868
37369.36936936936; 140147.74051; -139982.79739; -87.2199399641; 6797.46876963
37468.46846846847; 139790.870612; -139626.285468; -87.2194161028; 6781.43639486
37567.56756756757; 139432.36349; -139268.123104; -87.2187605904; 6765.63811297
37666.66666666666; 139078.317108; -138914.533355; -87.2190975729; 6747.64175716
37765.76576576576; 138726.053382; -138562.676464; -87.219029167; 6730.71647585
37864.86486486486; 138374.661378; -138211.576219; -87.2179873803; 6716.18067546
37963.96396396396; 138026.793457; -137864.024131; -87.2171819947; 6701.23436994
38063.06306306306; 137678.970366; -137516.818042; -87.2189556195; 6680.09057192
38162.16216216216; 137335.607698; -137173.712963; -87.2176939806; 6666.45140153
38261.26126126126; 136993.330982; -136831.666205; -87.2161986578; 6653.40794135
38360.36036036036; 136648.551142; -136487.301292; -87.2162683729; 6636.49678941
38459.45945945946; 136307.919469; -136147.1147; -87.2166415368; 6619.06689802
38558.55855855856; 135970.082671; -135809.658449; -87.2164854134; 6603.03171472
38657.65765765766; 135632.168402; -135471.970605; -87.2149874969; 6590.16354631
38756.75675675675; 135294.87152; -135135.037065; -87.2146816999; 6574.49598854
38855.85585585585; 134962.510309; -134803.13176; -87.2152344929; 6557.0447354
38954.95495495496; 134630.192189; -134471.154483; -87.2147828325; 6541.95933538
39054.05405405405; 134301.171409; -134142.548096; -87.2150090215; 6525.44199422
39153.15315315315; 133970.944683; -133812.75224; -87.2153684301; 6508.5574492
39252.25225225225; 133645.109142; -133487.121988; -87.2137853004; 6496.41607778
39351.35135135135; 133318.450644; -133160.834273; -87.2136491485; 6480.85392781
39450.45045045045; 132995.346422; -132838.047828; -87.2130800811; 6466.4664892
39549.54954954955; 132673.742377; -132516.917592; -87.2139100403; 6448.91003576
39648.64864864865; 132353.350049; -132196.821463; -87.2131750496; 6435.03249028
39747.74774774774; 132031.709903; -131875.445594; -87.2121393265; 6421.77812035
39846.84684684684; 131714.363366; -131558.398885; -87.2114619672; 6407.89820685
39945.94594594595; 131397.380323; -131241.628936; -87.2100075549; 6395.80858497
40045.04504504504; 131082.363573; -130927.080405; -87.2108592757; 6378.52871605
40144.14414414414; 130769.789502; -130614.943947; -87.2114654872; 6361.93685529
40243.24324324324; 130455.427857; -130300.789249; -87.2099740418; 6350.03500323
40342.34234234234; 130145.947996; -129991.710901; -87.2102873234; 6334.26004965
40441.44144144144; 129837.441956; -129683.537763; -87.2099908523; 6319.91585394
40540.54054054054; 129528.58389; -129375.092194; -87.2104120554; 6303.93095558
40639.63963963964; 129224.455461; -129071.212562; -87.2093957155; 6291.41910432
40738.73873873874; 128922.839348; -128769.76991; -87.2077145168; 6280.51302002
40837.83783783783; 128618.935733; -128466.350492; -87.2088435801; 6263.17675042
40936.93693693693; 128314.137153; -128161.81167; -87.2079094087; 6250.42402478
41036.03603603604; 128018.224907; -127866.324801; -87.2085906062; 6234.48931428
41135.13513513513; 127721.310061; -127569.835938; -87.2092690009; 6218.5190833
41234.23423423423; 127422.637913; -127271.434828; -87.2085017555; 6205.68163769
41333.33333333333; 127127.94832; -126977.178637; -87.2092756896; 6189.61457613
41432.43243243243; 126833.000421; -126682.433427; -87.2079115188; 6178.27034828
41531.53153153153; 126539.483412; -126389.331576; -87.2085312817; 6162.60547492
41630.63063063063; 126250.84052; -126100.970437; -87.2079657688; 6149.79286992
41729.72972972973; 125959.794487; -125810.210931; -87.2074194606; 6136.81533121
41828.82882882882; 125667.32442; -125517.875093; -87.2054732981; 6126.82921148
41927.92792792792; 125374.490045; -125225.549272; -87.2075394167; 6108.0334004
42027.02702702703; 125100.375113; -124950.305785; -87.1990930225; 6113.07074507
42126.12612612612; 124831.547421; -124679.479305; -87.2114468905; 6073.01028845
42225.22522522522; 124579.307235; -124422.65093; -87.2095036929; 6055.57176844
42324.32432432432; 124304.897088; -124139.65634; -87.2171118164; 6034.50734576
42423.42342342342; 124002.666974; -123851.50625; -87.222768503; 6008.14111207
42522.52252252252; 123609.336139; -123460.843872; -87.199119817; 6040.11690422
42621.62162162162; 123407.459378; -123260.751764; -87.2067479255; 6013.90516026
42720.72072072072; 123130.944788; -122984.211392; -87.2026241957; 6009.28531188
42819.81981981982; 122855.672074; -122709.543833; -87.2052120693; 5990.30860042
42918.91891891891; 122582.03509; -122435.9487; -87.2024883151; 5982.78680519
43018.01801801802; 122308.083191; -122162.542822; -87.2045954011; 5964.92363616
43117.11711711712; 122034.416511; -121889.197913; -87.2045588299; 5951.65492609
43216.21621621621; 121764.092126; -121619.13266; -87.2039571345; 5939.74823096
43315.31531531531; 121497.335776; -121352.742734; -87.2044273145; 5925.73980914
43414.41441441441; 121227.578061; -121083.332257; -87.2046806765; 5912.04758999
43513.51351351351; 120960.822924; -120816.750473; -87.20328142; 5901.98902879
43612.61261261261; 120692.842319; -120549.177937; -87.2041474038; 5887.09151829
43711.71171171171; 120430.061015; -120286.664358; -87.203707088; 5875.19807692
43810.81081081081; 120166.825846; -120023.768729; -87.2039629106; 5861.8201665
43909.9099099099; 119903.752619; -119760.931937; -87.2032103029; 5850.56045357
44009.00900900901; 119643.241463; -119500.520526; -87.2011448378; 5842.15706591
44108.10810810811; 119385.119301; -119242.75237; -87.2015984258; 5828.60911772
44207.2072072072; 119124.839774; -118982.807669; -87.2018389437; 5815.4021697
44306.3063063063; 118869.552146; -118727.917265; -87.2027550362; 5801.04126156
44405.4054054054; 118614.061726; -118472.493663; -87.2004046856; 5793.43281001
44504.5045045045; 118355.506502; -118214.262355; -87.2005564557; 5780.49116574
44603.6036036036; 118102.442137; -117961.59213; -87.2014717543; 5766.24704503
44702.7027027027; 117851.330339; -117710.537663; -87.1990617132; 5758.93809469
44801.8018018018; 117599.444113; -117459.190258; -87.2014350986; 5741.76374298
44900.9009009009; 117350.929208; -117211.000626; -87.2017231949; 5729.04069453
45000; 117101.149023; -116961.381019; -87.2003484306; 5719.65284447
45099.0990990991; 116850.293765; -116710.751818; -87.1996120023; 5708.90030446
45198.1981981982; 116601.818657; -116462.6688; -87.2005715174; 5694.81026609
45297.29729729729; 116354.226522; -116215.10523; -87.1978814231; 5688.17437028
45396.39639639639; 116107.337975; -115968.822747; -87.2010210968; 5669.74994587
45495.4954954955; 115863.839741; -115725.284121; -87.197673225; 5664.62149547
45594.59459459459; 115620.84774; -115482.762794; -87.1994980612; 5649.06348181
45693.69369369369; 115375.03344; -115237.119782; -87.1982556966; 5639.55211842
45792.79279279279; 115134.816896; -114997.167121; -87.198019152; 5628.28504499
45891.89189189189; 114894.851587; -114757.515786; -87.1982952152; 5616.0015728
45990.99099099099; 114656.517933; -114519.493415; -87.1985653856; 5603.81191995
46090.09009009009; 114416.91933; -114280.299011; -87.1997728721; 5589.69315434
46189.18918918919; 114182.258773; -114045.882619; -87.199402991; 5578.96536155
46288.28828828828; 113943.54492; -113807.424789; -87.1991038086; 5567.896047
46387.38738738738; 113707.33481; -113571.372472; -87.197820998; 5558.8963491
46486.48648648649; 113473.607806; -113337.893669; -87.1974980141; 5548.10886142
46585.58558558558; 113240.839538; -113105.400456; -87.197464105; 5536.79495814
46684.68468468468; 113005.516789; -112870.271792; -87.1965578527; 5527.07432661
46783.78378378378; 112776.088988; -112641.157567; -87.1969631125; 5515.05638948
46882.88288288288; 112545.606455; -112410.968767; -87.1971498545; 5503.4188174
46981.98198198198; 112314.818427; -112180.433073; -87.196902047; 5492.61857829
47081.08108108108; 112086.629281; -111952.489997; -87.1966207359; 5482.00889545
47180.18018018018; 111861.694707; -111727.766593; -87.1960127126; 5472.19334272
47279.27927927928; 111633.745031; -111500.372147; -87.1989770571; 5455.2734162
47378.37837837837; 111408.386329; -111275.054191; -87.1965754373; 5448.9249306
47477.47747747748; 111169.983663; -111036.177995; -87.1885901257; 5452.74010796
47576.57657657658; 110959.596611; -110826.680043; -87.1952947093; 5429.45201239
47675.67567567567; 110737.619828; -110604.922769; -87.1948005864; 5419.54429489
47774.77477477477; 110514.729453; -110382.269944; -87.1944865064; 5409.24104111
47873.87387387387; 110293.916732; -110161.778708; -87.1950892454; 5397.27431944
47972.97297297297; 110074.167806; -109942.302977; -87.1951957101; 5386.31658811
48072.07207207207; 109854.283701; -109722.659637; -87.1949536188; 5376.02042781
48171.17117117117; 109636.164445; -109504.778372; -87.1947057641; 5365.81993231
48270.27027027027; 109416.001653; -109284.811296; -87.1939759725; 5356.43662544
48369.36936936936; 109199.660927; -109068.761291; -87.1943114129; 5345.20725205
48468.46846846846; 108981.676733; -108851.006147; -87.1939653158; 5335.19457443
48567.56756756757; 108767.911293; -108637.490387; -87.1938935779; 5324.86573206
48666.66666666666; 108553.707171; -108423.548158; -87.1939477828; 5314.27656645
48765.76576576576; 108338.398987; -108208.453289; -87.1934639524; 5304.64980571
48864.86486486486; 108126.450095; -107996.730118; -87.193154763; 5294.85478957
48963.96396396396; 107913.835481; -107784.349975; -87.1929322; 5284.86199151
49063.06306306306; 107701.210695; -107572.055759; -87.1937520042; 5272.90993827
49162.16216216216; 107493.33378; -107364.33584; -87.1927466227; 5264.61644594
49261.26126126126; 107283.685804; -107155.038725; -87.1938300535; 5252.32243326
49360.36036036036; 107074.459728; -106945.857848; -87.1915826804; 5246.27422476
49459.45945945945; 106866.196102; -106737.813028; -87.191240834; 5236.70678557
49558.55855855856; 106659.474882; -106531.412221; -87.1920299403; 5225.10970094
49657.65765765766; 106456.413459; -106328.501193; -87.1910039804; 5217.06597939
49756.75675675675; 106248.856284; -106121.336435; -87.1925788352; 5203.97742185
49855.85585585585; 106043.076617; -105915.75765; -87.1920720855; 5194.8352761
49954.95495495495; 105841.054767; -105713.914703; -87.1913668511; 5186.23977995
50054.05405405405; 105640.040876; -105512.962346; -87.1893771575; 5180.05426648
50153.15315315315; 105441.453304; -105314.663311; -87.1899269301; 5169.30589684
50252.25225225225; 105237.240386; -105110.726814; -87.1902704307; 5158.66423387
50351.35135135135; 105038.410751; -104912.157178; -87.1905022987; 5148.49312504
50450.45045045044; 104835.431919; -104709.481699; -87.1911652928; 5137.33258827
50549.54954954955; 104636.648114; -104510.87059; -87.1904266218; 5128.93869019
50648.64864864865; 104441.308735; -104315.839811; -87.1912518112; 5117.86142793
50747.74774774774; 104240.675071; -104115.243177; -87.1889646677; 5112.18594044
50846.84684684684; 104046.899849; -103921.815013; -87.1902426268; 5100.36492059
50945.94594594594; 103851.343478; -103726.406723; -87.1892646507; 5092.54924349
51045.04504504504; 103657.538675; -103532.851573; -87.1894500658; 5082.71061929
51144.14414414414; 103460.256399; -103335.588231; -87.186984316; 5077.48426003
51243.24324324324; 103267.476844; -103143.120182; -87.1878805596; 5066.4098246
51342.34234234234; 103077.536887; -102953.430725; -87.1881269064; 5056.64849321
51441.44144144144; 102885.57207; -102761.686966; -87.1880128605; 5047.43588836
51540.54054054054; 102693.324348; -102569.733395; -87.1887254976; 5036.7287368
51639.63963963964; 102503.321136; -102379.928099; -87.1883754355; 5028.03533076
51738.73873873874; 102313.826518; -102190.727843; -87.1891310698; 5017.39234006
51837.83783783783; 102123.051416; -102000.205526; -87.1893985576; 5007.56074132
51936.93693693693; 101935.058228; -101812.502076; -87.1901266144; 4997.04884475
52036.03603603604; 101745.850391; -101623.583433; -87.190835176; 4986.5168088
52135.13513513513; 101558.683822; -101436.563896; -87.1899390729; 4978.93032
52234.23423423423; 101373.571817; -101251.567858; -87.1887098322; 4972.0274638
52333.33333333333; 101188.97261; -101067.367748; -87.1907528881; 4959.36959069
52432.43243243243; 101002.922222; -100881.49386; -87.1902084514; 4951.20962965
52531.53153153153; 100817.765761; -100696.627364; -87.1909893797; 4940.76080178
52630.63063063063; 100634.167673; -100513.254335; -87.1910409111; 4931.67278268
52729.72972972973; 100451.115211; -100330.358396; -87.1903028881; 4923.99450498
52828.82882882882; 100267.71456; -100147.178527; -87.1903064934; 4914.99809205
52927.92792792792; 100085.739534; -99965.5022462; -87.1912407386; 4904.44789944
53027.02702702703; 99906.7696077; -99786.8459544; -87.1923955293; 4893.66676617
53126.12612612612; 99728.145013; -99608.3719765; -87.1916474807; 4886.21779006
53225.22522522522; 99547.8237121; -99428.1428892; -87.1901867392; 4879.91771189
53324.32432432432; 99368.3565708; -99248.6794727; -87.1876951437; 4875.43623175
53423.42342342342; 99189.6638931; -99070.4948345; -87.1911440723; 4860.70511091
53522.52252252252; 99010.4452993; -98891.4719808; -87.1909120103; 4852.32318109
53621.62162162162; 98830.775514; -98711.7640598; -87.1879088047; 4848.69201998
53720.72072072072; 98659.627453; -98540.9254582; -87.1891326763; 4838.19044584
53819.81981981982; 98482.4659405; -98364.0934573; -87.1905132687; 4827.13243856
53918.91891891891; 98309.1670426; -98190.8823648; -87.1890809852; 4821.09275044
54018.01801801802; 98132.0491506; -98014.0479302; -87.1899187056; 4810.97380092
54117.11711711712; 97958.5800763; -97840.8326175; -87.1904582127; 4801.54815676
54216.21621621621; 97786.1747165; -97668.914933; -87.1938118479; 4787.38075012
54315.31531531531; 97612.191754; -97495.1373866; -87.1937734489; 4778.92828965
54414.41441441441; 97437.8255478; -97320.6901402; -87.1902908997; 4776.30695175
54513.51351351351; 97268.0436275; -97151.1549411; -87.1908033759; 4767.11543723
54612.61261261261; 97098.361122; -96981.5835989; -87.1896864526; 4760.68986977
54711.71171171171; 96928.0282278; -96811.7413068; -87.1931340422; 4746.51318138
54810.81081081081; 96757.9319231; -96641.7484898; -87.1919176378; 4740.23541401
54909.9099099099; 96589.1045473; -96473.1848073; -87.1926560464; 4730.72113132
55009.00900900901; 96419.8595238; -96304.1688576; -87.1929709236; 4721.90263826
55108.10810810811; 96252.0594633; -96136.5686626; -87.192953037; 4713.71509494
55207.2072072072; 96085.3344409; -95970.0714889; -87.1932920717; 4704.98216835
55306.3063063063; 95918.3816961; -95803.0586691; -87.1901173454; 4702.11551193
55405.4054054054; 95753.9369988; -95638.7761695; -87.1896839635; 4694.777487
55504.5045045045; 95587.811449; -95472.8271837; -87.18939975; 4687.10599316
55603.6036036036; 95422.7277132; -95307.9206322; -87.1891379155; 4679.44677231
55702.7027027027; 95258.9381266; -95144.3849346; -87.1898351082; 4670.25692568
55801.8018018018; 95093.7497945; -94979.4189926; -87.19012696; 4661.67439729
55900.9009009009; 94931.1400448; -94817.0357453; -87.190508428; 4653.0716765
55999.99999999999; 94769.3277845; -94655.375424; -87.1899834658; 4646.0077103
56099.0990990991; 94606.649212; -94492.8832; -87.1898692534; 4638.22085497
56198.1981981982; 94446.0718189; -94332.478591; -87.1896177296; 4630.76244789
56297.29729729729; 94284.8970306; -94171.4835089; -87.1894424644; 4623.14797704
56396.39639639639; 94123.5008607; -94010.2933415; -87.1895898715; 4614.99227862
56495.49549549549; 93964.5897256; -93851.5810458; -87.1896857554; 4607.04356297
56594.59459459459; 93804.6902094; -93691.7982027; -87.188743493; 4600.74460018
56693.69369369369; 93646.7785299; -93534.0232543; -87.1880784929; 4594.08525094
56792.79279279279; 93487.9776328; -93375.4437898; -87.1884562604; 4585.6792189
56891.89189189189; 93331.3437676; -93218.9768281; -87.188185646; 4578.43644021
56990.99099099098; 93174.0921248; -93061.7215671; -87.1857681756; 4574.64891495
57090.09009009009; 93017.0890001; -92904.8530209; -87.1850808912; 4568.05479985
57189.18918918919; 92860.5530359; -92748.5475769; -87.1856042099; 4559.52023883
57288.28828828828; 92705.7024808; -92593.9185748; -87.1860418592; 4551.20964831
57387.38738738738; 92550.1777108; -92438.559457; -87.185765965; 4544.01957915
57486.48648648648; 92396.711615; -92285.2323284; -87.1851834618; 4537.42297099
57585.58558558558; 92244.4429074; -92133.1257232; -87.1849101993; 4530.38476416
57684.68468468468; 92089.1436447; -91977.9819709; -87.1845064003; 4523.40581176
57783.78378378378; 91935.8183011; -91824.8324969; -87.1843897372; 4516.06143957
57882.88288288288; 91782.5506248; -91671.8203194; -87.1852853225; 4507.09975017
57981.98198198197; 91631.0038522; -91520.533318; -87.1862647788; 4498.09333622
58081.08108108108; 91479.6178039; -91369.3031562; -87.1859251343; 4491.20351343
58180.18018018018; 91328.7801031; -91218.6695336; -87.1862087451; 4483.34660666
58279.27927927928; 91179.4962208; -91069.4397734; -87.1845978778; 4478.57863512
58378.37837837837; 91026.6159825; -90916.6431569; -87.1833052775; 4473.12054139
58477.47747747747; 90877.7462527; -90767.9303569; -87.1830109055; 4466.27128807
58576.57657657658; 90730.2686136; -90620.6244853; -87.1829282325; 4459.15411797
58675.67567567567; 90582.3228256; -90472.9737134; -87.1844244555; 4449.52036061
58774.77477477477; 90433.2580718; -90323.9298348; -87.1823777417; 4445.42463737
58873.87387387387; 90286.7436765; -90177.6597325; -87.1832413979; 4436.86318355
58972.97297297297; 90141.1396611; -90032.2934026; -87.1840398087; 4428.45330896
59072.07207207207; 89994.5288239; -89885.8143146; -87.1834528933; 4422.17134002
59171.17117117117; 89848.3491382; -89739.8607169; -87.1840955316; 4413.98182763
59270.27027027027; 89705.3299157; -89596.9278953; -87.1829746195; 4408.70851191
59369.36936936936; 89558.8145674; -89450.5808004; -87.1828593349; 4401.68780231
59468.46846846846; 89414.5006122; -89306.4054814; -87.1823934353; 4395.32116673
59567.56756756757; 89269.362389; -89160.6713223; -87.1723417198; 4403.82857891
59666.66666666666; 89126.1833809; -89018.0237877; -87.176996685; 4389.5331742
59765.76576576576; 88984.5595894; -88876.5198422; -87.1763170991; 4383.6122594
59864.86486486486; 88842.7562569; -88735.0446063; -87.1783591431; 4373.46409314
59963.96396396396; 88701.1696026; -88593.4095315; -87.1754735586; 4370.95602183
60063.06306306306; 88558.9098547; -88451.5419989; -87.1783558144; 4359.49627087
60162.16216216216; 88416.1500644; -88308.5789799; -87.1734071154; 4360.09600828
60261.26126126126; 88276.12146; -88169.0465003; -87.1776962414; 4346.59044679
60360.36036036036; 88136.3705147; -88029.2324754; -87.1746280348; 4344.42336199
60459.45945945945; 87996.6004566; -87889.6605858; -87.1750006733; 4336.9621184
60558.55855855856; 87856.6496288; -87749.8784665; -87.1749826919; 4330.09211845
60657.65765765766; 87716.9822864; -87610.2553526; -87.1733197994; 4325.75115977
60756.75675675675; 87578.4947215; -87471.9688263; -87.1737513413; 4318.26290036
60855.85585585585; 87442.3423294; -87336.135808; -87.1757953206; 4308.43392242
60954.95495495495; 87304.705945; -87198.8531838; -87.1782817762; 4297.86819421
61054.05405405405; 87167.586995; -87061.8388153; -87.1774582667; 4292.3694094
61153.15315315315; 87032.1698452; -86926.7382727; -87.1794975343; 4282.60716531
61252.25225225225; 86893.1182064; -86787.2787244; -87.1717827723; 4287.4506519
61351.35135135135; 86758.3980253; -86652.6533461; -87.1708550853; 4282.20634801
61450.45045045044; 86622.7188205; -86517.2152964; -87.1718712477; 4273.97511396
61549.54954954955; 86487.7680168; -86382.3461653; -87.1707614161; 4268.98987206
61648.64864864865; 86352.6957581; -86247.5560464; -87.1723408112; 4259.94528438
61747.74774774774; 86218.5199249; -86113.551423; -87.172446622; 4253.16706606
61846.84684684684; 86085.8061791; -85981.0586198; -87.1732496381; 4245.41528623
61945.94594594594; 85952.7040529; -85848.2295032; -87.1747497067; 4236.60362427
62045.04504504504; 85820.5677497; -85716.7356172; -87.181282799; 4220.31686412
62144.14414414414; 85686.2701639; -85582.4287256; -87.1789481125; 4217.19994727
62243.24324324324; 85554.4513578; -85450.4172075; -87.1741639216; 4217.84737651
62342.34234234234; 85423.0308347; -85318.8442302; -87.1699107608; 4217.70171289
62441.44144144144; 85292.5147821; -85188.9692017; -87.1764761956; 4201.49589408
62540.54054054054; 85162.9265763; -85059.774596; -87.1797024811; 4190.32278014
62639.63963963964; 85033.2446555; -84930.0164017; -87.1765091502; 4188.6754656
62738.73873873874; 84902.3132103; -84799.412299; -87.1788173976; 4178.80957561
62837.83783783783; 84773.9400474; -84671.2812571; -87.1800052897; 4170.73574248
62936.93693693693; 84644.6872144; -84542.2468755; -87.1808578706; 4163.11866819
63036.03603603603; 84514.1794997; -84411.7117023; -87.1783031575; 4160.46365399
63135.13513513513; 84386.7599938; -84284.582205; -87.180172752; 4151.44079225
63234.23423423423; 84257.5974623; -84155.6926859; -87.1817852115; 4142.71822242
63333.33333333333; 84129.7947718; -84027.9868791; -87.1809866941; 4137.6055645
63432.43243243243; 84001.287099; -83899.8035495; -87.1833290051; 4127.85550304
63531.53153153152; 83875.9891793; -83774.5010379; -87.1811616551; 4124.86727709
63630.63063063063; 83750.6584167; -83649.2555467; -87.1802388423; 4120.05101503
63729.72972972973; 83625.4973409; -83524.1065767; -87.1782976828; 4116.72354979
63828.82882882882; 83498.8207427; -83397.6550298; -87.1792932574; 4109.03841599
63927.92792792792; 83372.1742605; -83271.0987011; -87.1784106424; 4104.08879776
64027.02702702702; 83248.743625; -83147.7408813; -87.1773362095; 4099.5720198
64126.12612612612; 83124.1994484; -83023.3567916; -87.1774623994; 4093.2559797
64225.22522522522; 83000.0917025; -82899.4640524; -87.178365266; 4085.83825975
64324.32432432432; 82875.367595; -82774.7160558; -87.1759071686; 4083.24965749
64423.42342342342; 82753.0713308; -82652.7752973; -87.1788171105; 4073.02640695
64522.52252252251; 82629.4009975; -82529.3479806; -87.1801296449; 4065.0488729
64621.62162162162; 82507.7237747; -82407.7429519; -87.1790691588; 4060.58810571
64720.72072072072; 82385.7185417; -82285.9845289; -87.1804678459; 4052.57496505
64819.81981981982; 82262.444197; -82162.8143669; -87.179830075; 4047.42563411
64918.91891891891; 82139.9375331; -82040.394074; -87.1789512351; 4042.65649834
65018.01801801801; 82019.4864007; -81919.9539304; -87.177036095; 4039.46652649
65117.11711711712; 81898.2671003; -81798.741435; -87.1750449403; 4036.33916356
65216.21621621621; 81776.4655575; -81676.9798149; -87.1735075605; 4032.52776403
65315.31531531531; 81656.6824348; -81557.471149; -87.1753405022; 4024.01193865
65414.41441441441; 81536.5008067; -81437.3854943; -87.1746269973; 4019.10357544
65513.51351351351; 81417.1645589; -81318.3262911; -87.1765113979; 4010.54679803
65612.6126126126; 81298.7135815; -81200.046571; -87.1769045119; 4004.15483928
65711.71171171172; 81179.910708; -81081.3063026; -87.1757359914; 3999.95717715
65810.8108108108; 81061.9014427; -80963.4393444; -87.1757206563; 3994.1641681
65909.90990990991; 80943.799078; -80845.4707258; -87.1755816182; 3988.5411554
66009.00900900899; 80825.8998964; -80727.6919161; -87.1752528807; 3983.19474768
66108.10810810811; 80709.239661; -80611.2876792; -87.1768985018; 3975.130347
66207.2072072072; 80592.0315069; -80494.1809393; -87.1763092573; 3970.18535907
66306.3063063063; 80475.3013252; -80377.3765177; -87.1731902964; 3968.81037967
66405.4054054054; 80358.8842853; -80261.1216177; -87.1734862432; 3962.6544317
66504.5045045045; 80242.7201681; -80145.3164659; -87.176639401; 3952.51548438
66603.60360360359; 80127.7751918; -80030.5727802; -87.1775359522; 3945.6013672
66702.70270270269; 80012.4804536; -79915.4138066; -87.177476791; 3940.00662653
66801.80180180179; 79898.1110603; -79800.9878401; -87.1746335955; 3938.33478138
66900.9009009009; 79784.5019041; -79687.6593436; -87.1767113299; 3929.84501724
67000; 79670.1876406; -79573.4557664; -87.1763014333; 3924.78363973
67099.0990990991; 79554.429017; -79457.5714064; -87.1724121673; 3924.47469795
67198.1981981982; 79441.6157883; -79344.9367794; -87.1730144599; 3918.07544165
67297.29729729729; 79328.3781918; -79231.941165; -87.174540223; 3910.38064457
67396.39639639639; 79215.2089247; -79118.6785886; -87.171154118; 3909.47795422
67495.49549549549; 79102.9260567; -79006.5478487; -87.1713791839; 3903.62615971
67594.59459459459; 78988.0949699; -78891.6724222; -87.1686733376; 3901.68510873
67693.69369369368; 78878.131619; -78781.7509375; -87.1673158323; 3898.11996223
67792.79279279278; 78768.3256826; -78672.004231; -87.1662111152; 3894.21026395
67891.89189189189; 78655.6764552; -78559.3948512; -87.1647688452; 3890.61855374
67990.99099099099; 78544.9633719; -78448.7213213; -87.1633543342; 3887.07896182
68090.09009009009; 78434.8534299; -78338.7061179; -87.1627612708; 3882.44067162
68189.18918918919; 78324.8481436; -78229.055916; -87.166021262; 3872.5444609
68288.28828828828; 78214.2017592; -78118.6388694; -87.1674116681; 3865.17816243
68387.38738738738; 78104.4349195; -78008.85581; -87.1651802291; 3862.79188676
68486.48648648648; 77995.5214269; -77900.0478055; -87.1647670982; 3857.96708972
68585.58558558558; 77885.6563635; -77790.2497985; -87.1637649706; 3853.89328043
68684.68468468467; 77775.5837846; -77680.1552295; -87.1614316254; 3851.610212
68783.78378378377; 77669.5280521; -77574.5571241; -87.1663136684; 3839.7482497
68882.88288288288; 77559.9074921; -77464.9122816; -87.1639486178; 3837.526504
68981.98198198198; 77453.2250414; -77358.2025762; -87.1615886833; 3835.43428479
69081.08108108108; 77344.8829698; -77250.0682456; -87.162708037; 3828.56009352
69180.18018018018; 77238.3567921; -77143.5484887; -87.1608478482; 3825.79164679
69279.27927927928; 77131.3377612; -77036.8099822; -87.163090478; 3817.47545865
69378.37837837837; 77025.3955027; -76931.0087757; -87.1632554633; 3812.01044379
69477.47747747747; 76919.7099553; -76825.3547769; -87.1617809872; 3808.75714308
69576.57657657657; 76813.5904462; -76719.5856113; -87.1650994889; 3799.05900798
69675.67567567567; 76707.5213054; -76613.5307001; -87.1633564048; 3796.14383546
69774.77477477476; 76602.8084071; -76509.1536137; -87.1664944425; 3786.7713351
69873.87387387388; 76498.4164794; -76404.7057626; -87.1637158937; 3785.31609039
69972.97297297297; 76392.4633133; -76298.4832367; -87.1576713713; 3788.12257602
70072.07207207207; 76287.5626119; -76193.9705205; -87.1615932801; 3777.70530786
70171.17117117117; 76184.4698861; -76091.0988844; -87.1630310094; 3770.69090673
70270.27027027027; 76080.0159514; -75986.7129215; -87.1621182214; 3766.7315892
70369.36936936936; 75976.9985886; -75883.9453046; -87.1639978129; 3759.14178063
70468.46846846846; 75873.3761907; -75780.407986; -87.163360374; 3754.85793177
70567.56756756756; 75771.1022275; -75678.0129154; -87.1595974227; 3754.76681643
70666.66666666666; 75669.4577047; -75576.506392; -87.1597977984; 3749.46558556
70765.76576576575; 75564.5771803; -75471.7187629; -87.1592489803; 3744.99156856
70864.86486486487; 75462.4843312; -75369.7781963; -87.1596658646; 3739.38343127
70963.96396396396; 75361.3801922; -75268.6641053; -87.157600806; 3737.08630776
71063.06306306306; 75258.6393718; -75165.6373449; -87.1512823908; 3740.28051513
71162.16216216216; 75156.6961637; -75064.2929171; -87.1585404859; 3725.70514845
71261.26126126126; 75055.5902361; -74963.625324; -87.163380778; 3714.36016642
71360.36036036036; 74954.8515227; -74863.0375637; -87.1638074281; 3708.81729466
71459.45945945945; 74854.6327344; -74763.039035; -87.1653142358; 3701.89229225
71558.55855855855; 74752.3803327; -74660.9197567; -87.1654375989; 3696.67483228
71657.65765765765; 74654.7089155; -74563.3959141; -87.1658758864; 3691.27440566
71756.75675675675; 74555.0013166; -74463.8088813; -87.165852753; 3686.37439418
71855.85585585586; 74453.7277635; -74362.632972; -87.1654434953; 3681.89812176
71954.95495495496; 74356.1691328; -74264.9017822; -87.1608988999; 3682.96420829
72054.05405405405; 74255.8857452; -74165.0272741; -87.165356328; 3672.22717321
72153.15315315315; 74156.5316735; -74064.8594242; -87.1507777941; 3686.15925726
72252.25225225225; 74058.198771; -73967.2732637; -87.1605273798; 3668.68493209
72351.35135135135; 73961.396257; -73870.4679819; -87.1586263248; 3666.34049256
72450.45045045044; 73862.3825768; -73771.6321019; -87.1595036332; 3660.30267423
72549.54954954954; 73765.7112788; -73675.4323367; -87.1650366954; 3648.39722218
72648.64864864864; 73669.8180139; -73579.5047653; -87.1626526306; 3646.7160416
72747.74774774774; 73569.8777136; -73479.6654175; -87.1623143027; 3642.20293813
72846.84684684685; 73472.2612087; -73381.8159377; -87.156762508; 3644.48067707
72945.94594594595; 73376.2114126; -73286.4634842; -87.1658958718; 3628.03386491
73045.04504504504; 73277.4652411; -73187.9004046; -87.1668801894; 3621.89404886
73144.14414414414; 73184.904824; -73095.4583891; -87.1669674008; 3617.20780894
73243.24324324324; 73088.9898931; -72999.4727785; -87.1639840691; 3616.26823809
73342.34234234234; 72991.9284776; -72902.3427239; -87.1610139771; 3615.24501168
73441.44144144144; 72897.0408268; -72807.546481; -87.1606147835; 3611.05251334
73540.54054054053; 72801.0630341; -72711.4867336; -87.1574427326; 3610.32365254
73639.63963963963; 72708.6562652; -72619.4711079; -87.161853622; 3600.15052861
73738.73873873873; 72611.1959023; -72522.2337386; -87.163501808; 3593.23856855
73837.83783783783; 72517.2244124; -72428.4387352; -87.1644808949; 3587.35057503
73936.93693693694; 72424.1146396; -72335.3719549; -87.1633456387; 3584.17783154
74036.03603603604; 72329.987853; -72241.4285468; -87.1644344968; 3578.14675329
74135.13513513513; 72238.0720457; -72149.6717488; -87.1651799864; 3572.66090443
74234.23423423423; 72144.7857691; -72056.5545518; -87.1660625988; 3566.93725189
74333.33333333333; 72049.7284881; -71961.6459513; -87.1665833968; 3561.58344217
74432.43243243243; 71957.0814425; -71869.0684181; -87.165879439; 3557.88671621
74531.53153153152; 71864.1093939; -71775.9748407; -87.1620914229; 3558.03506806
74630.63063063062; 71771.5028798; -71683.7328863; -87.1661396516; 3548.38520637
74729.72972972972; 71678.8506859; -71591.1814981; -87.1659361393; 3544.05882523
74828.82882882882; 71586.9913211; -71499.3820872; -87.1650868994; 3540.57674967
74927.92792792793; 71494.5904136; -71406.7974759; -87.1602844563; 3541.99194542
75027.02702702703; 71404.345679; -71316.9280029; -87.1645695029; 3532.18737886
75126.12612612612; 71312.7306603; -71225.1869306; -87.1607055717; 3532.45875777
75225.22522522522; 71221.5181992; -71134.2839309; -87.1639136296; 3523.95769385
75324.32432432432; 71131.402257; -71044.5083427; -87.167658059; 3514.85592294
75423.42342342342; 71040.7526911; -70953.809783; -87.1650520286; 3513.60384726
75522.52252252251; 70951.6832558; -70865.0775785; -87.1687802961; 3504.58735253
75621.62162162161; 70860.7017411; -70774.342327; -87.1709961966; 3497.3562282
75720.72072072071; 70769.9696288; -70683.7624435; -87.1716780224; 3492.03697902
75819.81981981981; 70680.4513384; -70594.3029193; -87.1708525044; 3488.63691889
75918.91891891892; 70591.0528671; -70504.8357789; -87.1679334335; 3487.81647505
76018.01801801802; 70504.5092446; -70418.3445722; -87.1670565827; 3484.61816475
76117.11711711712; 70414.2474082; -70328.3427048; -87.1695213927; 3477.13155564
76216.21621621621; 70326.3061515; -70240.5045539; -87.1694532923; 3472.87239313
76315.31531531531; 70238.4217198; -70152.8505621; -87.1714885142; 3466.04056517
76414.41441441441; 70148.4103502; -70062.8784583; -87.1703234326; 3463.02347615
76513.51351351351; 70059.9558946; -69974.555245; -87.1707108623; 3458.18358349
76612.6126126126; 69972.1765754; -69886.8453363; -87.1700875941; 3454.61100505
76711.7117117117; 69885.267132; -69800.1302431; -87.1715556466; 3448.53169786
76810.8108108108; 69799.1961743; -69714.2601143; -87.1731522094; 3442.34191427
76909.90990990991; 69712.5320729; -69627.6639467; -87.172527011; 3438.82761443
77009.00900900901; 69625.0056064; -69540.0986321; -87.1701024065; 3437.45277752
77108.10810810811; 69539.1405854; -69454.492204; -87.17267147; 3430.0993104
77207.2072072072; 69452.1839993; -69367.5589153; -87.1712911199; 3427.48123268
77306.3063063063; 69366.693803; -69282.1654002; -87.1711659693; 3423.41362331
77405.4054054054; 69280.0367199; -69195.6455308; -87.1716965213; 3418.49611493
77504.5045045045; 69195.7580279; -69111.4919006; -87.1720716486; 3413.8850791
77603.60360360359; 69110.1338098; -69025.5438916; -87.1648912018; 3418.31114087
77702.70270270269; 69022.8810821; -68938.4203788; -87.1652706855; 3413.53894856
77801.80180180179; 68939.4903237; -68855.5302456; -87.1719698625; 3401.36401898
77900.9009009009; 68853.9527609; -68769.9304134; -87.1691644611; 3400.51093831
78000; 68769.3470492; -68685.3007902; -87.1670195694; 3398.90377606
78099.0990990991; 68685.7727782; -68601.8965093; -87.1681651779; 3393.40146054
78198.1981981982; 68600.8937799; -68517.1856453; -87.1692555939; 3387.90405332
78297.29729729729; 68516.8497428; -68433.1187313; -87.167132657; 3386.28910167
78396.39639639639; 68434.1465966; -68350.7078111; -87.1703725999; 3378.33659759
78495.49549549549; 68349.4594778; -68265.9311499; -87.1671009611; 3378.05395533
78594.59459459459; 68264.0686955; -68180.5486876; -87.1654700822; 3375.77438805
78693.69369369368; 68181.6526064; -68098.205195; -87.1649911037; 3372.26808795
78792.79279279278; 68099.2032284; -68016.2125364; -87.1710499358; 3360.99764768
78891.89189189189; 68016.9741994; -67933.9933816; -87.1695083828; 3358.76706679
78990.99099099099; 67934.1045551; -67850.9775978; -87.1652952654; 3359.66403784
79090.09009009009; 67850.5747055; -67766.6577741; -87.1500968488; 3373.50923679
79189.18918918919; 67768.7393949; -67684.8420663; -87.148710167; 3371.07851959
79288.28828828828; 67686.4762258; -67602.2267845; -87.1409949969; 3376.0894849
79387.38738738738; 67604.3768277; -67520.8709456; -87.1519152569; 3359.12539573
79486.48648648648; 67522.7313537; -67439.5153604; -87.1551432546; 3351.26914585
79585.58558558558; 67442.0869896; -67358.9648628; -87.1550507137; 3347.3754673
79684.68468468467; 67360.0052716; -67277.3663964; -87.1616132709; 3335.59567238
79783.78378378377; 67278.4263851; -67195.4602542; -87.1542655027; 3340.17329577
79882.88288288288; 67198.2472297; -67115.435359; -87.1552152472; 3335.08011764
79981.98198198198; 67116.9787672; -67033.4338227; -87.1409190711; 3347.77269118
80081.08108108108; 67035.4959124; -66952.2926057; -87.1450443144; 3338.88775486
80180.18018018018; 66957.6295626; -66874.8520071; -87.1506983114; 3328.41027273
80279.27927927928; 66875.82208; -66793.1636247; -87.1510079049; 3323.98275337
80378.37837837837; 66796.5041937; -66714.3544263; -87.1581093977; 3311.77148733
80477.47747747747; 66717.345024; -66634.7086171; -87.1480071392; 3319.59575103
80576.57657657657; 66638.1028694; -66555.4224817; -87.1455545091; 3318.50195048
80675.67567567567; 66559.0103561; -66476.6810863; -87.1499274818; 3309.48955976
80774.77477477476; 66479.30975; -66396.74495; -87.1441434227; 3312.22945315
80873.87387387386; 66400.4540928; -66318.0147014; -87.1446176486; 3307.7516994
80972.97297297297; 66322.103794; -66239.5249453; -87.1405165468; 3308.58992456
81072.07207207207; 66242.5198331; -66160.1591086; -87.1425809335; 3302.23598078
81171.17117117117; 66163.9333203; -66081.4744138; -87.1391799177; 3302.24095696
81270.27027027027; 66088.4453857; -66007.2208244; -87.1590606029; 3275.56999963
81369.36936936936; 66008.6988831; -65926.7510961; -87.1447212873; 3288.11698875
81468.46846846846; 65930.7231259; -65848.539378; -87.1389118907; 3290.90949468
81567.56756756756; 65854.0046242; -65771.3858005; -87.1296743301; 3297.68416768
81666.66666666666; 65777.0166565; -65694.232154; -87.1251325551; 3299.03630849
81765.76576576575; 65700.333124; -65619.5595915; -87.1585969552; 3256.86495713
81864.86486486485; 65622.9592596; -65541.9930768; -87.1535356401; 3258.81921567
81963.96396396396; 65544.6687053; -65463.68471; -87.1515202064; 3257.23404961
82063.06306306306; 65468.6216835; -65387.8205407; -87.153086198; 3251.66773688
82162.16216216216; 65391.8804978; -65311.2153847; -87.1538146781; 3247.02582325
82261.26126126126; 65315.1365947; -65234.5482756; -87.1534989329; 3243.57457898
82360.36036036036; 65239.6484983; -65159.1803911; -87.1539779977; 3239.28102511
82459.45945945945; 65164.4995505; -65083.9264123; -87.1504786665; 3239.52471076
82558.55855855855; 65089.3182127; -65008.8526737; -87.1507379551; 3235.49302126
82657.65765765765; 65012.7835435; -64932.5358934; -87.1529242169; 3229.21094471
82756.75675675675; 64938.0568697; -64857.9334486; -87.1534925771; 3224.85586629
82855.85585585584; 64862.5753901; -64782.5921328; -87.1543299293; 3220.16065226
82954.95495495496; 64788.8244576; -64709.1544835; -87.1582929961; 3212.02338821
83054.05405405405; 64716.5190612; -64636.8778661; -87.1572192071; 3209.65010346
83153.15315315315; 64641.4751255; -64562.0837428; -87.1600350075; 3202.75533448
83252.25225225225; 64566.1861868; -64486.789522; -87.1582842001; 3200.99558365
83351.35135135135; 64490.7117968; -64411.4498286; -87.1590352571; 3196.40945666
83450.45045045044; 64415.852355; -64336.6055987; -87.1576570234; 3194.24674759
83549.54954954954; 64341.0735033; -64261.8996789; -87.1573167667; 3190.92021999
83648.64864864864; 64266.6814033; -64187.6097141; -87.1575053054; 3187.01962932
83747.74774774774; 64193.7737923; -64114.7848607; -87.1573804196; 3183.54383832
83846.84684684683; 64120.3848811; -64041.674364; -87.1607723762; 3176.11300188
83945.94594594595; 64047.7728862; -63969.1727698; -87.1611556067; 3172.08838622
84045.04504504504; 63974.3864991; -63895.8667717; -87.1609807103; 3168.64883019
84144.14414414414; 63899.7999168; -63821.4276382; -87.1619935623; 3163.82634658
84243.24324324324; 63827.5815292; -63749.2862889; -87.1617893827; 3160.47779591
84342.34234234234; 63754.7304888; -63676.519127; -87.1617162691; 3156.95180313
84441.44144144144; 63684.0612492; -63606.2607627; -87.1676769349; 3146.83712861
84540.54054054053; 63611.6042817; -63533.5733911; -87.1620005162; 3149.54982001
84639.63963963963; 63538.2302552; -63460.4229926; -87.1643977116; 3143.26126626
84738.73873873873; 63466.5366008; -63388.8992352; -87.1657779556; 3138.18736829
84837.83783783783; 63395.58156; -63318.0456241; -87.1659908466; 3134.44380412
84936.93693693694; 63324.0197119; -63246.5457814; -87.1655092336; 3131.43735252
85036.03603603604; 63252.7586263; -63175.3127381; -87.1644247207; 3129.1092034
85135.13513513513; 63181.8207393; -63104.4905467; -87.164952322; 3125.01882453
85234.23423423423; 63110.3321059; -63033.0237567; -87.1637477958; 3122.80810494
85333.33333333333; 63039.0459099; -62961.9175272; -87.1654496564; 3117.41056832
85432.43243243243; 62968.1445515; -62891.0339205; -87.1641803476; 3115.29761561
85531.53153153152; 62897.2382852; -62820.2603513; -87.1650249235; 3110.8635727
85630.63063063062; 62821.5933994; -62744.6917832; -87.1647252366; 3107.45038713
85729.72972972972; 62752.2227211; -62675.3442022; -87.1635842254; 3105.267144
85828.82882882882; 62687.3679589; -62610.5944076; -87.1640555778; 3101.54275897
85927.92792792793; 62614.6192587; -62538.0148357; -87.1655360357; 3096.32752178
86027.02702702703; 62545.5128132; -62468.9979277; -87.1656285292; 3092.80931755
86126.12612612612; 62476.2378156; -62399.7067868; -87.1637583419; 3091.42052565
86225.22522522522; 62406.9019854; -62330.417025; -87.1630374428; 3088.77393497
86324.32432432432; 62338.0708113; -62261.664166; -87.1629248724; 3085.48951855
86423.42342342342; 62269.25077; -62193.0274243; -87.1647648901; 3080.08591208
86522.52252252251; 62199.5075254; -62123.371638; -87.1648037953; 3076.59394473
86621.62162162161; 62130.7422165; -62054.72633; -87.1654718208; 3072.46906957
86720.72072072071; 62062.1643545; -61986.1276812; -87.1635181228; 3071.19139543
86819.81981981981; 61992.967469; -61917.0580515; -87.1643114873; 3066.90980887
86918.91891891892; 61924.8584325; -61849.0790654; -87.1651843728; 3062.59807372
87018.01801801802; 61856.2139661; -61780.5706031; -87.166158365; 3058.15290621
87117.11711711712; 61787.582794; -61711.9493964; -87.1647713733; 3056.25368968
87216.21621621621; 61718.6410647; -61643.1308387; -87.165499318; 3052.06039879
87315.31531531531; 61651.5332216; -61576.1218211; -87.1658136738; 3048.40399403
87414.41441441441; 61584.3005276; -61508.9344839; -87.1651198117; 3045.8245045
87513.51351351351; 61517.3162566; -61442.0722143; -87.1658738219; 3041.70303938
87612.6126126126; 61449.5669054; -61374.1862871; -87.1617384529; 3042.78293517
87711.7117117117; 61382.8694307; -61307.5970907; -87.1622373968; 3038.94640337
87810.8108108108; 61315.3417172; -61240.1730504; -87.1626312155; 3035.18233769
87909.90990990991; 61248.5172748; -61173.3421571; -87.1609616861; 3033.6569481
88009.00900900901; 61182.1696195; -61106.9937737; -87.1594093644; 3032.0262923
88108.10810810811; 61115.7987893; -61040.4965055; -87.1554766735; 3032.92688161
88207.2072072072; 61049.2783645; -60974.0791857; -87.1558764594; 3029.20028664
88306.3063063063; 60983.9455791; -60908.8631766; -87.1565639541; 3025.2276955
88405.4054054054; 60917.7588175; -60842.7401909; -87.1562279226; 3022.30120271
88504.5045045045; 60852.653699; -60777.8044989; -87.1579223631; 3017.27374676
88603.60360360359; 60786.2183291; -60711.3844142; -87.1566602208; 3015.31704286
88702.70270270269; 60720.886976; -60646.1619871; -87.1572018875; 3011.502924
88801.80180180179; 60656.3752779; -60581.8613938; -87.1597124807; 3005.64882658
88900.90090090089; 60590.3628078; -60515.8922333; -87.1589908599; 3003.13994693
89000; 60525.1375951; -60450.8130892; -87.1602501388; 2998.57848296
89099.0990990991; 60460.4419775; -60385.9724324; -87.155959185; 2999.89567712
89198.1981981982; 60394.9323059; -60320.648064; -87.1579598228; 2994.53898796
89297.29729729729; 60330.2669504; -60256.0786618; -87.1582743577; 2991.00192907
89396.39639639639; 60264.9494392; -60190.9669466; -87.1606816954; 2985.23467208
89495.49549549549; 60200.6737817; -60126.7594766; -87.1604755309; 2982.26712439
89594.59459459459; 60135.7459755; -60061.8305434; -87.1589212916; 2980.67998547
89693.69369369368; 60070.4204775; -59996.7179128; -87.1614733059; 2974.76973507
89792.79279279278; 60005.6288891; -59931.9822917; -87.1610197862; 2972.0355558
89891.89189189188; 59942.1223967; -59868.5477011; -87.1609032598; 2969.0118693
89990.99099099099; 59877.8560469; -59804.5288683; -87.1641629681; 2962.42624797
90090.09009009009; 59813.7669319; -59740.5063962; -87.1639340372; 2959.49417043
90189.18918918919; 59750.3299893; -59676.9621497; -87.1603506239; 2960.0877508
90288.28828828828; 59686.5294334; -59613.3459258; -87.1624053427; 2954.78919031
90387.38738738738; 59622.0029288; -59548.9957674; -87.1642930454; 2949.6328386
90486.48648648648; 59556.2057649; -59483.254273; -87.1638089772; 2946.88026117
90585.58558558558; 59493.7276622; -59420.94355; -87.1655776159; 2941.95457948
90684.68468468467; 59431.9738058; -59359.1611434; -87.1635489525; 2941.002586
90783.78378378377; 59368.5235734; -59295.7788846; -87.1633585409; 2938.05977618
90882.88288288287; 59304.7698254; -59232.033503; -87.1619970134; 2936.31226657
90981.98198198198; 59245.0623815; -59172.4229896; -87.1624601364; 2932.87770407
91081.08108108108; 59182.2900797; -59109.7054763; -87.1620267668; 2930.2173226
91180.18018018018; 59122.085281; -59049.5217667; -87.1609941873; 2928.30065914
91279.27927927928; 59062.0597577; -58989.695062; -87.163446178; 2922.80313103
91378.37837837837; 59001.6685786; -58929.2817766; -87.1615610768; 2921.7533946
91477.47747747747; 58940.7297638; -58868.3935952; -87.1610876367; 2919.22214086
91576.57657657657; 58878.3544718; -58806.1286006; -87.1617511136; 2915.45186799
91675.67567567567; 58815.5842695; -58743.5307261; -87.1636265948; 2910.42081696
91774.77477477476; 58753.0791949; -58681.2048881; -87.1656505515; 2905.25493796
91873.87387387386; 58692.2055524; -58620.4251006; -87.1660334018; 2901.85312127
91972.97297297297; 58630.4581631; -58558.7146771; -87.1652714098; 2899.57900527
92072.07207207207; 58569.2949125; -58497.6715601; -87.1661674016; 2895.63938038
92171.17117117117; 58509.098745; -58437.5159982; -87.1655137326; 2893.33000976
92270.27027027027; 58447.5674108; -58375.9754408; -87.1638393118; 2891.99320223
92369.36936936936; 58385.6964127; -58314.0432031; -87.1611229557; 2891.69645677
92468.46846846846; 58324.8161953; -58253.3383383; -87.1631196496; 2886.65115257
92567.56756756756; 58264.8431112; -58193.4477233; -87.1632979262; 2883.50187261
92666.66666666666; 58203.8279753; -58132.4206168; -87.1615733503; 2882.23199889
92765.76576576575; 58143.4082252; -58072.0775675; -87.1616242837; 2879.18841489
92864.86486486485; 58084.2847065; -58013.0483266; -87.1620575462; 2875.82200767
92963.96396396396; 58023.1911444; -57951.9688768; -87.1608450037; 2874.02362404
93063.06306306306; 57963.3145151; -57892.2611724; -87.1627499497; 2869.13302288
93162.16216216216; 57902.9400485; -57831.9671264; -87.1628779918; 2866.01529222
93261.26126126126; 57843.4446243; -57772.4960962; -87.1619070873; 2864.04944372
93360.36036036036; 57783.8900289; -57713.00228; -87.1616616075; 2861.34792678
93459.45945945945; 57724.3475562; -57653.6596773; -87.1642067032; 2855.83847824
93558.55855855855; 57665.1062639; -57594.5156975; -87.1647025591; 2852.40916499
93657.65765765765; 57607.465737; -57536.9064405; -87.1639122343; 2850.35163364
93756.75675675675; 57547.7389118; -57477.3075563; -87.1650148996; 2846.29027079
93855.85585585584; 57489.0856693; -57418.6345486; -87.1631706126; 2845.23754277
93954.95495495496; 57429.9118092; -57359.5162059; -87.1628283149; 2842.65160498
94054.05405405405; 57371.9965846; -57301.7227877; -87.1638538098; 2838.75933627
94153.15315315315; 57312.8512626; -57242.6573025; -87.1640029136; 2835.6838574
94252.25225225225; 57255.5136842; -57185.3887345; -87.1639783495; 2832.87146206
94351.35135135135; 57197.5213859; -57127.5069245; -87.1647773402; 2829.20550317
94450.45045045044; 57138.571289; -57068.634834; -87.1648962145; 2826.17120312
94549.54954954954; 57081.5602301; -57011.7116286; -87.1652626299; 2822.98673778
94648.64864864864; 57022.6538152; -56953.0276421; -87.1683189907; 2817.03542968
94747.74774774774; 56965.5529648; -56896.0908981; -87.1702422114; 2812.30472081
94846.84684684683; 56907.0360533; -56837.5065337; -87.1674125347; 2812.22287953
94945.94594594595; 56851.7884189; -56782.2766524; -87.1663984061; 2810.49768026
95045.04504504504; 56792.9326969; -56723.4501157; -87.1655246329; 2808.4531832
95144.14414414414; 56735.6271454; -56666.0549959; -87.1622663204; 2808.84187679
95243.24324324324; 56678.99945; -56609.5619721; -87.1635979668; 2804.72269536
95342.34234234234; 56622.2257702; -56553.057509; -87.1676834697; 2797.88074583
95441.44144144144; 56564.6513663; -56495.4929417; -87.1664437112; 2796.25826746
95540.54054054053; 56507.3301506; -56438.3276066; -87.1682040857; 2791.69057271
95639.63963963963; 56450.9814275; -56382.0031788; -87.1672897082; 2789.80651497
95738.73873873873; 56394.8325206; -56325.9662413; -87.1681813308; 2786.15510364
95837.83783783783; 56338.725415; -56269.8608141; -87.1668061465; 2784.733719
95936.93693693692; 56281.3268497; -56212.7042883; -87.1703491367; 2778.42057119
96036.03603603604; 56225.4479072; -56156.940459; -87.1713184878; 2774.7119382
96135.13513513513; 56169.7531082; -56101.2962932; -87.1709619221; 2772.31256107
96234.23423423423; 56113.2588983; -56044.9612121; -87.1728303673; 2767.69657874
96333.33333333333; 56058.4100718; -55990.1434171; -87.1720899068; 2765.71484884
96432.43243243243; 56002.3599161; -55934.3012261; -87.1749886751; 2760.11964127
96531.53153153152; 55947.1489385; -55879.1128332; -87.1740638222; 2758.30051451
96630.63063063062; 55890.7100587; -55822.7014337; -87.1732081677; 2756.35162747
96729.72972972972; 55835.7280521; -55767.6245474; -87.16984449; 2756.91406257
96828.82882882882; 55780.4179025; -55712.1790657; -87.1656288277; 2758.28223302
96927.92792792791; 55725.0657461; -55656.7493619; -87.1626101877; 2758.4774376
97027.02702702703; 55669.855308; -55601.7616532; -87.1658359795; 2752.61402515
97126.12612612612; 55615.2249955; -55547.1899588; -87.1656642194; 2750.07933924
97225.22522522522; 55560.2725657; -55492.3945737; -87.1675378906; 2745.54733135
97324.32432432432; 55505.3664547; -55437.4917938; -87.1662070772; 2744.12174206
97423.42342342342; 55450.8146548; -55383.2101136; -87.1704613669; 2737.31250593
97522.52252252251; 55395.5606156; -55327.980976; -87.1695715935; 2735.4441179
97621.62162162161; 55341.0386549; -55273.4690434; -87.1683882486; 2733.89338533
97720.72072072071; 55286.4974815; -55219.0635024; -87.1698365043; 2729.8032522
97819.81981981981; 55231.4974169; -55164.2200773; -87.1717182662; 2725.27583781
97918.91891891891; 55178.4166979; -55111.1455023; -87.1704888862; 2723.83919721
98018.01801801802; 55124.219207; -55057.256492; -87.175598083; 2716.25417548
98117.11711711712; 55069.9025054; -55003.2122447; -87.1799589157; 2709.39139694
98216.21621621621; 55016.3932433; -54949.6124448; -87.1766735967; 2709.90959372
98315.31531531531; 54961.7442745; -54894.9254819; -87.1744652599; 2709.33358662
98414.41441441441; 54907.9492862; -54841.1718378; -87.1739571696; 2707.16808362
98513.51351351351; 54853.833329; -54787.0761405; -87.172991332; 2705.42352472
98612.6126126126; 54801.0674178; -54734.3498177; -87.1724706285; 2703.31848451
98711.7117117117; 54747.8137135; -54681.2413742; -87.1741763924; 2699.06357392
98810.8108108108; 54695.2250849; -54628.7071457; -87.173974132; 2696.66381781
98909.9099099099; 54642.1292026; -54575.6350987; -87.1731067252; 2694.87222932
99009.00900900901; 54589.5254786; -54523.1540665; -87.1743558422; 2691.08922071
99108.10810810811; 54536.106522; -54469.6460142; -87.171075287; 2691.57458697
99207.2072072072; 54482.637889; -54416.2557978; -87.1713576006; 2688.66756473
99306.3063063063; 54430.3717579; -54363.8821499; -87.1677082348; 2689.55090333
99405.4054054054; 54376.6381815; -54310.2739189; -87.1689815641; 2685.68879916
99504.5045045045; 54323.9479895; -54257.678986; -87.1696436827; 2682.45938076
99603.60360360359; 54272.4629223; -54206.2813461; -87.170168998; 2679.42012985
99702.70270270269; 54221.0605389; -54154.9600481; -87.1705632945; 2676.5097275
99801.80180180179; 54169.2112396; -54103.1877991; -87.1708597606; 2673.67035563
99900.90090090089; 54116.3661361; -54050.4661901; -87.1721273579; 2669.86624089
100000; 54064.1969486; -53998.3173244; -87.1711992393; 2668.16713672
