1670577237442 0.07066666666666667 0
1670577238588 0.06966666666666667 0
1670577240031 0.06616666666666667 0
1670577241141 0.07316666666666667 0
1670577242268 0.07583333333333334 0
1670577243318 0.07 0
1670577244442 0.0725 0
1670577245467 0.06833333333333333 0
1670577246884 0.06733333333333333 0
1670577248076 0.07166666666666667 0
1670577249260 0.06983333333333333 0
1670577250354 0.07033333333333333 0
1670577251493 0.075 0
1670577252437 0.07316666666666667 0
1670577253657 0.07183333333333333 0
1670577255107 0.06866666666666667 0
1670577256176 0.07 0
1670577257268 0.07516666666666667 0
1670577258447 0.06566666666666666 0
1670577259422 0.07483333333333334 0
1670577260609 0.07366666666666667 0
1670577261689 0.06933333333333333 0
1670577262763 0.0735 0
1670577263604 0.06783333333333333 0
1670577264938 0.07033333333333333 0
1670577266158 0.06816666666666667 0
1670577267367 0.06566666666666666 0
1670577268761 0.06933333333333333 0
1670577269981 0.072 0
1670577271137 0.07516666666666667 0
1670577272334 0.06533333333333333 0
1670577273454 0.06466666666666666 0
1670577274627 0.0745 0
1670577275821 0.0715 0
1670577276950 0.07416666666666667 0
1670577278269 0.072 0
1670577279149 0.0725 0
1670577280316 0.07233333333333333 0
1670577281287 0.0755 0
1670577282274 0.06933333333333333 0
1670577283492 0.06733333333333333 0
1670577284542 0.0655 0
1670577285893 0.067 0
1670577287020 0.0705 0
1670577287842 0.07216666666666667 0
1670577288529 0.06933333333333333 0
1670577289582 0.071 0
1670577290937 0.07083333333333333 0
1670577292003 0.06533333333333333 0
1670577293284 0.07666666666666666 0
1670577294538 0.07566666666666666 0
1670577295877 0.07633333333333334 0
1670577297026 0.07883333333333334 0
1670577298527 0.07133333333333333 0
1670577299630 0.07333333333333333 0
1670577300698 0.07316666666666667 0
1670577302321 0.064 0
1670577303679 0.07166666666666667 0
1670577304732 0.07383333333333333 0
1670577305850 0.0695 0
1670577307115 0.06683333333333333 0
1670577308605 0.0635 0
1670577309784 0.06916666666666667 0
1670577310650 0.07133333333333333 0
1670577311765 0.067 0
1670577312824 0.07083333333333333 0
1670577314051 0.06966666666666667 0
1670577315280 0.06566666666666666 0
1670577316293 0.0735 0
1670577317399 0.07083333333333333 0
1670577318501 0.07016666666666667 0
1670577319693 0.06733333333333333 0
1670577320784 0.07083333333333333 0
1670577322210 0.0725 0
1670577323212 0.07216666666666667 0
1670577324406 0.06933333333333333 0
1670577325613 0.0685 0
1670577326711 0.07033333333333333 0
1670577328080 0.06816666666666667 0
1670577329432 0.07016666666666667 0
1670577330581 0.07533333333333334 0
1670577331697 0.07033333333333333 0
1670577332712 0.07216666666666667 0
1670577333561 0.0705 0
1670577334779 0.07183333333333333 0
1670577335902 0.06283333333333334 0
1670577336890 0.063 0
1670577337933 0.0705 0
1670577339052 0.07183333333333333 0
1670577339927 0.0705 0
1670577341083 0.06883333333333333 0
1670577342158 0.07083333333333333 0
1670577343088 0.07433333333333333 0
1670577344134 0.07016666666666667 0
1670577345504 0.06516666666666666 0
1670577346776 0.073 0
1670577347867 0.07416666666666667 0
1670577349162 0.075 0
1670577350557 0.06316666666666666 0
1670577351551 0.07333333333333333 0
1670577352967 0.07166666666666667 0
1670577354185 0.07466666666666667 0
