1670591039896 0.0012706204736432133 0
1670591042584 0.005892522665585169 0
1670591045509 0.0042815436141293226 0
1670591048272 0.00334282145846701 0
1670591050919 0.0029483974778815748 0
1670591053616 0.002598988160621374 0
1670591056532 0.0027620339712340295 0
1670591059589 0.0025447440293861773 0
1670591062352 0.0024296873793526633 0
1670591064859 0.0022909667795151245 0
1670591067291 0.002512456669111211 0
1670591070111 0.0026870573014958956 0
1670591072991 0.0026464403569071023 0
1670591076169 0.0027285942938005178 0
1670591078875 0.002744111951329028 0
1670591081593 0.002648817790174573 0
1670591084630 0.002684435761629793 0
1670591087392 0.0026018709626279887 0
1670591090362 0.002588166214628469 0
1670591093282 0.0025897938894092324 0
1670591096248 0.0025260006265957606 0
1670591099034 0.0024671232702571256 0
1670591101743 0.0024266347222843144 0
1670591104612 0.002427537800178235 0
1670591107460 0.0023976827662824107 0
1670591109877 0.002369121462912163 0
1670591112343 0.0023222600995923305 0
1670591115262 0.0022795655781934674 0
1670591117944 0.002173940831410235 0
1670591120750 0.002207472872685181 0
1670591123738 0.002192915001583799 0
1670591126470 0.0021627479706212774 0
1670591128968 0.002236694496592851 0
1670591131465 0.002251019328438653 0
1670591134619 0.0022209455451975054 0
1670591137740 0.002215471161703649 0
1670591141165 0.002313271844238824 0
1670591144236 0.0025341126767401885 0
1670591147299 0.0025265866760827704 0
1670591149876 0.0024970715602548135 0
1670591152761 0.002637638060313694 0
1670591155601 0.002768117443836604 0
1670591158801 0.002763548643802499 0
1670591162100 0.002787776537497594 0
1670591165124 0.002757571470221593 0
1670591167867 0.002862888814855457 0
1670591170111 0.0028528975068081684 0
1670591172422 0.0028786356937349263 0
1670591174987 0.002891238531701413 0
1670591177753 0.0028630201623730672 0
1670591180438 0.002835401693095459 0
1670591183838 0.0028518810949417096 0
1670591186195 0.0028732570204614664 0
1670591189077 0.0028484146127634156 0
1670591191835 0.00282814728158161 0
1670591194714 0.00280675323027664 0
1670591197691 0.002895256600726228 0
1670591200257 0.0028707689085151066 0
1670591202770 0.0028493424655583067 0
1670591205448 0.0028396869322473376 0
1670591208026 0.0028255404233009547 0
1670591210444 0.002805805032836896 0
1670591212986 0.0027847432444107092 0
1670591215535 0.0027642264738951382 0
1670591217907 0.0027458322771100364 0
1670591220688 0.0027302493321581713 0
1670591224014 0.0027228689876561563 0
1670591226473 0.00270803445091084 0
1670591229046 0.002717196794121479 0
1670591231406 0.0027426551091403774 0
1670591233709 0.0027351153031973437 0
1670591236379 0.002743166594935049 0
1670591238931 0.0027502672440239285 0
1670591241207 0.002834661790033029 0
1670591243752 0.0028262625987874324 0
1670591246256 0.002809752032819524 0
1670591248715 0.0027954702046550863 0
1670591250980 0.0027825613522213404 0
1670591253306 0.0027946459380815305 0
1670591255691 0.0028121303543566373 0
1670591258099 0.002794931880753228 0
1670591260251 0.0027783341726011004 0
1670591262512 0.00279474826005951 0
1670591264562 0.00281722693806114 0
1670591266702 0.0028316387296975476 0
1670591269125 0.0028656875266011212 0
1670591271230 0.002849394709041074 0
1670591273374 0.002833883263834963 0
1670591275748 0.0028181272950288353 0
1670591277990 0.0029349295603698458 0
1670591280393 0.0029262517632789396 0
1670591282812 0.002924331002238708 0
1670591285035 0.002909894582053619 0
1670591287461 0.002897061261214683 0
1670591289494 0.002884387767709645 0
1670591291890 0.002876416715420306 0
1670591294370 0.0028619802534513325 0
1670591296753 0.002854225808064261 0
1670591299013 0.002849383210605088 0
1670591301459 0.0028378103959875375 0
1670591303872 0.0028238669544321544 0
