1670591037038 0.0047 0
1670591039891 0.0046 0
1670591042579 0.0032 0
1670591045504 0.0049 0
1670591048266 0.0043 0
1670591050913 0.0039 0
1670591053611 0.0043 0
1670591056526 0.0052 0
1670591059581 0.0045 0
1670591062346 0.0048 0
1670591064852 0.0046 0
1670591067286 0.0055 0
1670591070106 0.0056 0
1670591072986 0.0052 0
1670591076142 0.0056 0
1670591078870 0.0055 0
1670591081589 0.0047 0
1670591084626 0.0056 0
1670591087388 0.0048 0
1670591090356 0.0042 0
1670591093277 0.0041 0
1670591096244 0.0046 0
1670591099029 0.0049 0
1670591101737 0.0044 0
1670591104607 0.0041 0
1670591107454 0.0043 0
1670591109872 0.0051 0
1670591112338 0.0047 0
1670591115257 0.0046 0
1670591117939 0.0042 0
1670591120744 0.0039 0
1670591123729 0.0051 0
1670591126464 0.0045 0
1670591128937 0.0057 0
1670591131459 0.0054 0
1670591134615 0.0046 0
1670591137736 0.0042 0
1670591141159 0.0035 0
1670591144226 0.0029 0
1670591147293 0.0052 0
1670591149871 0.0045 0
1670591152753 0.0062 0
1670591155596 0.0031 0
1670591158795 0.0053 0
1670591162092 0.0037 0
1670591165119 0.0047 0
1670591167862 0.0031 0
1670591170106 0.004 0
1670591172416 0.0056 0
1670591174981 0.0055 0
1670591177749 0.0047 0
1670591180433 0.0046 0
1670591183833 0.0037 0
1670591186190 0.0056 0
1670591189072 0.0048 0
1670591191829 0.0043 0
1670591194709 0.0049 0
1670591197683 0.0062 0
1670591200252 0.0046 0
1670591202765 0.0049 0
1670591205442 0.0041 0
1670591208021 0.0042 0
1670591210430 0.0049 0
1670591212981 0.0045 0
1670591215528 0.0048 0
1670591217901 0.0049 0
1670591220682 0.005 0
1670591224008 0.0041 0
1670591226468 0.005 0
1670591229041 0.0055 0
1670591231387 0.0036 0
1670591233704 0.0052 0
1670591236373 0.0055 0
1670591238926 0.0055 0
1670591241202 0.003 0
1670591243746 0.0052 0
1670591246251 0.0049 0
1670591248709 0.005 0
1670591250975 0.0043 0
1670591253296 0.0056 0
1670591255684 0.0057 0
1670591258093 0.0047 0
1670591260245 0.0046 0
1670591262502 0.0057 0
1670591264549 0.0036 0
1670591266697 0.0037 0
1670591269118 0.0034 0
1670591271224 0.0047 0
1670591273369 0.0048 0
1670591275736 0.0047 0
1670591277985 0.0068 0
1670591280387 0.0052 0
1670591282791 0.0054 0
1670591285030 0.0045 0
1670591287455 0.0044 0
1670591289488 0.0044 0
1670591291884 0.0052 0
1670591294364 0.0046 0
1670591296745 0.0042 0
1670591299007 0.0041 0
1670591301454 0.005 0
1670591303866 0.0047 0
