1670571838475 0.019059307104648163 0
1670571839793 0.014198029637918358 0
1670571840979 0.009808958283995597 0
1670571842096 0.007796050432235732 0
1670571843302 0.0108008253568877 0
1670571844511 0.010398355352756461 0
1670571845761 0.009653035279107644 0
1670571847004 0.00915973689610207 0
1670571848270 0.008609416044029067 0
1670571849483 0.008089371536015674 0
1670571850787 0.008166736651596215 0
1670571851551 0.007963741759004897 0
1670571852280 0.007657084774459602 0
1670571853273 0.007414455699320727 0
1670571854179 0.0073958321761868895 0
1670571855272 0.00857767349420592 0
1670571856446 0.008516417844352517 0
1670571857869 0.0092206131287038 0
1670571858906 0.009033472852055371 0
1670571860058 0.008793822905854412 0
1670571861528 0.00882176015025471 0
1670571862904 0.008633385050347941 0
1670571864128 0.00843190643709403 0
1670571865253 0.00862638275553601 0
1670571866343 0.009118218183072041 0
1670571867463 0.009045434539941583 0
1670571868502 0.009585765250089293 0
1670571869624 0.009490847660404755 0
1670571870601 0.008931406751206822 0
1670571871710 0.009398168512328137 0
1670571872933 0.009267377289167683 0
1670571873890 0.009129169978435353 0
1670571874968 0.009708612456227853 0
1670571876149 0.009632437965887933 0
1670571877241 0.009518507170128226 0
1670571878209 0.009440615015950574 0
1670571879217 0.009673972928072358 0
1670571880170 0.009620043147753679 0
1670571881237 0.009638205790474752 0
1670571882513 0.00953665497459158 0
1670571883724 0.009564062429028297 0
1670571884856 0.009465379589677789 0
1670571885908 0.009357201366016546 0
1670571887152 0.00934973157494659 0
1670571888180 0.009399099089829888 0
1670571889159 0.009302156258232344 0
1670571890351 0.009204796970452803 0
1670571891659 0.00911171979675017 0
1670571892989 0.009343764999864126 0
1670571894053 0.009304049422788119 0
1670571895357 0.009244440104182253 0
1670571896551 0.009243074876107954 0
1670571897797 0.009553130995562834 0
1670571899343 0.009478800830225356 0
1670571900611 0.00940162612198632 0
1670571901793 0.009427491563038293 0
1670571902981 0.009348004848505398 0
1670571904126 0.009275571126679705 0
1670571905139 0.009496310110006331 0
1670571906515 0.009559847208739522 0
1670571907633 0.009493011905486848 0
1670571908631 0.009462901303365995 0
1670571909767 0.009662229699997207 0
1670571910975 0.009619514559432302 0
1670571912205 0.009550646770701485 0
1670571913449 0.009592094045222543 0
1670571914616 0.009521323624701941 0
1670571915720 0.009521978503642003 0
1670571916805 0.009573390375902976 0
1670571918087 0.009544660737256863 0
1670571919392 0.009653733383512206 0
1670571920652 0.009843241700468186 0
1670571921596 0.009776507580438798 0
1670571922812 0.009876789598408195 0
1670571924010 0.009835888309862942 0
1670571925149 0.010074899885374244 0
1670571926694 0.01002855832526249 0
1670571927726 0.010011179484000196 0
1670571928920 0.009948677645550963 0
1670571929953 0.009889424101579863 0
1670571930937 0.009896082222370498 0
1670571932136 0.009927661933896145 0
1670571933321 0.009869824765379828 0
1670571934412 0.010056993326071087 0
1670571935566 0.010216407507380107 0
1670571936795 0.0101620850528229 0
1670571937899 0.010113659900904903 0
1670571938936 0.010183327106504311 0
1670571939920 0.010360837724157856 0
1670571941152 0.01030630392529025 0
1670571942077 0.010327873964083217 0
1670571943364 0.010324933182210963 0
1670571944385 0.010271459546060638 0
1670571945213 0.010218437017999446 0
1670571946530 0.010167440713883771 0
1670571947794 0.010117888742879833 0
1670571948882 0.010077568095870348 0
1670571949990 0.010140786499669055 0
1670571951133 0.01009518872736516 0
1670571952315 0.010092151699789664 0
1670571953529 0.010101315029222568 0
