1670646031034 0.005254696995730843 0
1670646050270 0.005122552777310727 0
1670646063434 0.004064507838043131 0
1670646075869 0.00530794572847477 0
1670646087364 0.005778287003629592 0
1670646098895 0.006157230080824147 0
1670646110416 0.006921161028895138 0
1670646121918 0.005067664933453099 0
1670646150914 0.0051180735434427655 0
1670646163375 0.005484039390331093 0
1670646177082 0.004703743947592273 0
1670646190311 0.005350930187382185 0
1670646201800 0.005370276589751202 0
1670646229415 0.005716062487389765 0
1670646240947 0.006934324825678961 0
1670646252469 0.005927869056343902 0
1670646263939 0.004586567474531737 0
1670646275411 0.006171142094500867 0
1670646287282 0.00545704798270012 0
1670646306881 0.005578685683933117 0
1670646318448 0.0050965043478891445 0
1670646329995 0.005380348280493899 0
1670646341530 0.0061158052174669734 0
1670646356148 0.005551168631655374 0
1670646367680 0.005658205806305334 0
1670646379200 0.0060584758842164715 0
1670646392663 0.006223978018862888 0
1670646404378 0.005752447249577354 0
1670646415893 0.005414459206580685 0
1670646430909 0.005843968203380685 0
