1670631407244 0.016941606315242774 0
1670631408486 0.008225070731961256 0
1670631409748 0.005304077175473765 0
1670631410983 0.004883176837462838 0
1670631412187 0.006178909746460556 0
1670631413425 0.01264868555353496 0
1670631414719 0.011609357899875411 0
1670631415965 0.012734608102749956 0
1670631417450 0.012721826980244919 0
1670631418697 0.013935838706003345 0
1670631419874 0.013547381461878602 0
1670631421078 0.014145717459283419 0
1670631422376 0.013757543782241935 0
1670631423787 0.013227021853098375 0
1670631425213 0.013445026028774593 0
1670631426746 0.013047464323092214 0
1670631428282 0.0131929298480499 0
1670631429810 0.013881828985442032 0
1670631431359 0.013617887849285332 0
1670631432897 0.013296424087132663 0
1670631434339 0.015081866782106032 0
1670631435806 0.015002074736266857 0
1670631437272 0.014651864643981438 0
1670631438747 0.014742805595187869 0
1670631440223 0.014863650299909659 0
1670631441711 0.014577569594098894 0
1670631443185 0.014366136571613869 0
1670631444654 0.014327072701057958 0
1670631446122 0.013608055788435547 0
1670631447590 0.01393303120154725 0
1670631449059 0.015006793663649723 0
1670631450520 0.014792621823670943 0
1670631451989 0.014575561700007358 0
1670631453459 0.014830038792193731 0
1670631454929 0.015206092790685174 0
1670631456408 0.0164508740551709 0
1670631457870 0.01628097409361408 0
1670631459330 0.01671124032991443 0
1670631460757 0.016589441805491517 0
1670631462166 0.01653050971097901 0
1670631463606 0.016418821141668774 0
1670631465071 0.016318264079700953 0
1670631466525 0.016168032532765483 0
1670631467980 0.016169604698794096 0
1670631469443 0.01693869220335298 0
1670631470916 0.01676940974449513 0
1670631472372 0.016594358163367615 0
1670631473830 0.01643177508781485 0
1670631475294 0.01632205371583846 0
1670631476759 0.0162665409077873 0
1670631478257 0.01643000900823502 0
1670631479883 0.01632658942687576 0
1670631481392 0.01652482070106176 0
1670631482828 0.01638770837644768 0
1670631484354 0.016243656970503145 0
1670631485881 0.016110188057416708 0
1670631487395 0.016206446202427213 0
1670631488911 0.016089875302027115 0
1670631490509 0.01597046625943574 0
1670631491980 0.01585223266327533 0
1670631493415 0.015824710227360442 0
1670631494891 0.015708080752764433 0
1670631496362 0.01575587531963922 0
1670631497825 0.015647024624630856 0
1670631499253 0.015629199084740197 0
1670631500690 0.015519627282885182 0
1670631502154 0.015405892629519649 0
1670631503611 0.015332698710243592 0
1670631504961 0.015288266068122489 0
1670631506219 0.015553098383399327 0
1670631507669 0.015453074654990948 0
1670631509110 0.015442157630729272 0
1670631510548 0.015409673142171412 0
1670631511996 0.015698419582001244 0
1670631513428 0.015697723668241348 0
1670631514869 0.015730336290833175 0
1670631516504 0.015708330312924706 0
1670631518033 0.01564778621102328 0
1670631519473 0.016017834892211882 0
1670631520906 0.015923962543999345 0
1670631522343 0.015889036028231635 0
1670631523775 0.015796446517542848 0
1670631525209 0.016436341618067424 0
1670631526568 0.016443770359384283 0
1670631528017 0.016448631943077205 0
1670631529270 0.01641098507281423 0
1670631530426 0.016352398640747043 0
1670631531882 0.016285851028408738 0
1670631533451 0.0162364172313557 0
1670631534979 0.01623856529127153 0
1670631536552 0.016153638177399385 0
1670631538209 0.016239144040069042 0
1670631539722 0.01618519678543477 0
1670631541047 0.016198865809760238 0
1670631542251 0.016155805343765137 0
1670631543590 0.016072531050762548 0
1670631545233 0.016037599315185558 0
1670631546864 0.016115254023684966 0
1670631548395 0.016078071966990945 0
1670631549976 0.016073551505511333 0
1670631551459 0.015996869701870323 0
