1670609306702 nan 0
1670609308695 nan 0
1670609310913 nan 0
1670609313281 nan 0
1670609316228 nan 0
1670609318522 nan 0
1670609321097 nan 0
1670609323529 nan 0
1670609325524 1.1102230246251565e-16 0
1670609327769 1.1102230246251565e-16 0
1670609330240 nan 0
1670609332689 nan 0
1670609334823 nan 0
1670609337098 1.1102230246251565e-16 0
1670609339598 nan 0
1670609341912 nan 0
1670609344890 1.1102230246251565e-16 0
1670609346964 1.1102230246251565e-16 0
1670609348678 1.1102230246251565e-16 0
1670609350751 1.1102230246251565e-16 0
1670609352970 1.1102230246251565e-16 0
1670609355345 2.220446049250313e-16 0
1670609357674 nan 0
1670609359610 1.1102230246251565e-16 0
1670609361625 1.1102230246251565e-16 0
1670609363178 2.220446049250313e-16 0
1670609365436 2.220446049250313e-16 0
1670609367558 2.220446049250313e-16 0
1670609369487 2.220446049250313e-16 0
1670609371700 3.3306690738754696e-16 0
1670609373734 nan 0
1670609376170 nan 0
1670609377713 1.1102230246251565e-16 0
1670609380163 1.1102230246251565e-16 0
1670609382494 1.1102230246251565e-16 0
1670609384660 1.1102230246251565e-16 0
1670609386489 2.220446049250313e-16 0
1670609388433 2.220446049250313e-16 0
1670609390356 nan 0
1670609392561 nan 0
1670609394946 nan 0
1670609397073 1.1102230246251565e-16 0
1670609399499 1.1102230246251565e-16 0
1670609402048 1.1102230246251565e-16 0
1670609404297 1.1102230246251565e-16 0
1670609406964 1.1102230246251565e-16 0
1670609408746 nan 0
1670609410605 nan 0
1670609412117 1.1102230246251565e-16 0
1670609414705 1.1102230246251565e-16 0
1670609416925 1.1102230246251565e-16 0
1670609419512 2.220446049250313e-16 0
1670609421710 2.220446049250313e-16 0
1670609422847 2.220446049250313e-16 0
1670609424797 nan 0
1670609426699 1.1102230246251565e-16 0
1670609428608 1.1102230246251565e-16 0
1670609429844 1.1102230246251565e-16 0
1670609431414 2.220446049250313e-16 0
1670609432952 8.296074176272761e-05 0
1670609434909 8.230004341419628e-05 0
1670609436624 8.165487749761668e-05 0
1670609438296 8.102464502712792e-05 0
1670609439913 8.040877885290287e-05 0
1670609441073 7.980674151891742e-05 0
1670609443024 7.92180232940809e-05 0
1670609445453 7.864214036090722e-05 0
1670609447081 7.807863314651664e-05 0
1670609448384 7.752706478303395e-05 0
1670609450163 7.69870196859479e-05 0
1670609451739 7.645810223966265e-05 0
1670609453559 7.593993558080436e-05 0
1670609455148 7.543216047117829e-05 0
1670609456932 7.49344342519942e-05 0
1670609458581 7.444642987342043e-05 0
1670609460409 7.396783499208359e-05 0
1670609462284 7.349835113207304e-05 0
1670609464248 7.303769290323281e-05 0
1670609465797 7.258558727302189e-05 0
1670609467388 7.214177288694668e-05 0
1670609469005 7.170599943440159e-05 0
1670609471069 7.127802705575448e-05 0
1670609472809 7.085762578834531e-05 0
1670609474483 7.044457504740143e-05 0
1670609475972 7.00386631401484e-05 0
1670609478001 6.963968681045207e-05 0
1670609479988 6.924745081138273e-05 0
1670609481879 6.886176750392492e-05 0
1670609483788 6.848245648022333e-05 0
1670609485924 6.810934420931058e-05 0
1670609487551 6.774226370354075e-05 0
1670609489412 9.477189874124159e-05 0
1670609491518 9.427746452617125e-05 0
1670609493191 9.379068400244828e-05 0
1670609495134 9.33113618557524e-05 0
1670609497171 9.283930967435294e-05 0
1670609498899 9.237434563885705e-05 0
1670609500699 9.191629422883318e-05 0
1670609502598 9.146498594519992e-05 0
1670609504355 9.102025704726957e-05 0
1670609506642 9.058194930389174e-05 0
1670609508613 9.014990975758641e-05 0
1670609510147 8.9723990500723e-05 0
1670609511769 8.93040484633012e-05 0
1670609513661 8.888994521161209e-05 0
1670609514950 8.84815467567801e-05 0
1670609516671 8.807872337335265e-05 0
1670609518554 8.768134942616079e-05 0
1670609519767 8.728930320645034e-05 0
1670609521843 8.69024667752849e-05 0
1670609524044 8.652072581494252e-05 0
1670609525850 0.00010502806463380532 0
1670609527510 0.00010457890777099133 0
1670609528860 0.0001041354587656973 0
1670609530360 0.00011920867314335615 0
1670609531541 0.00011871625608755876 0
1670609532962 0.00011822988041859661 0
1670609534334 0.00011774942383729892 0
1670609536200 0.0001305507925223881 0
1670609538006 0.00013003356303503688 0
1670609539859 0.00012952241656344343 0
1670609541855 0.00012901723514729957 0
1670609543054 0.0001285179039937634 0
1670609545099 0.0001280243113694346 0
1670609546568 0.0001275363484966041 0
1670609548212 0.00012705390945366712 0
1670609550117 0.00012657689108014347 0
1670609552258 0.0001261051928847512 0
1670609554342 0.0001256387169576989 0
1670609556144 0.00012517736788630884 0
1670609558106 0.00012472105267408162 0
1670609559906 0.00012426968066253652 0
1670609562034 0.00012382316345677102 0
1670609564725 0.00012338141485318532 0
1670609567215 0.00012294435077059296 0
1670609568991 0.00012251188918355194 0
1670609571544 0.00012208395005841588 0
1670609573536 0.00012166045529177216 0
1670609575916 0.00012124132865098947 0
1670609577781 0.00012082649571748538 0
1670609579196 0.00012041588383132629 0
1670609580649 0.00012000942203865828 0
1670609582801 0.00011960704104041486 0
1670609584758 0.00011920867314335615 0
1670609586960 0.00011881425221238473 0
1670609588941 0.0001184237136251376 0
1670609590834 0.00011803699422768821 0
1670609592761 0.000117654032292136 0
1670609594814 0.00011727476747552812 0
1670609596500 0.00011689914078011343 0
1670609598248 0.00011652709451542842 0
1670609600299 0.00011615857226099369 0
1670609602164 0.00011579351883106437 0
1670609603996 0.00011543188023982465 0
1670609605964 0.00011507360366824759 0
