1670606178926 0.006 0
1670606179852 0.005 0
1670606180700 0.010333333333333333 0
1670606181841 0.009666666666666667 0
1670606182806 0.009666666666666667 0
1670606183748 0.006333333333333333 0
1670606184943 0.0036666666666666666 0
1670606186090 0.009 0
1670606187094 0.007333333333333333 0
1670606188013 0.007666666666666666 0
1670606188951 0.010333333333333333 0
1670606189801 0.008666666666666666 0
1670606190520 0.006333333333333333 0
1670606191510 0.006333333333333333 0
1670606192494 0.007333333333333333 0
1670606193362 0.009 0
1670606194071 0.009666666666666667 0
1670606194971 0.012 0
1670606195906 0.013666666666666667 0
1670606196937 0.009666666666666667 0
1670606197823 0.009666666666666667 0
1670606198694 0.008333333333333333 0
1670606199303 0.010333333333333333 0
1670606200326 0.008666666666666666 0
1670606201257 0.011 0
1670606202117 0.010666666666666666 0
1670606203060 0.008666666666666666 0
1670606204164 0.008 0
1670606205182 0.008333333333333333 0
1670606205822 0.008333333333333333 0
1670606206710 0.008 0
1670606207671 0.008 0
1670606208458 0.009 0
1670606209393 0.010333333333333333 0
1670606210380 0.007 0
1670606211087 0.007333333333333333 0
1670606211842 0.010666666666666666 0
1670606212509 0.010333333333333333 0
1670606213242 0.011666666666666667 0
1670606214056 0.009666666666666667 0
1670606214710 0.007666666666666666 0
1670606215132 0.006333333333333333 0
1670606215525 0.007333333333333333 0
1670606215999 0.006333333333333333 0
1670606216425 0.010333333333333333 0
1670606216880 0.010333333333333333 0
1670606217645 0.008 0
1670606218596 0.008666666666666666 0
1670606219704 0.01 0
1670606220665 0.008666666666666666 0
1670606221495 0.009666666666666667 0
1670606222294 0.007 0
1670606223126 0.010333333333333333 0
1670606224002 0.010333333333333333 0
1670606224782 0.008 0
1670606225534 0.008333333333333333 0
1670606226401 0.007 0
1670606227160 0.009666666666666667 0
1670606227834 0.008666666666666666 0
1670606228704 0.011333333333333334 0
1670606229795 0.006333333333333333 0
1670606230740 0.009333333333333334 0
1670606231410 0.007666666666666666 0
1670606232394 0.007666666666666666 0
1670606233467 0.008333333333333333 0
1670606234493 0.009333333333333334 0
1670606235746 0.005666666666666667 0
1670606236689 0.011 0
1670606237342 0.008666666666666666 0
1670606238397 0.01 0
1670606239497 0.005666666666666667 0
1670606240489 0.013666666666666667 0
1670606241385 0.011 0
1670606242331 0.008 0
1670606243160 0.008 0
1670606244078 0.011 0
1670606244855 0.008666666666666666 0
1670606245466 0.007666666666666666 0
1670606246226 0.007666666666666666 0
1670606247025 0.008666666666666666 0
1670606247686 0.008333333333333333 0
1670606248449 0.010333333333333333 0
1670606249144 0.008666666666666666 0
1670606249699 0.006666666666666667 0
1670606250514 0.009666666666666667 0
1670606251195 0.009666666666666667 0
1670606251930 0.008333333333333333 0
1670606252688 0.012333333333333333 0
1670606253659 0.008 0
1670606254284 0.008 0
1670606254745 0.007333333333333333 0
1670606255137 0.008 0
1670606255806 0.009666666666666667 0
1670606256584 0.006333333333333333 0
1670606257220 0.007666666666666666 0
1670606257964 0.006333333333333333 0
1670606258844 0.011 0
1670606259523 0.010333333333333333 0
1670606260262 0.008333333333333333 0
1670606260832 0.010333333333333333 0
1670606261452 0.006666666666666667 0
1670606262219 0.007333333333333333 0
1670606263059 0.013333333333333334 0
1670606263628 0.010666666666666666 0
1670606264256 0.008 0
1670606264998 0.010666666666666666 0
1670606265648 0.010333333333333333 0
1670606266435 0.009 0
1670606267445 0.010333333333333333 0
1670606268051 0.011666666666666667 0
1670606268714 0.008 0
1670606269487 0.009666666666666667 0
1670606270315 0.005333333333333333 0
1670606271023 0.011666666666666667 0
1670606271903 0.010666666666666666 0
1670606272638 0.007333333333333333 0
1670606273570 0.011 0
1670606274304 0.007 0
1670606274933 0.009666666666666667 0
1670606275699 0.01 0
1670606276044 0.005 0
1670606276579 0.006333333333333333 0
1670606277247 0.009333333333333334 0
1670606278020 0.009 0
1670606278572 0.009333333333333334 0
1670606279305 0.009333333333333334 0
1670606280111 0.008 0
1670606280828 0.01 0
1670606281456 0.01 0
1670606282275 0.009333333333333334 0
1670606283035 0.008333333333333333 0
1670606283747 0.005 0
1670606284457 0.008333333333333333 0
1670606285293 0.009 0
1670606286201 0.009666666666666667 0
1670606287306 0.007333333333333333 0
1670606287918 0.011333333333333334 0
1670606288328 0.009333333333333334 0
1670606289239 0.008333333333333333 0
1670606290022 0.011 0
1670606290830 0.007333333333333333 0
1670606291907 0.009 0
1670606292754 0.007333333333333333 0
1670606293288 0.011333333333333334 0
1670606293961 0.009 0
1670606294680 0.007333333333333333 0
1670606295151 0.006666666666666667 0
1670606295896 0.011333333333333334 0
1670606296401 0.009333333333333334 0
1670606297081 0.007333333333333333 0
1670606297610 0.007333333333333333 0
1670606298262 0.011 0
1670606299010 0.011 0
1670606299532 0.005333333333333333 0
1670606300247 0.007666666666666666 0
1670606301198 0.005 0
1670606301844 0.005666666666666667 0
1670606302446 0.005666666666666667 0
