1670573163287 0.030666666666666665 0
1670573164554 0.021 0
1670573165516 0.026 0
1670573166760 0.021666666666666667 0
1670573167957 0.028 0
1670573168878 0.029666666666666668 0
1670573170255 0.029333333333333333 0
1670573171301 0.024333333333333332 0
1670573172174 0.022 0
1670573172813 0.027666666666666666 0
1670573173331 0.023333333333333334 0
1670573174158 0.029 0
1670573175255 0.028333333333333332 0
1670573176333 0.024666666666666667 0
1670573177578 0.025666666666666667 0
1670573178536 0.027666666666666666 0
1670573179921 0.027 0
1670573181281 0.025 0
1670573182365 0.034 0
1670573183508 0.024 0
1670573184627 0.024666666666666667 0
1670573185985 0.030333333333333334 0
1670573187114 0.026333333333333334 0
1670573188192 0.030666666666666665 0
1670573189472 0.026333333333333334 0
1670573190529 0.026 0
1670573191982 0.021333333333333333 0
1670573193172 0.028333333333333332 0
1670573194392 0.026333333333333334 0
1670573195897 0.020666666666666667 0
1670573196603 0.025333333333333333 0
1670573197692 0.027 0
1670573198835 0.026 0
1670573200134 0.028333333333333332 0
1670573201079 0.029 0
1670573202640 0.026333333333333334 0
1670573204154 0.026 0
1670573205524 0.021666666666666667 0
1670573206645 0.025333333333333333 0
1670573207933 0.028666666666666667 0
1670573209171 0.024 0
1670573210341 0.024666666666666667 0
1670573211605 0.025666666666666667 0
1670573212988 0.028333333333333332 0
1670573214320 0.026333333333333334 0
1670573215774 0.025333333333333333 0
1670573217101 0.025 0
1670573218215 0.024666666666666667 0
1670573219390 0.025 0
1670573220806 0.031 0
1670573222139 0.024333333333333332 0
1670573223411 0.03233333333333333 0
1670573224638 0.029 0
1670573225834 0.024333333333333332 0
1670573227256 0.024333333333333332 0
1670573228522 0.029 0
1670573229528 0.025333333333333333 0
1670573230775 0.024666666666666667 0
1670573232039 0.025 0
1670573233107 0.028 0
1670573234411 0.028666666666666667 0
1670573235588 0.02666666666666667 0
1670573236932 0.026 0
1670573238020 0.027 0
1670573239415 0.026 0
1670573240533 0.029333333333333333 0
1670573241647 0.029 0
1670573242886 0.024666666666666667 0
1670573244154 0.028 0
1670573245363 0.029666666666666668 0
1670573246463 0.026333333333333334 0
1670573247388 0.02266666666666667 0
1670573248324 0.027666666666666666 0
1670573249236 0.030666666666666665 0
1670573250285 0.027666666666666666 0
1670573251525 0.024666666666666667 0
1670573252853 0.023333333333333334 0
1670573254100 0.032 0
1670573255221 0.025666666666666667 0
1670573256548 0.028333333333333332 0
1670573257523 0.021666666666666667 0
1670573258017 0.023666666666666666 0
1670573258552 0.029 0
1670573259099 0.024666666666666667 0
1670573260187 0.029333333333333333 0
1670573260950 0.021333333333333333 0
1670573261829 0.029333333333333333 0
1670573262840 0.025333333333333333 0
1670573263544 0.03233333333333333 0
1670573264025 0.025333333333333333 0
1670573264525 0.03133333333333333 0
1670573265566 0.027666666666666666 0
1670573266412 0.025 0
1670573267311 0.025666666666666667 0
1670573268432 0.023666666666666666 0
1670573269432 0.027 0
1670573270274 0.03133333333333333 0
1670573271169 0.029333333333333333 0
1670573272042 0.024333333333333332 0
1670573272725 0.030333333333333334 0
1670573273284 0.028666666666666667 0
1670573273897 0.026333333333333334 0
1670573274833 0.024666666666666667 0
1670573275976 0.027333333333333334 0
1670573277119 0.027333333333333334 0
1670573278479 0.025666666666666667 0
1670573279352 0.028333333333333332 0
1670573280458 0.023666666666666666 0
1670573281689 0.023333333333333334 0
1670573282635 0.03 0
1670573283442 0.031 0
1670573284448 0.029 0
1670573285574 0.025666666666666667 0
1670573286693 0.028 0
1670573287695 0.023333333333333334 0
1670573288611 0.023333333333333334 0
1670573289601 0.024 0
1670573290699 0.025 0
1670573291564 0.026333333333333334 0
1670573292585 0.026333333333333334 0
1670573293688 0.02666666666666667 0
1670573294712 0.024666666666666667 0
1670573295603 0.025 0
1670573296564 0.025333333333333333 0
1670573297766 0.022333333333333334 0
1670573298790 0.024333333333333332 0
1670573299663 0.030333333333333334 0
1670573300931 0.03266666666666666 0
1670573301806 0.026333333333333334 0
1670573303069 0.025333333333333333 0
1670573304151 0.023 0
1670573305260 0.029666666666666668 0
1670573306045 0.030333333333333334 0
1670573306966 0.017333333333333333 0
1670573308142 0.031 0
1670573309288 0.029 0
