1670631742270 0.0018151721052045852 0
1670631746232 0.0005795114137925854 0
1670631750320 0.0003937256209365855 0
1670631754525 0.0006346160240452111 0
1670631758575 0.0005474281646092204 0
1670631762626 0.0005092592353073541 0
1670631766788 0.00047772624081358385 0
1670631770885 0.0006788889713439696 0
1670631775019 0.0006495542320278485 0
1670631779036 0.0006233192171953591 0
1670631782819 0.0006545308532963141 0
1670631786712 0.0006280189532517956 0
1670631790790 0.0006061256875862841 0
1670631795119 0.000586352001869502 0
1670631799227 0.0006077949956538768 0
1670631803076 0.0005919077628785121 0
1670631807055 0.0005771413218811684 0
1670631810926 0.0005944152225606808 0
1670631814704 0.000582097567632444 0
1670631818742 0.0006459281840716605 0
1670631822783 0.0006345436665343926 0
1670631826844 0.0006236416319950648 0
1670631830965 0.0006712800432745237 0
1670631835113 0.0006570692692817574 0
1670631839208 0.0006717636313759011 0
1670631842991 0.0006619076276623317 0
1670631846722 0.0006725975138165291 0
1670631850724 0.0006613820132142526 0
1670631854719 0.000642295150731522 0
1670631858771 0.0006498086541823876 0
1670631862792 0.0006557127407349422 0
1670631866815 0.0006479550347608883 0
1670631870727 0.0006398022300767212 0
1670631874637 0.0006447702857245001 0
1670631878507 0.0006486752634827884 0
1670631882560 0.0006406890850021594 0
1670631886549 0.0006329867734085105 0
1670631890192 0.0006255521825587568 0
1670631893817 0.0006183703962000808 0
1670631897686 0.0006214144712025454 0
1670631901332 0.0006144803684010389 0
1670631905637 0.0006077717767912209 0
1670631909967 0.0006177532134971933 0
1670631914362 0.0006134379921315968 0
1670631918655 0.0006073438851545313 0
1670631923085 0.000610329137697453 0
1670631927445 0.0006065433312250955 0
1670631931943 0.0006369197153485199 0
1670631936128 0.0006395661083867827 0
1670631940377 0.0006338147867188316 0
1670631945040 0.0006282140968971777 0
1670631949818 0.0006304188291648138 0
1670631954403 0.0006322408712357505 0
1670631958616 0.0006337196378733949 0
1670631963044 0.0006412369985784132 0
1670631967460 0.0006359342305762781 0
1670631971988 0.0006326048210756319 0
1670631976615 0.0006292987613178407 0
1670631981172 0.0006310073339841527 0
1670631985750 0.00062613800430918 0
1670631990474 0.0006275841806190828 0
1670631994936 0.0006247452627324403 0
1670631999612 0.0006260875289832725 0
1670632004173 0.0006233995851970863 0
1670632008598 0.000618917468607516 0
1670632013001 0.0006255712716147497 0
1670632017285 0.0006212486053203635 0
1670632021497 0.0006170137966791671 0
1670632025837 0.0006184253749626028 0
1670632030241 0.0006247322923023668 0
1670632034681 0.0006206533124860363 0
1670632039132 0.000616652736919248 0
1670632043601 0.0006225561130764038 0
1670632048187 0.0006186865615248932 0
1670632052751 0.0006201190532126818 0
1670632057344 0.0006213706725268161 0
1670632062011 0.0006175914910880019 0
1670632066597 0.0006186904886996437 0
1670632070652 0.0006149935771704801 0
1670632075180 0.0006208265583547241 0
1670632079816 0.0006187067699946049 0
1670632084485 0.0006240028557756713 0
1670632089109 0.0006217781065658744 0
1670632093711 0.0006265985891090441 0
1670632097773 0.0006242903232806525 0
1670632102112 0.0006219961962934007 0
1670632106750 0.0006197166252074542 0
1670632111131 0.0006165536751560445 0
1670632115537 0.0006181218727308575 0
1670632119788 0.000619543714540287 0
1670632123842 0.0006174773169817903 0
1670632127263 0.0006188283188585702 0
1670632131016 0.000620049789852504 0
1670632135020 0.0006181214389864166 0
1670632138731 0.0006151219253508972 0
1670632142621 0.0006132532396517223 0
1670632147088 0.0006113906339229727 0
1670632151640 0.0006095346034199678 0
1670632155987 0.0006076855999173339 0
1670632160035 0.0006058440350000287 0
1670632163977 0.000603136370977896 0
1670632167887 0.0006072194747693243 0
1670632171959 0.000608712379653571 0
1670632175862 0.0006069118704065547 0
1670632180014 0.0006083393976774002 0
1670632184264 0.0006122133585953781 0
1670632188475 0.0006096395779498806 0
1670632192633 0.0006109978366750355 0
1670632196882 0.000609283641025206 0
1670632201011 0.0006075764939352235 0
1670632205090 0.0006051128349494256 0
1670632209121 0.0006087601607904058 0
1670632213083 0.0006101407203098445 0
1670632216958 0.0006077293005651173 0
1670632221130 0.0006053458578078 0
1670632225041 0.000606626017340274 0
1670632229094 0.0006050689745475811 0
1670632232998 0.0006027461414685883 0
1670632236924 0.0006004495303709907 0
1670632240468 0.0006016774361044008 0
1670632244362 0.000600230792149139 0
1670632248103 0.0005979910168436119 0
1670632252045 0.0006106355593777675 0
1670632256567 0.000613863161798384 0
1670632261301 0.0006116612298195071 0
1670632265993 0.0006128545384465657 0
1670632270421 0.000624480505846685 0
1670632275052 0.000622294911069865 0
1670632279683 0.0006251384166403576 0
1670632284069 0.000622997074408236 0
1670632288163 0.0006453248787940953 0
1670632292377 0.0006463827686589561 0
