1670590917202 0.0 0
1670590917596 0.0 0
1670590917897 0.0 0
1670590918208 0.0 0
1670590918690 0.0 0
1670590919035 0.0 0
1670590919360 0.0 0
1670590919843 0.0 0
1670590920181 0.0 0
1670590920665 0.0 0
1670590921021 0.0 0
1670590921392 0.0 0
1670590921744 0.0 0
1670590922117 0.0 0
1670590922612 0.0 0
1670590923027 0.0 0
1670590923381 0.0 0
1670590923698 0.0 0
1670590924101 0.0 0
1670590924433 0.0 0
1670590924751 0.0 0
1670590925158 0.0 0
1670590925468 0.0 0
1670590926018 0.0 0
1670590926386 0.0 0
1670590926691 0.0 0
1670590927002 0.0 0
1670590927349 0.0 0
1670590927806 0.0 0
1670590928178 0.0 0
1670590928514 0.0 0
1670590928947 0.0 0
1670590929288 0.0 0
1670590929595 0.0 0
1670590929909 0.0 0
1670590930287 0.0 0
1670590930611 0.0 0
1670590930940 0.0 0
1670590931279 0.0 0
1670590931640 0.0 0
1670590931982 0.0 0
1670590932424 0.0 0
1670590932740 0.0 0
1670590933156 0.0 0
1670590933458 0.0 0
1670590933741 0.0 0
1670590934094 0.0 0
1670590934422 0.0 0
1670590934736 0.0 0
1670590935010 0.0 0
1670590935326 0.0 0
1670590935623 0.0 0
1670590936171 0.0 0
1670590936522 0.0 0
1670590936913 0.0 0
1670590937292 0.0 0
1670590937579 0.0 0
1670590937914 0.0 0
1670590938219 0.0 0
1670590938703 0.0 0
1670590939200 0.0 0
1670590939590 0.0 0
1670590939884 0.0 0
1670590940244 0.0 0
1670590940652 0.0 0
1670590941046 0.0 0
1670590941494 0.0 0
1670590941834 0.0 0
1670590942315 0.0 0
1670590942603 0.0 0
1670590942906 0.0 0
1670590943175 0.0 0
1670590943468 0.0 0
1670590943872 0.0 0
1670590944263 0.0 0
1670590944782 0.0 0
1670590945140 0.0 0
1670590945452 0.0 0
1670590945982 0.0 0
1670590946283 0.0 0
1670590946821 0.0 0
1670590947157 0.0 0
1670590947528 0.0 0
1670590947837 0.0 0
1670590948106 0.0 0
1670590948576 0.0 0
1670590949056 0.0 0
1670590949432 0.0 0
1670590949967 0.0 0
1670590950364 0.0 0
1670590950751 0.0 0
1670590951028 0.0 0
1670590951368 0.0 0
1670590951778 0.0 0
1670590952212 0.0 0
1670590952522 0.0 0
1670590952866 0.0 0
1670590953404 0.0 0
1670590953748 0.0 0
1670590954144 0.0 0
1670590954441 0.0 0
1670590954928 0.0 0
