1670594975301 0.004235401578810698 0
1670594976196 0.0013521932988493658 0
1670594977122 0.0009186931155186996 0
1670594978277 0.0014807707227721594 0
1670594979384 0.0012773323840881811 0
1670594980237 0.0013588405029744063 0
1670594981279 0.0013652164478531136 0
1670594982381 0.0013449996086486336 0
1670594983399 0.0012527259113130243 0
1670594984223 0.0011772402530778059 0
1670594985180 0.0011139960616454439 0
1670594986212 0.0015958806033058688 0
1670594987022 0.0015258783582490526 0
1670594988097 0.001519212222051538 0
1670594989124 0.001462003662089545 0
1670594990132 0.001444706915040256 0
1670594990973 0.0013978343857845897 0
1670594992241 0.0013552625177671983 0
1670594993352 0.0013438163465192146 0
1670594994175 0.0013077611865460795 0
1670594995286 0.0012976324231146652 0
1670594996185 0.001286458603187078 0
1670594997157 0.0013002327326937446 0
1670594998149 0.001271826029645131 0
1670594998976 0.0012641034887937528 0
1670595000052 0.0013234975269496743 0
1670595001187 0.0012989783154102644 0
1670595002497 0.0013117705756634992 0
1670595003305 0.001247978650456409 0
1670595004447 0.0012288662053206853 0
1670595005516 0.0012412030647249227 0
1670595006611 0.0012508584385140513 0
1670595007860 0.0012981376235447599 0
1670595008749 0.0012802431136947493 0
1670595009930 0.0012630670414186932 0
1670595010864 0.0012713279899719272 0
1670595011752 0.0012549468932520251 0
1670595012868 0.001250902935894263 0
1670595013833 0.001235710273982504 0
1670595014867 0.0012318229013482738 0
1670595015772 0.0012401365006350505 0
1670595016855 0.0012260708768688997 0
1670595017836 0.0012124726625052495 0
1670595018754 0.0012195331459360337 0
1670595019813 0.0012064720547312084 0
1670595020675 0.001212451095700716 0
1670595021806 0.0012112901614089945 0
1670595022628 0.0012167493265000692 0
1670595023509 0.0012046650060106626 0
1670595024409 0.0012038882906198645 0
1670595025212 0.001192443145338905 0
1670595026311 0.001197669428160068 0
1670595027320 0.001202086306176809 0
1670595028325 0.0012057772118460547 0
1670595029388 0.0012088156130402167 0
1670595030492 0.001198180711021074 0
1670595031313 0.001233926995667005 0
1670595032112 0.0012334618369712435 0
1670595033137 0.00123268421664409 0
1670595033974 0.0012360872127761186 0
1670595034752 0.0012353548370205622 0
1670595035557 0.0012643116366333096 0
1670595036427 0.0012545640854854543 0
1670595037528 0.0012450384809552357 0
1670595038471 0.0013181406763244463 0
1670595039370 0.0013085332861576904 0
1670595040509 0.0012991327464379615 0
1670595041343 0.0012963100360498638 0
1670595042125 0.001299824995077139 0
1670595042994 0.0012971472427101356 0
1670595044187 0.0013004526964596251 0
1670595045045 0.0013033283242128923 0
1670595046045 0.0013058072451594572 0
1670595047101 0.0013037357725449207 0
1670595048303 0.0013015427696428 0
1670595049153 0.0013041058050162378 0
1670595049958 0.0013063204660811003 0
1670595050948 0.001298135709418729 0
1670595051764 0.001300093027865858 0
1670595052893 0.0013581059988399579 0
1670595053784 0.0013554773304924458 0
1670595054735 0.0013474485666405333 0
1670595055568 0.0013491898857091215 0
1670595056585 0.0013413568841105321 0
1670595057638 0.0013336586995623537 0
1670595058595 0.00132609150992189 0
1670595059421 0.0013186516429972504 0
1670595060577 0.0013167485727274373 0
1670595061450 0.0013186057776349957 0
1670595062428 0.001316780654712988 0
1670595063510 0.0013097265470228565 0
1670595064366 0.00130278456280477 0
1670595065257 0.0013517789300420632 0
1670595066369 0.0013448138488764176 0
1670595067269 0.0013379552520829522 0
1670595068159 0.0013356911013950835 0
1670595068996 0.0013290353962808494 0
1670595069850 0.0013224781147484687 0
1670595070682 0.0013160168569862826 0
1670595071642 0.0013309458112668185 0
1670595072448 0.0013246042228410159 0
