1670622074446 0.0 0
1670622083614 0.0 0
1670622092731 0.0 0
1670622102137 0.0 0
1670622112609 0.0 0
1670622123228 0.0 0
1670622133327 0.0 0
1670622143258 0.0 0
1670622152806 0.0 0
1670622162618 0.0 0
1670622172627 0.0 0
1670622181939 0.0 0
1670622191330 0.0 0
1670622201464 0.0 0
1670622211749 0.0 0
1670622221980 0.0 0
1670622232345 0.0 0
1670622243019 0.0 0
1670622253515 0.0 0
1670622264405 0.0 0
1670622275590 0.0 0
1670622286227 0.0 0
1670622296553 0.0 0
1670622306202 0.0 0
1670622316813 0.0 0
1670622327415 0.0 0
1670622337954 0.0 0
1670622349028 0.0 0
1670622360235 0.0 0
1670622370936 0.0 0
1670622380936 0.0 0
1670622391168 0.0 0
1670622401776 0.0 0
1670622411889 0.0 0
1670622421884 0.0 0
1670622431953 0.0 0
1670622442567 0.0 0
1670622453484 0.0 0
1670622463652 0.0 0
1670622474886 0.0 0
1670622486151 0.0 0
1670622496391 0.0 0
1670622506675 0.0 0
1670622516573 0.0 0
1670622527152 0.0 0
1670622537840 0.0 0
1670622548398 0.0 0
1670622557766 0.0 0
1670622567280 0.0 0
1670622577209 0.0 0
1670622587036 0.0 0
1670622596664 0.0 0
1670622606790 0.0 0
1670622616842 0.0 0
1670622626681 0.0 0
1670622635671 0.0 0
1670622644846 0.0 0
1670622654118 0.0 0
1670622664137 0.0 0
1670622674011 0.0 0
1670622683693 0.0 0
1670622693977 0.0 0
1670622703835 0.0 0
1670622713636 0.0 0
1670622723223 0.0 0
1670622732953 0.0 0
1670622742878 0.0 0
1670622753164 0.0 0
1670622763643 0.0 0
1670622773884 0.0 0
1670622783012 0.0 0
1670622791381 0.0 0
1670622800639 0.0 0
1670622810014 0.0 0
1670622819468 0.0 0
1670622828916 0.0 0
1670622838667 0.0 0
1670622848593 0.0 0
1670622859394 0.0 0
1670622870371 0.0 0
1670622881090 0.0 0
1670622890683 0.0 0
1670622899984 0.0 0
1670622909505 0.0 0
1670622919547 0.0 0
1670622929324 0.0 0
1670622939133 0.0 0
1670622948923 0.0 0
1670622958602 0.0 0
1670622969144 0.0 0
1670622979526 0.0 0
1670622989750 0.0 0
1670622999661 0.0 0
1670623009244 0.0 0
1670623018539 0.0 0
1670623028311 0.0 0
1670623037857 0.0 0
1670623047677 0.0 0
1670623058812 0.0 0
1670623070396 0.0 0
1670623082155 0.0 0
1670623093684 0.0 0
