1670571281912 0.136 0
1670571282619 0.13666666666666666 0
1670571283387 0.13533333333333333 0
1670571283894 0.13433333333333333 0
1670571284756 0.136 0
1670571285435 0.13366666666666666 0
1670571286259 0.131 0
1670571287011 0.13633333333333333 0
1670571287481 0.13133333333333333 0
1670571288197 0.13433333333333333 0
1670571288979 0.13633333333333333 0
1670571289851 0.142 0
1670571290592 0.13566666666666666 0
1670571291456 0.13433333333333333 0
1670571292292 0.13633333333333333 0
1670571293106 0.13833333333333334 0
1670571294130 0.133 0
1670571294882 0.14566666666666667 0
1670571295429 0.142 0
1670571296015 0.14866666666666667 0
1670571296872 0.137 0
1670571297513 0.13466666666666666 0
1670571298122 0.14366666666666666 0
1670571298798 0.136 0
1670571299574 0.13966666666666666 0
1670571300164 0.13766666666666666 0
1670571300838 0.142 0
1670571301533 0.14633333333333334 0
1670571302236 0.143 0
1670571302978 0.14366666666666666 0
1670571303607 0.14266666666666666 0
1670571304202 0.13533333333333333 0
1670571304923 0.13833333333333334 0
1670571305883 0.13 0
1670571306846 0.14266666666666666 0
1670571307628 0.137 0
1670571308565 0.14033333333333334 0
1670571309149 0.14166666666666666 0
1670571309858 0.14166666666666666 0
1670571310430 0.14966666666666667 0
1670571311021 0.137 0
1670571311543 0.14566666666666667 0
1670571312336 0.14233333333333334 0
1670571313172 0.13533333333333333 0
1670571313971 0.14533333333333334 0
1670571314920 0.13633333333333333 0
1670571315775 0.14466666666666667 0
1670571316406 0.14766666666666667 0
1670571317422 0.13766666666666666 0
1670571318013 0.14066666666666666 0
1670571318909 0.144 0
1670571319510 0.14366666666666666 0
1670571320252 0.12966666666666668 0
1670571320808 0.13966666666666666 0
1670571321390 0.14033333333333334 0
1670571322217 0.13633333333333333 0
1670571322983 0.14033333333333334 0
1670571323642 0.138 0
1670571324199 0.14066666666666666 0
1670571324952 0.13933333333333334 0
1670571325725 0.137 0
1670571326653 0.137 0
1670571327447 0.12966666666666668 0
1670571328145 0.141 0
1670571328834 0.144 0
1670571329542 0.14266666666666666 0
1670571330072 0.13866666666666666 0
1670571330756 0.134 0
1670571331560 0.14333333333333334 0
1670571332313 0.13633333333333333 0
1670571332975 0.137 0
1670571333788 0.13733333333333334 0
1670571334347 0.135 0
1670571334982 0.131 0
1670571335944 0.13833333333333334 0
1670571336702 0.13866666666666666 0
1670571337769 0.136 0
1670571338338 0.14433333333333334 0
1670571338939 0.136 0
1670571339658 0.136 0
1670571340381 0.13833333333333334 0
1670571340980 0.139 0
1670571341581 0.144 0
1670571342378 0.138 0
1670571343182 0.13433333333333333 0
1670571343797 0.13866666666666666 0
1670571344366 0.13433333333333333 0
1670571345075 0.14533333333333334 0
1670571346001 0.13366666666666666 0
1670571346599 0.13933333333333334 0
1670571347167 0.13466666666666666 0
1670571348051 0.135 0
1670571348699 0.13733333333333334 0
1670571349453 0.14733333333333334 0
1670571350111 0.139 0
1670571350839 0.13933333333333334 0
1670571351464 0.13466666666666666 0
1670571352171 0.14533333333333334 0
1670571352874 0.13533333333333333 0
1670571353671 0.133 0
1670571354317 0.136 0
1670571355159 0.13233333333333333 0
