1670568905044 0.0 0
1670568905390 0.0 0
1670568905667 0.0 0
1670568906066 0.0 0
1670568906421 0.0 0
1670568906906 0.0 0
1670568907228 0.0 0
1670568907598 0.0 0
1670568907910 0.0 0
1670568908280 0.0 0
1670568908680 0.0 0
1670568908989 0.0 0
1670568909280 0.0 0
1670568909755 0.0 0
1670568910162 0.0 0
1670568910595 0.0 0
1670568910942 0.0 0
1670568911218 0.0 0
1670568911605 0.0 0
1670568911925 0.0 0
1670568912340 0.0 0
1670568912694 0.0 0
1670568913057 0.0 0
1670568913529 0.0 0
1670568913935 0.0 0
1670568914245 0.0 0
1670568914605 0.0 0
1670568915033 0.0 0
1670568915345 0.0 0
1670568916015 0.0 0
1670568916431 0.0 0
1670568916824 0.0 0
1670568917109 0.0 0
1670568917326 0.0 0
1670568917683 0.0 0
1670568918016 0.0 0
1670568918475 0.0 0
1670568918991 0.0 0
1670568919245 0.0 0
1670568919504 0.0 0
1670568919938 0.0 0
1670568920245 0.0 0
1670568920641 0.0 0
1670568921055 0.0 0
1670568921406 0.0 0
1670568921827 0.0 0
1670568922110 0.0 0
1670568922554 0.0 0
1670568922995 0.0 0
1670568923442 0.0 0
1670568923756 0.0 0
1670568924137 0.0 0
1670568924358 0.0 0
1670568924822 0.0 0
1670568925158 0.0 0
1670568925530 0.0 0
1670568925813 0.0 0
1670568926329 0.0 0
1670568926691 0.0 0
1670568927081 0.0 0
1670568927413 0.0 0
1670568927772 0.0 0
1670568928084 0.0 0
1670568928520 0.0 0
1670568928707 0.0 0
1670568928896 0.0 0
1670568929076 0.0 0
1670568929274 0.0 0
1670568929680 0.0 0
1670568930045 0.0 0
1670568930259 0.0 0
1670568930577 0.0 0
1670568930790 0.0 0
1670568931166 0.0 0
1670568931577 0.0 0
1670568931938 0.0 0
1670568932312 0.0 0
1670568932733 0.0 0
1670568933215 0.0 0
1670568933532 0.0 0
1670568933766 0.0 0
1670568934222 0.0 0
1670568934585 0.0 0
1670568935029 0.0 0
1670568935421 0.0 0
1670568935644 0.0 0
1670568935845 0.0 0
1670568936065 0.0 0
1670568936532 0.0 0
1670568936807 0.0 0
1670568937124 0.0 0
1670568937517 0.0 0
1670568937710 0.0 0
1670568938059 0.0 0
1670568938400 0.0 0
1670568938714 0.0 0
1670568939017 0.0 0
1670568939297 0.0 0
1670568939609 0.0 0
1670568939816 0.0 0
1670568940077 0.0 0
