1670638301550 0.0 0
1670638303326 0.0 0
1670638304899 0.0 0
1670638306676 0.0003333333333333333 0
1670638308414 0.0 0
1670638310279 0.0 0
1670638312019 0.0 0
1670638313800 0.0 0
1670638315561 0.0 0
1670638317139 0.0 0
1670638318895 0.0003333333333333333 0
1670638320628 0.0 0
1670638322262 0.0003333333333333333 0
1670638323893 0.0 0
1670638325422 0.0 0
1670638327002 0.0 0
1670638328754 0.0 0
1670638330177 0.0 0
1670638331810 0.0 0
1670638333602 0.0 0
1670638335372 0.0 0
1670638337202 0.0 0
1670638339018 0.0 0
1670638340840 0.0 0
1670638342477 0.0 0
1670638344109 0.0 0
1670638345707 0.0003333333333333333 0
1670638347312 0.0 0
1670638349032 0.0 0
1670638350662 0.0 0
1670638352358 0.0 0
1670638353997 0.0 0
1670638355768 0.0 0
1670638357560 0.0 0
1670638359360 0.0 0
1670638361066 0.0 0
1670638362813 0.0 0
1670638364316 0.0 0
1670638366085 0.0 0
1670638367835 0.0 0
1670638369574 0.0 0
1670638371333 0.0 0
1670638373098 0.0 0
1670638375042 0.0 0
1670638376814 0.0 0
1670638378589 0.0 0
1670638380312 0.0 0
1670638382016 0.0 0
1670638383565 0.0 0
1670638385187 0.0 0
1670638386857 0.0 0
1670638388559 0.0 0
1670638390279 0.0 0
1670638392021 0.0 0
1670638393704 0.0 0
1670638395421 0.0 0
1670638397104 0.0 0
1670638398649 0.0 0
1670638400369 0.0 0
1670638402084 0.0 0
1670638403846 0.0 0
1670638405592 0.0 0
1670638407174 0.0 0
1670638408928 0.0 0
1670638410698 0.0 0
1670638412458 0.0 0
1670638414152 0.0 0
1670638415895 0.0 0
1670638417639 0.0 0
1670638419478 0.0 0
1670638421432 0.0 0
1670638423509 0.0 0
1670638425455 0.0 0
1670638427453 0.0 0
1670638429374 0.0 0
1670638431122 0.0 0
1670638432768 0.0 0
1670638434603 0.0 0
1670638436424 0.0 0
1670638438162 0.0 0
1670638439957 0.0 0
1670638441715 0.0 0
1670638443522 0.0 0
1670638445373 0.0 0
1670638447154 0.0 0
1670638449013 0.0 0
1670638450843 0.0 0
1670638452631 0.0 0
1670638454492 0.0 0
1670638456320 0.0003333333333333333 0
1670638458161 0.0 0
1670638460005 0.0 0
1670638461744 0.0 0
1670638463574 0.0 0
1670638465313 0.0 0
1670638467099 0.0 0
1670638468901 0.0003333333333333333 0
1670638470787 0.0 0
1670638472518 0.0 0
1670638474053 0.0 0
1670638475755 0.0 0
1670638477396 0.0003333333333333333 0
1670638478907 0.0 0
1670638480760 0.0 0
1670638482518 0.0 0
1670638484138 0.0 0
1670638485542 0.0 0
1670638487082 0.0003333333333333333 0
1670638488666 0.0 0
1670638490430 0.0003333333333333333 0
1670638492069 0.0 0
1670638493895 0.0 0
1670638495636 0.0 0
1670638497408 0.0 0
1670638499025 0.0 0
1670638500753 0.0 0
1670638502341 0.0 0
