1670570821635 0.0 0
1670570821785 0.0 0
1670570821983 0.0 0
1670570822253 0.0 0
1670570822382 0.0 0
1670570822531 0.0 0
1670570822807 0.0 0
1670570823027 0.0 0
1670570823103 0.0 0
1670570823170 0.0 0
1670570823375 0.0 0
1670570823512 0.0 0
1670570823737 0.0 0
1670570823932 0.0 0
1670570824061 0.0 0
1670570824147 0.0 0
1670570824309 0.0 0
1670570824502 0.0 0
1670570824680 0.0 0
1670570824894 0.0 0
1670570825110 0.0 0
1670570825245 0.0 0
1670570825371 0.0 0
1670570825590 0.0 0
1670570825796 0.0 0
1670570826014 0.0 0
1670570826189 0.0 0
1670570826409 0.0 0
1670570826630 0.0 0
1670570826721 0.0 0
1670570826923 0.0 0
1670570827188 0.0 0
1670570827386 0.0 0
1670570827604 0.0 0
1670570827792 0.0 0
1670570828078 0.0 0
1670570828226 0.0 0
1670570828340 0.0 0
1670570828428 0.0 0
1670570828573 0.0 0
1670570828839 0.0 0
1670570829035 0.0 0
1670570829185 0.0 0
1670570829387 0.0 0
1670570829605 0.0 0
1670570829856 0.0 0
1670570829983 0.0 0
1670570830167 0.0 0
1670570830300 0.0 0
1670570830486 0.0 0
1670570830717 0.0 0
1670570830927 0.0 0
1670570831018 0.0 0
1670570831195 0.0 0
1670570831478 0.0 0
1670570831681 0.0 0
1670570831834 0.0 0
1670570832069 0.0 0
1670570832193 0.0 0
1670570832420 0.0 0
1670570832659 0.0 0
1670570832789 0.0 0
1670570832914 0.0 0
1670570833106 0.0 0
1670570833374 0.0 0
1670570833610 0.0 0
1670570833810 0.0 0
1670570834016 0.0 0
1670570834112 0.0 0
1670570834257 0.0 0
1670570834404 0.0 0
1670570834623 0.0 0
1670570834781 0.0 0
1670570834981 0.0 0
1670570835131 0.0 0
1670570835421 0.0 0
1670570835541 0.0 0
1670570835775 0.0 0
1670570835934 0.0 0
1670570836178 0.0 0
1670570836365 0.0 0
1670570836536 0.0 0
1670570836767 0.0 0
1670570836953 0.0 0
1670570837095 0.0 0
1670570837190 0.0 0
1670570837361 0.0 0
1670570837544 0.0 0
1670570837831 0.0 0
1670570838006 0.0 0
1670570838096 0.0 0
1670570838199 0.0 0
1670570838444 0.0 0
1670570838629 0.0 0
1670570838810 0.0 0
1670570838985 0.0 0
1670570839177 0.0 0
1670570839436 0.0 0
1670570839650 0.0 0
1670570839842 0.0 0
1670570839979 0.0 0
