1670635428430 nan 0
1670635430706 0.0006760966494246843 0
1670635432972 0.0038523085670132805 0
1670635435334 0.0030074595550653935 0
1670635437823 0.003884854782334041 0
1670635440669 0.003553370589859093 0
1670635443728 0.0033887791774880466 0
1670635446170 0.003117083454954165 0
1670635449534 0.002901877322979556 0
1670635452348 0.0027855315991511323 0
1670635455228 0.002653015416326205 0
1670635458096 0.002572309652063485 0
1670635460934 0.0026025468724017653 0
1670635463771 0.002506672979189965 0
1670635466886 0.0024595830812575003 0
1670635469702 0.0024058507836414843 0
1670635472563 0.0023546353226364066 0
1670635475435 0.0022864021149528843 0
1670635478316 0.002220261308672381 0
1670635481276 0.0021595580732167025 0
1670635484332 0.002175967606202217 0
1670635487406 0.002124439148388836 0
1670635490556 0.002134644986425297 0
1670635493569 0.0021731021338168427 0
1670635496544 0.0023557644144449625 0
1670635498941 0.0023319154209797844 0
1670635501336 0.0028581155571505957 0
1670635503895 0.0028062924890227044 0
1670635506770 0.002706096584060508 0
1670635509644 0.0027264088075543893 0
1670635512484 0.0026924746394705115 0
1670635515344 0.0026866466385406735 0
1670635518242 0.0027220742384652967 0
1670635521027 0.0026976551324282214 0
1670635523678 0.002725013875170601 0
1670635526344 0.0027535250975354968 0
1670635529336 0.002757266357202799 0
1670635532424 0.002732654128163246 0
1670635535461 0.0027993408556734128 0
1670635538554 0.0027732729538429784 0
1670635541624 0.002740068598157277 0
1670635544664 0.0027156901595539046 0
1670635547217 0.0027692612010798605 0
1670635550007 0.00276289616293252 0
1670635552932 0.002745079969566036 0
1670635555848 0.002716463084540072 0
1670635558797 0.002696874560108715 0
1670635561700 0.002691104783397347 0
1670635564574 0.002732258218924824 0
1670635567490 0.0027148001083201496 0
1670635570418 0.0027073613059123876 0
1670635573291 0.0026849268704761814 0
1670635576093 0.0026782359918599125 0
1670635578873 0.0026714900396905116 0
1670635581681 0.002676580122813939 0
1670635584491 0.002653395345753802 0
1670635587311 0.0027071741501880154 0
1670635590112 0.0026843422689484513 0
1670635592914 0.0026789493971888768 0
1670635595764 0.0026653088496765183 0
1670635598457 0.0026971731887476796 0
1670635601010 0.0027469429914632345 0
1670635603496 0.0027256896118546207 0
1670635606003 0.002707273848013102 0
1670635608493 0.0026869383957917412 0
1670635610943 0.002680815768826731 0
1670635613585 0.002711133026245916 0
1670635616070 0.0026916985536493652 0
1670635618542 0.002674956474382994 0
1670635621185 0.0027760199855919434 0
1670635623345 0.0027867238446404987 0
1670635626275 0.002772905497322788 0
1670635629277 0.0027822489077499978 0
1670635632379 0.0028152683316497833 0
1670635635549 0.002820697846305528 0
1670635638387 0.0029007971462039917 0
1670635641302 0.002890564366357564 0
1670635644225 0.0028732126649396858 0
1670635647145 0.002888500500981212 0
1670635650024 0.002915322147250983 0
1670635652717 0.0028983139158991113 0
1670635655309 0.0028841565547127043 0
1670635657851 0.002880414282499081 0
1670635660551 0.0028718380974570535 0
1670635663110 0.002868247117133486 0
1670635665612 0.002855562895212812 0
1670635668139 0.0028403197486369753 0
1670635670650 0.0028250115236922715 0
1670635673290 0.002817289101139536 0
1670635675948 0.002802708479583574 0
1670635678422 0.00279054722646947 0
1670635680803 0.0027890597300906424 0
1670635683415 0.0027741854813445304 0
1670635685942 0.0027603006822736267 0
1670635688264 0.0027492254663468345 0
1670635690848 0.002830064558003746 0
1670635693407 0.0028272514350440214 0
1670635695668 0.0028129494950526637 0
1670635698050 0.002799815393067908 0
1670635700213 0.0028321665193356505 0
1670635702411 0.0028187219317493137 0
