1670603559997 0.16666666666666666 0
1670603561304 0.16666666666666666 0
1670603562688 0.16666666666666666 0
1670603564487 0.16666666666666666 0
1670603566201 0.16666666666666666 0
1670603567825 0.16666666666666666 0
1670603569005 0.16666666666666666 0
1670603570462 0.16666666666666666 0
1670603571874 0.16666666666666666 0
1670603573021 0.16666666666666666 0
1670603574177 0.16666666666666666 0
1670603575909 0.16666666666666666 0
1670603577021 0.16666666666666666 0
1670603578271 0.1665 0
1670603579920 0.16666666666666666 0
1670603581359 0.16666666666666666 0
1670603582679 0.16666666666666666 0
1670603584338 0.16666666666666666 0
1670603585886 0.16666666666666666 0
1670603586996 0.16666666666666666 0
1670603588289 0.16666666666666666 0
1670603589899 0.16666666666666666 0
1670603591229 0.16666666666666666 0
1670603592756 0.16666666666666666 0
1670603594538 0.16666666666666666 0
1670603596387 0.16666666666666666 0
1670603597749 0.16666666666666666 0
1670603599008 0.16666666666666666 0
1670603600602 0.16666666666666666 0
1670603602079 0.16666666666666666 0
1670603603428 0.16666666666666666 0
1670603605281 0.16666666666666666 0
1670603606474 0.16666666666666666 0
1670603607964 0.16666666666666666 0
1670603609138 0.16666666666666666 0
1670603610387 0.16666666666666666 0
1670603612030 0.16666666666666666 0
1670603613515 0.16666666666666666 0
1670603615719 0.16666666666666666 0
1670603616959 0.16666666666666666 0
1670603618512 0.16666666666666666 0
1670603620459 0.16666666666666666 0
1670603622092 0.16666666666666666 0
1670603623876 0.16666666666666666 0
1670603625500 0.16666666666666666 0
1670603626979 0.16666666666666666 0
1670603628169 0.16666666666666666 0
1670603629436 0.16666666666666666 0
1670603630561 0.16666666666666666 0
1670603632083 0.16666666666666666 0
1670603633201 0.16666666666666666 0
1670603634707 0.16666666666666666 0
1670603636463 0.16666666666666666 0
1670603637866 0.16666666666666666 0
1670603639320 0.16666666666666666 0
1670603640497 0.16666666666666666 0
1670603641695 0.16666666666666666 0
1670603643289 0.16666666666666666 0
1670603644484 0.16666666666666666 0
1670603646153 0.16666666666666666 0
1670603647525 0.16666666666666666 0
1670603648917 0.16666666666666666 0
1670603650239 0.16666666666666666 0
1670603651903 0.16666666666666666 0
1670603653211 0.16666666666666666 0
1670603654713 0.16666666666666666 0
1670603656054 0.16666666666666666 0
1670603657461 0.16666666666666666 0
1670603658627 0.1665 0
1670603660431 0.16666666666666666 0
1670603661655 0.16666666666666666 0
1670603663380 0.16666666666666666 0
1670603664499 0.16666666666666666 0
1670603666098 0.16666666666666666 0
1670603667458 0.16666666666666666 0
1670603668892 0.16666666666666666 0
1670603670396 0.16666666666666666 0
1670603671994 0.16666666666666666 0
1670603673457 0.16666666666666666 0
1670603675038 0.16666666666666666 0
1670603676195 0.16666666666666666 0
1670603677724 0.16666666666666666 0
1670603679154 0.16666666666666666 0
1670603680548 0.16666666666666666 0
1670603681943 0.1665 0
1670603683142 0.16666666666666666 0
1670603684452 0.16666666666666666 0
1670603685986 0.16666666666666666 0
1670603687848 0.16666666666666666 0
1670603688984 0.16666666666666666 0
1670603690670 0.16666666666666666 0
1670603691907 0.16666666666666666 0
1670603693423 0.16666666666666666 0
1670603694470 0.16666666666666666 0
1670603695809 0.16666666666666666 0
1670603697284 0.16666666666666666 0
1670603698528 0.16666666666666666 0
1670603699927 0.16666666666666666 0
1670603701194 0.16666666666666666 0
1670603702730 0.16666666666666666 0
1670603704015 0.16666666666666666 0
1670603705529 0.16666666666666666 0
1670603707311 0.16666666666666666 0
1670603708708 0.16666666666666666 0
1670603710228 0.16666666666666666 0
1670603711811 0.16666666666666666 0
1670603713616 0.16666666666666666 0
1670603715429 0.16666666666666666 0
1670603716647 0.16666666666666666 0
1670603717992 0.16666666666666666 0
1670603719930 0.16666666666666666 0
1670603721403 0.16666666666666666 0
1670603723301 0.16666666666666666 0
1670603724541 0.16666666666666666 0
1670603726104 0.16666666666666666 0
1670603727378 0.16666666666666666 0
1670603728557 0.16666666666666666 0
1670603730067 0.16666666666666666 0
1670603731183 0.16666666666666666 0
1670603733118 0.16666666666666666 0
1670603735430 0.16666666666666666 0
1670603737297 0.16666666666666666 0
1670603739281 0.16666666666666666 0
1670603740894 0.16666666666666666 0
1670603742532 0.16666666666666666 0
1670603744263 0.16666666666666666 0
1670603745801 0.16666666666666666 0
1670603747551 0.16666666666666666 0
1670603749494 0.16666666666666666 0
1670603751594 0.16666666666666666 0
1670603753200 0.16666666666666666 0
1670603755523 0.16666666666666666 0
1670603757435 0.16666666666666666 0
1670603758962 0.16666666666666666 0
1670603760763 0.16666666666666666 0
1670603762541 0.16666666666666666 0
1670603764527 0.16666666666666666 0
1670603766631 0.16666666666666666 0
1670603768457 0.16666666666666666 0
1670603770331 0.16666666666666666 0
1670603772169 0.16666666666666666 0
1670603774021 0.16666666666666666 0
1670603775961 0.16666666666666666 0
1670603777721 0.16666666666666666 0
1670603779643 0.16666666666666666 0
1670603781785 0.16666666666666666 0
1670603783477 0.16666666666666666 0
1670603785192 0.16666666666666666 0
1670603786603 0.16666666666666666 0
1670603788194 0.16666666666666666 0
1670603790035 0.16666666666666666 0
1670603792143 0.16666666666666666 0
1670603793916 0.16666666666666666 0
1670603795491 0.16666666666666666 0
1670603797532 0.16666666666666666 0
1670603799331 0.16666666666666666 0
1670603800906 0.16666666666666666 0
1670603802211 0.16666666666666666 0
1670603804547 0.16666666666666666 0
1670603806349 0.16666666666666666 0
1670603808128 0.16666666666666666 0
1670603809761 0.16666666666666666 0
1670603811492 0.16666666666666666 0
1670603813197 0.16666666666666666 0
1670603814693 0.16666666666666666 0
1670603816363 0.16666666666666666 0
1670603817733 0.16666666666666666 0
1670603819279 0.16666666666666666 0
1670603821094 0.16666666666666666 0
1670603822759 0.16666666666666666 0
1670603824431 0.16666666666666666 0
1670603826084 0.16666666666666666 0
1670603827114 0.16666666666666666 0
1670603828279 0.16666666666666666 0
1670603830088 0.16666666666666666 0
1670603831400 0.16666666666666666 0
1670603833307 0.16666666666666666 0
1670603835463 0.16666666666666666 0
1670603837647 0.16666666666666666 0
1670603839266 0.16666666666666666 0
1670603840645 0.16666666666666666 0
1670603843207 0.16666666666666666 0
1670603844253 0.16666666666666666 0
1670603845249 0.16666666666666666 0
1670603846599 0.16666666666666666 0
1670603848680 0.16666666666666666 0
1670603850125 0.16666666666666666 0
1670603852430 0.16666666666666666 0
1670603854512 0.16666666666666666 0
1670603856689 0.16666666666666666 0
1670603858539 0.16666666666666666 0
1670603860787 0.16666666666666666 0
1670603862800 0.16666666666666666 0
1670603864796 0.16666666666666666 0
1670603866282 0.16666666666666666 0
1670603867570 0.16666666666666666 0
1670603869344 0.16666666666666666 0
1670603871100 0.16666666666666666 0
1670603872617 0.16666666666666666 0
1670603874712 0.1665 0
1670603876203 0.16666666666666666 0
1670603878090 0.16666666666666666 0
1670603880100 0.16666666666666666 0
1670603882138 0.16666666666666666 0
1670603883987 0.16666666666666666 0
1670603885863 0.16666666666666666 0
1670603887668 0.16666666666666666 0
1670603889029 0.16666666666666666 0
1670603891091 0.16666666666666666 0
1670603893001 0.16666666666666666 0
1670603894559 0.16666666666666666 0
1670603895694 0.16666666666666666 0
1670603897496 0.16666666666666666 0
1670603899377 0.16666666666666666 0
1670603901121 0.16666666666666666 0
1670603903144 0.16666666666666666 0
1670603905062 0.16666666666666666 0
1670603907109 0.16666666666666666 0
1670603908749 0.16666666666666666 0
1670603910769 0.16666666666666666 0
1670603912741 0.1665 0
1670603914688 0.16666666666666666 0
