1670575451789 0.3333333333333333 0
1670575452338 0.3333333333333333 0
1670575452922 0.3333333333333333 0
1670575453799 0.3333333333333333 0
1670575454310 0.3333333333333333 0
1670575454935 0.3333333333333333 0
1670575455535 0.3333333333333333 0
1670575456063 0.3333333333333333 0
1670575456661 0.3333333333333333 0
1670575457339 0.3333333333333333 0
1670575458076 0.3333333333333333 0
1670575458635 0.3333333333333333 0
1670575459306 0.3333333333333333 0
1670575459845 0.3333333333333333 0
1670575460345 0.3333333333333333 0
1670575461073 0.3333333333333333 0
1670575461637 0.3333333333333333 0
1670575462191 0.3333333333333333 0
1670575462668 0.3333333333333333 0
1670575463332 0.3333333333333333 0
1670575463973 0.3333333333333333 0
1670575464554 0.3333333333333333 0
1670575465470 0.3333333333333333 0
1670575466012 0.3333333333333333 0
1670575466642 0.3333333333333333 0
1670575467054 0.3333333333333333 0
1670575467547 0.3333333333333333 0
1670575468154 0.3333333333333333 0
1670575468758 0.3333333333333333 0
1670575469492 0.3333333333333333 0
1670575470062 0.3333333333333333 0
1670575470640 0.3333333333333333 0
1670575471129 0.3333333333333333 0
1670575471670 0.3333333333333333 0
1670575472544 0.3333333333333333 0
1670575473250 0.3333333333333333 0
1670575473925 0.3333333333333333 0
1670575474757 0.3333333333333333 0
1670575475431 0.3333333333333333 0
1670575476094 0.3333333333333333 0
1670575476866 0.3333333333333333 0
1670575477661 0.3333333333333333 0
1670575478331 0.3333333333333333 0
1670575478912 0.3333333333333333 0
1670575479531 0.3333333333333333 0
1670575480074 0.3333333333333333 0
1670575480673 0.3333333333333333 0
1670575481236 0.3333333333333333 0
1670575481792 0.3333333333333333 0
1670575482444 0.3333333333333333 0
1670575483070 0.3333333333333333 0
1670575483568 0.3333333333333333 0
1670575484323 0.3333333333333333 0
1670575484917 0.3333333333333333 0
1670575485408 0.3333333333333333 0
1670575486002 0.3333333333333333 0
1670575486745 0.3333333333333333 0
1670575487225 0.3333333333333333 0
1670575487859 0.3333333333333333 0
1670575488510 0.3333333333333333 0
1670575489489 0.3333333333333333 0
1670575490007 0.3333333333333333 0
1670575490868 0.3333333333333333 0
1670575491356 0.3333333333333333 0
1670575491901 0.3333333333333333 0
1670575492677 0.3333333333333333 0
1670575493214 0.3333333333333333 0
1670575493823 0.3333333333333333 0
1670575494421 0.3333333333333333 0
1670575495135 0.3333333333333333 0
1670575495807 0.3333333333333333 0
1670575496447 0.3333333333333333 0
1670575496910 0.3333333333333333 0
1670575497408 0.3333333333333333 0
1670575498112 0.3333333333333333 0
1670575498569 0.3333333333333333 0
1670575499225 0.3333333333333333 0
1670575499954 0.3333333333333333 0
1670575500621 0.3333333333333333 0
1670575501216 0.3333333333333333 0
1670575501844 0.3333333333333333 0
1670575502455 0.3333333333333333 0
1670575503064 0.3333333333333333 0
1670575503531 0.3333333333333333 0
1670575503994 0.3333333333333333 0
1670575504695 0.3333333333333333 0
1670575505362 0.3333333333333333 0
1670575506029 0.3333333333333333 0
1670575506622 0.3333333333333333 0
1670575507550 0.3333333333333333 0
1670575508340 0.3333333333333333 0
1670575508927 0.3333333333333333 0
1670575509429 0.3333333333333333 0
1670575510095 0.3333333333333333 0
1670575511028 0.3333333333333333 0
1670575511650 0.3333333333333333 0
1670575512142 0.3333333333333333 0
1670575512824 0.3333333333333333 0
1670575513353 0.3333333333333333 0
1670575514057 0.3333333333333333 0
1670575514512 0.3333333333333333 0
1670575515074 0.3333333333333333 0
1670575515673 0.3333333333333333 0
1670575516545 0.3333333333333333 0
1670575517167 0.3333333333333333 0
1670575517633 0.3333333333333333 0
1670575518288 0.3333333333333333 0
1670575518796 0.3333333333333333 0
1670575519393 0.3333333333333333 0
1670575519969 0.3333333333333333 0
1670575520809 0.3333333333333333 0
1670575521434 0.3333333333333333 0
1670575522052 0.3333333333333333 0
1670575522677 0.3333333333333333 0
1670575523323 0.3333333333333333 0
1670575523946 0.3333333333333333 0
1670575524621 0.3333333333333333 0
1670575525220 0.3333333333333333 0
1670575525805 0.33366666666666667 0
1670575526352 0.3333333333333333 0
1670575526844 0.3333333333333333 0
1670575527317 0.3333333333333333 0
1670575528000 0.3333333333333333 0
1670575528564 0.3333333333333333 0
1670575529141 0.3333333333333333 0
1670575529880 0.3333333333333333 0
1670575530506 0.3333333333333333 0
1670575531122 0.3333333333333333 0
1670575531707 0.3333333333333333 0
1670575532453 0.3333333333333333 0
1670575532882 0.3333333333333333 0
1670575533566 0.3333333333333333 0
1670575534046 0.3333333333333333 0
1670575534548 0.3333333333333333 0
1670575535168 0.3333333333333333 0
1670575535763 0.3333333333333333 0
1670575536270 0.3333333333333333 0
1670575536923 0.3333333333333333 0
1670575537671 0.3333333333333333 0
1670575538204 0.3333333333333333 0
1670575538736 0.3333333333333333 0
1670575539208 0.3333333333333333 0
1670575539843 0.3333333333333333 0
1670575540475 0.3333333333333333 0
1670575540961 0.3333333333333333 0
1670575541414 0.3333333333333333 0
1670575541924 0.3333333333333333 0
1670575542471 0.3333333333333333 0
1670575543034 0.3333333333333333 0
1670575543955 0.3333333333333333 0
1670575544647 0.3333333333333333 0
1670575545446 0.3333333333333333 0
1670575546058 0.3333333333333333 0
1670575546596 0.3333333333333333 0
1670575547134 0.3333333333333333 0
1670575547742 0.3333333333333333 0
1670575548316 0.3333333333333333 0
1670575548865 0.3333333333333333 0
1670575549501 0.3333333333333333 0
1670575549973 0.3333333333333333 0
1670575550535 0.3333333333333333 0
1670575551147 0.3333333333333333 0
1670575551603 0.3333333333333333 0
1670575552303 0.3333333333333333 0
1670575553077 0.3333333333333333 0
1670575553588 0.3333333333333333 0
1670575554088 0.3333333333333333 0
1670575554709 0.3333333333333333 0
1670575555304 0.3333333333333333 0
1670575555823 0.3333333333333333 0
1670575556363 0.3333333333333333 0
1670575556837 0.3333333333333333 0
1670575557611 0.3333333333333333 0
1670575558441 0.3333333333333333 0
1670575559002 0.3333333333333333 0
1670575559387 0.3333333333333333 0
1670575560178 0.3333333333333333 0
1670575560640 0.3333333333333333 0
1670575561178 0.3333333333333333 0
1670575561869 0.3333333333333333 0
1670575562473 0.3333333333333333 0
1670575562936 0.3333333333333333 0
1670575563368 0.3333333333333333 0
1670575564168 0.3333333333333333 0
1670575564843 0.3333333333333333 0
1670575565374 0.3333333333333333 0
1670575566061 0.3333333333333333 0
1670575566556 0.3333333333333333 0
1670575567471 0.3333333333333333 0
1670575568112 0.3333333333333333 0
1670575568553 0.3333333333333333 0
1670575569263 0.3333333333333333 0
1670575569842 0.3333333333333333 0
1670575570554 0.3333333333333333 0
1670575571291 0.3333333333333333 0
1670575571945 0.3333333333333333 0
1670575572846 0.3333333333333333 0
1670575573439 0.3333333333333333 0
1670575574134 0.3333333333333333 0
1670575574755 0.3333333333333333 0
1670575575507 0.3333333333333333 0
1670575576139 0.3333333333333333 0
1670575576719 0.3333333333333333 0
1670575577348 0.3333333333333333 0
1670575578050 0.3333333333333333 0
1670575578567 0.3333333333333333 0
1670575579133 0.3333333333333333 0
1670575579881 0.3333333333333333 0
1670575580799 0.3333333333333333 0
1670575581425 0.3333333333333333 0
1670575582087 0.3333333333333333 0
1670575582782 0.3333333333333333 0
1670575583468 0.3333333333333333 0
1670575584120 0.3333333333333333 0
1670575584772 0.3333333333333333 0
1670575585446 0.3333333333333333 0
1670575586280 0.3333333333333333 0
1670575586870 0.3333333333333333 0
1670575587513 0.3333333333333333 0
1670575588176 0.3333333333333333 0
1670575588694 0.3333333333333333 0
1670575589327 0.3333333333333333 0
1670575590061 0.3333333333333333 0
1670575590644 0.3333333333333333 0
1670575591440 0.3333333333333333 0
1670575592296 0.3333333333333333 0
1670575593032 0.3333333333333333 0
1670575593890 0.3333333333333333 0
1670575594535 0.3333333333333333 0
1670575595116 0.3333333333333333 0
1670575595822 0.3333333333333333 0
1670575596712 0.3333333333333333 0
1670575597121 0.3333333333333333 0
1670575597797 0.3333333333333333 0
1670575598364 0.3333333333333333 0
1670575599013 0.3333333333333333 0
1670575599462 0.3333333333333333 0
1670575599959 0.3333333333333333 0
1670575600605 0.3333333333333333 0
1670575601214 0.3333333333333333 0
1670575601883 0.3333333333333333 0
1670575602595 0.3333333333333333 0
1670575603153 0.3333333333333333 0
1670575603898 0.3333333333333333 0
1670575604584 0.3333333333333333 0
1670575605290 0.3333333333333333 0
1670575606209 0.3333333333333333 0
1670575607262 0.3333333333333333 0
1670575608012 0.3333333333333333 0
1670575609064 0.3333333333333333 0
1670575610093 0.3333333333333333 0
1670575610835 0.3333333333333333 0
1670575612172 0.3333333333333333 0
1670575612918 0.3333333333333333 0
1670575613791 0.3333333333333333 0
1670575614606 0.3333333333333333 0
1670575615705 0.3333333333333333 0
1670575616683 0.3333333333333333 0
1670575617797 0.3333333333333333 0
1670575618574 0.3333333333333333 0
1670575619778 0.3333333333333333 0
1670575620163 0.3333333333333333 0
1670575620964 0.3333333333333333 0
1670575622049 0.3333333333333333 0
1670575623092 0.3333333333333333 0
1670575624020 0.3333333333333333 0
1670575624965 0.3333333333333333 0
1670575625954 0.3333333333333333 0
1670575626926 0.3333333333333333 0
1670575627659 0.33366666666666667 0
1670575628250 0.3333333333333333 0
1670575629085 0.3333333333333333 0
