1670608786976 0.0 0
1670608787202 0.0 0
1670608787511 0.0 0
1670608787761 0.0 0
1670608787942 0.0 0
1670608788132 0.0 0
1670608788301 0.0 0
1670608788469 0.0 0
1670608788786 0.0 0
1670608789031 0.0 0
1670608789618 0.0 0
1670608789918 0.0 0
1670608790217 0.0 0
1670608790551 0.0 0
1670608790790 0.0 0
1670608791041 0.0 0
1670608791239 0.0 0
1670608791430 0.0 0
1670608791621 0.0 0
1670608791853 0.0 0
1670608792202 0.0 0
1670608792423 0.0 0
1670608792773 0.0 0
1670608793095 0.0 0
1670608793444 0.0 0
1670608793815 0.0 0
1670608794171 0.0 0
1670608794491 0.0 0
1670608794667 0.0 0
1670608795089 0.0 0
1670608795375 0.0 0
1670608795598 0.0 0
1670608795938 0.0 0
1670608796163 0.0 0
1670608796513 0.0 0
1670608796955 0.0 0
1670608797434 0.0 0
1670608797760 0.0 0
1670608798190 0.0 0
1670608798541 0.0 0
1670608798904 0.0 0
1670608799217 0.0 0
1670608799519 0.0 0
1670608799783 0.0 0
1670608800201 0.0 0
1670608800711 0.0 0
1670608801033 0.0 0
1670608801455 0.0 0
1670608801613 0.0 0
1670608801788 0.0 0
1670608801967 0.0 0
1670608802111 0.0 0
1670608802299 0.0 0
1670608802485 0.0 0
1670608802643 0.0 0
1670608802812 0.0 0
1670608802990 0.0 0
1670608803192 0.0 0
1670608803373 0.0 0
1670608803748 0.0 0
1670608804141 0.0 0
1670608804380 0.0 0
1670608804706 0.0 0
1670608804985 0.0 0
1670608805435 0.0 0
1670608805670 0.0 0
1670608806067 0.0 0
1670608806528 0.0 0
1670608807022 0.0 0
1670608807268 0.0 0
1670608807532 0.0 0
1670608807959 0.0 0
1670608808159 0.0 0
1670608808386 0.0 0
1670608808570 0.0 0
1670608808858 0.0 0
1670608809157 0.0 0
1670608809461 0.0 0
1670608809664 0.0 0
1670608809880 0.0 0
1670608810058 0.0 0
1670608810451 0.0 0
1670608810789 0.0 0
1670608810976 0.0 0
1670608811243 0.0 0
1670608811715 0.0 0
1670608811971 0.0 0
1670608812175 0.0 0
1670608812503 0.0 0
1670608812814 0.0 0
1670608813002 0.0 0
1670608813264 0.0 0
1670608813544 0.0 0
1670608813954 0.0 0
1670608814198 0.0 0
1670608814404 0.0 0
1670608814778 0.0 0
1670608815002 0.0 0
1670608815485 0.0 0
1670608815759 0.0 0
1670608816239 0.0 0
1670608816683 0.0 0
