1670697045170 0.06171585157695589 0
1670697048653 0.01942011834665109 0
1670697052155 0.013008843870046277 0
1670697055596 0.010286849740951726 0
1670697059020 0.010766396514321307 0
1670697062567 0.009656318712149912 0
1670697065888 0.012379183477572948 0
1670697068883 0.011436155082957955 0
1670697071697 0.011276756098763469 0
1670697074928 0.010641530824302553 0
1670697078218 0.010321806235413691 0
1670697081505 0.010084749883299984 0
1670697084793 0.009971949650751682 0
1670697088120 0.00964219231818756 0
1670697091609 0.009301993164166267 0
1670697094893 0.009105196790536674 0
1670697098593 0.008933819465592692 0
1670697102175 0.008867849828130513 0
1670697105630 0.008941102711732764 0
1670697109108 0.009155061490851867 0
1670697112625 0.009050048624613526 0
1670697116108 0.008943226515035976 0
1670697119457 0.008779023741865082 0
1670697122787 0.008612603675281987 0
1670697126201 0.008428211980618827 0
1670697129639 0.008494563222486907 0
1670697133064 0.008403114159832234 0
1670697136504 0.008286945430055542 0
1670697139930 0.008058773155619196 0
1670697143376 0.007927975109598723 0
1670697146749 0.007871335128472205 0
1670697149907 0.0077864888671087 0
1670697152970 0.007776975158693182 0
1670697155940 0.007914212157880513 0
1670697158985 0.007901587072090793 0
1670697161614 0.007984953201857062 0
1670697164294 0.007947439876706187 0
1670697167020 0.00798310731094963 0
1670697169739 0.00800157253171873 0
1670697172367 0.00793114900281521 0
1670697175039 0.00789729750667828 0
1670697177652 0.007835658028208022 0
1670697180307 0.00774657543228603 0
1670697182954 0.007713647302402779 0
1670697185697 0.007743815747802458 0
1670697188386 0.00776787447531728 0
1670697191017 0.007704382351136628 0
1670697193516 0.007700833252180473 0
1670697196495 0.0076693979457404665 0
1670697199494 0.007887874090427426 0
1670697202504 0.00781493513026596 0
1670697205541 0.00782349170530073 0
1670697208548 0.007750847492377089 0
1670697211551 0.00774710400804169 0
1670697214560 0.007689065430134494 0
1670697217579 0.007628326510547276 0
1670697220615 0.007563214309718243 0
1670697223644 0.007615837816219315 0
1670697226675 0.007552390862939807 0
1670697229685 0.007699948464782518 0
1670697232742 0.007689870378788599 0
1670697235728 0.007663803295295778 0
1670697238823 0.007668434167638023 0
1670697241890 0.007613978895779456 0
1670697245031 0.007902834144929545 0
1670697248433 0.007849152994697258 0
1670697251819 0.007877700749411985 0
1670697255153 0.007834367875706141 0
1670697258529 0.0077785602983328535 0
1670697261929 0.007724605037538225 0
1670697265282 0.007698016012091323 0
1670697267847 0.007676981054038252 0
1670697269215 0.007727530304467156 0
1670697272001 0.007881536373626506 0
1670697274870 0.007983822272146439 0
1670697277909 0.00793774860795226 0
1670697280745 0.007891182702773725 0
1670697283536 0.00787218094712682 0
1670697286519 0.007825014036773055 0
1670697289436 0.007776777543837892 0
1670697292359 0.007729494620435514 0
1670697295465 0.007712453501935758 0
1670697298521 0.0077074102242041115 0
1670697301338 0.007663962094542032 0
1670697304195 0.0076274530281513625 0
1670697307317 0.007583498528060464 0
1670697310217 0.007541401480422564 0
1670697312965 0.0076683427542610805 0
1670697315975 0.007630942880610295 0
1670697318980 0.007590659057976663 0
1670697321980 0.007580160069367875 0
1670697324872 0.0075393873552921375 0
1670697327940 0.007499265571191743 0
1670697330561 0.007460103623010151 0
1670697333533 0.007488626568544611 0
1670697336440 0.007456320384292163 0
1670697339653 0.007419621068649698 0
1670697343064 0.007409740313049404 0
1670697346649 0.007376514271860415 0
1670697350132 0.007345719647662308 0
1670697353340 0.007351596219825417 0
1670697356902 0.007325687088094009 0
1670697360371 0.007298113676532041 0
1670697363713 0.007276581542724682 0
1670697367090 0.00724542853027396 0
1670697370435 0.007227676642612396 0
1670697373815 0.0072136583829711665 0
1670697377206 0.007185864868858513 0
1670697379944 0.0072089327523700356 0
1670697382481 0.007187915243098961 0
1670697385262 0.00715947038487659 0
1670697388535 0.0071277431252392155 0
1670697391788 0.007116907903361893 0
1670697395193 0.007086005813509481 0
1670697398679 0.007059676619914829 0
1670697402147 0.007029758367304588 0
1670697405614 0.007001935035828501 0
1670697409083 0.007037992473277565 0
1670697412533 0.007321386588400931 0
1670697416124 0.0072991163233106695 0
1670697419283 0.007274059748321252 0
1670697422289 0.0073637485707660835 0
1670697425199 0.007363022191534736 0
1670697428109 0.007333659448649388 0
1670697431032 0.00731072820339667 0
1670697433904 0.007282545808175956 0
1670697436805 0.007291446348322531 0
1670697439775 0.007280237676352309 0
1670697443333 0.007311034797682572 0
1670697446847 0.007285984579462701 0
1670697449714 0.00725833959933213 0
1670697452673 0.007307568633543244 0
1670697455587 0.007292167413993097 0
1670697458619 0.007307756154302382 0
1670697462017 0.007317524487490958 0
1670697465458 0.007296725783337801 0
1670697468842 0.00728617088077519 0
1670697472223 0.007265345517535243 0
1670697475699 0.007273335946768407 0
1670697478893 0.007266631921570468 0
1670697482427 0.0072462070198510715 0
1670697485957 0.007230898847506141 0
1670697489421 0.007210936126024116 0
1670697492838 0.007203567374703531 0
1670697495860 0.007182924928476386 0
1670697498556 0.007161862317098712 0
1670697501543 0.00713835976749308 0
1670697504674 0.007117726639481091 0
1670697507772 0.0071508354448918746 0
1670697510851 0.007139840328167529 0
1670697514268 0.007116329805894064 0
1670697517264 0.0070946136188987305 0
1670697520599 0.007093128943884669 0
1670697524032 0.007098874125637049 0
1670697527484 0.0070813731687236064 0
1670697530587 0.0070637045824136074 0
1670697533757 0.007041317656089931 0
1670697536827 0.007055325734622886 0
1670697540163 0.007039988177820478 0
1670697543105 0.00709667086559055 0
1670697546177 0.007079288316259251 0
1670697548889 0.007091075763936507 0
1670697551691 0.007121168680287414 0
1670697554592 0.007105112160407934 0
1670697557395 0.007163280074393083 0
1670697560583 0.007142123962554923 0
1670697563812 0.0071208608101375696 0
1670697567049 0.0071198189867129405 0
1670697570307 0.007157539667625052 0
1670697573121 0.007141544818923587 0
1670697575671 0.007132970187612067 0
1670697578452 0.007123170374370845 0
1670697581229 0.007186131046089032 0
1670697583482 0.007165796596424851 0
1670697585966 0.0071652430515363255 0
1670697588702 0.0071452203346554916 0
1670697591585 0.00715059124833068 0
1670697594267 0.00713287510384846 0
1670697597027 0.00712857195694149 0
1670697599559 0.007112873509209236 0
1670697601488 0.007094985372040119 0
1670697603532 0.007077229958997721 0
1670697605468 0.00707331946203036 0
1670697607634 0.007059618975301064 0
1670697610227 0.00704280369409481 0
1670697612984 0.007024011841182225 0
1670697615980 0.007023104458382848 0
1670697618666 0.007004575173826445 0
1670697621249 0.0069866897414158895 0
1670697624337 0.006988748857020624 0
1670697626879 0.007021124914327673 0
1670697629297 0.007014989607683918 0
1670697631743 0.006998049339537836 0
1670697634568 0.006980162473941601 0
1670697637345 0.0069623364403049465 0
1670697639781 0.006989344875126939 0
1670697642381 0.006971733056383468 0
1670697644820 0.0069619048703816605 0
1670697646778 0.006979853357221476 0
1670697648697 0.00698858499845318 0
1670697650816 0.007038839221180759 0
1670697653007 0.007023830607840627 0
1670697655296 0.007007338226285182 0
1670697657666 0.0069946874336206406 0
1670697659900 0.007048632152547918 0
1670697662105 0.00711809890813553 0
1670697664257 0.007144616236052191 0
1670697666310 0.007172422420796911 0
1670697668383 0.007156496379047098 0
1670697670766 0.0071451008235053955 0
1670697673099 0.007129636679763039 0
1670697675256 0.007124608126628414 0
1670697677338 0.007109111317758071 0
1670697679141 0.007097070373686095 0
1670697680934 0.007147234080313666 0
1670697682569 0.007165149409733132 0
