1670567578844 0.0 0
1670567579137 0.0 0
1670567579384 0.0 0
1670567579832 0.0 0
1670567580201 0.0 0
1670567580439 0.0 0
1670567580685 0.0 0
1670567581068 0.0 0
1670567581362 0.0 0
1670567581594 0.0 0
1670567581946 0.0 0
1670567582165 0.0 0
1670567582360 0.0 0
1670567582642 0.0 0
1670567582916 0.0 0
1670567583253 0.0 0
1670567583413 0.0 0
1670567583669 0.0 0
1670567584081 0.0 0
1670567584283 0.0 0
1670567584519 0.0 0
1670567584790 0.0 0
1670567584980 0.0 0
1670567585371 0.0 0
1670567585615 0.0 0
1670567585821 0.0 0
1670567586142 0.0 0
1670567586344 0.0 0
1670567586617 0.0 0
1670567586836 0.0 0
1670567587150 0.0 0
1670567587359 0.0 0
1670567587600 0.0 0
1670567587860 0.0 0
1670567588097 0.0 0
1670567588239 0.0 0
1670567588622 0.0 0
1670567588790 0.0 0
1670567589070 0.0 0
1670567589255 0.0 0
1670567589509 0.0 0
1670567589646 0.0 0
1670567590031 0.0 0
1670567590514 0.0 0
1670567590830 0.0 0
1670567591151 0.0 0
1670567591551 0.0 0
1670567591803 0.0 0
1670567592179 0.0 0
1670567592424 0.0 0
1670567592608 0.0 0
1670567592875 0.0 0
1670567593170 0.0 0
1670567593378 0.0 0
1670567593581 0.0 0
1670567593871 0.0 0
1670567594204 0.0 0
1670567594375 0.0 0
1670567594751 0.0 0
1670567594952 0.0 0
1670567595327 0.0 0
1670567595652 0.0 0
1670567595967 0.0 0
1670567596197 0.0 0
1670567596550 0.0 0
1670567596872 0.0 0
1670567597034 0.0 0
1670567597359 0.0 0
1670567597673 0.0 0
1670567597976 0.0 0
1670567598191 0.0 0
1670567598385 0.0 0
1670567598771 0.0 0
1670567598993 0.0 0
1670567599315 0.0 0
1670567599635 0.0 0
1670567599890 0.0 0
1670567600169 0.0 0
1670567600534 0.0 0
1670567600800 0.0 0
1670567601155 0.0 0
1670567601596 0.0 0
1670567601934 0.0 0
1670567602164 0.0 0
1670567602453 0.0 0
1670567602889 0.0 0
1670567603248 0.0 0
1670567603729 0.0 0
1670567604027 0.0 0
1670567604305 0.0 0
1670567604657 0.0 0
1670567605068 0.0 0
1670567605388 0.0 0
1670567605651 0.0 0
1670567605839 0.0 0
1670567606047 0.0 0
1670567606239 0.0 0
1670567606396 0.0 0
1670567606666 0.0 0
1670567606895 0.0 0
1670567607201 0.0 0
1670567607560 0.0 0
