1670599732139 0.0 0
1670599735267 0.0 0
1670599738964 0.0 0
1670599743059 0.0001 0
1670599746391 0.0001 0
1670599749381 0.0001 0
1670599752188 0.0 0
1670599755261 0.0 0
1670599758473 0.0 0
1670599762019 0.0001 0
1670599765086 0.0001 0
1670599768162 0.0002 0
1670599771394 0.0001 0
1670599774657 0.0 0
1670599777744 0.0 0
1670599780798 0.0 0
1670599784138 0.0001 0
1670599786955 0.0 0
1670599790618 0.0 0
1670599793491 0.0 0
1670599796611 0.0001 0
1670599799873 0.0 0
1670599803215 0.0 0
1670599806704 0.0 0
1670599809551 0.0 0
1670599812674 0.0 0
1670599815555 0.0001 0
1670599818814 0.0 0
1670599821934 0.0 0
1670599825088 0.0 0
1670599828307 0.0001 0
1670599831121 0.0002 0
1670599834793 0.0002 0
1670599838205 0.0001 0
1670599841538 0.0001 0
1670599844785 0.0001 0
1670599847954 0.0 0
1670599850874 0.0001 0
1670599854221 0.0 0
1670599857645 0.0 0
1670599860962 0.0 0
1670599864587 0.0 0
1670599867598 0.0 0
1670599870620 0.0 0
1670599873958 0.0001 0
1670599876774 0.0 0
1670599879949 0.0 0
1670599883229 0.0 0
1670599886073 0.0 0
1670599889300 0.0001 0
1670599892617 0.0 0
1670599895791 0.0001 0
1670599899178 0.0 0
1670599902314 0.0 0
1670599905098 0.0 0
1670599907920 0.0001 0
1670599911111 0.0 0
1670599914024 0.0 0
1670599917012 0.0 0
1670599920035 0.0001 0
1670599923145 0.0 0
1670599926152 0.0 0
1670599929177 0.0001 0
1670599931934 0.0003 0
1670599934755 0.0001 0
1670599938084 0.0 0
1670599941338 0.0001 0
1670599944168 0.0 0
1670599947136 0.0001 0
1670599950480 0.0001 0
1670599953955 0.0 0
1670599956708 0.0 0
1670599959582 0.0 0
1670599962374 0.0001 0
1670599965680 0.0001 0
1670599968730 0.0001 0
1670599972077 0.0 0
1670599975237 0.0 0
1670599978368 0.0 0
1670599981690 0.0001 0
1670599985351 0.0 0
1670599988354 0.0003 0
1670599991275 0.0 0
1670599994285 0.0 0
1670599997200 0.0002 0
1670600000261 0.0001 0
1670600003607 0.0002 0
1670600007099 0.0 0
1670600009942 0.0 0
1670600012826 0.0001 0
1670600015749 0.0001 0
1670600018810 0.0 0
1670600021965 0.0003 0
1670600024943 0.0001 0
1670600028006 0.0002 0
1670600030954 0.0001 0
1670600034163 0.0 0
1670600037235 0.0001 0
1670600040381 0.0 0
1670600043556 0.0 0
1670600046690 0.0001 0
1670600049882 0.0 0
