1670599735274 0.0 0
1670599738971 0.0 0
1670599743066 0.0002756079346556099 0
1670599746397 0.0002720349522633028 0
1670599749388 0.00025705818366147395 0
1670599752196 0.00024218146535711344 0
1670599755268 0.00022895375860502691 0
1670599758481 0.0002174121548435087 0
1670599762026 0.0002216452306679022 0
1670599765101 0.0002218912564499747 0
1670599768169 0.0002817681300582175 0
1670599771402 0.0002723193708415255 0
1670599774662 0.0002690522472658941 0
1670599777751 0.0002651991133061252 0
1670599780805 0.0002610481899553714 0
1670599784145 0.0002567736575846813 0
1670599786962 0.00025356827492167394 0
1670599790625 0.0002502023109724058 0
1670599793497 0.00024676389671791395 0
1670599796622 0.0002449284244572754 0
1670599799880 0.0002421095602486656 0
1670599803222 0.0002392437853586387 0
1670599806710 0.00023636670105873215 0
1670599809556 0.00023350346697733365 0
1670599812681 0.0002306717997731345 0
1670599815584 0.00023091590673792736 0
1670599818822 0.0002284633737684091 0
1670599821941 0.00022603113288775106 0
1670599825095 0.0002143053297171761 0
1670599828318 0.0002153353803615044 0
1670599831128 0.000238792073506803 0
1670599834800 0.0002575212523954231 0
1670599838212 0.00025598978127597846 0
1670599841552 0.00025441041895479935 0
1670599844792 0.00025279586652947236 0
1670599847961 0.0002516030576292162 0
1670599850881 0.00025014000437473277 0
1670599854232 0.00024905637646185675 0
1670599857660 0.00024791801292182466 0
1670599860968 0.0002467353322932066 0
1670599864595 0.0002455171553237864 0
1670599867606 0.0002442709678804153 0
1670599870627 0.00024300313582459668 0
1670599873968 0.0002423461101004813 0
1670599876782 0.00024117734673471323 0
1670599879957 0.0002399912441263352 0
1670599883237 0.000238792073506803 0
1670599886081 0.00023758351274565906 0
1670599889307 0.0002372770964001648 0
1670599892624 0.00023615323962079138 0
1670599895798 0.00023586640566932397 0
1670599899194 0.00023481859388994235 0
1670599902321 0.0002337618873706811 0
1670599905107 0.00023269872276187388 0
1670599907932 0.00023258119434914866 0
1670599911118 0.00023158464380732148 0
1670599914031 0.00023058262728532295 0
1670599917019 0.0002295769270509814 0
1670599920042 0.00022959388405417185 0
1670599923160 0.00022864678782427066 0
1670599926161 0.00022769651585925998 0
1670599929184 0.00022776654625768905 0
1670599931941 0.00025862695363299747 0
1670599934762 0.0002579825165741725 0
1670599938094 0.00025697275070261363 0
1670599941345 0.0002563621459654434 0
1670599944175 0.0002554049580646418 0
1670599947143 0.00025482555815528824 0
1670599950487 0.000254225460428748 0
1670599953963 0.0002533663420506457 0
1670599956719 0.00025250256573860016 0
1670599959590 0.0002516352012335782 0
1670599962384 0.00025115655673143807 0
1670599965688 0.0002506575216430612 0
1670599968737 0.00025014000437473266 0
1670599972085 0.0002493980091613148 0
1670599975244 0.000248650416328157 0
1670599978383 0.00024789815008375866 0
1670599981697 0.0002474818358434452 0
1670599985358 0.0002467628297063902 0
1670599988373 0.0002685546840239204 0
1670599991282 0.0002677459624705523 0
1670599994293 0.00026693495497749793 0
1670599997207 0.000273064420708061 0
1670600000269 0.00027230330307317425 0
1670600003620 0.0002778939476308324 0
1670600007108 0.0002771449695879538 0
1670600009949 0.0002763922974918649 0
1670600012833 0.00027560215661557685 0
1670600015757 0.0002748108649109997 0
1670600018817 0.0002741182638650175 0
1670600021975 0.00029061948365626314 0
1670600024950 0.00028966691358044215 0
1670600028013 0.0002939783094404526 0
1670600030961 0.00029297200467772404 0
1670600034170 0.00029230767599667905 0
1670600037242 0.00029133637028154024 0
1670600040388 0.00029069480774874835 0
1670600043563 0.0002900481825028409 0
1670600046697 0.00028913668966539896 0
1670600049889 0.0002885116849666435 0
