1670634761305 0.0 0
1670634763140 0.0 0
1670634764957 0.0 0
1670634766747 0.0 0
1670634768481 0.0 0
1670634770023 0.0 0
1670634771739 0.0 0
1670634773550 0.0 0
1670634775282 0.0 0
1670634776772 0.0 0
1670634778566 0.0 0
1670634780378 0.0 0
1670634782092 0.0 0
1670634783715 0.0 0
1670634785548 0.0 0
1670634787364 0.0 0
1670634789325 0.0 0
1670634791008 0.0 0
1670634792833 0.0 0
1670634794703 0.0 0
1670634796527 0.0 0
1670634798351 0.0 0
1670634800124 0.0 0
1670634801995 0.0 0
1670634803719 0.0 0
1670634805314 0.0 0
1670634807025 0.0 0
1670634808732 0.0 0
1670634810467 0.0 0
1670634812280 0.0 0
1670634814082 0.0 0
1670634815857 0.0 0
1670634817722 0.0 0
1670634819500 0.0 0
1670634821271 0.0 0
1670634823052 0.0 0
1670634824861 0.0 0
1670634826671 0.0 0
1670634828291 0.0 0
1670634830185 0.0 0
1670634832001 0.0 0
1670634833841 0.0 0
1670634835557 0.0 0
1670634837421 0.0 0
1670634839203 0.0 0
1670634840711 0.0 0
1670634842434 0.0 0
1670634844170 0.0 0
1670634845929 0.0 0
1670634847714 0.0 0
1670634849185 0.0 0
1670634850920 0.0 0
1670634852848 0.0 0
1670634854725 0.0 0
1670634856359 0.0 0
1670634858043 0.0 0
1670634859815 0.0 0
1670634861684 0.0 0
1670634863324 0.0 0
1670634864957 0.0 0
1670634866842 0.0 0
1670634868652 0.0 0
1670634870509 0.0 0
1670634872078 0.0 0
1670634873959 0.0 0
1670634875775 0.0 0
1670634877452 0.0 0
1670634879348 0.0 0
1670634881088 0.0 0
1670634882886 0.0 0
1670634884692 0.0 0
1670634886435 0.0 0
1670634888127 0.0 0
1670634889859 0.0 0
1670634891566 0.0 0
1670634893258 0.0 0
1670634894982 0.0 0
1670634896675 0.0 0
1670634898430 0.0 0
1670634900108 0.0 0
1670634901662 0.0 0
1670634903432 0.0 0
1670634905311 0.0 0
1670634907179 0.0 0
1670634908865 0.0 0
1670634910544 0.0 0
1670634912196 0.0 0
1670634913852 0.0 0
1670634915640 0.0 0
1670634917533 0.0 0
1670634919344 0.0 0
1670634921266 0.0 0
1670634923153 0.0 0
1670634924835 0.0 0
1670634926807 0.0 0
1670634928514 0.0 0
1670634930326 0.0 0
1670634932070 0.0 0
1670634933922 0.0 0
1670634935777 0.0 0
1670634937700 0.0 0
1670634939536 0.0 0
