1670634763167 0.0 0
1670634764969 0.0 0
1670634766753 0.0 0
1670634768502 0.0 0
1670634770043 0.0 0
1670634771760 0.0 0
1670634773577 0.0 0
1670634775301 0.0 0
1670634776790 0.0 0
1670634778582 0.0 0
1670634780394 0.0 0
1670634782112 0.0 0
1670634783730 0.0 0
1670634785569 0.0 0
1670634787391 0.0 0
1670634789349 0.0 0
1670634791033 0.0 0
1670634792857 0.0 0
1670634794730 0.0 0
1670634796554 0.0 0
1670634798357 0.0 0
1670634800149 0.0 0
1670634802013 0.0 0
1670634803733 0.0 0
1670634805320 0.0 0
1670634807046 0.0 0
1670634808759 0.0 0
1670634810482 0.0 0
1670634812286 0.0 0
1670634814088 0.0 0
1670634815877 0.0 0
1670634817742 0.0 0
1670634819516 0.0 0
1670634821301 0.0 0
1670634823063 0.0 0
1670634824867 0.0 0
1670634826691 0.0 0
1670634828315 0.0 0
1670634830204 0.0 0
1670634832027 0.0 0
1670634833866 0.0 0
1670634835583 0.0 0
1670634837448 0.0 0
1670634839222 0.0 0
1670634840729 0.0 0
1670634842460 0.0 0
1670634844188 0.0 0
1670634845954 0.0 0
1670634847740 0.0 0
1670634849211 0.0 0
1670634850938 0.0 0
1670634852869 0.0 0
1670634854751 0.0 0
1670634856380 0.0 0
1670634858049 0.0 0
1670634859839 0.0 0
1670634861704 0.0 0
1670634863344 0.0 0
1670634864985 0.0 0
1670634866860 0.0 0
1670634868678 0.0 0
1670634870516 0.0 0
1670634872084 0.0 0
1670634873987 0.0 0
1670634875794 0.0 0
1670634877478 0.0 0
1670634879367 0.0 0
1670634881105 0.0 0
1670634882907 0.0 0
1670634884717 0.0 0
1670634886441 0.0 0
1670634888138 0.0 0
1670634889865 0.0 0
1670634891585 0.0 0
1670634893278 0.0 0
1670634894988 0.0 0
1670634896701 0.0 0
1670634898455 0.0 0
1670634900131 0.0 0
1670634901682 0.0 0
1670634903458 0.0 0
1670634905335 0.0 0
1670634907204 0.0 0
1670634908885 0.0 0
1670634910572 0.0 0
1670634912202 0.0 0
1670634913879 0.0 0
1670634915666 0.0 0
1670634917554 0.0 0
1670634919385 0.0 0
1670634921287 0.0 0
1670634923173 0.0 0
1670634924855 0.0 0
1670634926833 0.0 0
1670634928531 0.0 0
1670634930346 0.0 0
1670634932090 0.0 0
1670634933961 0.0 0
1670634935803 0.0 0
1670634937717 0.0 0
1670634939556 0.0 0
