1670642591995 0.0 0
1670642595904 0.0 0
1670642599851 0.0 0
1670642603764 0.0 0
1670642607687 0.0 0
1670642611564 0.0 0
1670642615445 0.0 0
1670642619373 0.0 0
1670642623260 0.0 0
1670642627155 0.0 0
1670642631038 0.0 0
1670642634932 0.0 0
1670642638844 0.0 0
1670642642763 0.0 0
1670642646648 0.0 0
1670642650552 0.0 0
1670642654500 0.0 0
1670642658418 0.0 0
1670642662320 0.0 0
1670642666225 0.0 0
1670642670138 0.0 0
1670642674018 0.0 0
1670642677952 0.0 0
1670642681816 0.0 0
1670642685709 0.0 0
1670642689633 0.0 0
1670642693534 0.0 0
1670642697395 0.0 0
1670642701331 0.0 0
1670642705213 0.0 0
