1670630962382 0.0019140985305796019 0
1670630987043 0.0019692631862851064 0
1670631000332 0.00225098678385664 0
1670631011434 0.0018804822001371405 0
1670631022500 0.002269563760731269 0
1670631037164 0.0022482669650611305 0
1670631048260 0.0013988662445029736 0
1670631059364 0.0019849285985136704 0
1670631072217 0.0023136251170958536 0
1670631089207 0.0017155961804871547 0
1670631115532 0.002371647012986813 0
1670631148542 0.0020521942458733076 0
1670631179719 0.0023476216652845907 0
1670631190812 0.0026035160863882817 0
1670631201901 0.0023606967298453827 0
1670631213007 0.002241850188799478 0
1670631224085 0.0018804822001371405 0
1670631235203 0.002497091149471165 0
1670631246289 0.002017887072840834 0
1670631257397 0.0018804822001371405 0
1670631268492 0.0026872968333098153 0
1670631285782 0.0023598753528468984 0
1670631296874 0.0027877931036072306 0
1670631307954 0.0006763854335458839 0
1670631319081 0.0017333050859137682 0
1670631330177 0.0013988662445029736 0
1670631356846 0.0018996728478213641 0
1670631368091 0.0018708114384494972 0
1670631386594 0.0021471772716694583 0
1670631397722 0.0021471772716694583 0
