1670582189194 0.21983333333333333 0
1670582191137 0.222 0
1670582192836 0.2225 0
1670582194660 0.2155 0
1670582196428 0.22583333333333333 0
1670582198464 0.22116666666666668 0
1670582200361 0.2245 0
1670582202077 0.21733333333333332 0
1670582204134 0.22133333333333333 0
1670582205862 0.23416666666666666 0
1670582207492 0.22783333333333333 0
1670582209172 0.22016666666666668 0
1670582210870 0.23166666666666666 0
1670582212511 0.2245 0
1670582214374 0.23016666666666666 0
1670582216384 0.22533333333333333 0
1670582217894 0.22133333333333333 0
1670582220308 0.2255 0
1670582221932 0.20783333333333334 0
1670582223911 0.23016666666666666 0
1670582225902 0.2225 0
1670582227814 0.2295 0
1670582229253 0.21766666666666667 0
1670582230783 0.22483333333333333 0
1670582232336 0.22683333333333333 0
1670582234074 0.22166666666666668 0
1670582235774 0.2225 0
1670582237177 0.22133333333333333 0
1670582238675 0.22733333333333333 0
1670582240723 0.22916666666666666 0
1670582242307 0.2295 0
1670582243764 0.21833333333333332 0
1670582245402 0.2255 0
1670582247222 0.22816666666666666 0
1670582249027 0.22016666666666668 0
1670582250711 0.22633333333333333 0
1670582252407 0.222 0
1670582253997 0.226 0
1670582255447 0.226 0
1670582257405 0.224 0
1670582259201 0.229 0
1670582260923 0.22616666666666665 0
1670582262759 0.21283333333333335 0
1670582264369 0.2205 0
1670582266097 0.22516666666666665 0
1670582268100 0.23283333333333334 0
1670582269555 0.21466666666666667 0
1670582271163 0.22716666666666666 0
1670582273281 0.229 0
1670582274932 0.229 0
1670582276909 0.2315 0
1670582278717 0.22816666666666666 0
1670582280115 0.22183333333333333 0
1670582281848 0.2205 0
1670582283558 0.21983333333333333 0
1670582285369 0.21966666666666668 0
1670582287348 0.21333333333333335 0
1670582289094 0.22566666666666665 0
1670582290687 0.2285 0
1670582292424 0.21883333333333332 0
1670582294076 0.22116666666666668 0
1670582295925 0.23 0
1670582297788 0.22883333333333333 0
1670582299315 0.22216666666666668 0
1670582301314 0.221 0
1670582302951 0.233 0
1670582304673 0.2265 0
1670582306434 0.225 0
1670582308270 0.23116666666666666 0
1670582309782 0.22733333333333333 0
1670582311513 0.21833333333333332 0
1670582312997 0.223 0
1670582314645 0.22466666666666665 0
1670582316585 0.21833333333333332 0
1670582318096 0.2265 0
1670582319775 0.22333333333333333 0
1670582321887 0.22183333333333333 0
1670582323672 0.217 0
1670582325337 0.21733333333333332 0
1670582327223 0.22883333333333333 0
1670582329061 0.22283333333333333 0
1670582330700 0.21983333333333333 0
1670582332698 0.22216666666666668 0
1670582334385 0.22883333333333333 0
1670582335991 0.21933333333333332 0
1670582337612 0.2235 0
1670582339530 0.22683333333333333 0
1670582341279 0.21933333333333332 0
1670582343077 0.22466666666666665 0
1670582344827 0.22366666666666668 0
1670582346634 0.223 0
1670582348287 0.22616666666666665 0
1670582349909 0.21333333333333335 0
1670582351556 0.22416666666666665 0
1670582353160 0.2215 0
1670582354678 0.23566666666666666 0
1670582356295 0.228 0
1670582357895 0.2215 0
1670582359597 0.219 0
1670582361501 0.22383333333333333 0
1670582363101 0.2265 0
1670582364779 0.22283333333333333 0
1670582366632 0.21916666666666668 0
1670582368292 0.22533333333333333 0
1670582370023 0.22666666666666666 0
1670582371858 0.22533333333333333 0
1670582373783 0.23283333333333334 0
1670582375356 0.22666666666666666 0
1670582377283 0.22166666666666668 0
1670582379143 0.23166666666666666 0
1670582381031 0.22883333333333333 0
1670582382903 0.22683333333333333 0
1670582384847 0.21666666666666667 0
1670582386650 0.2265 0
1670582388824 0.2215 0
1670582390611 0.22266666666666668 0
1670582392474 0.22416666666666665 0
1670582394039 0.22716666666666666 0
1670582395745 0.22633333333333333 0
1670582397480 0.22833333333333333 0
1670582399775 0.22966666666666666 0
1670582401352 0.2255 0
1670582403428 0.22283333333333333 0
1670582405037 0.22383333333333333 0
1670582406783 0.21933333333333332 0
1670582408399 0.21766666666666667 0
1670582410103 0.22383333333333333 0
1670582411774 0.227 0
1670582413530 0.2285 0
1670582415336 0.22766666666666666 0
1670582417182 0.22883333333333333 0
1670582418887 0.22316666666666668 0
1670582420664 0.21833333333333332 0
1670582422642 0.23716666666666666 0
1670582424597 0.21683333333333332 0
1670582426518 0.22016666666666668 0
1670582428465 0.22033333333333333 0
1670582430047 0.2205 0
1670582431801 0.2225 0
1670582433835 0.22616666666666665 0
1670582435384 0.23083333333333333 0
1670582437169 0.2165 0
1670582439155 0.22916666666666666 0
1670582440840 0.22183333333333333 0
1670582442784 0.22966666666666666 0
1670582444382 0.22616666666666665 0
1670582446075 0.23433333333333334 0
1670582448138 0.21816666666666668 0
1670582449796 0.22766666666666666 0
1670582451518 0.2295 0
1670582453126 0.23833333333333334 0
1670582454784 0.22566666666666665 0
1670582456397 0.21683333333333332 0
1670582458026 0.22483333333333333 0
1670582459644 0.22233333333333333 0
1670582461244 0.22683333333333333 0
