1670598170599 0.0 0
1670598174150 0.0 0
1670598177967 0.0 0
1670598181627 0.0 0
1670598185212 0.0 0
1670598188439 0.0 0
1670598191494 0.0 0
1670598194833 0.0 0
1670598198313 0.0 0
1670598201802 0.0 0
1670598205407 0.0 0
1670598209095 0.0 0
1670598212841 0.0 0
1670598216852 0.0 0
1670598220270 0.0 0
1670598223713 0.0 0
1670598227199 0.0 0
1670598230705 0.0 0
1670598233953 0.0 0
1670598237232 0.0 0
1670598240574 0.0 0
1670598243792 0.0 0
1670598247318 0.0 0
1670598250407 0.0 0
1670598253828 0.0 0
1670598257768 0.0 0
1670598261739 0.0 0
1670598265656 0.0 0
1670598269373 0.0 0
1670598273328 0.0 0
1670598276974 0.0 0
1670598280663 0.0 0
1670598284127 0.0 0
1670598287423 0.0 0
1670598290603 0.0 0
1670598294096 0.0 0
1670598297424 0.0 0
1670598300494 0.0 0
1670598304009 0.0 0
1670598307293 0.0 0
1670598310337 0.0 0
1670598313872 0.0 0
1670598317793 0.0 0
1670598321103 0.0 0
1670598324727 0.0 0
1670598328422 0.0 0
1670598331719 0.0 0
1670598335720 0.0 0
1670598339434 0.0 0
1670598343324 0.0 0
1670598346693 0.0 0
1670598350275 0.0 0
1670598353668 0.0 0
1670598357334 0.0 0
1670598360506 0.0 0
1670598364213 0.0 0
1670598367857 0.0 0
1670598370922 0.0 0
1670598374180 0.0 0
1670598377376 0.0 0
1670598380761 0.0 0
1670598384042 0.0 0
1670598387544 0.0 0
1670598390793 0.0 0
1670598394130 0.0 0
1670598397763 0.0 0
1670598401112 0.0 0
1670598404940 0.0 0
1670598408252 0.0 0
1670598411606 0.0 0
1670598414754 0.0 0
1670598417940 0.0 0
1670598420882 0.0 0
1670598424355 0.0 0
1670598427384 0.0 0
1670598430173 0.0 0
1670598432788 0.0 0
1670598435519 0.0 0
1670598438149 0.0 0
1670598441247 0.0 0
1670598444044 0.0 0
1670598447157 0.0 0
1670598450025 0.0 0
1670598452871 0.0 0
1670598455396 0.0 0
1670598458146 0.0 0
1670598460844 0.0 0
1670598463641 0.0 0
1670598466396 0.0 0
1670598469067 0.0 0
1670598471775 0.0 0
1670598474623 0.0 0
1670598477225 0.0 0
1670598480109 0.0 0
1670598482999 0.0 0
1670598485790 0.0 0
1670598488270 0.0 0
1670598490858 0.0 0
1670598493627 0.0 0
1670598496387 0.0 0
1670598499226 0.0 0
1670598502117 0.0 0
