1670582521048 0.0 0
1670582523781 0.0 0
1670582526592 0.0 0
1670582529330 0.0 0
1670582531883 0.0 0
1670582534559 0.0 0
1670582536859 0.0 0
1670582539365 0.0 0
1670582541858 0.0 0
1670582544669 0.0 0
1670582547172 0.0 0
1670582549667 0.0 0
1670582552397 0.0 0
1670582555225 0.0 0
1670582557823 0.0 0
1670582560368 0.0 0
1670582563202 0.0 0
1670582565646 0.0 0
1670582568420 0.0 0
1670582571012 0.0 0
1670582573769 0.0 0
1670582577159 0.0 0
1670582580051 0.0 0
1670582583072 0.0 0
1670582585933 0.0 0
1670582588716 0.0 0
1670582591437 0.0 0
1670582594970 0.0 0
1670582597898 0.0 0
1670582601085 0.0 0
1670582603693 0.0 0
1670582606528 0.0 0
1670582609400 0.0 0
1670582612464 0.0 0
1670582615404 0.0 0
1670582618117 0.0 0
1670582620976 0.0 0
1670582623727 0.0 0
1670582626582 0.0 0
1670582629489 0.0 0
1670582632335 0.0 0
1670582635538 0.0 0
1670582638388 0.0 0
1670582641537 0.0 0
1670582644623 0.0 0
1670582647664 0.0 0
1670582650269 0.0 0
1670582653297 0.0 0
1670582656317 0.0 0
1670582659237 0.0 0
1670582662461 0.0 0
1670582665553 0.0 0
1670582668973 0.0 0
1670582671668 0.0 0
1670582674361 0.0 0
1670582676932 0.0 0
1670582679713 0.0 0
1670582682652 0.0 0
1670582685303 0.0 0
1670582688040 0.0 0
1670582690780 0.0 0
1670582693720 0.0 0
1670582696824 0.0 0
1670582700236 0.0 0
1670582703309 0.0 0
1670582706831 0.0 0
1670582709545 0.0 0
1670582712288 0.0 0
1670582715723 0.0 0
1670582718865 0.0 0
1670582721803 0.0 0
1670582724996 0.0 0
1670582728104 0.0 0
1670582731068 0.0 0
1670582734054 0.0 0
1670582737306 0.0 0
1670582740423 0.0 0
1670582743372 0.0 0
1670582746635 0.0 0
1670582749583 0.0 0
1670582752394 0.0 0
1670582755312 0.0 0
1670582758124 0.0 0
1670582761826 0.0 0
1670582764956 0.0 0
1670582767976 0.0 0
1670582770914 0.0 0
1670582773747 0.0 0
1670582776925 0.0 0
1670582780019 0.0 0
1670582783082 0.0 0
1670582786211 0.0 0
1670582789155 0.0 0
1670582792233 0.0 0
1670582795168 0.0 0
1670582798279 0.0 0
1670582801588 0.0 0
1670582804685 0.0 0
1670582807922 0.0 0
1670582810785 0.0 0
1670582813604 0.0 0
