1670610819335 0.0 0
1670610821429 0.0 0
1670610823439 0.0 0
1670610825712 0.0 0
1670610827460 0.0 0
1670610829391 0.0 0
1670610831301 0.0 0
1670610833471 0.0 0
1670610835508 0.0 0
1670610837251 0.0 0
1670610839389 0.0 0
1670610841694 0.0001 0
1670610843743 0.0001 0
1670610845822 0.0 0
1670610847440 0.0001 0
1670610849657 0.0001 0
1670610851814 0.0 0
1670610853940 0.0 0
1670610855654 0.0 0
1670610857656 0.0001 0
1670610859390 0.0 0
1670610861240 0.0 0
1670610863487 0.0 0
1670610865561 0.0002 0
1670610867629 0.0 0
1670610869397 0.0 0
1670610871009 0.0001 0
1670610872760 0.0 0
1670610875009 0.0001 0
1670610876994 0.0 0
1670610878799 0.0 0
1670610881182 0.0 0
1670610883042 0.0 0
1670610885270 0.0 0
1670610887219 0.0002 0
1670610889695 0.0 0
1670610891708 0.0 0
1670610893991 0.0002 0
1670610895978 0.0 0
1670610897913 0.0 0
1670610900169 0.0 0
1670610902383 0.0001 0
1670610904303 0.0 0
1670610906117 0.0 0
1670610908426 0.0 0
1670610910852 0.0 0
1670610913027 0.0001 0
1670610915424 0.0 0
1670610917589 0.0 0
1670610919790 0.0001 0
1670610921821 0.0001 0
1670610924063 0.0 0
1670610926537 0.0001 0
1670610928560 0.0 0
1670610930669 0.0 0
1670610932572 0.0 0
1670610934233 0.0 0
1670610936368 0.0 0
1670610938714 0.0001 0
1670610940084 0.0 0
1670610942130 0.0 0
1670610944052 0.0001 0
1670610946371 0.0003 0
1670610948641 0.0 0
1670610950788 0.0 0
1670610952631 0.0 0
1670610955070 0.0002 0
1670610957905 0.0 0
1670610960598 0.0 0
1670610961936 0.0002 0
1670610964825 0.0 0
1670610966917 0.0 0
1670610969094 0.0 0
1670610971006 0.0 0
1670610973766 0.0 0
1670610975424 0.0 0
1670610977488 0.0 0
1670610979833 0.0 0
1670610982130 0.0 0
1670610984423 0.0 0
1670610986758 0.0 0
1670610989014 0.0 0
1670610991464 0.0 0
1670610993276 0.0 0
1670610995332 0.0 0
1670610997055 0.0 0
1670610999124 0.0001 0
1670611000913 0.0 0
1670611002942 0.0 0
1670611005024 0.0 0
1670611006935 0.0 0
1670611009077 0.0001 0
1670611010851 0.0001 0
1670611013004 0.0 0
1670611014728 0.0 0
1670611016948 0.0 0
1670611018405 0.0 0
1670611019754 0.0 0
1670611021882 0.0 0
1670611023993 0.0 0
1670611025961 0.0 0
1670611028421 0.0 0
