1670615312202 0.0 0
1670615314806 0.0 0
1670615317290 0.0 0
1670615320536 0.0 0
1670615323279 0.0 0
1670615326335 0.0 0
1670615328691 0.0 0
1670615330638 0.0 0
1670615334239 0.0 0
1670615337734 0.0 0
1670615340956 0.0 0
1670615343149 0.0 0
1670615347259 0.0 0
1670615350912 0.0 0
1670615354642 0.0 0
1670615358137 0.0 0
1670615361620 0.0 0
1670615364338 0.0 0
1670615367756 0.0 0
1670615370573 0.0 0
1670615373873 0.0 0
1670615377409 0.0 0
1670615378545 0.0 0
1670615379211 0.0 0
1670615379877 0.0 0
1670615380449 0.0 0
1670615381024 0.0 0
1670615381604 0.0 0
1670615382227 0.0 0
1670615382864 0.0 0
1670615383448 0.0 0
1670615384618 0.0 0
1670615385292 0.0 0
1670615386072 0.0 0
1670615387735 0.0 0
1670615390305 0.0 0
1670615393325 0.0 0
1670615396158 0.0 0
1670615399788 0.0 0
1670615403679 0.0 0
1670615407015 0.0 0
1670615410348 0.0 0
1670615413662 0.0 0
1670615415934 0.0 0
1670615417900 0.0 0
1670615418471 0.0 0
1670615419607 0.0 0
1670615420297 0.0 0
1670615421786 0.0 0
1670615423820 0.0 0
1670615424539 0.0 0
1670615427181 0.0 0
1670615430349 0.0 0
1670615432381 0.0 0
1670615435487 0.0 0
1670615439006 0.0 0
1670615442641 0.0 0
1670615446063 0.0 0
1670615449886 0.0 0
1670615453186 0.0 0
1670615456545 0.0 0
1670615457559 0.0 0
1670615458176 0.0 0
1670615458811 0.0 0
1670615459840 0.0 0
1670615463285 0.0 0
1670615466594 0.0 0
1670615470342 0.0 0
1670615473466 0.0 0
1670615475259 0.0 0
1670615475944 0.0 0
1670615476519 0.0 0
1670615477107 0.0 0
1670615477701 0.0 0
1670615479357 0.0 0
1670615483020 0.0 0
1670615484191 0.0 0
1670615484891 0.0 0
1670615485523 0.0 0
1670615486222 0.0 0
1670615486891 0.0 0
1670615487485 0.0 0
1670615488068 0.0 0
1670615490326 0.0 0
1670615493606 0.0 0
1670615496857 0.0 0
1670615500462 0.0 0
1670615505449 0.0 0
1670615507789 0.0 0
1670615511645 0.0 0
1670615513669 0.0 0
1670615517090 0.0 0
1670615521486 0.0 0
1670615522955 0.0 0
1670615525610 0.0 0
1670615529318 0.0 0
1670615530066 0.0 0
1670615533286 0.0 0
1670615537156 0.0 0
1670615540665 0.0 0
1670615544500 0.0 0
1670615548336 0.0 0
