1670567467159 0.010588503947026734 0
1670567468124 0.0064495509783285415 0
1670567469120 0.009933645889197068 0
1670567470544 0.008089366566702158 0
1670567471628 0.006837010330324744 0
1670567472799 0.007229851781907826 0
1670567474005 0.007615875790288204 0
1670567475016 0.010274497586967052 0
1670567476366 0.009899648213660933 0
1670567477539 0.009996058127352242 0
1670567478496 0.010088219179797589 0
1670567479740 0.009666766199595542 0
1670567480727 0.010540515645116127 0
1670567482029 0.010948765111219866 0
1670567483186 0.011082455919021794 0
1670567484472 0.011236106269845822 0
1670567485727 0.010892027989681474 0
1670567486878 0.010602379306882584 0
1670567488250 0.0105429702737619 0
1670567489568 0.010587503219426475 0
1670567491090 0.0117532648127395 0
1670567492640 0.011529024275010652 0
1670567493742 0.011269139484881188 0
1670567495012 0.011165383897181538 0
1670567496172 0.010926293454524325 0
1670567497450 0.011040791877850509 0
1670567498717 0.011066711605575014 0
1670567500087 0.01088691774691676 0
1670567501430 0.01030417511435458 0
1670567502603 0.010211122655645777 0
1670567503674 0.010137588201954914 0
1670567505119 0.010083421634413184 0
1670567506100 0.009934085666608236 0
1670567507340 0.009804529815432533 0
1670567508689 0.010739750380286017 0
1670567510102 0.010622291217810678 0
1670567511326 0.010481606125984241 0
1670567512558 0.01038948376074772 0
1670567513840 0.010283068092698744 0
1670567515229 0.010380209200290091 0
1670567516227 0.010271767800044115 0
1670567517429 0.010186843943341073 0
1670567518609 0.010070591132008186 0
1670567519830 0.010352989643286098 0
1670567521036 0.010257107094029272 0
1670567522220 0.010199220569413067 0
1670567523309 0.010465008572896062 0
1670567524494 0.010358119264032226 0
1670567525735 0.010358182507659672 0
1670567527019 0.010274069675969638 0
1670567528226 0.010177139350353456 0
1670567529443 0.010153063144325153 0
1670567530518 0.010065936975775805 0
1670567531528 0.009984642597175089 0
1670567532805 0.009967056521008821 0
1670567534204 0.009936587852309678 0
1670567535258 0.009905137120429466 0
1670567536540 0.009979234471701265 0
1670567537677 0.009914831301132326 0
1670567538849 0.009919840839882607 0
1670567540254 0.009849892141848587 0
1670567541504 0.009771461166546369 0
1670567543087 0.00973281255067554 0
1670567544418 0.009810282941628015 0
1670567545768 0.009736080286631962 0
1670567547221 0.01019668596730347 0
1670567548613 0.010122140710623923 0
1670567549809 0.01008191211943385 0
1670567551139 0.010071255745441224 0
1670567552577 0.010097155495533555 0
1670567553894 0.010056558733466683 0
1670567555156 0.009994575807301218 0
1670567556470 0.00999904471189747 0
1670567557733 0.009992968250476922 0
1670567559083 0.009977802940606753 0
1670567560133 0.009916518701909502 0
1670567561341 0.009856344666676273 0
1670567562554 0.009929751937214043 0
1670567563696 0.010134877421549879 0
1670567564918 0.01015059996389625 0
1670567566221 0.010123656208936682 0
1670567567332 0.010250130642044122 0
1670567568381 0.010194945608817202 0
1670567569540 0.010285241104275297 0
1670567570861 0.010226875077136169 0
1670567572069 0.010167976622030062 0
1670567573894 0.010152765582136208 0
1670567575298 0.010150280591063071 0
1670567576576 0.010405042222416144 0
1670567577749 0.010481637388065831 0
1670567578948 0.010469133518315646 0
1670567580091 0.01041269781608306 0
1670567581294 0.010357165062847923 0
1670567582344 0.01030612814177255 0
1670567583394 0.01025583344088081 0
1670567584657 0.01028775615831247 0
1670567585840 0.010235802879954292 0
1670567586732 0.010246026597834412 0
1670567587773 0.010211215901374304 0
1670567589014 0.010212136214747064 0
1670567590253 0.010161972629988927 0
