1670563645749 0.0 0
1670563647108 0.0 0
1670563648677 0.0 0
1670563649931 0.0 0
1670563651453 0.0 0
1670563652711 0.0 0
1670563653934 0.0 0
1670563655300 0.0 0
1670563656781 0.0 0
1670563658140 0.0 0
1670563659522 0.0 0
1670563660718 0.0 0
1670563662268 0.0 0
1670563664283 0.0 0
1670563665451 0.0 0
1670563667195 0.0 0
1670563668387 0.0 0
1670563670068 0.0 0
1670563671789 0.0 0
1670563673488 0.0 0
1670563674829 0.0 0
1670563676417 0.0 0
1670563678169 0.0 0
1670563679427 0.0 0
1670563680937 0.0 0
1670563683153 0.0 0
1670563684709 0.0 0
1670563686482 0.0 0
1670563688610 0.0 0
1670563690013 0.0 0
1670563691721 0.0 0
1670563693580 0.0 0
1670563695661 0.0 0
1670563697554 0.0 0
1670563699310 0.0 0
1670563700797 0.0 0
1670563702475 0.0 0
1670563704278 0.0 0
1670563706156 0.0 0
1670563707974 0.0 0
1670563709946 0.0 0
1670563711789 0.0 0
1670563713154 0.0 0
1670563714541 0.0 0
1670563715988 0.0 0
1670563718055 0.0 0
1670563719672 0.0 0
1670563721813 0.0 0
1670563722863 0.0 0
1670563724625 0.0 0
1670563726239 0.0 0
1670563727809 0.0 0
1670563729001 0.0 0
1670563730415 0.0 0
1670563731896 0.0 0
1670563733940 0.0 0
1670563735760 0.0 0
1670563736990 0.0 0
1670563738721 0.0 0
1670563740317 0.0 0
1670563741484 0.0 0
1670563743339 0.0 0
1670563745210 0.0 0
1670563746269 0.0 0
1670563747667 0.0 0
1670563749433 0.0 0
1670563750820 0.0 0
1670563752254 0.0 0
1670563753530 0.0 0
1670563755408 0.0 0
1670563757186 0.0 0
1670563758659 0.0 0
1670563759899 0.0 0
1670563761686 0.0 0
1670563763766 0.0 0
1670563765287 0.0 0
1670563767163 0.0 0
1670563768824 0.0 0
1670563769947 0.0 0
1670563771358 0.0 0
1670563773049 0.0 0
1670563775040 0.0 0
1670563776369 0.0 0
1670563778606 0.0 0
1670563780326 0.0 0
1670563782090 0.0 0
1670563783614 0.0 0
1670563785181 0.0 0
1670563787221 0.0 0
1670563789017 0.0 0
1670563790794 0.0 0
1670563792644 0.0 0
1670563794518 0.0 0
1670563796489 0.0 0
1670563798048 0.0 0
1670563799861 0.0 0
1670563801759 0.0 0
1670563803760 0.0 0
1670563805191 0.0 0
1670563806990 0.0 0
1670563808705 0.0 0
