1670628794291 0.0 0
1670628800238 0.0 0
1670628806276 0.0 0
1670628812215 0.0 0
1670628818026 0.0 0
1670628824262 0.0 0
1670628830294 0.0 0
1670628836098 0.0 0
1670628842303 0.0 0
1670628848563 0.0 0
1670628854795 0.0 0
1670628861093 0.0 0
1670628866753 0.0 0
1670628873000 0.0 0
1670628879185 0.0 0
1670628884921 0.0 0
1670628890936 0.0 0
1670628897267 0.0 0
1670628903630 0.0 0
1670628909678 0.0 0
1670628915427 0.0 0
1670628921679 0.0 0
1670628927985 0.0 0
1670628934314 0.0 0
1670628940700 0.0 0
1670628946845 0.0 0
1670628953292 0.0 0
1670628959386 0.0 0
1670628965460 0.0 0
1670628971546 0.0 0
1670628977630 0.0 0
1670628983402 0.0 0
1670628989766 0.0 0
1670628995818 0.0 0
1670629001731 0.0 0
1670629007902 0.0 0
1670629014159 0.0 0
1670629020122 0.0 0
1670629026164 0.0 0
1670629032325 0.0 0
1670629038604 0.0 0
1670629044669 0.0 0
1670629050718 0.0 0
1670629057201 0.0 0
1670629063450 0.0 0
1670629069687 0.0 0
1670629075663 0.0 0
1670629081518 0.0 0
1670629087827 0.0 0
1670629094463 0.0 0
1670629100898 0.0 0
1670629107667 0.0 0
1670629114101 0.0 0
1670629120168 0.0 0
1670629126235 0.0 0
1670629132771 0.0 0
1670629139120 0.0 0
1670629145476 0.0 0
1670629151880 0.0 0
1670629158108 0.0 0
1670629164164 0.0 0
1670629170623 0.0 0
1670629177336 0.0 0
1670629183720 0.0 0
1670629189934 0.0 0
1670629196406 0.0 0
1670629202621 0.0 0
1670629208639 0.0 0
1670629214887 0.0 0
1670629220664 0.0 0
1670629226638 0.0 0
1670629232456 0.0 0
1670629237935 0.0 0
1670629243656 0.0 0
1670629248728 0.0 0
1670629253887 0.0 0
1670629258946 0.0 0
1670629264254 0.0 0
1670629269422 0.0 0
1670629274564 0.0 0
1670629279701 0.0 0
1670629284900 0.0 0
1670629290140 0.0 0
1670629295535 0.0 0
1670629300897 0.0 0
1670629306683 0.0 0
1670629312082 0.0 0
1670629317248 0.0 0
1670629322586 0.0 0
1670629327630 0.0 0
1670629332797 0.0 0
1670629338288 0.0 0
1670629343883 0.0 0
1670629349294 0.0 0
1670629354905 0.0 0
1670629360469 0.0 0
1670629365695 0.0 0
1670629370816 0.0 0
1670629375791 0.0 0
1670629380567 0.0 0
1670629386042 0.0 0
1670629391823 0.0 0
