1670697046978 0.0012706204736432092 0
1670697051030 0.0010732701579730388 0
1670697055096 0.0007795369581752025 0
1670697059158 0.0006475727138834825 0
1670697063125 0.0005683770296635838 0
1670697067097 0.0006407519294841264 0
1670697071440 0.0005792122848386082 0
1670697075845 0.0006063335308006684 0
1670697080687 0.0005881608623126577 0
1670697085662 0.0005525047728947509 0
1670697090812 0.0005718327185953179 0
1670697095764 0.0006033635528298694 0
1670697100879 0.0005765573875192635 0
1670697105724 0.0005530426732682001 0
1670697110638 0.0005407962578586665 0
1670697115560 0.0006078420728845688 0
1670697120518 0.0005967459608555426 0
1670697125423 0.0005783814860000614 0
1670697130343 0.0005616172877038914 0
1670697135265 0.00060779247555713 0
1670697140187 0.0005921401625217464 0
1670697145145 0.000585469987147553 0
1670697150415 0.0006203578089577662 0
1670697155620 0.0006066598028223349 0
1670697160788 0.0006337041700779366 0
1670697165884 0.0006211072425721137 0
1670697171051 0.0006092356633824242 0
1670697176212 0.0006053194343026246 0
1670697181120 0.0005827391867288149 0
1670697186207 0.000575309526564937 0
1670697191173 0.0005733889208353708 0
1670697196004 0.0005666961676294192 0
1670697200928 0.000564930795543898 0
1670697205916 0.0005628941244144894 0
1670697210886 0.0005666304587135832 0
1670697215890 0.0005773704958518834 0
1670697220552 0.0005718416318934521 0
1670697224661 0.0005812281154532395 0
1670697229793 0.0005740218901270567 0
1670697234852 0.0005670771493424958 0
1670697239401 0.0005624730467064408 0
1670697243820 0.0005603257845643421 0
1670697248763 0.0005642242412529268 0
1670697253329 0.0005808316883646373 0
1670697258083 0.0005889147259133871 0
1670697263087 0.0005959648337668271 0
1670697268570 0.0005985560864484288 0
1670697273724 0.0005961903529454266 0
1670697278629 0.0006100999867972281 0
1670697283631 0.0006078366029328864 0
1670697288711 0.0006136676480951546 0
1670697293707 0.0006110621152154603 0
1670697298667 0.000608425616940533 0
1670697303592 0.000602907328880934 0
1670697308528 0.0006053573590388506 0
1670697313593 0.0006000807113126065 0
1670697318672 0.0005949396636196855 0
1670697323756 0.0005899285067854392 0
1670697328638 0.0005878439949164484 0
1670697333411 0.0005845995714703685 0
1670697338198 0.0005826280506677625 0
1670697343269 0.0006083045295633355 0
1670697348345 0.0006063019870105545 0
1670697353395 0.0006016771911732435 0
1670697358454 0.0005997207349464222 0
1670697363431 0.0005977394646051856 0
1670697368423 0.000594732411169136 0
1670697373316 0.0005904472203562005 0
1670697378270 0.0005875623816261704 0
1670697382782 0.0005895876017189814 0
1670697387144 0.0005939827149062707 0
1670697391699 0.0005911620363746408 0
1670697396088 0.0005883708516750541 0
1670697400464 0.000584488587165685 0
1670697404772 0.0005863354689354789 0
1670697409088 0.000587983685795571 0
1670697413459 0.0005842835252387046 0
1670697417972 0.0005830219825467054 0
1670697422294 0.0005804066931533831 0
1670697426609 0.0005791955599869242 0
1670697430929 0.0005757157753508153 0
1670697435241 0.0005745151767924179 0
1670697439686 0.0005711368882302884 0
1670697444588 0.0005688278702823135 0
1670697448928 0.0005665390135479125 0
1670697453265 0.0005642703764176873 0
1670697457633 0.0005632915367558649 0
1670697461974 0.0005601749049796044 0
1670697466265 0.0005642820689688424 0
1670697470539 0.0005631946805387574 0
1670697475010 0.0005601603801569061 0
1670697479662 0.0005590844740686385 0
1670697484740 0.000557988524854415 0
1670697489838 0.0005568742641599149 0
1670697494894 0.0005550828853211995 0
1670697499783 0.0005540079076351608 0
1670697504706 0.0005522796305566896 0
1670697509656 0.000560940217205149 0
1670697514596 0.0005591087130360295 0
1670697519129 0.0005563686185109781 0
1670697523842 0.0005554394725894239 0
1670697528424 0.0005573060545710506 0
1670697532331 0.0005555391173226135 0
1670697536372 0.0005529266292930669 0
1670697540492 0.0005512072598280555 0
1670697544691 0.0005494981887178815 0
1670697549090 0.0005469933178435081 0
1670697553222 0.0005445223783874376 0
1670697557417 0.0005428922172665232 0
1670697562008 0.0005404874791251969 0
1670697566722 0.000538114400457333 0
1670697571308 0.0005357722929625019 0
1670697575073 0.0005351754270151124 0
1670697579928 0.0005345579966233363 0
1670697584487 0.0005380013678825011 0
1670697588528 0.0005357233843431959 0
1670697592143 0.0005343318729426471 0
1670697596012 0.0005321100411335317 0
1670697600049 0.0005314739892312966 0
1670697603909 0.000556647566365188 0
1670697607653 0.0005543987739556907 0
1670697611234 0.0005574492062039455 0
1670697614794 0.0005566911113593961 0
1670697618688 0.0005544856928178253 0
1670697622084 0.0005610947720383017 0
1670697625533 0.0005639369382862952 0
1670697629417 0.000561756032313508 0
1670697633400 0.0005644632674338748 0
1670697637549 0.0005630597467300013 0
1670697641351 0.0005616625141841191 0
1670697644446 0.0005642945714795947 0
1670697647719 0.0005629293085958166 0
1670697651036 0.0005621486627446532 0
1670697654352 0.0005749374335121321 0
1670697657674 0.0005741422904590841 0
1670697661077 0.0005720662460440368 0
1670697664611 0.0005712780352241684 0
1670697667998 0.0005736375047752892 0
1670697671428 0.0005723070177722683 0
1670697674848 0.000570982184350238 0
1670697678296 0.0005766300609435711 0
