1670609961517 0.0 0
1670609961737 0.0 0
1670609961991 0.0 0
1670609962430 0.0 0
1670609962561 0.0 0
1670609962708 0.0 0
1670609962853 0.0 0
1670609963099 0.0 0
1670609963410 0.0 0
1670609963634 0.0 0
1670609963833 0.0 0
1670609963937 0.0 0
1670609964253 0.0 0
1670609964411 0.0 0
1670609964590 0.0 0
1670609964981 0.0 0
1670609965268 0.0 0
1670609965458 0.0 0
1670609965648 0.0 0
1670609965784 0.0 0
1670609966137 0.0 0
1670609966285 0.0 0
1670609966446 0.0 0
1670609966655 0.0 0
1670609966865 0.0 0
1670609967099 0.0 0
1670609967275 0.0 0
1670609967484 0.0 0
1670609967672 0.0 0
1670609967975 0.0 0
1670609968169 0.0 0
1670609968365 0.0 0
1670609968801 0.0 0
1670609968950 0.0 0
1670609969101 0.0 0
1670609969414 0.0 0
1670609969552 0.0 0
1670609969720 0.0 0
1670609969875 0.0 0
1670609970026 0.0 0
1670609970347 0.0 0
1670609970595 0.0 0
1670609970776 0.0 0
1670609971055 0.0 0
1670609971296 0.0 0
1670609971658 0.0 0
1670609971907 0.0 0
1670609972208 0.0 0
1670609972438 0.0 0
1670609972763 0.0 0
1670609973130 0.0 0
1670609973287 0.0 0
1670609973447 0.0 0
1670609973618 0.0 0
1670609973978 0.0 0
1670609974211 0.0 0
1670609974635 0.0 0
1670609974833 0.0 0
1670609975114 0.0 0
1670609975262 0.0 0
1670609975440 0.0 0
1670609975935 0.0 0
1670609976179 0.0 0
1670609976616 0.0 0
1670609977008 0.0 0
1670609977302 0.0 0
1670609977613 0.0 0
1670609977776 0.0 0
1670609978058 0.0 0
1670609978339 0.0 0
1670609978676 0.0 0
1670609978925 0.0 0
1670609979224 0.0 0
1670609979519 0.0 0
1670609979854 0.0 0
1670609980093 0.0 0
1670609980411 0.0 0
1670609980580 0.0 0
1670609980729 0.0 0
1670609981115 0.0 0
1670609981275 0.0 0
1670609981504 0.0 0
1670609981876 0.0 0
1670609982153 0.0 0
1670609982448 0.0 0
1670609982744 0.0 0
1670609982967 0.0 0
1670609983268 0.0 0
1670609983660 0.0 0
1670609983843 0.0 0
1670609984096 0.0 0
1670609984251 0.0 0
1670609984506 0.0 0
1670609984736 0.0 0
1670609985135 0.0 0
1670609985509 0.0 0
1670609985675 0.0 0
1670609986040 0.0 0
1670609986218 0.0 0
1670609986463 0.0 0
1670609986653 0.0 0
1670609986813 0.0 0
