1670610194032 0.0 0
1670610194252 0.0 0
1670610194565 0.0 0
1670610194941 0.0 0
1670610195182 0.0 0
1670610195350 0.0 0
1670610195664 0.0 0
1670610195979 0.0 0
1670610196226 0.0 0
1670610196487 0.0 0
1670610196859 0.0 0
1670610197103 0.0 0
1670610197284 0.0 0
1670610197473 0.0 0
1670610197738 0.0 0
1670610198128 0.0 0
1670610198371 0.0 0
1670610198694 0.0 0
1670610198930 0.0 0
1670610199265 0.0 0
1670610199658 0.0 0
1670610200068 0.0 0
1670610200368 0.0 0
1670610200678 0.0 0
1670610200984 0.0 0
1670610201346 0.0 0
1670610201756 0.0 0
1670610201963 0.0 0
1670610202252 0.0 0
1670610202678 0.0 0
1670610202855 0.0 0
1670610203108 0.0 0
1670610203301 0.0 0
1670610203636 0.0 0
1670610204106 0.0 0
1670610204289 0.0 0
1670610204547 0.0 0
1670610204768 0.0 0
1670610205043 0.0 0
1670610205531 0.0 0
1670610205783 0.0 0
1670610206045 0.0 0
1670610206261 0.0 0
1670610206537 0.0 0
1670610206750 0.0 0
1670610206968 0.0 0
1670610207225 0.0 0
1670610207552 0.0 0
1670610207857 0.0 0
1670610208200 0.0 0
1670610208540 0.0 0
1670610208779 0.0 0
1670610209074 0.0 0
1670610209455 0.0 0
1670610209683 0.0 0
1670610209994 0.0 0
1670610210365 0.0 0
1670610210744 0.0 0
1670610211125 0.0 0
1670610211385 0.0 0
1670610211693 0.0 0
1670610211964 0.0 0
1670610212468 0.0 0
1670610212900 0.0 0
1670610213167 0.0 0
1670610213465 0.0 0
1670610213704 0.0 0
1670610214124 0.0 0
1670610214347 0.0 0
1670610214559 0.0 0
1670610214974 0.0 0
1670610215244 0.0 0
1670610215533 0.0 0
1670610215870 0.0 0
1670610216244 0.0 0
1670610216457 0.0 0
1670610216742 0.0 0
1670610217137 0.0 0
1670610217429 0.0 0
1670610217875 0.0 0
1670610218198 0.0 0
1670610218723 0.0 0
1670610218963 0.0 0
1670610219221 0.0 0
1670610219601 0.0 0
1670610219976 0.0 0
1670610220350 0.0 0
1670610220549 0.0 0
1670610220862 0.0 0
1670610221288 0.0 0
1670610221518 0.0 0
1670610221770 0.0 0
1670610222208 0.0 0
1670610222523 0.0 0
1670610222891 0.0 0
1670610223178 0.0 0
1670610223448 0.0 0
1670610223882 0.0 0
1670610224234 0.0 0
1670610224556 0.0 0
1670610224979 0.0 0
