1670606145693 0.0012706204736432096 0
1670606148225 0.0004056579896548098 0
1670606150464 0.0002756079346556099 0
1670606152727 0.00022211560841582396 0
1670606155473 0.00019159985761322719 0
1670606158348 0.00017124815643170985 0
1670606161113 0.00015640519280714062 0
1670606163715 0.00014494143656233917 0
1670606165997 0.0001809725730192793 0
1670606169154 0.00017187622817995822 0
1670606171664 0.00016405174784712436 0
1670606174535 0.00015722366206090424 0
1670606177441 0.00015119431041804357 0
1670606180704 0.000145817455655766 0
1670606184164 0.0001409821357407901 0
1670606187315 0.0001366023473127161 0
1670606189991 0.0001326102135234539 0
1670606192976 0.00012895131948910824 0
1670606195779 0.0001255814432644958 0
1670606198795 0.0001224642122286377 0
1670606201593 0.00011956938914471201 0
1670606204729 0.00011687159647389144 0
1670606207621 0.00011434935189121922 0
1670606210706 0.00011198432877327072 0
1670606213194 0.00010976078195432554 0
1670606215217 0.00010766509666614455 0
1670606216698 0.00010568543051044887 0
1670606219736 0.00010381142654216396 0
1670606222707 9.778018294086907e-05 0
1670606225070 9.630090968981944e-05 0
1670606227772 9.48863483911245e-05 0
1670606230730 9.353195058816939e-05 0
1670606234051 9.223359927247313e-05 0
1670606237348 9.098755818346699e-05 0
1670606241010 8.979042811850115e-05 0
1670606243925 0.00010699819427499509 0
1670606246582 0.00010570344448755755 0
1670606248973 0.00010445406776087741 0
1670606251208 0.00010324750954587812 0
1670606253892 0.00010208140894681585 0
1670606255756 0.00011506694696774836 0
1670606258144 0.00011386019684079614 0
1670606260229 0.00011269000587355667 0
1670606262647 0.00011155460350136783 0
1670606265213 0.00011045233358280318 0
1670606267520 0.00010938164543376514 0
1670606269494 0.00011974463906241542 0
1670606271814 0.00011865699540333011 0
1670606274541 0.00011759783907240327 0
1670606276521 0.00011656598250662126 0
1670606278909 0.00011556030360882794 0
1670606281590 0.00011457974145343336 0
1670606284275 0.00011362329229696431 0
1670606287058 0.00011269000587355664 0
1670606289495 0.0001212413286510184 0
1670606292298 0.00012029953378402499 0
1670606294772 0.00011937884977981274 0
1670606297025 0.00011847852397490373 0
1670606299026 0.00011759783907240327 0
1670606301596 0.00011673611118316772 0
1670606303742 0.00011589268798118784 0
1670606306272 0.00011506694696774836 0
1670606308711 0.0001142582938387962 0
1670606310989 0.00011346616094993646 0
1670606313411 0.00011269000587355667 0
1670606315543 0.00011990241464260262 0
1670606317860 0.0001191195684825567 0
1670606320451 0.00011835152564547193 0
1670606322756 0.00011759783907240324 0
1670606324965 0.00011685807958842199 0
1670606327227 0.0001231914510533047 0
1670606329455 0.00012244946680832637 0
1670606331580 0.00012172038804485013 0
1670606333713 0.00012100385824201884 0
1670606336343 0.00012029953378402499 0
1670606338848 0.00011960708341872678 0
1670606341992 0.0001189261877388798 0
1670606344449 0.00011825653868545097 0
1670606346779 0.00011759783907240327 0
1670606349729 0.0001231914510533047 0
1670606352390 0.00012253126554583678 0
1670606355558 0.00012188130872315027 0
1670606357588 0.0001212413286510184 0
1670606359909 0.00012061108152832108 0
1670606362253 0.00011999033138309403 0
1670606364975 0.00011937884977981273 0
1670606367101 0.0001187764155376945 0
1670606369257 0.0001181828144597638 0
1670606371891 0.00011759783907240324 0
1670606374958 0.0001225968195767265 0
1670606377583 0.00012201049400482886 0
1670606379772 0.00012143228977407107 0
1670606382532 0.0001260043742242606 0
1670606385738 0.00012542683601430793 0
1670606389544 0.00012485693196901876 0
1670606393009 0.00012429450256785398 0
1670606396074 0.00012373939260390632 0
1670606398519 0.0001231914510533047 0
1670606474768 0.00012738258145685374 0
1670606477408 0.00012683594215341415 0
1670606479810 0.00012629605720356404 0
1670606481718 0.00012576279512614732 0
