1670607669675 0.0009 0
1670607671421 0.0015 0
1670607673124 0.0015 0
1670607674590 0.0012 0
1670607676159 0.0012 0
1670607677740 0.0015 0
1670607679459 0.0009 0
1670607681190 0.0014 0
1670607682876 0.0016 0
1670607684573 0.0016 0
1670607686331 0.0009 0
1670607688083 0.0012 0
1670607689733 0.0012 0
1670607691407 0.0011 0
1670607693343 0.0007 0
1670607695081 0.001 0
1670607696726 0.0013 0
1670607698370 0.0013 0
1670607699872 0.0014 0
1670607701531 0.0019 0
1670607703292 0.001 0
1670607704894 0.0019 0
1670607706489 0.0009 0
1670607708307 0.0008 0
1670607710053 0.0009 0
1670607711682 0.0007 0
1670607713722 0.0012 0
1670607715460 0.0008 0
1670607717468 0.001 0
1670607719504 0.0011 0
1670607972444 0.0008 0
1670607974616 0.0011 0
1670607977063 0.0013 0
1670607978828 0.0011 0
1670607980994 0.0013 0
1670607982503 0.0012 0
1670607984053 0.001 0
1670607985532 0.0008 0
1670607987210 0.0012 0
1670607989228 0.0013 0
1670607991020 0.0011 0
1670607992918 0.0012 0
1670607994786 0.0017 0
1670607996501 0.0014 0
1670607998418 0.001 0
1670608000251 0.0014 0
1670608002139 0.0014 0
1670608003922 0.0011 0
1670608005693 0.001 0
1670608007684 0.0009 0
1670608009640 0.0014 0
1670608011361 0.0013 0
1670608013384 0.0008 0
1670608015192 0.0012 0
1670608016848 0.0013 0
1670608018835 0.0016 0
1670608020877 0.0011 0
1670608022604 0.0014 0
1670608024734 0.0012 0
1670608026596 0.0008 0
1670608028588 0.0008 0
1670608030523 0.0011 0
1670608032523 0.0007 0
1670608034218 0.001 0
1670608036335 0.0014 0
1670608038249 0.0006 0
1670608040104 0.001 0
1670608042297 0.001 0
1670608043791 0.0006 0
1670608045384 0.0005 0
1670608046860 0.0008 0
1670608048762 0.0014 0
1670608050533 0.0016 0
1670608052180 0.0011 0
1670608053985 0.0007 0
1670608056212 0.0011 0
1670608058027 0.001 0
1670608059889 0.0012 0
1670608061662 0.0018 0
1670608063426 0.001 0
1670608065194 0.0007 0
1670608066871 0.0014 0
1670608068668 0.001 0
1670608070667 0.0008 0
1670608072620 0.0015 0
1670608074483 0.0013 0
1670608076531 0.001 0
1670608078322 0.0013 0
1670608080463 0.0009 0
1670608082170 0.0015 0
1670608084092 0.0007 0
1670608086072 0.0014 0
1670608087878 0.0017 0
1670608089659 0.0012 0
1670608091449 0.0014 0
1670608093397 0.0012 0
1670608095340 0.0011 0
1670608097125 0.0009 0
1670608098744 0.0007 0
1670608100712 0.0014 0
1670608102537 0.001 0
1670608104304 0.0012 0
1670608106024 0.0015 0
