1670617051730 0.1901 0
1670617059743 0.189 0
1670617067919 0.1887 0
1670617076045 0.1898 0
1670617083870 0.1897 0
1670617091549 0.1883 0
1670617099481 0.1902 0
1670617106933 0.1906 0
1670617114370 0.1877 0
1670617121761 0.1905 0
1670617129085 0.1902 0
1670617136920 0.1882 0
1670617144551 0.1903 0
1670617152186 0.1907 0
1670617159795 0.1909 0
1670617167192 0.1898 0
1670617174981 0.1886 0
1670617181932 0.1908 0
1670617188521 0.1891 0
1670617195066 0.1897 0
1670617201114 0.1911 0
1670617206753 0.1901 0
1670617212433 0.1899 0
1670617218269 0.1907 0
1670617224104 0.1887 0
1670617229863 0.1908 0
1670617235543 0.1896 0
1670617240798 0.1882 0
1670617246199 0.1905 0
1670617251823 0.1887 0
1670617257286 0.1885 0
1670617262638 0.1909 0
1670617267864 0.189 0
1670617273126 0.1879 0
1670617278435 0.1899 0
1670617284732 0.1908 0
