1670567524445 0.008470803157621396 0
1670567525064 0.0023420674952612675 0
1670567525762 0.0017591633850134556 0
1670567526397 0.0018876197026430333 0
1670567527126 0.0016157118651246687 0
1670567527881 0.002084366182418242 0
1670567528624 0.0020854025707618754 0
1670567529377 0.002049781453362996 0
1670567529926 0.0021802417817486184 0
1670567530527 0.002100709455532823 0
1670567531217 0.002027733873648738 0
1670567531856 0.001960923588419441 0
1670567532373 0.0018744662048717396 0
1670567533009 0.0018434755775606666 0
1670567533706 0.0022589985666613254 0
1670567534592 0.0021963623546891286 0
1670567535138 0.0021990916081310505 0
1670567535924 0.0021415898530130328 0
1670567536550 0.002120747435251807 0
1670567537236 0.002098277852051935 0
1670567537870 0.002314593530957012 0
1670567538638 0.0023574432363628484 0
1670567539398 0.002309972409710724 0
1670567540053 0.0022652377142758284 0
1670567540590 0.0022185931809720286 0
1670567541453 0.0023390846232963607 0
1670567542245 0.002336792792068918 0
1670567543098 0.002299217995401358 0
1670567543667 0.0021989760281368818 0
1670567544451 0.0021648735469735844 0
1670567545328 0.0021633563363176195 0
1670567546202 0.0021344731548046288 0
1670567546767 0.0021783781775410026 0
1670567547348 0.002149790050344723 0
1670567548150 0.0021222858651785744 0
1670567548799 0.002096394722673316 0
1670567549335 0.0022738560839640452 0
1670567550049 0.0022479930813478276 0
1670567550768 0.0022735206745536475 0
1670567551452 0.0022620492528464967 0
1670567552233 0.0023305926514003384 0
1670567553100 0.0023162020549151244 0
1670567553810 0.002316130703123017 0
1670567554600 0.002302871159895018 0
1670567555494 0.0023383942966372674 0
1670567556323 0.002313997649834208 0
1670567557203 0.00230212736616194 0
1670567558052 0.002282724406596064 0
1670567558776 0.0022603029664228745 0
1670567559408 0.0025089728366113383 0
1670567560097 0.002484853055750625 0
1670567560584 0.0024903832537705173 0
1670567561246 0.0024672723634663013 0
1670567561840 0.0024521695130183614 0
1670567562624 0.002435467969538801 0
1670567563256 0.0024714952318790444 0
1670567563816 0.0024501038702308287 0
1670567564568 0.0024355093571533674 0
1670567565314 0.0024207198497910544 0
1670567566090 0.00245073763562917 0
1670567566972 0.0024355853193804055 0
1670567567589 0.0024360874552364358 0
1670567568131 0.0024614123540720135 0
1670567568717 0.002446033202404657 0
1670567569201 0.0024309183046028575 0
1670567569689 0.0024160611641109945 0
1670567570592 0.002423266077377491 0
1670567571540 0.0024295321847355705 0
1670567572592 0.0024186398632839263 0
1670567573447 0.0024052921949090224 0
1670567574371 0.002392140820809045 0
1670567575120 0.002375813110992883 0
1670567575826 0.0023761417579256094 0
1670567576475 0.002382664068182594 0
1670567577119 0.0023703443987681335 0
1670567577741 0.0023581951029323115 0
1670567578188 0.002343161135613558 0
1670567578905 0.002343634948494811 0
1670567579573 0.0023353381882483364 0
1670567580295 0.0023270614578868604 0
1670567580951 0.002312943058412898 0
1670567581678 0.002413718286043293 0
1670567582321 0.0023993467798317115 0
1670567582814 0.002385228959622379 0
1670567583496 0.0023713574488038558 0
1670567584165 0.0023577251676041204 0
1670567584846 0.00235913745392089 0
1670567585501 0.0023601885085166243 0
1670567586065 0.0023471123751070406 0
1670567586728 0.0023479894494642358 0
1670567587336 0.0023485511717292523 0
1670567587934 0.0023747276119753637 0
1670567588675 0.0023751885625357292 0
1670567589360 0.0023928239147679516 0
1670567590450 0.0023827560618980303 0
1670567591181 0.00237058591879101 0
1670567592033 0.002410783128748181 0
1670567592773 0.002400659929069492 0
1670567593365 0.0025227341340537143 0
1670567594118 0.002510322294849478 0
1670567594805 0.0025089728366113387 0
