1670616000224 0.0 0
1670616010578 0.0002 0
1670616020133 0.0003 0
1670616030991 0.0 0
1670616040976 0.0002 0
1670616051216 0.0001 0
1670616060959 0.0002 0
1670616071601 0.0001 0
1670616082443 0.0001 0
1670616092805 0.0 0
1670616103275 0.0002 0
1670616113405 0.0002 0
1670616124048 0.0002 0
1670616134827 0.0002 0
1670616145343 0.0001 0
1670616155821 0.0001 0
1670616166118 0.0 0
1670616176612 0.0001 0
1670616187287 0.0 0
1670616197810 0.0 0
1670616208459 0.0001 0
1670616218819 0.0001 0
1670616228762 0.0003 0
1670616239291 0.0002 0
1670616250008 0.0001 0
1670616260611 0.0 0
1670616269973 0.0 0
1670616279228 0.0001 0
1670616289490 0.0 0
1670616299187 0.0001 0
1670616308719 0.0001 0
1670616318593 0.0002 0
1670616328623 0.0005 0
1670616338371 0.0001 0
1670616348668 0.0002 0
1670616359010 0.0002 0
1670616369260 0.0002 0
1670616379271 0.0002 0
1670616389210 0.0002 0
1670616399232 0.0001 0
1670616409319 0.0002 0
1670616422023 0.0001 0
1670616430540 0.0003 0
1670616440403 0.0002 0
1670616450609 0.0 0
1670616460709 0.0001 0
1670616470972 0.0 0
1670616481495 0.0003 0
1670616491430 0.0 0
1670616501209 0.0003 0
1670616510867 0.0 0
1670616521224 0.0003 0
1670616531284 0.0001 0
1670616541537 0.0 0
1670616552142 0.0001 0
1670616562797 0.0003 0
1670616572565 0.0001 0
1670616582219 0.0001 0
1670616591802 0.0002 0
1670616600845 0.0002 0
1670616609646 0.0 0
1670616618004 0.0002 0
1670616625853 0.0002 0
1670616633768 0.0002 0
1670616642061 0.0002 0
1670616650404 0.0002 0
1670616658155 0.0001 0
1670616666472 0.0 0
1670616674127 0.0001 0
1670616681957 0.0003 0
1670616690234 0.0001 0
1670616699141 0.0004 0
1670616707134 0.0003 0
1670616715716 0.0 0
1670616724231 0.0 0
1670616732889 0.0002 0
1670616741603 0.0 0
1670616750311 0.0002 0
1670616758999 0.0001 0
1670616767917 0.0002 0
1670616776517 0.0 0
1670616784970 0.0 0
1670616792933 0.0001 0
1670616801206 0.0002 0
1670616809504 0.0004 0
1670616817429 0.0003 0
1670616825270 0.0001 0
1670616833125 0.0004 0
1670616841025 0.0003 0
1670616849139 0.0002 0
1670616857033 0.0002 0
1670616864904 0.0 0
1670616873068 0.0001 0
1670616881719 0.0003 0
1670616890542 0.0002 0
1670616899048 0.0 0
1670616907077 0.0002 0
1670616915322 0.0001 0
1670616923810 0.0003 0
1670616932170 0.0 0
1670616940297 0.0001 0
1670616948435 0.0001 0
