1670631344674 0.0005714285714285715 0
1670631347667 0.0 0
1670631350684 0.00014285714285714287 0
1670631353739 0.00014285714285714287 0
1670631356760 0.0005714285714285715 0
1670631360352 0.00042857142857142855 0
1670631363866 0.00042857142857142855 0
1670631367367 0.00042857142857142855 0
1670631370881 0.0005714285714285715 0
1670631374376 0.0007142857142857143 0
1670631377882 0.00042857142857142855 0
1670631381414 0.00028571428571428574 0
1670631384931 0.00042857142857142855 0
1670631388456 0.0005714285714285715 0
1670631391961 0.00028571428571428574 0
1670631395480 0.0 0
1670631398987 0.00028571428571428574 0
1670631402497 0.00014285714285714287 0
1670631406063 0.00014285714285714287 0
1670631409581 0.00028571428571428574 0
1670631413084 0.00014285714285714287 0
1670631416552 0.0007142857142857143 0
1670631419986 0.00042857142857142855 0
1670631423501 0.00028571428571428574 0
1670631427075 0.0005714285714285715 0
1670631430638 0.00042857142857142855 0
1670631434197 0.00042857142857142855 0
1670631437781 0.00042857142857142855 0
1670631441327 0.0005714285714285715 0
1670631444862 0.00014285714285714287 0
1670631448348 0.0005714285714285715 0
1670631451804 0.00042857142857142855 0
1670631455332 0.001142857142857143 0
1670631458565 0.00042857142857142855 0
1670631461560 0.0005714285714285715 0
1670631464740 0.0005714285714285715 0
1670631467827 0.00042857142857142855 0
1670631471264 0.00042857142857142855 0
1670631474800 0.00028571428571428574 0
1670631478080 0.00042857142857142855 0
1670631481621 0.00042857142857142855 0
1670631485094 0.00014285714285714287 0
1670631488562 0.00014285714285714287 0
1670631492076 0.00028571428571428574 0
1670631495539 0.00042857142857142855 0
1670631499042 0.00028571428571428574 0
1670631502585 0.00028571428571428574 0
1670631506104 0.0005714285714285715 0
1670631509633 0.00042857142857142855 0
1670631513123 0.00014285714285714287 0
1670631516763 0.001 0
1670631520243 0.0005714285714285715 0
1670631523659 0.00014285714285714287 0
1670631527140 0.00014285714285714287 0
1670631530946 0.00014285714285714287 0
1670631534587 0.00028571428571428574 0
1670631538030 0.0005714285714285715 0
1670631541353 0.00042857142857142855 0
1670631544809 0.00028571428571428574 0
1670631548162 0.0005714285714285715 0
1670631551961 0.00014285714285714287 0
1670631555304 0.00042857142857142855 0
1670631558707 0.0005714285714285715 0
1670631562068 0.00014285714285714287 0
1670631565446 0.0 0
1670631568786 0.00014285714285714287 0
1670631572375 0.00042857142857142855 0
1670631576041 0.0005714285714285715 0
1670631579460 0.00028571428571428574 0
1670631582925 0.0007142857142857143 0
1670631586478 0.0008571428571428571 0
1670631589932 0.00014285714285714287 0
1670631593425 0.00042857142857142855 0
1670631596914 0.00028571428571428574 0
1670631600201 0.00014285714285714287 0
1670631603603 0.00042857142857142855 0
1670631606708 0.00028571428571428574 0
1670631609820 0.0005714285714285715 0
1670631613054 0.00014285714285714287 0
1670631616280 0.0008571428571428571 0
1670631619351 0.00028571428571428574 0
1670631623051 0.001142857142857143 0
1670631626265 0.00014285714285714287 0
1670631629574 0.00028571428571428574 0
1670631632928 0.0008571428571428571 0
1670631636295 0.001 0
1670631639924 0.00028571428571428574 0
1670631643431 0.00042857142857142855 0
1670631647105 0.0008571428571428571 0
1670631650757 0.00014285714285714287 0
1670631654338 0.0005714285714285715 0
1670631658402 0.00042857142857142855 0
1670631662003 0.0007142857142857143 0
1670631665810 0.00028571428571428574 0
1670631669540 0.0005714285714285715 0
1670631673452 0.0007142857142857143 0
1670631677243 0.00028571428571428574 0
1670631681034 0.00042857142857142855 0
1670631684944 0.0008571428571428571 0
1670631688622 0.00014285714285714287 0
1670631692311 0.0005714285714285715 0
1670631696410 0.0005714285714285715 0
