1670571488362 0.0 0
1670571488519 0.0 0
1670571488716 0.0 0
1670571488871 0.0 0
1670571489230 0.0 0
1670571489364 0.0 0
1670571489695 0.0 0
1670571490034 0.0 0
1670571490444 0.0 0
1670571490584 0.0 0
1670571490840 0.0 0
1670571491294 0.0 0
1670571491417 0.0 0
1670571491550 0.0 0
1670571491815 0.0 0
1670571492070 0.0 0
1670571492332 0.0 0
1670571492550 0.0 0
1670571492720 0.0 0
1670571492965 0.0 0
1670571493200 0.0 0
1670571493564 0.0 0
1670571493775 0.0 0
1670571493945 0.0 0
1670571494162 0.0 0
1670571494424 0.0 0
1670571494720 0.0 0
1670571495021 0.0 0
1670571495353 0.0 0
1670571495639 0.0 0
1670571495903 0.0 0
1670571496222 0.0 0
1670571496555 0.0 0
1670571496922 0.0 0
1670571497347 0.0 0
1670571497623 0.0 0
1670571497857 0.0 0
1670571498035 0.0 0
1670571498202 0.0 0
1670571498614 0.0 0
1670571498844 0.0 0
1670571499069 0.0 0
1670571499313 0.0 0
1670571499538 0.0 0
1670571499759 0.0 0
1670571499923 0.0 0
1670571500266 0.0 0
1670571500488 0.0 0
1670571500677 0.0 0
1670571500962 0.0 0
1670571501370 0.0 0
1670571501690 0.0 0
1670571501937 0.0 0
1670571502329 0.0 0
1670571502525 0.0 0
1670571502872 0.0 0
1670571503287 0.0 0
1670571503581 0.0 0
1670571503811 0.0 0
1670571504032 0.0 0
1670571504331 0.0 0
1670571504539 0.0 0
1670571504847 0.0 0
1670571505078 0.0 0
1670571505274 0.0 0
1670571505483 0.0 0
1670571505667 0.0 0
1670571505867 0.0 0
1670571506053 0.0 0
1670571506265 0.0 0
1670571506453 0.0 0
1670571506713 0.0 0
1670571507093 0.0 0
1670571507197 0.0 0
1670571507561 0.0 0
1670571507779 0.0 0
1670571507971 0.0 0
1670571508204 0.0 0
1670571508341 0.0 0
1670571508658 0.0 0
1670571508828 0.0 0
1670571509171 0.0 0
1670571509433 0.0 0
1670571509667 0.0 0
1670571509928 0.0 0
1670571510171 0.0 0
1670571510532 0.0 0
1670571510708 0.0 0
1670571511083 0.0 0
1670571511531 0.0 0
1670571511797 0.0 0
1670571511956 0.0 0
1670571512312 0.0 0
1670571512556 0.0 0
1670571512829 0.0 0
1670571513171 0.0 0
1670571513462 0.0 0
1670571513818 0.0 0
1670571514040 0.0 0
1670571514412 0.0 0
1670571514704 0.0 0
