1670635744774 0.0060382719200661504 0
1670635786248 0.004939731150184196 0
1670635831181 0.005940137819620715 0
1670635875235 0.004940274155400281 0
1670635917665 0.0050657882830855245 0
1670636000863 0.0055734588567422595 0
1670636054278 0.0052915023148296415 0
1670636100354 0.005345421338865768 0
1670636157629 0.005572795663277735 0
1670636242714 0.005861886029087053 0
1670636297787 0.0055283163566793025 0
1670636346757 0.005161609205088869 0
1670636399228 0.00557763420313073 0
1670636449185 0.006194471074140454 0
1670636508619 0.0054753458847295496 0
1670636552810 0.005828491349108667 0
1670636595133 0.005721100212962933 0
1670636635293 0.00585414918759164 0
1670636676302 0.005280486460113544 0
1670636732423 0.004804391529856638 0
1670636817216 0.005260839544652821 0
1670636858717 0.00560531892401528 0
1670636898306 0.005519769246254513 0
1670636969598 0.005793853176547322 0
1670637012400 0.005773242473959281 0
1670637057689 0.005131191040912053 0
1670637100021 0.005140257211441686 0
1670637148868 0.005441511344629725 0
1670637227907 0.005529344474252636 0
1670637271998 0.005941890440875793 0
