1670619296611 0.002285714285714286 0
1670619301466 0.002285714285714286 0
1670619306247 0.0024285714285714284 0
1670619311255 0.0012857142857142856 0
1670619316350 0.0014285714285714286 0
1670619320995 0.0015714285714285715 0
1670619325629 0.0015714285714285715 0
1670619330284 0.002857142857142857 0
1670619335046 0.0015714285714285715 0
1670619339513 0.0018571428571428571 0
1670619344014 0.002 0
1670619348462 0.0018571428571428571 0
1670619353128 0.002 0
1670619357828 0.002285714285714286 0
1670619362777 0.001 0
1670619367774 0.002142857142857143 0
1670619372480 0.001142857142857143 0
1670619377280 0.0018571428571428571 0
1670619381790 0.002 0
1670619386721 0.002857142857142857 0
1670619391254 0.002 0
1670619395736 0.002 0
1670619400373 0.002 0
1670619405205 0.0015714285714285715 0
1670619409754 0.002 0
1670619414481 0.0018571428571428571 0
1670619419032 0.0017142857142857142 0
1670619423064 0.002285714285714286 0
1670619427370 0.002 0
1670619431353 0.0027142857142857142 0
1670619435239 0.002857142857142857 0
1670619439216 0.003142857142857143 0
1670619443177 0.0024285714285714284 0
1670619447667 0.0025714285714285713 0
1670619452182 0.003 0
1670619456678 0.0018571428571428571 0
1670619461278 0.0017142857142857142 0
1670619465304 0.0027142857142857142 0
1670619469348 0.003142857142857143 0
1670619472967 0.0027142857142857142 0
1670619476287 0.002142857142857143 0
1670619480614 0.002142857142857143 0
1670619484843 0.0024285714285714284 0
1670619488971 0.002142857142857143 0
1670619492940 0.003142857142857143 0
1670619496955 0.0014285714285714286 0
1670619501302 0.0014285714285714286 0
1670619505466 0.002 0
1670619509257 0.002142857142857143 0
1670619513342 0.002857142857142857 0
1670619517330 0.0027142857142857142 0
1670619521326 0.002857142857142857 0
1670619525110 0.002 0
1670619529151 0.003 0
1670619533022 0.0027142857142857142 0
1670619536940 0.001142857142857143 0
1670619540842 0.002285714285714286 0
1670619544675 0.002 0
1670619548601 0.0025714285714285713 0
1670619552520 0.0018571428571428571 0
1670619556458 0.0014285714285714286 0
1670619560361 0.002142857142857143 0
1670619564163 0.003142857142857143 0
1670619568033 0.0027142857142857142 0
1670619572105 0.002 0
1670619576210 0.002285714285714286 0
1670619580747 0.002142857142857143 0
1670619585262 0.002857142857142857 0
1670619589749 0.0034285714285714284 0
1670619594242 0.0027142857142857142 0
1670619598670 0.0027142857142857142 0
1670619603123 0.002285714285714286 0
1670619607617 0.002285714285714286 0
1670619612255 0.0024285714285714284 0
1670619616377 0.002 0
1670619620696 0.003285714285714286 0
1670619625090 0.0018571428571428571 0
1670619629521 0.003285714285714286 0
1670619633952 0.0025714285714285713 0
1670619638403 0.0025714285714285713 0
1670619642842 0.002 0
1670619647284 0.0027142857142857142 0
1670619651793 0.002285714285714286 0
1670619656247 0.002142857142857143 0
1670619660719 0.0018571428571428571 0
1670619664966 0.0018571428571428571 0
1670619668677 0.0025714285714285713 0
1670619671957 0.003285714285714286 0
1670619675763 0.0018571428571428571 0
1670619679699 0.002 0
1670619683603 0.002142857142857143 0
1670619687594 0.0017142857142857142 0
1670619691270 0.002857142857142857 0
1670619695140 0.0017142857142857142 0
1670619698848 0.0025714285714285713 0
1670619702671 0.0027142857142857142 0
1670619706634 0.003142857142857143 0
1670619710573 0.002142857142857143 0
1670619714301 0.002285714285714286 0
1670619718215 0.0037142857142857142 0
1670619722392 0.0014285714285714286 0
1670619726528 0.0015714285714285715 0
