1670619301492 nan 0
1670619306276 0.000579511413792584 0
1670619311261 0.0029110855816706117 0
1670619316373 0.0026830827002353595 0
1670619321018 0.002376746236649985 0
1670619325656 0.002160603952006235 0
1670619330313 0.002522240733432747 0
1670619335071 0.002387923128166689 0
1670619339536 0.002223978482179233 0
1670619344042 0.002091477083970379 0
1670619348488 0.001979610781978002 0
1670619353152 0.0018852735578865614 0
1670619357851 0.0018459619537592796 0
1670619362805 0.0020410192111287987 0
1670619367807 0.001981763331992131 0
1670619372507 0.00205661022705761 0
1670619377303 0.0019891532028518083 0
1670619381814 0.0019325920267298125 0
1670619386727 0.002083605612431384 0
1670619391279 0.0020279617532843798 0
1670619395761 0.0019765702711643544 0
1670619400398 0.0019289138795174753 0
1670619405230 0.0019061584075644538 0
1670619409779 0.0018647486612256973 0
1670619414505 0.0018252350500482018 0
1670619419056 0.0017942131896744842 0
1670619423070 0.0017824793257474663 0
1670619427395 0.0017496195580625033 0
1670619431372 0.0017379740731830414 0
1670619435257 0.001822066483646221 0
1670619439221 0.0019617600036282174 0
1670619443203 0.0019518481567823527 0
1670619447690 0.001956570104964251 0
1670619452207 0.002027359105982642 0
1670619456702 0.002003673320320123 0
1670619461302 0.0019888376946061046 0
1670619465330 0.002005744261653122 0
1670619469354 0.0020881929514541256 0
1670619472987 0.00209603781859332 0
1670619476314 0.002070390672913456 0
1670619480634 0.002045662507275123 0
1670619484867 0.0020301709044298517 0
1670619488988 0.0020070019734955433 0
1670619492955 0.002070158037927548 0
1670619496979 0.0020882047097371213 0
1670619501328 0.002103674072057614 0
1670619505484 0.002082649630140901 0
1670619509263 0.0020613545575059707 0
1670619513362 0.0020810230277297998 0
1670619517335 0.0020849643959134955 0
1670619521331 0.0021005964128102362 0
1670619525134 0.002082302342510862 0
1670619529177 0.002111165882407797 0
1670619533027 0.002111455254900363 0
1670619536968 0.002160238064308066 0
1670619540862 0.0021422106990084 0
1670619544699 0.00212523963805044 0
1670619548629 0.002117528707259928 0
1670619552540 0.0021054711197062556 0
1670619556480 0.0021196031337083763 0
1670619560367 0.002102441345022729 0
1670619564180 0.0021419431075586593 0
1670619568060 0.0021419599253910803 0
1670619572130 0.0021270363910154185 0
1670619576232 0.0021115977670744567 0
1670619580774 0.002095823007576895 0
1670619585289 0.0021054282439582402 0
1670619589776 0.0021703335851247256 0
1670619594270 0.0021680782382868446 0
1670619598693 0.0021655154521384636 0
1670619603150 0.0021506812894036354 0
1670619607644 0.002136147741941084 0
1670619612278 0.0021238605246300434 0
1670619616395 0.002111932639647488 0
1670619620719 0.002151791735354479 0
1670619625114 0.002144145124051678 0
1670619629546 0.0021811538219321117 0
1670619633974 0.0021722222158664893 0
1670619638425 0.002163356650889234 0
1670619642866 0.00215260554608831 0
1670619647307 0.002149010907629611 0
1670619651818 0.0021360831327662047 0
1670619656272 0.002123814913003225 0
1670619660744 0.002117748270069871 0
1670619664989 0.002111657128789797 0
1670619668697 0.002104070321361882 0
1670619671980 0.0021364657655537104 0
1670619675781 0.0021307753753168996 0
1670619679705 0.002121401199718353 0
1670619683617 0.0021101472846658973 0
1670619687611 0.0021097656915605254 0
1670619691288 0.0021131406860899387 0
1670619695163 0.0021127728578671868 0
1670619698866 0.0021057606476894974 0
1670619702691 0.0021030701648742543 0
1670619706639 0.0021218598658439758 0
1670619710578 0.002111503821997686 0
1670619714325 0.0021008406458553263 0
1670619718238 0.002166074653948246 0
1670619722416 0.0021800911603954195 0
1670619726551 0.0021858302267352093 0
