1670575026030 0.004235401578810971 0
1670575026825 0.0013521932988493912 0
1670575027584 0.0010608154350948418 0
1670575028275 0.0009067831742111121 0
1670575029291 0.0008078559325623846 0
1670575029926 0.0007369347310319796 0
1670575030799 0.0006826082239266285 0
1670575031492 0.0006391316596873198 0
1670575032241 0.0006032419100643338 0
1670575032785 0.0005729207605998932 0
1670575033819 0.0005468391594904976 0
1670575034825 0.0005240788735363378 0
1670575035614 0.0005039810347268192 0
1670575036454 0.00048605818551927804 0
1670575037351 0.0005546207560710448 0
1670575038202 0.0005387669235071835 0
1670575039308 0.0005241878946692369 0
1670575040229 0.0005107233286230084 0
1670575041365 0.0004982393827925868 0
1670575042551 0.00048662343503791394 0
1670575043688 0.00047578000657555464 0
1670575044604 0.000465627585747308 0
1670575045576 0.0004560961320758672 0
1670575046535 0.00044712509807842693 0
1670575047677 0.00043866184843333045 0
1670575048787 0.00043066038666461637 0
1670575049959 0.00042308032179338984 0
1670575050786 0.00041588602375208783 0
1670575051194 0.0003919927969080472 0
1670575051974 0.0003863089599372982 0
1670575053175 0.0003808609794626605 0
1670575053794 0.00037563335291190825 0
1670575054577 0.00037061192492215955 0
1670575055803 0.0004157187666877782 0
1670575056771 0.00041063817017772397 0
1670575057769 0.00040573462681614547 0
1670575058479 0.00040099844594676526 0
1670575059587 0.0003964206257962566 0
1670575060533 0.00043213144014475624 0
1670575060968 0.0004275719710129522 0
1670575062041 0.0004231490846652308 0
1670575063172 0.00041885642039141135 0
1670575064172 0.00041468799329180683 0
1670575065066 0.00041063817017772397 0
1670575065765 0.0004067016466827722 0
1670575066637 0.00040287342565858975 0
1670575067730 0.0003991487968747487 0
1670575068539 0.00039552331801107066 0
1670575069326 0.0003919927969080472 0
1670575070184 0.0004209868573452624 0
1670575071187 0.0004174534257549434 0
1670575072179 0.00041400493358645374 0
1670575073095 0.00041063817017772397 0
1670575074313 0.0004073500816301756 0
1670575075365 0.0004041377621700759 0
1670575076216 0.00040099844594676526 0
1670575077531 0.000397929499266092 0
1670575078445 0.0003949284132497288 0
1670575079549 0.0003919927969080472 0
1670575080559 0.0003891203706105628 0
1670575081463 0.0003863089599372982 0
1670575082430 0.00038355648989252256 0
1670575083254 0.0003808609794626605 0
1670575084524 0.00037822053649982923 0
1670575085403 0.00037563335291190825 0
1670575086369 0.0003730977001423774 0
1670575087174 0.00037061192492215955 0
1670575088059 0.00036817444527603715 0
1670575088803 0.0003657837467699876 0
1670575089622 0.00036343837898211717 0
1670575090818 0.00036113695218498165 0
1670575091664 0.0003588781342244163 0
1670575092758 0.00035666064758332894 0
1670575093760 0.0003544832666184661 0
1670575094952 0.000352344814958494 0
1670575096066 0.0003502441630541808 0
1670575097015 0.00034818022586957653 0
1670575098136 0.0003461519607065311 0
1670575099231 0.0003441583651528912 0
1670575100318 0.0003421984751480478 0
1670575101174 0.0003402713631560639 0
1670575102340 0.00033837613644205344 0
1670575103574 0.0003365119354439283 0
1670575104293 0.0003346779322337401 0
1670575105133 0.000332873329063621 0
1670575106060 0.00033109735698999554 0
1670575106746 0.0003293492745726212 0
1670575107995 0.00032762836664246286 0
1670575108847 0.00032593394313629176 0
1670575109624 0.0003242653379904592 0
1670575110449 0.0003226219080948445 0
1670575111157 0.0003210030322994273 0
1670575111767 0.0003194081104723745 0
1670575112769 0.0003178365626064217 0
1670575113910 0.00031628782797044064 0
1670575114624 0.0003147613643035285 0
1670575115436 0.000313256647049065 0
1670575116123 0.000311773168627294 0
1670575116827 0.0003103104377427668 0
1670575117539 0.00030886797872631266 0
1670575118338 0.000307445330908207 0
1670575119140 0.00030604204802209267 0
1670575119824 0.0003273847004362507 0
1670575120459 0.00032593394313629176 0
1670575121085 0.00032450215405488425 0
1670575121683 0.0003230889272110016 0
1670575122675 0.00032169386855041004 0
1670575123432 0.0003407501176159178 0
1670575124215 0.0003393198186210089 0
1670575125150 0.0003379072104017222 0
1670575126078 0.00035520467768901387 0
1670575127149 0.0003537661806410908 0
1670575127747 0.000352344814958494 0
1670575128462 0.0003509402482518853 0
1670575129266 0.00034955215692156205 0
1670575130084 0.00034818022586957653 0
1670575130694 0.0003468241482207368 0
1670575131557 0.00034548362505559815 0
1670575132175 0.0003441583651528912 0
1670575132659 0.0003428480847429416 0
1670575133333 0.0003415525072684167 0
1670575133954 0.0003402713631560639 0
1670575134514 0.00033900438959610923 0
1670575135418 0.00033775133032953875 0
1670575136175 0.0003365119354439283 0
1670575136867 0.0003352859611767123 0
1670575137641 0.0003340731697250021 0
1670575138494 0.000332873329063621 0
1670575139177 0.0003316862127683562 0
1670575139848 0.00033051159984631706 0
1670575140554 0.0003293492745726212 0
1670575141334 0.0003281990263324097 0
1670575142060 0.0003270606494688577 0
1670575142741 0.00032593394313629176 0
1670575143447 0.0003248187111583034 0
1670575144234 0.0003237147618919689 0
1670575144811 0.0003226219080948445 0
1670575145530 0.000321539966798845 0
1670575146299 0.0003204687591864541 0
1670575146935 0.0003194081104723745 0
1670575147901 0.00031835784978884174 0
1670575148420 0.00031731781007526827 0
1670575149176 0.00031628782797044064 0
1670575149984 0.0003152677437098239 0
1670575150547 0.00031425740102553057 0
1670575151304 0.000313256647049065 0
1670575151995 0.0003122653322188418 0
1670575152946 0.00031128331018903665 0
1670575153930 0.0003103104377427668 0
1670575154592 0.00030934657470693683 0
1670575155279 0.0003083915838713036 0
1670575156312 0.000307445330908207 0
1670575157037 0.00030650768429696384 0
1670575157762 0.00030557851524892765 0
1670575158603 0.00030465769763587947 0
1670575159488 0.00030374510792086085 0
1670575160341 0.00030284062509022824 0
1670575161089 0.0003019441305883719 0
1670575161814 0.0003010555082550992 0
1670575162573 0.00030017464426368434 0
1670575163290 0.0002993014270616934 0
1670575164122 0.00029843574731336364 0
1670575164718 0.00029757749784387055 0
1670575165640 0.000311773168627294 0
1670575166246 0.0003108930711774871 0
1670575167020 0.000310020339143513 0
1670575167814 0.0003091548711033898 0
1670575168633 0.0003082965675625937 0
1670575169525 0.000307445330908207 0
1670575170314 0.0003066010653638429 0
1670575171318 0.00030576367694534756 0
1670575171883 0.0003049330734189448 0
1670575172767 0.0003041091642598248 0
1670575173491 0.00030329186061162083 0
1670575174239 0.0003024810752479956 0
1670575175060 0.00030167672253444966 0
1670575175879 0.0003008787183915729 0
1670575176653 0.00030008698025918434 0
1670575177259 0.0002993014270616934 0
1670575177946 0.00029852197917390466 0
1670575178608 0.0002977485583887107 0
1670575179340 0.0003105748672533881 0
1670575179934 0.00030978358622990587 0
1670575180380 0.00030899828590247314 0
1670575180928 0.00030821889184429185 0
1670575181446 0.000307445330908207 0
1670575182322 0.00030667753119861807 0
1670575183381 0.0003059154220440563 0
1670575184163 0.00030515893397120575 0
1670575184780 0.00030440799867870183 0
1670575185929 0.0003036625490127065 0
1670575186633 0.0003029225189417062 0
1670575187748 0.0003021878435335301 0
1670575188465 0.0003014584589314806 0
1670575189105 0.0003007343023321285 0
1670575190031 0.0003000153119631088 0
1670575190989 0.0002993014270616934 0
1670575191791 0.0002985925878539186 0
1670575192195 0.0002978887355340465 0
1670575192893 0.00029718981224469143 0
1670575193839 0.00029649576105772457 0
1670575194643 0.00029580652595462276 0
1670575195529 0.000295122051808816 0
1670575196416 0.0002944422843671468 0
1670575197267 0.00029376717023221754 0
1670575198056 0.00030534753276800775 0
1670575198959 0.00030465769763587947 0
1670575199643 0.00030397249064462173 0
1670575200532 0.00030329186061162083 0
1670575201095 0.0003026157571368593 0
1670575201965 0.0003019441305883719 0
1670575202649 0.00030127693208692463 0
1670575203319 0.0003006141134913598 0
1670575203859 0.0002999556273850512 0
1670575204422 0.0002993014270616934 0
1670575205237 0.00029865146651164576 0
1670575205718 0.0002980057004092762 0
1670575206277 0.0002973640840994163 0
1670575207117 0.00029672657358514876 0
1670575207758 0.00029609312551548417 0
1670575208566 0.00029546369717314835 0
1670575209558 0.00029483824646314716 0
1670575210574 0.000294216731900665 0
1670575211430 0.0002935991126002957 0
1670575212020 0.0002929853482651623 0
1670575212955 0.00029237539917548183 0
1670575213586 0.0002917692261789062 0
1670575214559 0.0002911667906795312 0
1670575215164 0.0002905680546281264 0
1670575215941 0.0002899729805124762 0
1670575216587 0.000289381531347388 0
1670575217373 0.000288793670665477 0
1670575218169 0.00028820936250772977 0
1670575218907 0.0002876285714149551 0
1670575219764 0.0002870512624185695 0
1670575220588 0.0002864774010319371 0
1670575221498 0.0002859069532421543 0
1670575222485 0.000285339885501501 0
1670575223122 0.00028477616471966893 0
1670575223911 0.000284215758255546 0
1670575224693 0.0002836586339095559 0
1670575225431 0.0002940262821951034 0
1670575226110 0.00029345713397566087 0
1670575226696 0.00029289126260068077 0
1670575227537 0.0002923286369161948 0
1670575228491 0.0002917692261789062 0
1670575229353 0.0002912130000488622 0
1670575230318 0.0002906599285830147 0
1670575231196 0.00029010998222889217 0
1670575231849 0.00028956313181760507 0
1670575232505 0.0002890193485577397 0
1670575233336 0.00028847860402914094 0
1670575233998 0.00028794087017680603 0
1670575234676 0.0002874061193051114 0
1670575235090 0.0002868743240715954 0
1670575235807 0.00028634545748140727 0
1670575236860 0.0002858194928816449 0
1670575237551 0.0002852964039562478 0
1670575238315 0.00028477616471966893 0
1670575238847 0.0002842587495125448 0
1670575239402 0.00028374413299581125 0
1670575239959 0.00028323229014604046 0
1670575240387 0.000282723196250223 0
1670575241060 0.0002822168269008829 0
1670575241626 0.0002817131579913035 0
1670575242320 0.0002812121657108646 0
1670575243064 0.00028071382654015764 0
1670575243556 0.00028021811724698864 0
1670575244306 0.0002797250148811603 0
1670575245164 0.0002792344967706972 0
1670575245699 0.000278746540517405 0
1670575246404 0.0002782611239925403 0
1670575246886 0.00027777822533281427 0
1670575247426 0.00027729782293617333 0
1670575247964 0.0002768198954581358 0
1670575248646 0.0002763444218072397 0
1670575249388 0.0002758713811421565 0
1670575249971 0.0002754007528671387 0
1670575250570 0.00027493251662857876 0
1670575251201 0.00027446665231145584 0
1670575251706 0.0002740031400356724 0
1670575252322 0.00027354196015261234 0
1670575252857 0.00027308309324169944 0
1670575253623 0.00027262652010706656 0
1670575254191 0.000272172221774003 0
1670575254836 0.00027172017948606797 0
1670575255601 0.0002712703747016487 0
1670575256177 0.0002708227890907411 0
1670575256712 0.00027037740453228487 0
1670575257282 0.0002699342031106111 0
1670575257916 0.0002694931671127776 0
1670575258536 0.00026905427902568224 0
1670575259087 0.00026861752153284346 0
1670575259666 0.00026818287751217973 0
1670575260260 0.00026775033003245685 0
1670575260753 0.000276922101202115 0
1670575261421 0.0002856797224032315 0
1670575261886 0.00028522687463938823 0
1670575262844 0.00028477616471966893 0
1670575263493 0.000284327575954868 0
1670575263959 0.0002838810918364132 0
1670575264493 0.00028343669603436705 0
1670575265001 0.00028299437239465153 0
1670575265597 0.0002825541049362723 0
1670575266188 0.0002821158778499866 0
1670575266799 0.00028167967549475037 0
1670575267349 0.00028124548239638614 0
1670575268014 0.00028081328324480737 0
1670575268487 0.00028038306289190906 0
1670575269012 0.00027995480634934733 0
1670575269511 0.000279528498786652 0
1670575270094 0.00027910412552878405 0
1670575270578 0.0002786816720541374 0
1670575271345 0.0002782611239925403 0
1670575272024 0.00027784246712336813 0
1670575272557 0.00027742568737332274 0
1670575273183 0.0002770107708145453 0
1670575273703 0.0002765977036629508 0
1670575274175 0.00027618647227589666 0
1670575274845 0.00027577706315073947 0
1670575275380 0.00027536946292272546 0
1670575276058 0.0002749636583634363 0
1670575276719 0.00027455963637879055 0
1670575277372 0.0002741573840072675 0
1670575278139 0.0002737568884185748 0
1670575278647 0.000273358136911539 0
1670575279160 0.00027296111691277325 0
1670575279786 0.0002725658159745681 0
1670575280387 0.000272172221774003 0
1670575280987 0.0002717803221106152 0
1670575281400 0.00027139010490528914 0
1670575282033 0.0002710015581987024 0
1670575282556 0.0002706146701494383 0
1670575283125 0.00027022942903309755 0
1670575283683 0.00026984582324041106 0
1670575284383 0.00026946384127568557 0
1670575284910 0.0002690834717558044 0
1670575285391 0.0002687047034085621 0
1670575285965 0.0002683275250712214 0
1670575286422 0.0002679519256894025 0
1670575287138 0.00026757789431541834 0
1670575287690 0.0002672054201074969 0
1670575288194 0.0002668344923276722 0
1670575288696 0.00026646510034122883 0
1670575289237 0.0002660972336151479 0
1670575289712 0.0002657308817167747 0
1670575290562 0.00026536603431281947 0
1670575291114 0.00026500268116791403 0
1670575291548 0.0002646408121437238 0
1670575292129 0.0002642804171975044 0
1670575292885 0.00026392148638099133 0
1670575293755 0.000263564009839401 0
1670575294275 0.0002632079778100982 0
1670575294820 0.0002628533806219302 0
1670575295555 0.00026250020869333923 0
1670575296430 0.0002621484525323625 0
1670575297128 0.00026179810273452286 0
1670575297628 0.0002614491499826066 0
1670575298154 0.00026110158504488723 0
1670575298700 0.0002607553987749034 0
1670575299294 0.00026041058210990453 0
1670575299808 0.0002600671260701848 0
1670575300326 0.0002597250217576397 0
1670575300872 0.00025938426035554407 0
1670575301426 0.0002590448331269979 0
1670575302071 0.0002587067314141489 0
1670575302584 0.00025836994663741564 0
1670575303180 0.00025803447029471016 0
1670575303817 0.0002577002939598838 0
1670575304351 0.00025736740928272717 0
1670575305064 0.0002570358079876378 0
1670575305661 0.0002567054818725101 0
1670575306194 0.00025637642280862405 0
1670575306852 0.0002560486227389802 0
1670575307368 0.00025572207367818844 0
1670575308013 0.0002553967677113578 0
1670575308765 0.0002550726969932082 0
1670575309300 0.00025474985374729364 0
1670575309920 0.00025442823026566863 0
1670575310810 0.00025410781890733425 0
1670575311393 0.000253788612098349 0
1670575312108 0.00025347060233038565 0
1670575312958 0.00025315378216028694 0
1670575313415 0.0002528381442096217 0
1670575313932 0.0002525236811632414 0
1670575314575 0.0002522103857695024 0
1670575315138 0.0002518982508387113 0
1670575315648 0.0002594906045653156 0
1670575316222 0.00025917196254054975 0
1670575317205 0.00025885448836460156 0
1670575317693 0.00025853817494192466 0
1670575318209 0.0002582230152373688 0
1670575318753 0.0002654946328350949 0
1670575319435 0.00026517348539323304 0
1670575320007 0.0002648534971123606 0
1670575320557 0.0002645346610590238 0
1670575321411 0.0002642169703571673 0
1670575321900 0.0002639004181882454 0
1670575322605 0.0002635849977897786 0
1670575323155 0.0002632707024555758 0
1670575323693 0.0002629575255344019 0
1670575324381 0.0002626454604299777 0
1670575325081 0.0002623345006000921 0
1670575325681 0.0002620246395560466 0
1670575326266 0.0002617158708623224 0
1670575326851 0.0002614081881355812 0
1670575327492 0.00026110158504488723 0
1670575327932 0.00026079605531015293 0
1670575328562 0.000260491592702361 0
1670575329410 0.00026018819104289825 0
1670575330332 0.0002598858442028895 0
1670575330900 0.0002595845461026425 0
1670575331534 0.00025928429071142567 0
1670575332173 0.0002589850720465803 0
1670575332780 0.0002586868841734091 0
1670575333372 0.0002583897212042885 0
1670575334089 0.00025809357729889015 0
1670575334696 0.0002577984466626271 0
1670575335278 0.0002575043235470975 0
1670575335952 0.00025721120224941885 0
1670575336412 0.00026404096791565745 0
1670575337339 0.00026374256693817433 0
1670575337790 0.0002634451724743414 0
1670575338330 0.00026314877889688226 0
1670575338783 0.0002628533806219302 0
1670575339536 0.00026255897210902823 0
1670575340461 0.00026226554786090706 0
1670575341166 0.00026197310242248584 0
