1670623079072 0.0 0
1670623090420 0.0 0
1670623101695 0.0 0
1670623113308 0.0 0
1670623124858 0.0 0
1670623136615 0.0 0
1670623148544 0.0 0
1670623160158 0.0 0
1670623171567 0.0 0
1670623182671 0.0 0
1670623193928 0.0 0
1670623205202 0.0 0
1670623217003 0.0 0
1670623228628 0.0 0
1670623240353 0.0 0
1670623252205 0.0 0
1670623264002 0.0 0
1670623275237 0.0 0
1670623286312 0.0 0
1670623297327 0.0 0
1670623308754 0.0 0
1670623320337 0.0 0
1670623331590 0.0 0
1670623343136 0.0 0
1670623354951 0.0 0
1670623365790 0.0 0
1670623377643 0.0 0
1670623388977 0.0 0
1670623400858 0.0 0
1670623412187 0.0 0
1670623424339 0.0 0
1670623436083 0.0 0
1670623447736 0.0 0
1670623459029 0.0 0
1670623470589 0.0 0
1670623481963 0.0 0
1670623493492 0.0 0
1670623505106 0.0 0
1670623516951 0.0 0
1670623529176 0.0 0
1670623541479 0.0 0
1670623552729 0.0 0
1670623565125 0.0 0
1670623576090 0.0 0
1670623588117 0.0 0
1670623599868 0.0 0
1670623611690 0.0 0
1670623622974 0.0 0
1670623634186 0.0 0
1670623645483 0.0 0
1670623655922 0.0 0
1670623667193 0.0 0
1670623678867 0.0 0
1670623690592 0.0 0
1670623701980 0.0 0
1670623713996 0.0 0
1670623725461 0.0 0
1670623736991 0.0 0
1670623748602 0.0 0
1670623760088 0.0 0
1670623771979 0.0 0
1670623783393 0.0 0
1670623795366 0.0 0
1670623807155 0.0 0
1670623818887 0.0 0
1670623830445 0.0 0
1670623842057 0.0 0
1670623853730 0.0 0
1670623865327 0.0 0
1670623877156 0.0 0
1670623888200 0.0 0
1670623899815 0.0 0
1670623911508 0.0 0
1670623923207 0.0 0
1670623935433 0.0 0
1670623946891 0.0 0
1670623958615 0.0 0
1670623970436 0.0 0
1670623982255 0.0 0
1670623994344 0.0 0
1670624006289 0.0 0
1670624017567 0.0 0
1670624028893 0.0 0
1670624040229 0.0 0
1670624051942 0.0 0
1670624063597 0.0 0
1670624075205 0.0 0
1670624086462 0.0 0
1670624097566 0.0 0
1670624108334 0.0 0
1670624119384 0.0 0
1670624130636 0.0 0
1670624141960 0.0 0
1670624153596 0.0 0
1670624165049 0.0 0
1670624176774 0.0 0
1670624188505 0.0 0
1670624199951 0.0 0
1670624210828 0.0 0
1670624221883 0.0 0
1670624233303 0.0 0
1670624243755 0.0 0
