1670600841856 0.2796666666666667 0
1670600842563 0.281 0
1670600843514 0.26866666666666666 0
1670600844444 0.2753333333333333 0
1670600845311 0.273 0
1670600846034 0.2713333333333333 0
1670600847011 0.26766666666666666 0
1670600848100 0.26966666666666667 0
1670600849105 0.266 0
1670600850130 0.25866666666666666 0
1670600851022 0.275 0
1670600852004 0.2653333333333333 0
1670600853079 0.291 0
1670600853966 0.269 0
1670600854793 0.258 0
1670600855438 0.271 0
1670600856227 0.2743333333333333 0
1670600857114 0.26366666666666666 0
1670600858228 0.266 0
1670600859165 0.26966666666666667 0
1670600859908 0.274 0
1670600860951 0.295 0
1670600861879 0.27366666666666667 0
1670600862878 0.2673333333333333 0
1670600863825 0.26966666666666667 0
1670600864639 0.2643333333333333 0
1670600865483 0.2773333333333333 0
1670600866206 0.2693333333333333 0
1670600866986 0.267 0
1670600867977 0.27566666666666667 0
1670600868775 0.2776666666666667 0
1670600869739 0.27566666666666667 0
1670600870590 0.281 0
1670600871384 0.2723333333333333 0
1670600872378 0.27466666666666667 0
1670600873532 0.25766666666666665 0
1670600874403 0.2773333333333333 0
1670600875464 0.26566666666666666 0
1670600876544 0.2776666666666667 0
1670600877417 0.2703333333333333 0
1670600878411 0.2683333333333333 0
1670600879217 0.26766666666666666 0
1670600880048 0.264 0
1670600881255 0.249 0
1670600882249 0.284 0
1670600883020 0.27266666666666667 0
1670600884232 0.2663333333333333 0
1670600885132 0.271 0
1670600885941 0.273 0
1670600887027 0.26866666666666666 0
1670600887776 0.2823333333333333 0
1670600888629 0.2643333333333333 0
1670600889462 0.25333333333333335 0
1670600890340 0.26366666666666666 0
1670600891373 0.267 0
1670600892161 0.2693333333333333 0
1670600892972 0.267 0
1670600893952 0.268 0
1670600894933 0.2623333333333333 0
1670600895848 0.2723333333333333 0
1670600896693 0.275 0
1670600897529 0.2643333333333333 0
1670600898268 0.2743333333333333 0
1670600899173 0.283 0
1670600899975 0.25433333333333336 0
1670600900968 0.2703333333333333 0
1670600901994 0.2763333333333333 0
1670600902943 0.29 0
1670600903964 0.283 0
1670600904709 0.2703333333333333 0
1670600905511 0.2796666666666667 0
1670600906132 0.2806666666666667 0
1670600906907 0.2683333333333333 0
1670600907825 0.26466666666666666 0
1670600908630 0.26266666666666666 0
1670600909548 0.27266666666666667 0
1670600910330 0.269 0
1670600911138 0.26666666666666666 0
1670600912267 0.27066666666666667 0
1670600912993 0.256 0
1670600913862 0.25266666666666665 0
1670600914807 0.27166666666666667 0
1670600915500 0.2796666666666667 0
1670600916469 0.2753333333333333 0
1670600917275 0.26766666666666666 0
1670600917994 0.281 0
1670600918939 0.26266666666666666 0
1670600919721 0.26966666666666667 0
1670600920725 0.27 0
1670600921459 0.2703333333333333 0
1670600922120 0.2673333333333333 0
1670600923316 0.2633333333333333 0
1670600924043 0.274 0
1670600924740 0.2703333333333333 0
1670600925671 0.28 0
1670600926345 0.26866666666666666 0
1670600927061 0.2813333333333333 0
1670600928061 0.271 0
1670600928953 0.27066666666666667 0
1670600929709 0.2683333333333333 0
1670600930460 0.2743333333333333 0
1670600931114 0.25333333333333335 0
1670600931953 0.288 0
