1670625696202 0.0 0
1670625703729 0.0 0
1670625711698 0.0 0
1670625719495 0.0 0
1670625727260 0.0 0
1670625735140 0.0 0
1670625743034 0.0 0
1670625750751 0.0 0
1670625758659 0.0 0
1670625766670 0.0 0
1670625774529 0.0 0
1670625782955 0.0 0
1670625791393 0.0 0
1670625799713 0.0 0
1670625807882 0.0 0
1670625815541 0.0 0
1670625823629 0.0 0
1670625830749 0.0 0
1670625839208 0.0 0
1670625847666 0.0 0
1670625855829 0.0 0
1670625864398 0.0 0
1670625872069 0.0 0
1670625879918 0.0 0
1670625887949 0.0 0
1670625895944 0.0 0
1670625903982 0.0 0
1670625911829 0.0 0
1670625920080 0.0 0
1670625928019 0.0 0
1670625936316 0.0 0
1670625944023 0.0 0
1670625952142 0.0 0
1670625960312 0.0 0
1670625968604 0.0 0
1670625976645 0.0 0
1670625984612 0.0 0
1670625992272 0.0 0
1670625999907 0.0 0
1670626007568 0.0 0
1670626015305 0.0 0
1670626023016 0.0 0
1670626030587 0.0 0
1670626038638 0.0 0
1670626046110 0.0 0
1670626053788 0.0 0
1670626061744 0.0 0
1670626069565 0.0 0
1670626077379 0.0 0
1670626084996 0.0 0
1670626092816 0.0 0
1670626100488 0.0 0
1670626108194 0.0 0
1670626115782 0.0 0
1670626123526 0.0 0
1670626131193 0.0 0
1670626138964 0.0 0
1670626146497 0.0 0
1670626154331 0.0 0
1670626162100 0.0 0
1670626169593 0.0 0
1670626177239 0.0 0
1670626184747 0.0 0
1670626191556 0.0 0
1670626199140 0.0 0
1670626207406 0.0 0
1670626215549 0.0 0
1670626223732 0.0 0
1670626232093 0.0 0
1670626240021 0.0 0
1670626248676 0.0 0
1670626256731 0.0 0
1670626264387 0.0 0
1670626272021 0.0 0
1670626279757 0.0 0
1670626287487 0.0 0
1670626294953 0.0 0
1670626302512 0.0 0
1670626310112 0.0 0
1670626316274 0.0 0
1670626323892 0.0 0
1670626331765 0.0 0
1670626339775 0.0 0
1670626347763 0.0 0
1670626355641 0.0 0
1670626363521 0.0 0
1670626371491 0.0 0
1670626379324 0.0 0
1670626387533 0.0 0
1670626396068 0.0 0
1670626403934 0.0 0
1670626411674 0.0 0
1670626419538 0.0 0
1670626427421 0.0 0
1670626435445 0.0 0
1670626443018 0.0 0
1670626450810 0.0 0
1670626459239 0.0 0
1670626468626 0.0 0
1670626477602 0.0 0
1670626486649 0.0 0
