1670630070991 0.00014285714285714287 0
1670630074671 0.0 0
1670630078616 0.0 0
1670630082314 0.0 0
1670630085866 0.00014285714285714287 0
1670630089711 0.00014285714285714287 0
1670630093767 0.0 0
1670630097875 0.0 0
1670630101923 0.00014285714285714287 0
1670630106290 0.00014285714285714287 0
1670630110319 0.0 0
1670630113880 0.0 0
1670630117864 0.00014285714285714287 0
1670630122016 0.0 0
1670630126066 0.0 0
1670630129972 0.0 0
1670630133759 0.00014285714285714287 0
1670630137460 0.0 0
1670630141388 0.0 0
1670630144946 0.0 0
1670630148270 0.0 0
1670630152148 0.0 0
1670630155866 0.0 0
1670630159310 0.0 0
1670630162815 0.0 0
1670630166382 0.0 0
1670630169983 0.0 0
1670630173754 0.0 0
1670630177456 0.0 0
1670630180989 0.0 0
1670630184662 0.0 0
1670630188531 0.0 0
1670630192258 0.00014285714285714287 0
1670630196061 0.0 0
1670630199712 0.0 0
1670630203517 0.0 0
1670630207270 0.0 0
1670630210712 0.0 0
1670630214013 0.0 0
1670630217436 0.0 0
1670630221336 0.0 0
1670630225195 0.0 0
1670630228883 0.0 0
1670630232703 0.0 0
1670630236407 0.00014285714285714287 0
1670630240346 0.0 0
1670630243874 0.0 0
1670630247173 0.0 0
1670630250747 0.0 0
1670630254072 0.0 0
1670630257314 0.0 0
1670630260531 0.00014285714285714287 0
1670630264091 0.0 0
1670630267624 0.0 0
1670630271292 0.00014285714285714287 0
1670630274897 0.00014285714285714287 0
1670630278403 0.0 0
1670630281623 0.00014285714285714287 0
1670630285232 0.00014285714285714287 0
1670630288904 0.00014285714285714287 0
1670630292613 0.0 0
1670630296485 0.00014285714285714287 0
1670630300085 0.0 0
1670630303748 0.0 0
1670630307294 0.0 0
1670630311157 0.0 0
1670630314856 0.00014285714285714287 0
1670630318632 0.00014285714285714287 0
1670630322289 0.0 0
1670630325805 0.00028571428571428574 0
1670630329245 0.0 0
1670630333062 0.0 0
1670630336511 0.0 0
1670630340109 0.0 0
1670630343689 0.00014285714285714287 0
1670630347505 0.00014285714285714287 0
1670630350933 0.0 0
1670630354719 0.0 0
1670630358401 0.0 0
1670630362245 0.00014285714285714287 0
1670630366060 0.0 0
1670630369883 0.0 0
1670630373502 0.0 0
1670630376808 0.0 0
1670630380574 0.0 0
1670630384431 0.0 0
1670630388134 0.0 0
1670630392176 0.0 0
1670630395995 0.0 0
1670630399823 0.00014285714285714287 0
1670630403483 0.0 0
1670630407236 0.00014285714285714287 0
1670630411166 0.00014285714285714287 0
1670630415007 0.00014285714285714287 0
1670630418759 0.00028571428571428574 0
1670630422238 0.00014285714285714287 0
1670630425991 0.0 0
1670630429818 0.0 0
1670630433716 0.00014285714285714287 0
1670630437269 0.0 0
1670630441000 0.0 0
1670630444894 0.0 0
