1670626458740 0.009571428571428571 0
1670626467380 0.008714285714285714 0
1670626476131 0.009285714285714286 0
1670626484544 0.009857142857142858 0
1670626492176 0.009142857142857144 0
1670626499014 0.010285714285714285 0
1670626505791 0.008142857142857143 0
1670626512313 0.009571428571428571 0
1670626518764 0.009142857142857144 0
1670626525586 0.008857142857142857 0
1670626532338 0.008142857142857143 0
1670626539183 0.007714285714285714 0
1670626546160 0.009 0
1670626553111 0.009571428571428571 0
1670626559783 0.0074285714285714285 0
1670626566484 0.009857142857142858 0
1670626573319 0.006714285714285714 0
1670626579565 0.008 0
1670626586233 0.009 0
1670626592668 0.01 0
1670626599528 0.008571428571428572 0
1670626606373 0.008285714285714285 0
1670626613155 0.008285714285714285 0
1670626619835 0.008714285714285714 0
1670626626402 0.007714285714285714 0
1670626633403 0.008857142857142857 0
1670626639956 0.007 0
1670626646501 0.009142857142857144 0
1670626653037 0.010857142857142857 0
1670626659477 0.01 0
1670626665490 0.011142857142857144 0
1670626672415 0.008857142857142857 0
1670626679213 0.010285714285714285 0
1670626686330 0.008142857142857143 0
1670626693118 0.009285714285714286 0
1670626699897 0.009285714285714286 0
1670626706519 0.009714285714285713 0
1670626713108 0.010142857142857143 0
1670626720183 0.008571428571428572 0
1670626727213 0.008 0
1670626734262 0.008142857142857143 0
1670626741192 0.009428571428571429 0
1670626748020 0.01 0
1670626754838 0.009 0
1670626761856 0.009714285714285713 0
1670626768849 0.009571428571428571 0
1670626775602 0.010285714285714285 0
1670626782343 0.007857142857142858 0
1670626789025 0.008285714285714285 0
1670626795731 0.006142857142857143 0
1670626802667 0.00842857142857143 0
1670626809416 0.011571428571428571 0
1670626816117 0.008285714285714285 0
1670626822612 0.009285714285714286 0
1670626829036 0.007571428571428572 0
1670626835527 0.008571428571428572 0
1670626842357 0.009285714285714286 0
1670626849181 0.009285714285714286 0
1670626856010 0.009285714285714286 0
1670626862685 0.009285714285714286 0
1670626869294 0.010142857142857143 0
1670626875956 0.008857142857142857 0
1670626882535 0.009428571428571429 0
1670626889032 0.008857142857142857 0
1670626895707 0.008 0
1670626902442 0.007857142857142858 0
1670626908831 0.009571428571428571 0
1670626915297 0.008285714285714285 0
1670626921403 0.009428571428571429 0
1670626928257 0.008142857142857143 0
1670626935114 0.007857142857142858 0
1670626941906 0.010714285714285714 0
1670626948567 0.007571428571428572 0
1670626955713 0.008857142857142857 0
1670626962280 0.008857142857142857 0
1670626968675 0.008857142857142857 0
1670626975067 0.008142857142857143 0
1670626981424 0.009285714285714286 0
1670626987942 0.008142857142857143 0
1670626994588 0.00842857142857143 0
1670627001153 0.007714285714285714 0
1670627008052 0.007571428571428572 0
1670627014961 0.009428571428571429 0
1670627021923 0.00842857142857143 0
1670627028774 0.008857142857142857 0
1670627035583 0.008285714285714285 0
1670627042170 0.008285714285714285 0
1670627049098 0.009142857142857144 0
1670627056032 0.009714285714285713 0
1670627062963 0.008 0
1670627070229 0.007714285714285714 0
1670627077293 0.007857142857142858 0
1670627084323 0.009285714285714286 0
1670627091338 0.007714285714285714 0
1670627098347 0.01 0
1670627105356 0.008285714285714285 0
1670627112071 0.008285714285714285 0
1670627118715 0.008 0
1670627125333 0.009 0
1670627131869 0.007571428571428572 0
1670627138202 0.008 0
1670627144624 0.009857142857142858 0
