1670635758408 0.010891032631227504 0
1670635761065 0.0030664861656372533 0
1670635763720 0.004282991630724738 0
1670635766141 0.0037342717988093355 0
1670635768830 0.0031637369812624787 0
1670635771544 0.0036559869661830753 0
1670635774205 0.003468659337914689 0
1670635777050 0.0032541906884691225 0
1670635780212 0.0030322482288536222 0
1670635783644 0.003355678740656327 0
1670635787087 0.0032423044214245503 0
1670635790576 0.0031379032377149953 0
1670635794041 0.0030045393289424745 0
1670635797091 0.002987027900980985 0
1670635799937 0.0028766109488456153 0
1670635802828 0.0028265902986056067 0
1670635805650 0.002742022082365866 0
1670635808519 0.0026586811294056463 0
1670635811819 0.002589273081458629 0
1670635815505 0.0025193149485400433 0
1670635819057 0.00247296294927729 0
1670635822511 0.0024123291341853377 0
1670635825765 0.0023636670105873217 0
1670635829116 0.0025144668123572287 0
1670635832530 0.0024684765815194726 0
1670635835914 0.002417858283889576 0
1670635839484 0.0023712533441805914 0
1670635842765 0.002330399961706868 0
1670635845774 0.0023257370369086407 0
1670635849220 0.002438731769024906 0
1670635852678 0.002400455838177655 0
1670635855763 0.002364901635807569 0
1670635859074 0.0024418830076885956 0
1670635862544 0.002481966479442617 0
1670635866046 0.0024565016688496057 0
1670635869624 0.002435912804478729 0
1670635872998 0.002403823441483884 0
1670635876461 0.00241900595506106 0
1670635879967 0.002390801943063306 0
1670635883439 0.0023626070700770536 0
1670635887002 0.0023467750535924054 0
1670635890489 0.0024213006451302595 0
1670635894351 0.0023936308763827323 0
1670636639816 0.002379417363251833 0
1670636643522 0.002387036675309596 0
1670636647200 0.0023757753753061986 0
1670636650700 0.002370989375858527 0
1670636654409 0.0023655879994963266 0
1670636658481 0.0023455749068350745 0
1670636663183 0.002339785565742887 0
1670636666973 0.00233198676446782 0
1670636671029 0.0023187152385093666 0
1670636675048 0.0023232906120176757 0
1670636679134 0.002309547657104099 0
1670636682885 0.002296716382007225 0
1670636686410 0.0023002062770487355 0
1670636690128 0.002295311346361831 0
1670636694072 0.002278240599932723 0
1670636698098 0.0022826975389461253 0
1670636702045 0.0022862467177374502 0
1670636705772 0.0022750834207224046 0
1670636709667 0.0022698470676526623 0
1670636713615 0.002258187553456508 0
1670636717670 0.002242707398474603 0
1670636721871 0.002239701712820287 0
1670636725788 0.0022528951819994073 0
1670636729969 0.0022955082008957817 0
1670636734413 0.002285312747198206 0
1670636738853 0.002280575553369606 0
1670636743311 0.0023511467646274756 0
1670636747724 0.0023349490970268993 0
1670636752097 0.0023248597938878082 0
1670636756556 0.0023361180083439244 0
1670636761058 0.0023264680220552903 0
1670636765371 0.002312937612566691 0
1670636769767 0.002300049001887821 0
1670636774196 0.0022870613416500576 0
1670636778272 0.0022726945120017557 0
1670636782351 0.0022684335750815716 0
1670636786682 0.002265503911683204 0
1670636790849 0.002253741287893317 0
1670636794918 0.0022450741123573653 0
1670636799304 0.0022337598994541883 0
1670636803579 0.0022207320374608916 0
1670636807832 0.0022412077922820293 0
1670636812362 0.002260286363335839 0
1670636816890 0.0023815466154430186 0
1670636821309 0.002402645249201351 0
1670636826127 0.002426374774592517 0
1670636830335 0.002439332339564902 0
1670636834733 0.002426040974105415 0
1670636838782 0.0024194020971136324 0
1670636843105 0.0024173286442035133 0
1670636847295 0.002437027927551303 0
1670636851360 0.0024308530853720508 0
1670636855391 0.002442815257770657 0
1670636859163 0.0024328187298309975 0
1670636863551 0.0024305283513619052 0
1670636868035 0.002429116338090097 0
1670636872417 0.0024403024795356144 0
1670636876756 0.002468101589196016 0
1670636881152 0.0024718702260936986 0
1670636885610 0.0024815027580454467 0
1670636890047 0.0024696622935512468 0
1670636894308 0.0024584835889189423 0
1670636898498 0.0024675724204665673 0
