1670567288659 0.01694160631524279 0
1670567289652 0.0054087731953974625 0
1670567290598 0.003787868752811365 0
1670567291449 0.003227264969558762 0
1670567292473 0.003128812572948783 0
1670567293543 0.003580016484334387 0
1670567294665 0.0034750502403172096 0
1670567295744 0.0034839585430994995 0
1670567296783 0.004360483563497237 0
1670567297677 0.0042660267848984 0
1670567298568 0.004270950368183077 0
1670567299239 0.004242950281032147 0
1670567300071 0.0041265450911000786 0
1670567300891 0.003976273157966136 0
1670567301975 0.004194822609915322 0
1670567302763 0.004053985632400486 0
1670567303760 0.003926552618653106 0
1670567304687 0.0038304249646722195 0
1670567305454 0.004055524792782816 0
1670567306086 0.004040027530020923 0
1670567307179 0.004277844514491223 0
1670567307992 0.004562199980979287 0
1670567308949 0.0044595654903406634 0
1670567309872 0.004363593327512906 0
1670567311127 0.0047268931929552935 0
1670567312403 0.004781106193668663 0
1670567313540 0.004703110762218939 0
1670567314700 0.00465546634829561 0
1670567315876 0.004559956147375685 0
1670567317043 0.0045474886971036445 0
1670567317997 0.0045615679262098596 0
1670567318953 0.004492270587022534 0
1670567319828 0.004442691412817875 0
1670567320749 0.004918850782112561 0
1670567321559 0.0048548033064573365 0
1670567322642 0.004806947499968413 0
1670567323682 0.004747168896704124 0
1670567324946 0.004729596404277749 0
1670567325970 0.004741758312261564 0
1670567326768 0.004720535704819912 0
1670567327826 0.004683557132189611 0
1670567328814 0.00462881479871593 0
1670567329975 0.0046387297197099005 0
1670567331006 0.004627657157187982 0
1670567331986 0.004636677207397858 0
1670567332763 0.00459968515416709 0
1670567333902 0.004570574953326054 0
1670567334936 0.004578202791731446 0
1670567335873 0.004532449380197569 0
1670567336590 0.004515162640914089 0
1670567337457 0.004510902371610158 0
1670567338380 0.004468365081469259 0
1670567339565 0.0044444323771056626 0
1670567340487 0.004408853964845739 0
1670567341373 0.004418983556414506 0
1670567342383 0.004415388590689625 0
1670567343373 0.004424794074998944 0
1670567344444 0.004459424631586158 0
1670567345624 0.004481274238751495 0
1670567346479 0.004444610932704618 0
1670567347478 0.004441203152269412 0
1670567348170 0.004436886007626064 0
1670567348936 0.004404196800750852 0
1670567349585 0.004384122297630175 0
1670567350423 0.004350838611006505 0
1670567351625 0.004320414922154972 0
1670567352604 0.0042923372808243414 0
1670567353647 0.004289102487643758 0
1670567354344 0.004282243422829186 0
1670567355500 0.004391365517095467 0
1670567356087 0.004491244992604509 0
1670567356744 0.004460389433838741 0
1670567357685 0.004452169726489782 0
1670567358673 0.004431468931937656 0
1670567359616 0.00441098290541425 0
1670567360672 0.004390711587139039 0
1670567361542 0.004374248655354232 0
1670567362345 0.004346533464696222 0
1670567363151 0.00433902635864385 0
1670567364157 0.0043236942468014485 0
1670567365130 0.004387129428763537 0
1670567366077 0.004363365006467572 0
1670567366949 0.004345909636504587 0
1670567368022 0.004328596611899547 0
1670567369004 0.004442747148297135 0
1670567370070 0.0044485814289085285 0
1670567370891 0.004535855367218542 0
1670567372012 0.004559082092959519 0
1670567373160 0.004589811594283193 0
1670567374139 0.004567288915092836 0
1670567375253 0.004545088123399805 0
1670567376400 0.00452320182354865 0
1670567377266 0.004599454105510081 0
1670567378188 0.004583367557748422 0
1670567379251 0.004567392066006717 0
1670567380158 0.004545744409438852 0
1670567381027 0.004530111748728079 0
1670567381896 0.0045370676527589065 0
1670567382686 0.004579889687537111 0
1670567384017 0.004584721805253232 0
1670567384992 0.004580276960717708 0
