1670571800163 0.0 0
1670571801209 0.0 0
1670571802516 0.0 0
1670571804132 0.0 0
1670571805644 0.0 0
1670571806908 0.0 0
1670571808104 0.0 0
1670571809768 0.0 0
1670571811210 0.0 0
1670571812785 0.0 0
1670571814431 0.0 0
1670571815427 0.0 0
1670571816778 0.0 0
1670571817916 0.0 0
1670571819157 0.0 0
1670571820304 0.0 0
1670571821731 0.0 0
1670571823075 0.0 0
1670571824409 0.0 0
1670571825770 0.0 0
1670571827276 0.0 0
1670571828651 0.0 0
1670571830100 0.0 0
1670571831183 0.0 0
1670571832383 0.0 0
1670571833883 0.0 0
1670571835459 0.0 0
1670571836666 0.0 0
1670571838142 0.0 0
1670571839690 0.0 0
1670571841052 0.0 0
1670571842407 0.0 0
1670571843930 0.0 0
1670571845115 0.0 0
1670571846337 0.0 0
1670571847470 0.0 0
1670571848895 0.0 0
1670571850547 0.0 0
1670571851438 0.0 0
1670571852219 0.0 0
1670571853349 0.0 0
1670571854504 0.0 0
1670571855887 0.0 0
1670571857229 0.0 0
1670571858617 0.0 0
1670571859699 0.0 0
1670571861040 0.0 0
1670571862798 0.0 0
1670571864322 0.0 0
1670571865593 0.0 0
1670571866704 0.0 0
1670571867732 0.0 0
1670571869174 0.0 0
1670571870399 0.0 0
1670571871611 0.0 0
1670571872828 0.0 0
1670571873969 0.0 0
1670571875204 0.0 0
1670571876342 0.0 0
1670571877419 0.0 0
1670571878514 0.0 0
1670571879689 0.0 0
1670571880722 0.0 0
1670571881900 0.0 0
1670571883223 0.0 0
1670571884275 0.0 0
1670571885496 0.0 0
1670571886833 0.0 0
1670571887924 0.0 0
1670571889171 0.0 0
1670571890586 0.0 0
1670571891968 0.0 0
1670571893316 0.0 0
1670571894764 0.0 0
1670571896077 0.0 0
1670571897429 0.0 0
1670571898925 0.0 0
1670571900305 0.0 0
1670571901734 0.0 0
1670571903200 0.0 0
1670571904439 0.0 0
1670571905845 0.0 0
1670571907118 0.0 0
1670571908367 0.0 0
1670571909570 0.0 0
1670571910515 0.0 0
1670571911738 0.0 0
1670571913026 0.0 0
1670571914179 0.0 0
1670571915442 0.0 0
1670571916835 0.0 0
1670571918387 0.0 0
1670571919842 0.0 0
1670571921124 0.0 0
1670571922548 0.0 0
1670571924012 0.0 0
1670571925148 0.0 0
1670571926803 0.0 0
1670571927923 0.0 0
1670571929179 0.0 0
1670571930404 0.0 0
