1670571938057 0.0036666666666666666 0
1670571938534 0.0033333333333333335 0
1670571938985 0.004 0
1670571939468 0.0026666666666666666 0
1670571939873 0.006333333333333333 0
1670571940353 0.006333333333333333 0
1670571941064 0.005666666666666667 0
1670571941620 0.006333333333333333 0
1670571942066 0.005 0
1670571942910 0.0026666666666666666 0
1670571943406 0.004666666666666667 0
1670571943950 0.006 0
1670571944376 0.004666666666666667 0
1670571944965 0.004666666666666667 0
1670571945439 0.005333333333333333 0
1670571946166 0.007 0
1670571946821 0.005666666666666667 0
1670571947360 0.006333333333333333 0
1670571948011 0.005333333333333333 0
1670571948579 0.005333333333333333 0
1670571949125 0.0033333333333333335 0
1670571949612 0.0023333333333333335 0
1670571950223 0.004333333333333333 0
1670571950720 0.004333333333333333 0
1670571951392 0.003 0
1670571952001 0.004666666666666667 0
1670571952537 0.008333333333333333 0
1670571953063 0.006666666666666667 0
1670571953685 0.006666666666666667 0
1670571954201 0.006 0
1670571954879 0.005666666666666667 0
1670571955527 0.004 0
1670571956083 0.004666666666666667 0
1670571956866 0.006333333333333333 0
1670571957551 0.006 0
1670571958147 0.0033333333333333335 0
1670571958810 0.008666666666666666 0
1670571959408 0.005 0
1670571959930 0.0036666666666666666 0
1670571960684 0.006666666666666667 0
1670571961236 0.003 0
1670571961924 0.005 0
1670571962631 0.004333333333333333 0
1670571963362 0.004333333333333333 0
1670571963920 0.006333333333333333 0
1670571964429 0.007333333333333333 0
1670571965108 0.0036666666666666666 0
1670571965854 0.003 0
1670571966398 0.004 0
1670571967121 0.004 0
1670571967640 0.005333333333333333 0
1670571968228 0.006333333333333333 0
1670571968777 0.006333333333333333 0
1670571969442 0.0036666666666666666 0
1670571970177 0.005333333333333333 0
1670571970674 0.005333333333333333 0
1670571971256 0.003 0
1670571971737 0.004666666666666667 0
1670571972324 0.004666666666666667 0
1670571972704 0.005 0
1670571973549 0.0036666666666666666 0
1670571974068 0.007666666666666666 0
1670571974634 0.004 0
1670571975238 0.004666666666666667 0
1670571975855 0.0036666666666666666 0
1670571976531 0.0036666666666666666 0
1670571977211 0.004666666666666667 0
1670571977692 0.004666666666666667 0
1670571978343 0.006333333333333333 0
1670571979020 0.006 0
1670571979630 0.006333333333333333 0
1670571980281 0.006 0
1670571980763 0.0033333333333333335 0
1670571981200 0.003 0
1670571981914 0.004666666666666667 0
1670571982522 0.0026666666666666666 0
1670571983098 0.006333333333333333 0
1670571983712 0.006 0
1670571984092 0.005666666666666667 0
1670571984715 0.004333333333333333 0
1670571985311 0.006 0
1670571985963 0.004666666666666667 0
1670571986443 0.005333333333333333 0
1670571987195 0.005 0
1670571987773 0.004 0
1670571988305 0.0033333333333333335 0
1670571988951 0.004333333333333333 0
1670571989464 0.005333333333333333 0
1670571989967 0.0033333333333333335 0
1670571990653 0.004666666666666667 0
1670571991243 0.005 0
1670571991849 0.005 0
1670571992269 0.0036666666666666666 0
1670571993014 0.004666666666666667 0
1670571993460 0.004333333333333333 0
1670571994013 0.006 0
1670571994616 0.004666666666666667 0
1670571995126 0.0036666666666666666 0
1670571995762 0.004 0
1670571996215 0.0026666666666666666 0
1670571996813 0.007333333333333333 0
1670571997520 0.004 0
1670571997998 0.0036666666666666666 0
1670571998546 0.005666666666666667 0
1670571999187 0.006 0
1670571999674 0.005333333333333333 0
1670572000275 0.004333333333333333 0
1670572000872 0.0033333333333333335 0
1670572001384 0.005 0
1670572001786 0.005 0
1670572002224 0.005666666666666667 0
1670572002984 0.005 0
1670572003454 0.004333333333333333 0
1670572004287 0.004333333333333333 0
1670572004790 0.005 0
1670572005324 0.005666666666666667 0
1670572006065 0.005666666666666667 0
1670572006551 0.007666666666666666 0
1670572007224 0.004666666666666667 0
1670572008025 0.005 0
1670572008705 0.004666666666666667 0
1670572009384 0.006 0
1670572010065 0.005666666666666667 0
1670572010665 0.006 0
1670572011293 0.004333333333333333 0
1670572011861 0.004 0
1670572012552 0.004666666666666667 0
1670572013150 0.005666666666666667 0
1670572013970 0.005 0
1670572014608 0.004333333333333333 0
1670572015309 0.004 0
1670572015605 0.004333333333333333 0
1670572016284 0.004333333333333333 0
1670572016752 0.007333333333333333 0
1670572017128 0.004333333333333333 0
1670572017509 0.006666666666666667 0
1670572018066 0.006666666666666667 0
1670572018605 0.008666666666666666 0
1670572019203 0.005 0
1670572019707 0.005666666666666667 0
1670572020382 0.004333333333333333 0
1670572021071 0.004333333333333333 0
1670572021554 0.0033333333333333335 0
1670572022158 0.005666666666666667 0
1670572022840 0.004 0
1670572023417 0.005 0
1670572023948 0.006333333333333333 0
1670572024536 0.0036666666666666666 0
1670572025454 0.002 0
1670572026049 0.004666666666666667 0
1670572026643 0.005333333333333333 0
1670572027336 0.0033333333333333335 0
1670572027897 0.005 0
1670572028400 0.005 0
1670572028882 0.004 0
1670572029657 0.004666666666666667 0
1670572030134 0.005333333333333333 0
1670572030714 0.004 0
1670572031309 0.004666666666666667 0
1670572031902 0.0016666666666666668 0
1670572032481 0.006 0
1670572033128 0.004666666666666667 0
1670572033762 0.007 0
1670572034288 0.004333333333333333 0
1670572035004 0.003 0
1670572035585 0.004 0
1670572035917 0.004333333333333333 0
1670572036635 0.004333333333333333 0
1670572037150 0.004 0
1670572037823 0.004 0
1670572038361 0.005333333333333333 0
1670572038820 0.005666666666666667 0
1670572039575 0.004333333333333333 0
1670572040259 0.005333333333333333 0
1670572040593 0.006 0
1670572041096 0.004666666666666667 0
1670572041728 0.006 0
1670572042364 0.004666666666666667 0
1670572042951 0.004666666666666667 0
1670572043580 0.005333333333333333 0
1670572044296 0.0036666666666666666 0
1670572044880 0.005333333333333333 0
1670572045396 0.007333333333333333 0
1670572046017 0.005333333333333333 0
1670572046516 0.003 0
1670572047018 0.006333333333333333 0
1670572047508 0.004333333333333333 0
1670572048076 0.005666666666666667 0
1670572048476 0.006 0
1670572049060 0.0036666666666666666 0
1670572049640 0.006666666666666667 0
1670572050161 0.004 0
1670572050767 0.005333333333333333 0
1670572051334 0.007 0
1670572051907 0.004666666666666667 0
1670572052475 0.0033333333333333335 0
1670572053091 0.007333333333333333 0
1670572053784 0.006333333333333333 0
1670572054298 0.004333333333333333 0
1670572054833 0.004666666666666667 0
1670572055391 0.003 0
1670572055942 0.004 0
1670572056455 0.005666666666666667 0
1670572056885 0.005 0
1670572057370 0.005 0
1670572058005 0.005 0
1670572058609 0.004333333333333333 0
1670572059057 0.005 0
1670572059707 0.0023333333333333335 0
1670572060145 0.006 0
1670572060667 0.0033333333333333335 0
1670572061169 0.005666666666666667 0
1670572061670 0.005333333333333333 0
1670572062100 0.006333333333333333 0
1670572062648 0.0036666666666666666 0
1670572063164 0.007333333333333333 0
1670572063586 0.004666666666666667 0
1670572064158 0.004 0
1670572064779 0.004666666666666667 0
1670572065321 0.004 0
1670572065895 0.005 0
1670572066386 0.007 0
1670572066985 0.003 0
1670572067580 0.005666666666666667 0
1670572068110 0.005333333333333333 0
1670572068656 0.006666666666666667 0
1670572069391 0.005333333333333333 0
1670572069828 0.006333333333333333 0
1670572070207 0.006333333333333333 0
1670572070903 0.0036666666666666666 0
1670572071409 0.004666666666666667 0
1670572072047 0.004 0
1670572072506 0.005 0
1670572072942 0.005333333333333333 0
1670572073335 0.004333333333333333 0
1670572073885 0.004 0
1670572074522 0.004333333333333333 0
1670572075018 0.005 0
1670572075650 0.005333333333333333 0
1670572076141 0.004333333333333333 0
1670572076667 0.004333333333333333 0
1670572077121 0.008 0
1670572077686 0.005 0
1670572078322 0.005 0
1670572078904 0.004666666666666667 0
1670572079422 0.004333333333333333 0
1670572079801 0.004666666666666667 0
1670572080469 0.007 0
1670572080931 0.004333333333333333 0
1670572081480 0.004 0
1670572082095 0.006 0
1670572082510 0.003 0
1670572083087 0.005666666666666667 0
1670572083578 0.005 0
1670572084375 0.002 0
1670572084978 0.006 0
1670572085510 0.007 0
1670572086005 0.0036666666666666666 0
1670572086450 0.005 0
1670572087074 0.006 0
1670572087663 0.0036666666666666666 0
1670572088188 0.004 0
1670572088700 0.0033333333333333335 0
1670572089302 0.004333333333333333 0
1670572089845 0.0036666666666666666 0
1670572090247 0.006 0
1670572090918 0.004 0
1670572091347 0.005666666666666667 0
1670572091846 0.005666666666666667 0
1670572092472 0.004666666666666667 0
1670572093064 0.0033333333333333335 0
1670572093568 0.005333333333333333 0
1670572094058 0.005 0
1670572094548 0.006333333333333333 0
1670572095071 0.004666666666666667 0
1670572095553 0.006333333333333333 0
1670572096133 0.007666666666666666 0
1670572096824 0.0026666666666666666 0
1670572097354 0.004333333333333333 0
1670572097771 0.005666666666666667 0
1670572098407 0.003 0
1670572098879 0.006333333333333333 0
1670572099422 0.0036666666666666666 0
1670572100035 0.005666666666666667 0
1670572100572 0.005 0
1670572101071 0.005333333333333333 0
1670572101715 0.005333333333333333 0
1670572102215 0.006 0
1670572102868 0.004333333333333333 0
1670572103485 0.004 0
1670572104157 0.006333333333333333 0
1670572104653 0.004666666666666667 0
1670572105264 0.005333333333333333 0
1670572105913 0.005666666666666667 0
1670572106683 0.005666666666666667 0
1670572107340 0.0033333333333333335 0
1670572107860 0.0023333333333333335 0
1670572108578 0.004666666666666667 0
1670572109192 0.005666666666666667 0
1670572109874 0.006 0
1670572110362 0.005666666666666667 0
1670572110976 0.004666666666666667 0
1670572111472 0.005666666666666667 0
1670572112034 0.006 0
1670572112706 0.004333333333333333 0
1670572113256 0.006 0
1670572113944 0.004 0
1670572114383 0.005 0
1670572114983 0.005 0
1670572115614 0.004666666666666667 0
1670572116384 0.006666666666666667 0
1670572117025 0.006333333333333333 0
1670572117533 0.006666666666666667 0
1670572118038 0.006 0
1670572118588 0.004666666666666667 0
1670572119200 0.005333333333333333 0
1670572119794 0.004333333333333333 0
1670572120210 0.0033333333333333335 0
1670572120653 0.009 0
1670572121093 0.006666666666666667 0
1670572121697 0.004333333333333333 0
1670572122206 0.006 0
1670572122749 0.004666666666666667 0
1670572123350 0.006666666666666667 0
1670572123914 0.005333333333333333 0
1670572124429 0.004666666666666667 0
1670572125225 0.004666666666666667 0
