1670568850642 0.0 0
1670568851540 0.0 0
1670568852560 0.0 0
1670568853472 0.0 0
1670568854409 0.0 0
1670568855369 0.0 0
1670568856106 0.0 0
1670568857164 0.0 0
1670568857987 0.0 0
1670568858349 0.0 0
1670568858825 0.0 0
1670568859211 0.0 0
1670568859654 0.0 0
1670568860635 0.0 0
1670568861303 0.0 0
1670568861999 0.0 0
1670568862459 0.0 0
1670568863102 0.0 0
1670568863741 0.0 0
1670568864560 0.0 0
1670568865234 0.0 0
1670568865880 0.0 0
1670568866714 0.0 0
1670568867571 0.0 0
1670568868261 0.0 0
1670568868923 0.0 0
1670568869797 0.0 0
1670568870758 0.0 0
1670568871542 0.0 0
1670568872265 0.0 0
1670568873082 0.0 0
1670568873830 0.0 0
1670568874368 0.0 0
1670568875086 0.0 0
1670568875980 0.0 0
1670568876765 0.0 0
1670568877427 0.0 0
1670568877829 0.0 0
1670568878366 0.0 0
1670568878828 0.0 0
1670568879401 0.0 0
1670568880026 0.0 0
1670568880619 0.0 0
1670568881158 0.0 0
1670568881678 0.0 0
1670568882417 0.0 0
1670568883374 0.0 0
1670568883917 0.0 0
1670568884740 0.0 0
1670568885391 0.0 0
1670568886107 0.0 0
1670568886888 0.0 0
1670568887574 0.0 0
1670568888332 0.0 0
1670568889242 0.0 0
1670568890092 0.0 0
1670568890888 0.0 0
1670568891677 0.0 0
1670568892439 0.0 0
1670568893080 0.0 0
1670568893729 0.0 0
1670568894582 0.0 0
1670568895473 0.0 0
1670568896300 0.0 0
1670568897152 0.0 0
1670568898103 0.0 0
1670568899100 0.0 0
1670568899869 0.0 0
1670568900614 0.0 0
1670568901409 0.0 0
1670568902308 0.0 0
1670568902856 0.0 0
1670568903616 0.0 0
1670568904484 0.0 0
1670568905132 0.0 0
1670568905811 0.0 0
1670568906553 0.0 0
1670568907406 0.0 0
1670568908264 0.0 0
1670568909039 0.0 0
1670568909632 0.0 0
1670568910682 0.0 0
1670568911549 0.0 0
1670568912286 0.0 0
1670568912984 0.0 0
1670568913908 0.0 0
1670568914654 0.0 0
1670568915424 0.0 0
1670568916543 0.0 0
1670568917135 0.0 0
1670568917806 0.0 0
1670568918677 0.0 0
1670568919168 0.0 0
1670568919878 0.0 0
1670568920810 0.0 0
1670568921665 0.0 0
1670568922396 0.0 0
1670568923370 0.0 0
1670568924091 0.0 0
1670568924823 0.0 0
1670568925620 0.0 0
1670568926223 0.0 0
