1670568390899 0.16666666666666666 0
1670568393037 0.16666666666666666 0
1670568394747 0.16666666666666666 0
1670568396314 0.16666666666666666 0
1670568398385 0.16666666666666666 0
1670568400876 0.16666666666666666 0
1670568402671 0.16666666666666666 0
1670568404862 0.16666666666666666 0
1670568407287 0.16666666666666666 0
1670568409792 0.16666666666666666 0
1670568412120 0.16666666666666666 0
1670568414880 0.16666666666666666 0
1670568416580 0.16666666666666666 0
1670568417964 0.16666666666666666 0
1670568419908 0.16666666666666666 0
1670568422424 0.16666666666666666 0
1670568424889 0.16666666666666666 0
1670568426918 0.16666666666666666 0
1670568429161 0.16666666666666666 0
1670568432032 0.16666666666666666 0
1670568434471 0.16666666666666666 0
1670568437198 0.16666666666666666 0
1670568439404 0.16666666666666666 0
1670568442088 0.16666666666666666 0
1670568444486 0.16666666666666666 0
1670568446729 0.1665 0
1670568449321 0.16666666666666666 0
1670568451804 0.16666666666666666 0
1670568454109 0.16666666666666666 0
1670568456917 0.16666666666666666 0
1670568458839 0.16666666666666666 0
1670568461035 0.16666666666666666 0
1670568463250 0.16666666666666666 0
1670568465329 0.16666666666666666 0
1670568467487 0.16666666666666666 0
1670568469738 0.16666666666666666 0
1670568471900 0.16666666666666666 0
1670568474329 0.16666666666666666 0
1670568476385 0.16666666666666666 0
1670568478570 0.16666666666666666 0
1670568480744 0.16666666666666666 0
1670568483085 0.16666666666666666 0
1670568484941 0.16666666666666666 0
1670568487148 0.16666666666666666 0
1670568489093 0.16666666666666666 0
1670568491173 0.16666666666666666 0
1670568493184 0.16666666666666666 0
1670568495060 0.16666666666666666 0
1670568496330 0.16666666666666666 0
1670568497743 0.16666666666666666 0
1670568499017 0.16666666666666666 0
1670568500431 0.16666666666666666 0
1670568502064 0.16666666666666666 0
1670568503905 0.16666666666666666 0
1670568505529 0.16666666666666666 0
1670568506892 0.16666666666666666 0
1670568508296 0.16666666666666666 0
1670568509842 0.16666666666666666 0
1670568511469 0.16666666666666666 0
1670568513360 0.16666666666666666 0
1670568514967 0.16666666666666666 0
1670568516634 0.16666666666666666 0
1670568518663 0.16666666666666666 0
1670568520429 0.16666666666666666 0
1670568522670 0.16666666666666666 0
1670568524725 0.16666666666666666 0
1670568526312 0.16666666666666666 0
1670568528071 0.16666666666666666 0
1670568530077 0.16666666666666666 0
1670568531406 0.16666666666666666 0
1670568532731 0.16666666666666666 0
1670568533935 0.16666666666666666 0
1670568535957 0.16666666666666666 0
1670568537277 0.16666666666666666 0
1670568538802 0.16666666666666666 0
1670568540577 0.16666666666666666 0
1670568542725 0.16666666666666666 0
1670568544173 0.16666666666666666 0
1670568545913 0.16666666666666666 0
1670568547801 0.16666666666666666 0
1670568549642 0.16666666666666666 0
1670568551491 0.1665 0
1670568553473 0.16666666666666666 0
1670568555632 0.16666666666666666 0
1670568557521 0.16666666666666666 0
1670568559693 0.16666666666666666 0
1670568561683 0.16666666666666666 0
1670568563720 0.16666666666666666 0
1670568565315 0.16666666666666666 0
1670568566746 0.1665 0
1670568568737 0.16666666666666666 0
1670568570226 0.1665 0
1670568571998 0.16666666666666666 0
1670568573922 0.16666666666666666 0
1670568576525 0.16666666666666666 0
1670568578437 0.16666666666666666 0
1670568580126 0.16666666666666666 0
1670568582096 0.16666666666666666 0
1670568583405 0.16666666666666666 0
1670568584971 0.16666666666666666 0
1670568586985 0.16666666666666666 0
1670568588886 0.16666666666666666 0
1670568590356 0.16666666666666666 0
1670568592020 0.16666666666666666 0
1670568593619 0.16666666666666666 0
1670568595482 0.16666666666666666 0
1670568597388 0.16666666666666666 0
1670568599142 0.16666666666666666 0
1670568601464 0.16666666666666666 0
1670568603389 0.16666666666666666 0
1670568605297 0.16666666666666666 0
1670568607005 0.16666666666666666 0
1670568609269 0.16666666666666666 0
1670568610808 0.16666666666666666 0
1670568612835 0.16666666666666666 0
1670568615005 0.16666666666666666 0
1670568617197 0.16666666666666666 0
1670568619495 0.16666666666666666 0
1670568621137 0.16666666666666666 0
1670568623275 0.16666666666666666 0
1670568625344 0.16666666666666666 0
1670568627635 0.16666666666666666 0
1670568629656 0.16666666666666666 0
1670568631529 0.16666666666666666 0
