1670568393038 nan 0
1670568394749 nan 0
1670568396315 nan 0
1670568398386 nan 0
1670568400877 nan 0
1670568402685 nan 0
1670568404863 nan 0
1670568407288 nan 0
1670568409794 1.1102230246251565e-16 0
1670568412121 1.1102230246251565e-16 0
1670568414881 nan 0
1670568416581 nan 0
1670568417965 nan 0
1670568419909 1.1102230246251565e-16 0
1670568422425 nan 0
1670568424890 nan 0
1670568426919 1.1102230246251565e-16 0
1670568429162 1.1102230246251565e-16 0
1670568432033 1.1102230246251565e-16 0
1670568434472 1.1102230246251565e-16 0
1670568437199 1.1102230246251565e-16 0
1670568439405 2.220446049250313e-16 0
1670568442089 nan 0
1670568444487 1.1102230246251565e-16 0
1670568446730 0.00013202170209958286 0
1670568449322 0.00012939734220251964 0
1670568451805 0.00012692409653797254 0
1670568454111 0.00012458795128733602 0
1670568456918 0.00011727476747552812 0
1670568458840 0.00011543188023982465 0
1670568461043 0.00011367310026616506 0
1670568463252 0.00011199222823027322 0
1670568465330 0.00011038368523674791 0
1670568467488 0.00010884243532838234 0
1670568469739 0.0001073639194864584 0
1670568471901 0.00010594399916430408 0
1670568474330 0.00010457890777099133 0
1670568476386 0.0001032652088172048 0
1670568478571 0.00010199975966984631 0
1670568480745 0.00010077968004951199 0
1670568483086 9.960232455480389e-05 0
1670568484942 9.846525862033939e-05 0
1670568487149 9.736623741263273e-05 0
1670568489095 9.630318724929143e-05 0
1670568491176 9.527418919308417e-05 0
1670568493185 9.427746452617125e-05 0
1670568495061 9.33113618557524e-05 0
1670568496331 9.237434563885705e-05 0
1670568497744 9.146498594519992e-05 0
1670568499018 9.058194930389174e-05 0
1670568500432 8.9723990500723e-05 0
1670568502065 8.888994521161209e-05 0
1670568503906 8.807872337335265e-05 0
1670568505531 8.728930320645034e-05 0
1670568506893 8.652072581494252e-05 0
1670568508298 8.577209029897448e-05 0
1670568509843 8.504254932395483e-05 0
1670568511470 8.433130509560849e-05 0
1670568513361 8.363760569901624e-05 0
1670568514968 8.296074176272761e-05 0
1670568516650 8.230004341419628e-05 0
1670568518665 8.165487749761668e-05 0
1670568520430 8.102464502712792e-05 0
1670568522671 8.040877885290287e-05 0
1670568524726 7.980674151891742e-05 0
1670568526313 7.92180232940809e-05 0
1670568528072 7.864214036090722e-05 0
1670568530078 7.807863314651664e-05 0
1670568531407 7.752706478303395e-05 0
1670568532732 7.69870196859479e-05 0
1670568533936 7.645810223966265e-05 0
1670568535958 7.593993558080436e-05 0
1670568537278 7.543216047117829e-05 0
1670568538804 7.49344342519942e-05 0
1670568540578 7.444642987342043e-05 0
1670568542727 7.396783499208359e-05 0
1670568544174 7.349835113207304e-05 0
1670568545914 7.303769290323281e-05 0
1670568547802 7.258558727302189e-05 0
1670568549643 7.214177288694668e-05 0
1670568551504 0.00010077968004951199 0
1670568553474 0.00010018581862769604 0
1670568555633 9.960232455480389e-05 0
1670568557522 9.902889991231234e-05 0
1670568559694 9.846525862033939e-05 0
1670568561684 9.791112584001116e-05 0
1670568563721 9.736623741263273e-05 0
1670568565317 9.683033933211016e-05 0
1670568566747 0.00011727476747552812 0
1670568568738 0.00011665071561983709 0
1670568570228 0.00013323255017061442 0
1670568571999 0.00013254668996171004 0
1670568573923 0.00013187128346903165 0
1670568576527 0.0001312060686468608 0
1670568578438 0.0001305507925223881 0
1670568580127 0.0001299052107974208 0
1670568582098 0.00012926908747096233 0
1670568583406 0.00012864219448177616 0
1670568584972 0.0001280243113694346 0
1670568586986 0.00012741522495296476 0
1670568588887 0.00012681472902542623 0
1670568590357 0.00012622262406464246 0
1670568592021 0.0001256387169576989 0
1670568593620 0.00012506282073970754 0
1670568595484 0.00012449475434511692 0
1670568597390 0.00012393434237123468 0
1670568599143 0.00012338141485318532 0
1670568601465 0.00012283580704974817 0
1670568603390 0.0001222973592392429 0
1670568605298 0.00012176591652524049 0
1670568607006 0.00012124132865098947 0
1670568609270 0.00012072344982311245 0
1670568610809 0.00012021213854268575 0
1670568612836 0.00011970725744447908 0
1670568615007 0.00011920867314335615 0
1670568617198 0.00011871625608755876 0
1670568619496 0.00011822988041859661 0
1670568621139 0.00011774942383729892 0
1670568623276 0.00011727476747552812 0
1670568625346 0.00011680579577388883 0
1670568627638 0.0001163423963645438 0
1670568629658 0.00011588445995880381 0
1670568631530 0.00011543188023982465 0
