1670594682452 0.10166666666666667 0
1670594683686 0.09266666666666666 0
1670594684739 0.09133333333333334 0
1670594685858 0.08933333333333333 0
1670594686859 0.098 0
1670594687727 0.08533333333333333 0
1670594688609 0.099 0
1670594689442 0.08933333333333333 0
1670594690355 0.083 0
1670594691331 0.09366666666666666 0
1670594692251 0.1 0
1670594693096 0.08633333333333333 0
1670594694243 0.09066666666666667 0
1670594695136 0.09033333333333333 0
1670594696055 0.097 0
1670594697000 0.085 0
1670594698009 0.09066666666666667 0
1670594699054 0.08533333333333333 0
1670594700140 0.09066666666666667 0
1670594701261 0.088 0
1670594702357 0.089 0
1670594703545 0.08966666666666667 0
1670594704562 0.08833333333333333 0
1670594705815 0.08833333333333333 0
1670594706891 0.089 0
1670594707849 0.08933333333333333 0
1670594708967 0.09133333333333334 0
1670594709823 0.087 0
1670594710628 0.096 0
1670594711604 0.092 0
1670594712458 0.089 0
1670594713369 0.09533333333333334 0
1670594714360 0.09333333333333334 0
1670594715238 0.09366666666666666 0
1670594716230 0.09133333333333334 0
1670594717029 0.09033333333333333 0
1670594717970 0.084 0
1670594718904 0.10066666666666667 0
1670594719713 0.097 0
1670594720684 0.09466666666666666 0
1670594721601 0.09166666666666666 0
1670594722571 0.089 0
1670594723488 0.092 0
1670594724514 0.08133333333333333 0
1670594725547 0.08933333333333333 0
1670594726749 0.094 0
1670594727748 0.10233333333333333 0
1670594728553 0.09466666666666666 0
1670594729440 0.08933333333333333 0
1670594730449 0.093 0
1670594731453 0.093 0
1670594732654 0.08466666666666667 0
1670594733590 0.08833333333333333 0
1670594734598 0.097 0
1670594735588 0.10033333333333333 0
1670594736613 0.08566666666666667 0
1670594737402 0.09366666666666666 0
1670594738391 0.095 0
1670594739441 0.101 0
1670594740489 0.08866666666666667 0
1670594741521 0.08733333333333333 0
1670594742385 0.08766666666666667 0
1670594743518 0.089 0
1670594744545 0.092 0
1670594745433 0.08733333333333333 0
1670594746238 0.084 0
1670594747030 0.08633333333333333 0
1670594748116 0.09766666666666667 0
1670594749097 0.09333333333333334 0
1670594750154 0.08333333333333333 0
1670594751146 0.09666666666666666 0
1670594752207 0.08933333333333333 0
1670594753399 0.08866666666666667 0
1670594754228 0.09133333333333334 0
1670594755022 0.08266666666666667 0
1670594755985 0.09966666666666667 0
1670594756854 0.10366666666666667 0
1670594757943 0.097 0
1670594758979 0.09633333333333334 0
1670594759921 0.09333333333333334 0
1670594760829 0.09733333333333333 0
1670594761753 0.08533333333333333 0
1670594762762 0.09566666666666666 0
1670594763907 0.089 0
1670594764960 0.085 0
1670594766129 0.08533333333333333 0
1670594767092 0.094 0
1670594768082 0.08966666666666667 0
1670594768920 0.09033333333333333 0
1670594769838 0.09233333333333334 0
1670594770656 0.09066666666666667 0
1670594771600 0.103 0
1670594772524 0.09333333333333334 0
1670594773435 0.08933333333333333 0
1670594774211 0.08533333333333333 0
1670594775159 0.093 0
1670594775958 0.08333333333333333 0
1670594776872 0.09066666666666667 0
1670594777933 0.089 0
1670594778856 0.08466666666666667 0
1670594779664 0.09433333333333334 0
1670594780574 0.087 0
1670594781422 0.097 0
1670594782317 0.08766666666666667 0
1670594783256 0.09033333333333333 0
1670594784084 0.08866666666666667 0
1670594784853 0.09233333333333334 0
1670594785869 0.09466666666666666 0
1670594786852 0.087 0
1670594787693 0.09166666666666666 0
1670594788510 0.09333333333333334 0
