1670573257805 0.0 0
1670573258340 0.0 0
1670573258858 0.0 0
1670573259289 0.0 0
1670573260295 0.0 0
1670573261235 0.0 0
1670573262208 0.0 0
1670573263175 0.0 0
1670573263608 0.0 0
1670573264027 0.0 0
1670573264457 0.0 0
1670573265349 0.0 0
1670573266044 0.0 0
1670573266805 0.0 0
1670573267858 0.0 0
1670573268841 0.0 0
1670573269698 0.0 0
1670573270608 0.0 0
1670573271288 0.0 0
1670573272077 0.0 0
1670573272843 0.0 0
1670573273566 0.0 0
1670573274486 0.0 0
1670573275232 0.0 0
1670573276528 0.0 0
1670573277662 0.0 0
1670573278766 0.0 0
1670573279719 0.0 0
1670573280626 0.0 0
1670573281826 0.0 0
1670573282488 0.0 0
1670573283088 0.0 0
1670573284279 0.0 0
1670573285454 0.0 0
1670573286403 0.0 0
1670573287376 0.0 0
1670573288223 0.0 0
1670573289166 0.0 0
1670573290014 0.0 0
1670573290918 0.0 0
1670573291776 0.0 0
1670573292919 0.0 0
1670573293727 0.0 0
1670573294881 0.0 0
1670573295693 0.0 0
1670573296682 0.0 0
1670573297621 0.0 0
1670573298715 0.0 0
1670573299724 0.0 0
1670573300824 0.0 0
1670573301789 0.0 0
1670573302464 0.0 0
1670573303686 0.0 0
1670573304687 0.0 0
1670573305677 0.0 0
1670573306640 0.0 0
1670573307529 0.0 0
1670573308480 0.0 0
1670573309690 0.0 0
1670573310542 0.0 0
1670573311469 0.0 0
1670573312402 0.0 0
1670573313453 0.0 0
1670573314483 0.0 0
1670573315344 0.0 0
1670573316210 0.0 0
1670573317216 0.0 0
1670573318210 0.0 0
1670573318876 0.0 0
1670573319702 0.0 0
1670573320688 0.0 0
1670573321485 0.0 0
1670573322021 0.0 0
1670573322545 0.0 0
1670573323442 0.0 0
1670573324393 0.0 0
1670573325315 0.0 0
1670573326309 0.0 0
1670573327149 0.0 0
1670573327966 0.0 0
1670573328961 0.0 0
1670573329876 0.0 0
1670573330780 0.0 0
1670573331808 0.0 0
1670573332715 0.0 0
1670573333540 0.0 0
1670573334368 0.0 0
1670573334821 0.0 0
1670573335305 0.0 0
1670573335771 0.0 0
1670573336519 0.0 0
1670573337514 0.0 0
1670573338426 0.0 0
1670573339133 0.0 0
1670573340108 0.0 0
1670573341045 0.0 0
1670573342114 0.0 0
1670573343455 0.0 0
1670573344435 0.0 0
1670573345656 0.0 0
1670573346431 0.0 0
1670573347602 0.0 0
