1670573258342 0.0 0
1670573258860 0.0 0
1670573259292 0.0 0
1670573260296 0.0 0
1670573261236 0.0 0
1670573262211 0.0 0
1670573263176 0.0 0
1670573263609 0.0 0
1670573264029 0.0 0
1670573264458 0.0 0
1670573265350 0.0 0
1670573266045 0.0 0
1670573266807 0.0 0
1670573267860 0.0 0
1670573268842 0.0 0
1670573269699 0.0 0
1670573270609 0.0 0
1670573271289 0.0 0
1670573272087 0.0 0
1670573272844 0.0 0
1670573273567 0.0 0
1670573274487 0.0 0
1670573275233 0.0 0
1670573276529 0.0 0
1670573277663 0.0 0
1670573278767 0.0 0
1670573279720 0.0 0
1670573280627 0.0 0
1670573281827 0.0 0
1670573282490 0.0 0
1670573283090 0.0 0
1670573284280 0.0 0
1670573285456 0.0 0
1670573286404 0.0 0
1670573287377 0.0 0
1670573288224 0.0 0
1670573289167 0.0 0
1670573290015 0.0 0
1670573290920 0.0 0
1670573291777 0.0 0
1670573292921 0.0 0
1670573293729 0.0 0
1670573294883 0.0 0
1670573295694 0.0 0
1670573296683 0.0 0
1670573297622 0.0 0
1670573298722 0.0 0
1670573299725 0.0 0
1670573300825 0.0 0
1670573301791 0.0 0
1670573302468 0.0 0
1670573303687 0.0 0
1670573304689 0.0 0
1670573305678 0.0 0
1670573306641 0.0 0
1670573307530 0.0 0
1670573308482 0.0 0
1670573309691 0.0 0
1670573310543 0.0 0
1670573311470 0.0 0
1670573312403 0.0 0
1670573313454 0.0 0
1670573314484 0.0 0
1670573315346 0.0 0
1670573316211 0.0 0
1670573317218 0.0 0
1670573318212 0.0 0
1670573318877 0.0 0
1670573319703 0.0 0
1670573320689 0.0 0
1670573321486 0.0 0
1670573322023 0.0 0
1670573322546 0.0 0
1670573323443 0.0 0
1670573324395 0.0 0
1670573325316 0.0 0
1670573326311 0.0 0
1670573327150 0.0 0
1670573327967 0.0 0
1670573328962 0.0 0
1670573329877 0.0 0
1670573330781 0.0 0
1670573331809 0.0 0
1670573332717 0.0 0
1670573333541 0.0 0
1670573334370 0.0 0
1670573334822 0.0 0
1670573335308 0.0 0
1670573335772 0.0 0
1670573336520 0.0 0
1670573337515 0.0 0
1670573338427 0.0 0
1670573339134 0.0 0
1670573340110 0.0 0
1670573341046 0.0 0
1670573342115 0.0 0
1670573343457 0.0 0
1670573344437 0.0 0
1670573345658 0.0 0
1670573346432 0.0 0
1670573347603 0.0 0
