1670642196615 0.19514591699348383 0
1670642209699 0.18693198364732921 0
1670642221169 0.1823297673100775 0
1670642232639 0.19427309879316573 0
1670642252083 0.1872800764582211 0
1670642271075 0.18546729629787945 0
1670642282501 0.18753215813655083 0
1670642298084 0.19499325605944712 0
1670642310806 0.1896884158589329 0
1670642325064 0.19197988180000836 0
1670642336706 0.18983234295180998 0
1670642348160 0.1895536360165313 0
1670642365968 0.1861005078123475 0
1670642377382 0.1927621037828419 0
1670642388776 0.1922055384457172 0
1670642400148 0.18895346505728902 0
1670642411620 0.18823525770167376 0
1670642423358 0.18522065989582448 0
1670642450391 0.18996986320018433 0
1670642464089 0.18410101258686667 0
1670642475892 0.1914262182006319 0
1670642487396 0.19099999019745711 0
1670642498875 0.19014925329763757 0
1670642510545 0.19389293151625417 0
1670642523361 0.18785266710324 0
1670642535185 0.19518160440520665 0
1670642548158 0.18912344599941816 0
1670642561849 0.18901100337088758 0
1670642574896 0.19304095038967128 0
1670642587956 0.18252564525618228 0
