1670568927995 0.033 0
1670568929141 0.029166666666666667 0
1670568930374 0.0275 0
1670568931975 0.029166666666666667 0
1670568933826 0.021333333333333333 0
1670568935265 0.023833333333333335 0
1670568936601 0.029833333333333333 0
1670568937918 0.0235 0
1670568939245 0.028833333333333332 0
1670568940333 0.0285 0
1670568941468 0.026166666666666668 0
1670568942712 0.024 0
1670568943988 0.027666666666666666 0
1670568945397 0.029166666666666667 0
1670568946620 0.027333333333333334 0
1670568947861 0.028833333333333332 0
1670568949038 0.026833333333333334 0
1670568950240 0.028 0
1670568951477 0.028333333333333332 0
1670568952771 0.0275 0
1670568953793 0.0255 0
1670568955185 0.027333333333333334 0
1670568956286 0.028333333333333332 0
1670568957334 0.027666666666666666 0
1670568958788 0.027 0
1670568960328 0.025833333333333333 0
1670568961690 0.029833333333333333 0
1670568962900 0.026 0
1670568964031 0.0295 0
1670568965239 0.030833333333333334 0
1670568966794 0.0255 0
1670568968141 0.028666666666666667 0
1670568969393 0.026 0
1670568970875 0.0265 0
1670568971983 0.027833333333333335 0
1670568973137 0.030833333333333334 0
1670568974372 0.028166666666666666 0
1670568975596 0.0255 0
1670568976677 0.029 0
1670568977577 0.025666666666666667 0
1670568978563 0.0265 0
1670568979818 0.0255 0
1670568980930 0.0275 0
1670568982058 0.025166666666666667 0
1670568983467 0.026166666666666668 0
1670568984556 0.027166666666666665 0
1670568985551 0.0275 0
1670568986651 0.028666666666666667 0
1670568987806 0.024666666666666667 0
1670568989112 0.0285 0
1670568990192 0.027666666666666666 0
1670568991259 0.0255 0
1670568992686 0.027333333333333334 0
1670568993666 0.0275 0
1670568995015 0.025333333333333333 0
1670568996105 0.028333333333333332 0
1670568997005 0.03166666666666667 0
1670568997914 0.025833333333333333 0
1670568998852 0.023666666666666666 0
1670568999767 0.030833333333333334 0
1670569000596 0.0275 0
1670569001673 0.028833333333333332 0
1670569002690 0.028666666666666667 0
1670569003823 0.025 0
1670569005119 0.024666666666666667 0
1670569006132 0.0285 0
1670569007156 0.0265 0
1670569008541 0.029166666666666667 0
1670569009666 0.025333333333333333 0
1670569010814 0.028666666666666667 0
1670569012127 0.02666666666666667 0
1670569013318 0.029166666666666667 0
1670569014528 0.0305 0
1670569015840 0.028333333333333332 0
1670569016943 0.028833333333333332 0
1670569018219 0.027833333333333335 0
1670569019502 0.03 0
1670569020540 0.025666666666666667 0
1670569021517 0.026833333333333334 0
1670569022857 0.0295 0
1670569023976 0.027166666666666665 0
1670569024917 0.029833333333333333 0
1670569026308 0.028666666666666667 0
1670569027371 0.03 0
1670569028565 0.029 0
1670569029722 0.025666666666666667 0
1670569030756 0.025 0
1670569031852 0.028666666666666667 0
1670569033008 0.028833333333333332 0
1670569034153 0.0275 0
1670569035088 0.0295 0
1670569036243 0.02666666666666667 0
1670569037349 0.03216666666666667 0
1670569038678 0.02666666666666667 0
1670569039774 0.0245 0
1670569041029 0.025166666666666667 0
1670569042276 0.027333333333333334 0
1670569043345 0.0275 0
1670569044613 0.0335 0
1670569045865 0.025166666666666667 0
1670569046992 0.03 0
1670569048296 0.024333333333333332 0
1670569049633 0.027333333333333334 0
1670569050859 0.026333333333333334 0
1670569052062 0.026166666666666668 0
1670569053329 0.02666666666666667 0
1670569054695 0.03166666666666667 0
1670569055584 0.0265 0
1670569056425 0.029833333333333333 0
1670569057336 0.029833333333333333 0
1670569058328 0.027666666666666666 0
1670569059226 0.027666666666666666 0
1670569060480 0.029 0
1670569061640 0.028333333333333332 0
1670569062665 0.024166666666666666 0
1670569063634 0.03 0
1670569064832 0.025333333333333333 0
1670569066062 0.0275 0
1670569067139 0.025666666666666667 0
1670569068348 0.023833333333333335 0
1670569069822 0.029666666666666668 0
1670569070864 0.026166666666666668 0
1670569072004 0.028833333333333332 0
1670569073300 0.0265 0
1670569074327 0.028666666666666667 0
1670569075650 0.0295 0
1670569077142 0.03266666666666666 0
