1670611094780 0.0053 0
1670611097079 0.0046 0
1670611099383 0.0056 0
1670611101745 0.0041 0
1670611104597 0.0047 0
1670611107074 0.0042 0
1670611110294 0.0047 0
1670611112848 0.0058 0
1670611115140 0.0037 0
1670611117891 0.0037 0
1670611119782 0.0045 0
1670611121513 0.0036 0
1670611124939 0.0034 0
1670611127150 0.0037 0
1670611129497 0.0052 0
1670611131905 0.0053 0
1670611134374 0.0052 0
1670611136579 0.0032 0
1670611139018 0.0053 0
1670611141796 0.0054 0
1670611144996 0.0052 0
1670611147466 0.004 0
1670611149955 0.005 0
1670611152588 0.004 0
1670611155277 0.0035 0
1670611157964 0.0049 0
1670611160805 0.0047 0
1670611162795 0.0046 0
1670611164939 0.0036 0
1670611166988 0.0052 0
1670611169976 0.0039 0
1670611172819 0.0035 0
1670611175269 0.0051 0
1670611177650 0.0042 0
1670611180090 0.0052 0
1670611182960 0.0037 0
1670611185673 0.0045 0
1670611188409 0.0055 0
1670611190684 0.0043 0
1670611193571 0.005 0
1670611196323 0.0047 0
1670611198584 0.0042 0
1670611200937 0.0045 0
1670611202903 0.0043 0
1670611205331 0.0044 0
1670611208464 0.0038 0
1670611212766 0.0047 0
1670611215267 0.005 0
1670611217892 0.004 0
1670611220342 0.0051 0
1670611223495 0.0052 0
1670611226121 0.0031 0
1670611228391 0.0055 0
1670611231018 0.0031 0
1670611233451 0.0049 0
1670611235948 0.0045 0
1670611239094 0.0057 0
1670611241761 0.0055 0
1670611244939 0.0042 0
1670611248208 0.0044 0
1670611250547 0.0043 0
1670611253479 0.0054 0
1670611256183 0.0054 0
1670611259289 0.0044 0
1670611262127 0.0046 0
1670611265279 0.0031 0
1670611269189 0.0052 0
1670611272213 0.0051 0
1670611275904 0.0029 0
1670611277691 0.004 0
1670611280996 0.0057 0
1670611284664 0.0038 0
1670611288533 0.0053 0
1670611292354 0.0046 0
1670611295768 0.0043 0
1670611299432 0.0041 0
1670611302627 0.0039 0
1670611305297 0.0045 0
1670611309598 0.005 0
1670611311984 0.0041 0
1670611316441 0.0041 0
1670611319701 0.0044 0
1670611322801 0.0039 0
1670611326494 0.0045 0
1670611329940 0.0047 0
1670611332689 0.0032 0
1670611336685 0.0052 0
1670611340301 0.0046 0
1670611344734 0.0042 0
1670611348816 0.0049 0
1670611352920 0.0039 0
1670611356789 0.0044 0
1670611359761 0.0053 0
1670611363404 0.004 0
1670611367278 0.0044 0
1670611371988 0.0041 0
1670611375531 0.005 0
1670611377883 0.0051 0
1670611381074 0.0038 0
1670611383862 0.0049 0
1670611386974 0.0043 0
1670611390740 0.0045 0
1670611394730 0.0044 0
1670611398380 0.0048 0
1670611401314 0.0042 0
1670611403769 0.0048 0
1670611406679 0.0033 0
1670611409293 0.004 0
1670611412536 0.0053 0
1670611416059 0.0042 0
1670611419706 0.005 0
1670611423483 0.0048 0
1670611426509 0.0054 0
1670611429835 0.004 0
1670611433352 0.0043 0
1670611436840 0.0038 0
1670611439163 0.0045 0
1670611442958 0.0047 0
1670611446858 0.0048 0
1670611450458 0.0044 0
1670611453737 0.0047 0
1670611456557 0.0053 0
1670611459703 0.005 0
1670611462641 0.0049 0
1670611465340 0.0055 0
1670611468341 0.0037 0
1670611471563 0.0035 0
1670611474385 0.0043 0
1670611476725 0.0052 0
1670611479203 0.0049 0
1670611481781 0.0051 0
1670611483845 0.0041 0
1670611486342 0.0057 0
1670611488379 0.0036 0
1670611490856 0.005 0
1670611493327 0.0041 0
1670611495956 0.0037 0
1670611498530 0.006 0
1670611500474 0.0056 0
1670611503280 0.0055 0
1670611505589 0.0039 0
1670611508163 0.0053 0
1670611510547 0.0045 0
1670611512812 0.0058 0
1670611515467 0.004 0
1670611518044 0.0056 0
1670611520556 0.0049 0
1670611523153 0.0046 0
1670611525511 0.0043 0
1670611528232 0.0041 0
1670611530728 0.005 0
1670611533778 0.0032 0
1670611536280 0.0044 0
1670611539193 0.0042 0
1670611541881 0.0046 0
1670611544469 0.0052 0
1670611546788 0.0049 0
1670611549575 0.0045 0
1670611552780 0.0042 0
1670611555648 0.0049 0
1670611558300 0.0035 0
1670611561798 0.0053 0
1670611565236 0.0043 0
1670611568537 0.0046 0
1670611571754 0.0043 0
1670611574194 0.0047 0
1670611577176 0.0039 0
1670611580433 0.0043 0
1670611583764 0.0051 0
1670611587469 0.0039 0
1670611590804 0.004 0
1670611594011 0.0064 0
1670611597014 0.0037 0
1670611600333 0.0059 0
1670611603701 0.0048 0
1670611607051 0.0047 0
1670611610280 0.0051 0
1670611613252 0.0044 0
1670611615957 0.0044 0
1670611618599 0.0047 0
1670611622105 0.0045 0
