1670628499762 0.0 0
1670628504414 0.0005714285714285715 0
1670628510378 0.00014285714285714287 0
1670628516618 0.00042857142857142855 0
1670628522295 0.00042857142857142855 0
1670628527868 0.00042857142857142855 0
1670628533827 0.0 0
1670628539907 0.00028571428571428574 0
1670628545792 0.0007142857142857143 0
1670628551844 0.0007142857142857143 0
1670628558001 0.00014285714285714287 0
1670628563968 0.0 0
1670628569879 0.00028571428571428574 0
1670628575990 0.00028571428571428574 0
1670628581316 0.0005714285714285715 0
1670628587002 0.00014285714285714287 0
1670628592742 0.00028571428571428574 0
1670628598685 0.00028571428571428574 0
1670628604312 0.0 0
1670628609922 0.00042857142857142855 0
1670628615755 0.00042857142857142855 0
1670628620998 0.00042857142857142855 0
1670628626528 0.0 0
1670628632323 0.00028571428571428574 0
1670628638266 0.00014285714285714287 0
1670628643706 0.0008571428571428571 0
1670628649497 0.00028571428571428574 0
1670628655305 0.00042857142857142855 0
1670628661088 0.00042857142857142855 0
1670628667147 0.00028571428571428574 0
1670628673201 0.0012857142857142856 0
1670628679050 0.0005714285714285715 0
1670628684929 0.00028571428571428574 0
1670628690812 0.0 0
1670628696580 0.00028571428571428574 0
1670628702434 0.00014285714285714287 0
1670628708272 0.00014285714285714287 0
1670628714144 0.00028571428571428574 0
1670628719988 0.0007142857142857143 0
1670628725796 0.0005714285714285715 0
1670628731597 0.0005714285714285715 0
1670628737382 0.00014285714285714287 0
1670628743154 0.0007142857142857143 0
1670628748682 0.0005714285714285715 0
1670628754430 0.0 0
1670628760027 0.00014285714285714287 0
1670628765788 0.00042857142857142855 0
1670628771557 0.00028571428571428574 0
1670628777281 0.00042857142857142855 0
1670628782967 0.00028571428571428574 0
1670628788507 0.00028571428571428574 0
1670628794481 0.0 0
1670628800586 0.00014285714285714287 0
1670628806513 0.0005714285714285715 0
1670628812708 0.0005714285714285715 0
1670628818727 0.0 0
1670628824937 0.00028571428571428574 0
1670628830890 0.0 0
1670628837277 0.00028571428571428574 0
1670628843431 0.00014285714285714287 0
1670628849356 0.0005714285714285715 0
1670628855556 0.00028571428571428574 0
1670628861336 0.0007142857142857143 0
1670628867058 0.00042857142857142855 0
1670628873131 0.00042857142857142855 0
1670628879024 0.00028571428571428574 0
1670628885028 0.00014285714285714287 0
1670628891187 0.00014285714285714287 0
1670628897100 0.00028571428571428574 0
1670628902915 0.00028571428571428574 0
1670628908897 0.00028571428571428574 0
1670628915059 0.00042857142857142855 0
1670628921168 0.00014285714285714287 0
1670628927336 0.0007142857142857143 0
1670628933368 0.00042857142857142855 0
1670628939103 0.00042857142857142855 0
1670628945098 0.0 0
1670628950936 0.00042857142857142855 0
1670628956829 0.0005714285714285715 0
1670628962859 0.0007142857142857143 0
1670628969069 0.00028571428571428574 0
1670628974671 0.00014285714285714287 0
1670628981104 0.00042857142857142855 0
1670628987394 0.00042857142857142855 0
1670628993487 0.0005714285714285715 0
1670628999640 0.00042857142857142855 0
1670629005962 0.00028571428571428574 0
1670629012104 0.00028571428571428574 0
1670629018067 0.00014285714285714287 0
1670629023991 0.00042857142857142855 0
1670629030012 0.00028571428571428574 0
1670629036022 0.00028571428571428574 0
1670629042141 0.00028571428571428574 0
1670629048311 0.00014285714285714287 0
1670629054228 0.00014285714285714287 0
1670629060629 0.0005714285714285715 0
1670629066650 0.00014285714285714287 0
1670629073207 0.0 0
1670629079232 0.0005714285714285715 0
1670629085051 0.00014285714285714287 0
1670629091440 0.00042857142857142855 0
1670629098171 0.00028571428571428574 0
1670629104732 0.00028571428571428574 0
1670629111349 0.00042857142857142855 0
1670629117895 0.00028571428571428574 0
1670629124297 0.0 0
1670629130337 0.00014285714285714287 0
1670629136776 0.0008571428571428571 0
1670629142929 0.00042857142857142855 0
1670629149155 0.00014285714285714287 0
1670629155371 0.00042857142857142855 0
1670629161525 0.0 0
1670629167827 0.00028571428571428574 0
1670629174560 0.00042857142857142855 0
1670629181052 0.00028571428571428574 0
1670629187531 0.0007142857142857143 0
1670629194084 0.0 0
1670629200987 0.00042857142857142855 0
1670629207436 0.00042857142857142855 0
1670629213867 0.00028571428571428574 0
1670629219831 0.0 0
1670629225386 0.00028571428571428574 0
1670629231095 0.00042857142857142855 0
1670629236195 0.00028571428571428574 0
1670629241497 0.00014285714285714287 0
1670629246735 0.00042857142857142855 0
1670629252065 0.0 0
1670629257258 0.00014285714285714287 0
1670629262514 0.00014285714285714287 0
1670629267851 0.00028571428571428574 0
1670629273143 0.00042857142857142855 0
1670629278487 0.00014285714285714287 0
1670629283555 0.00028571428571428574 0
1670629288745 0.00042857142857142855 0
1670629294277 0.00014285714285714287 0
1670629299580 0.001 0
1670629304524 0.00014285714285714287 0
1670629309707 0.00042857142857142855 0
1670629314833 0.0 0
1670629320046 0.0005714285714285715 0
1670629325242 0.00028571428571428574 0
1670629330441 0.00042857142857142855 0
1670629335385 0.0005714285714285715 0
1670629340472 0.00028571428571428574 0
1670629345598 0.00014285714285714287 0
1670629349882 0.00014285714285714287 0
1670629355132 0.0005714285714285715 0
1670629360377 0.0005714285714285715 0
1670629365521 0.00028571428571428574 0
1670629370761 0.00028571428571428574 0
1670629375771 0.0 0
1670629380798 0.00028571428571428574 0
1670629385911 0.0 0
1670629390811 0.00014285714285714287 0
1670629395855 0.00028571428571428574 0
1670629400929 0.0 0
1670629406096 0.00028571428571428574 0
1670629410974 0.00042857142857142855 0
1670629416299 0.0005714285714285715 0
1670629421463 0.0005714285714285715 0
1670629426633 0.00014285714285714287 0
1670629431775 0.00042857142857142855 0
1670629436762 0.00028571428571428574 0
1670629441802 0.00042857142857142855 0
1670629446946 0.0005714285714285715 0
1670629452245 0.00042857142857142855 0
1670629457612 0.00028571428571428574 0
1670629463062 0.0005714285714285715 0
1670629468474 0.00014285714285714287 0
1670629474160 0.00014285714285714287 0
1670629480033 0.0 0
1670629486720 0.0 0
1670629493288 0.0007142857142857143 0
1670629498410 0.00042857142857142855 0
1670629503291 0.00028571428571428574 0
