1670634282805 0.0 0
1670634283343 0.0 0
1670634283880 0.0 0
1670634284415 0.0 0
1670634284891 0.0 0
1670634285362 0.0 0
1670634285921 0.0 0
1670634286474 0.0 0
1670634287017 0.0 0
1670634287457 0.0 0
1670634288014 0.0 0
1670634288565 0.0 0
1670634289149 0.0 0
1670634289714 0.0 0
1670634290278 0.0 0
1670634290965 0.0 0
1670634291539 0.0 0
1670634292114 0.0 0
1670634292672 0.0 0
1670634293227 0.0 0
1670634293818 0.0 0
1670634294378 0.0 0
1670634294940 0.0 0
1670634295582 0.0 0
1670634296143 0.0 0
1670634296728 0.0 0
1670634297282 0.0 0
1670634297879 0.0 0
1670634298484 0.0 0
1670634298951 0.0 0
1670634299435 0.0 0
1670634299884 0.0 0
1670634300323 0.0 0
1670634300806 0.0 0
1670634301256 0.0 0
1670634301691 0.0 0
1670634302222 0.0 0
1670634302738 0.0 0
1670634303268 0.0 0
1670634303794 0.0 0
1670634304336 0.0 0
1670634304829 0.0 0
1670634305253 0.0 0
1670634305771 0.0 0
1670634306299 0.0 0
1670634306816 0.0 0
1670634307433 0.0 0
1670634307954 0.0 0
1670634308467 0.0 0
1670634309002 0.0 0
1670634309525 0.0 0
1670634310050 0.0 0
1670634310571 0.0 0
1670634311127 0.0 0
1670634311649 0.0 0
1670634312175 0.0 0
1670634312696 0.0 0
1670634313220 0.0 0
1670634313749 0.0 0
1670634314271 0.0 0
1670634314781 0.0 0
1670634315286 0.0 0
1670634315795 0.0 0
1670634316302 0.0 0
1670634316833 0.0 0
1670634317354 0.0 0
1670634317871 0.0 0
1670634318394 0.0 0
1670634318965 0.0 0
1670634319519 0.0 0
1670634320054 0.0 0
1670634320584 0.0 0
1670634321121 0.0 0
1670634321665 0.0 0
1670634322205 0.0 0
1670634322735 0.0 0
1670634323274 0.0 0
1670634323826 0.0 0
1670634324394 0.0 0
1670634324941 0.0 0
1670634325479 0.0 0
1670634326007 0.0 0
1670634326542 0.0 0
1670634327076 0.0 0
1670634327621 0.0 0
1670634328155 0.0 0
1670634328693 0.0 0
1670634329226 0.0 0
1670634329761 0.0 0
1670634330318 0.0 0
1670634330851 0.0 0
1670634331269 0.0 0
1670634331750 0.0 0
1670634332229 0.0 0
1670634332750 0.0 0
1670634333289 0.0 0
1670634333828 0.0 0
1670634334355 0.0 0
1670634334934 0.0 0
1670634335486 0.0 0
1670634336034 0.0 0
