1670588138920 0.0 0
1670588142242 0.0 0
1670588145910 0.0 0
1670588149455 0.0 0
1670588153790 0.0 0
1670588157048 0.0 0
1670588160622 0.0 0
1670588164364 0.0 0
1670588167968 0.0 0
1670588171744 0.0 0
1670588175225 0.0 0
1670588178530 0.0 0
1670588182252 0.0 0
1670588186138 0.0 0
1670588189770 0.0 0
1670588192691 0.0 0
1670588196647 0.0 0
1670588200513 0.0 0
1670588204386 0.0 0
1670588207801 0.0 0
1670588210958 0.0 0
1670588214442 0.0 0
1670588217434 0.0 0
1670588220673 0.0 0
1670588224554 0.0 0
1670588227919 0.0 0
1670588230804 0.0 0
1670588233821 0.0 0
1670588237458 0.0 0
1670588240929 0.0 0
1670588244579 0.0 0
1670588247907 0.0 0
1670588251271 0.0 0
1670588254579 0.0 0
1670588257705 0.0 0
1670588261083 0.0 0
1670588264144 0.0 0
1670588267193 0.0 0
1670588270623 0.0 0
1670588273846 0.0 0
1670588277058 0.0 0
1670588280422 0.0 0
1670588284062 0.0 0
1670588286826 0.0 0
1670588290194 0.0 0
1670588293025 0.0 0
1670588296247 0.0 0
1670588299950 0.0 0
1670588303252 0.0 0
1670588306415 0.0 0
1670588309491 0.0 0
1670588312876 0.0 0
1670588315819 0.0 0
1670588319117 0.0 0
1670588322298 0.0 0
1670588325685 0.0 0
1670588328801 0.0 0
1670588332290 0.0 0
1670588335715 0.0 0
1670588339538 0.0 0
1670588343472 0.0 0
1670588347092 0.0 0
1670588350424 0.0 0
1670588353814 0.0 0
1670588357194 0.0 0
1670588361224 0.0 0
1670588365097 0.0 0
1670588368874 0.0 0
1670588372612 0.0 0
1670588376339 0.0 0
1670588380397 0.0 0
1670588384297 0.0 0
1670588388169 0.0 0
1670588392292 0.0 0
1670588396161 0.0 0
1670588399863 0.0 0
1670588403626 0.0 0
1670588407400 0.0 0
1670588410633 0.0 0
1670588414125 0.0 0
1670588417824 0.0 0
1670588421612 0.0 0
1670588425270 0.0 0
1670588428922 0.0 0
1670588432686 0.0 0
1670588436171 0.0 0
1670588439822 0.0 0
1670588444154 0.0 0
1670588447883 0.0 0
1670588451861 0.0 0
1670588455822 0.0 0
1670588459432 0.0 0
1670588462474 0.0 0
1670588466227 0.0 0
1670588469575 0.0 0
1670588473149 0.0 0
1670588476970 0.0 0
1670588480428 0.0 0
1670588483492 0.0 0
1670588486886 0.0 0
1670588489799 0.0 0
