1670617801619 0.05082481894572839 0
1670617807247 0.02103075584635073 0
1670617812825 0.013471324661562083 0
1670617818712 0.011963395769715578 0
1670617824173 0.010154017761453974 0
1670617829664 0.010861952456458865 0
1670617835360 0.009963412826769292 0
1670617840751 0.00918734038478432 0
1670617846613 0.009828689162261883 0
1670617852502 0.009831724158047533 0
1670617858122 0.00957653825537248 0
1670617863770 0.009202338006260979 0
1670617869457 0.008926502721575153 0
1670617875261 0.00862822460850153 0
1670617880640 0.008446245315255892 0
1670617885954 0.00816184104284379 0
1670617891322 0.007895485559158123 0
1670617896782 0.007709811503586178 0
1670617902374 0.007570398559011992 0
1670617907885 0.007447260698795248 0
1670617913382 0.007256655594318201 0
1670617919110 0.007098838100409791 0
1670617924933 0.007083641757604871 0
1670617930704 0.007065837556474259 0
1670617936513 0.006915600346450954 0
1670617942147 0.0067896464227980464 0
1670617947760 0.006998205696958509 0
1670617953345 0.006879502622701487 0
1670617959034 0.006478693461520888 0
1670617964712 0.006499241431394295 0
1670617970612 0.006398663554829889 0
1670617976305 0.0063969405459122775 0
1670617982112 0.0063353890691777 0
1670617987960 0.00656268856146445 0
1670617993887 0.006564895139220452 0
1670617999646 0.006556450807359334 0
1670618005384 0.00649996400233217 0
1670618011170 0.006416110702876806 0
1670618017048 0.006345930663589371 0
1670618022912 0.006268066882913424 0
1670618028767 0.0062223681946605765 0
1670618034412 0.00631292656202744 0
1670618039885 0.00624756324547171 0
1670618045167 0.006237221697711607 0
1670618050600 0.006286682239555551 0
1670618055587 0.0062489032758682155 0
1670618060752 0.006187125640357283 0
1670618065998 0.00613354951380877 0
1670618071367 0.006072147914603204 0
1670618076865 0.0060418192058300305 0
1670618082286 0.006019292142124051 0
1670618087727 0.006007255875800047 0
1670618093115 0.005951471401452623 0
1670618098415 0.005897212680030942 0
1670618103596 0.005887200202620582 0
1670618108944 0.006006980288455914 0
1670618114328 0.00600922421035433 0
1670618120165 0.006022335142491196 0
1670618125765 0.006194091213768129 0
1670618131325 0.006384403065130988 0
1670618136987 0.00633420174270043 0
1670618142696 0.006285416389562051 0
1670618148351 0.0063119705102869985 0
1670618153953 0.006269825278638327 0
1670618159686 0.0062238155188729365 0
1670618165419 0.006569293282730435 0
1670618171015 0.006567261762616671 0
1670618176398 0.006519624099089556 0
1670618181545 0.006496944567203986 0
1670618186755 0.006562910234304591 0
1670618191938 0.006520084590812138 0
1670618197210 0.006538452843376834 0
1670618202845 0.006504718745556191 0
1670618208496 0.00646548856185622 0
1670618214085 0.0064411587625746655 0
1670618219613 0.006401138450504834 0
1670618225121 0.006360037611733895 0
1670618230824 0.0063197502492984 0
1670618236729 0.006289593798368345 0
1670618242683 0.006278336731665203 0
1670618248648 0.006243842353998736 0
1670618254528 0.0062067481681536505 0
1670618260453 0.006240494271992528 0
1670618266333 0.006295576590998182 0
1670618272260 0.00627521925442444 0
1670618277901 0.006326352741813722 0
1670618283474 0.006291844359043154 0
1670618288859 0.0066204421636863586 0
1670618294055 0.006717401622549891 0
1670618299011 0.0066988917569767055 0
1670618304025 0.006672833779386747 0
1670618308916 0.006714613830563494 0
1670618313898 0.006679394678990624 0
1670618319471 0.006727457698164643 0
1670618325082 0.006815921944211822 0
1670618330704 0.0068117713710204 0
1670618335781 0.006794305042293976 0
1670618340472 0.00676957246641275 0
1670618345332 0.006735675322502075 0
1670618349851 0.006733088787533639 0
1670618354579 0.006724978934497677 0
1670618359695 0.006692288423893085 0
1670618364580 0.006660070055582484 0
1670618369367 0.0066412079512871616 0
1670618374124 0.006622407448980872 0
1670618378896 0.006591903366945758 0
1670618383776 0.006567976122882142 0
1670618389079 0.00660392611323567 0
1670618394002 0.006573944186479374 0
1670618399201 0.006576594144308553 0
1670618404237 0.006624814113995139 0
1670618409628 0.006595435785745236 0
