1670563556903 0.007623722841859256 0
1670563558654 0.0022586080982973196 0
1670563560639 0.0015179301435075895 0
1670563562771 0.0011961291575561632 0
1670563564881 0.0013163342495907723 0
1670563566692 0.001161461505921712 0
1670563568917 0.0010689958624944449 0
1670563570602 0.0009963076565738384 0
1670563572521 0.0010126786004452007 0
1670563574379 0.001465154536026201 0
1670563576260 0.0015089194038137095 0
1670563578262 0.001491554622555181 0
1670563580158 0.0014580651267207712 0
1670563581683 0.0013998008371511475 0
1670563583738 0.0014629474557632202 0
1670563585712 0.0014283493997805999 0
1670563587503 0.001436121775678036 0
1670563589648 0.001392013885639044 0
1670563591590 0.001365928729459934 0
1670563593614 0.0013409397118302937 0
1670563595790 0.0014383158823143144 0
1670563597825 0.0014038497967568467 0
1670563599856 0.001418095430008092 0
1670563601831 0.0013896889735416336 0
1670563603666 0.001361450398853466 0
1670563605521 0.0013407655138253666 0
1670563607529 0.0013536719194430467 0
1670563609642 0.0013304853258893942 0
1670563611489 0.0012701346279778338 0
1670563613708 0.0012512730628126611 0
1670563615621 0.0012395900646091232 0
1670563617644 0.001220663914047235 0
1670563619742 0.0012098520675603523 0
1670563621743 0.0011999992824701057 0
1670563623539 0.0012447443074837887 0
1670563625603 0.0012289503903061961 0
1670563627658 0.001212730286105257 0
1670563629950 0.0011993280026045858 0
1670563631603 0.0011915549421359253 0
1670563633469 0.0011788121244707891 0
1670563635623 0.001166458550720818 0
1670563637451 0.0011591450404183695 0
1670563639113 0.0011473854347719098 0
1670563640747 0.0011405692321265208 0
1670563642308 0.0011340110175037505 0
1670563644301 0.0011232461211216171 0
1670563646049 0.001116873781960591 0
1670563648225 0.0011385114678479549 0
1670563650053 0.0011376168559126434 0
1670563652059 0.0011271656136579078 0
1670563653772 0.0011163592121189677 0
1670563655888 0.0011344262399024807 0
1670563657751 0.0011240165137801636 0
1670563659664 0.0011138881238496167 0
1670563661634 0.0011060461294691332 0
1670563663780 0.0010997717543799706 0
1670563665550 0.0010967313620226134 0
1670563667796 0.0010874984391726515 0
1670563670148 0.001078494806677527 0
1670563672170 0.0010756396857437823 0
1670563674195 0.0010669990041423097 0
1670563676196 0.001074390667120919 0
1670563678042 0.001069156957083745 0
1670563679933 0.0010628340409206583 0
1670563682180 0.0010971452261932949 0
1670563685002 0.001088973468785882 0
1670563686631 0.0010824408394569857 0
1670563688744 0.0010752362826054805 0
1670563691379 0.00108204155689721 0
1670563693699 0.0010749423515306515 0
1670563696155 0.0011054968878767783 0
1670563698587 0.0010992158122642794 0
1670563700701 0.001101117017628518 0
1670563702989 0.0010979033332779112 0
1670563704678 0.00110452813924111 0
1670563707330 0.0010973512403097854 0
1670563709886 0.0011034827839995235 0
1670563711808 0.00114862077025925 0
1670563713863 0.0011527916853887798 0
1670563716209 0.0011547259248736756 0
1670563718718 0.0011500016937918116 0
1670563720887 0.0011473402736188196 0
1670563722745 0.0011428074602163902 0
1670563724986 0.0011532335425062205 0
1670563726927 0.0011518451355440585 0
1670563728891 0.0011454848536016785 0
1670563730621 0.00113922852172448 0
1670563732588 0.001134715730587414 0
1670563734976 0.0011371461799743244 0
1670563737189 0.0011521234616758604 0
1670563739294 0.001146168691092166 0
1670563741663 0.0011412705108398116 0
1670563743709 0.0011371862612458879 0
1670563746031 0.0011536217235831683 0
1670563748118 0.0011522532412208929 0
1670563750571 0.0011543021272844584 0
1670563752816 0.0011613571506743242 0
1670563755148 0.0011629005722179988 0
1670563757241 0.0011582043948226016 0
1670563759023 0.0011613686758076922 0
1670563760843 0.0011628245838172478 0
1670563763002 0.001160549466099236 0
1670563765121 0.001161758056485628 0
1670563767402 0.001164993957274831 0
1670563769290 0.0011708036970750966 0
1670563771469 0.0011662660007305415 0
1670563773636 0.0011627467869254273 0
1670563776089 0.0011592472693946593 0
1670563778311 0.0011557677308050391 0
1670563780420 0.0011508572438261385 0
1670563782462 0.0011457572841283297 0
1670563784632 0.0011409776734643564 0
1670563787171 0.0011376765613617854 0
1670563789376 0.0011390955922448826 0
1670563791954 0.00113588995269748 0
1670563794573 0.001131987409200013 0
1670563796926 0.0011281216348317138 0
1670563798830 0.0011263074468073563 0
1670563800930 0.0011219212700520308 0
1670563803173 0.0011181676741049366 0
1670563805885 0.001113610067949016 0
1670563807838 0.0011091077370168484 0
1670563810273 0.0011074243660509592 0
1670563812662 0.00112420800557941 0
1670563814950 0.0011222930368643622 0
1670563816976 0.0011185864779177258 0
1670563819065 0.0011194980751441505 0
1670563820977 0.001119522174773299 0
1670563823279 0.0011170116011804346 0
1670563825612 0.0011131076749049643 0
1670563827660 0.0011178958394287173 0
1670563829975 0.001118737757027562 0
1670563831974 0.0011149573812710414 0
1670563834296 0.0011131021563652085 0
1670563836301 0.0011090077566285094 0
1670563838723 0.0011071787269723425 0
1670563840933 0.0011108024396140888 0
1670563843509 0.0011116028830922752 0
1670563845959 0.0011076300608287583 0
1670563848456 0.0011058402901878632 0
1670563850869 0.0011023539666416668 0
1670563853194 0.0011059136700967208 0
1670563855374 0.001110165770642399 0
1670563857907 0.0011063342926509573 0
1670563860374 0.0011065656446623924 0
1670563862440 0.0011048746646518167 0
1670563864460 0.0011173796366778098 0
1670563866442 0.0011181157349659681 0
1670563868241 0.001125258321738575 0
1670563870020 0.0011282208630318674 0
1670563872077 0.0011251099562267146 0
1670563874556 0.0011279747925048845 0
1670563876773 0.0011264054940620981 0
1670563878721 0.0011227785508858808 0
1670563880677 0.0011212268283670515 0
1670563882711 0.0011211690131677486 0
1670563885201 0.0011219568397672235 0
