1670582626780 0.004235401578810698 0
1670582627589 0.0013521932988493658 0
1670582628395 0.0009186931155186995 0
1670582629343 0.0007403853613860797 0
1670582630245 0.0006386661920440906 0
1670582631075 0.0005708271881056993 0
1670582631796 0.0005213506426904687 0
1670582632526 0.0004831381218744638 0
1670582633260 0.00045243143254819826 0
1670582634195 0.00042702992214072396 0
1670582635290 0.00040554677472974754 0
1670582636018 0.00038705789960614907 0
1670582636845 0.0003709199983226394 0
1670582637663 0.0003566691979510573 0
1670582638569 0.0003439611913846927 0
1670582639376 0.00033253416458368804 0
1670582640320 0.00032218490659184304 0
1670582641355 0.0003127528887155073 0
1670582642358 0.00030410934465217984 0
1670582643156 0.00029614959153436245 0
1670582644021 0.0002887875109012925 0
1670582644932 0.00028195150497305383 0
1670582645843 0.0002755814827496777 0
1670582646858 0.0002696265790321489 0
1670582647599 0.0002640434041991403 0
1670582648327 0.00025879468440504746 0
1670582649056 0.0002538481930760101 0
1670582649817 0.0002491759025746592 0
1670582650600 0.000234549534951027 0
1670582651333 0.00023086376047963322 0
1670582652063 0.00022734620053234262 0
1670582653084 0.00022398445646055397 0
1670582654203 0.00022076737047350257 0
1670582654937 0.0002176848706568071 0
1670582655780 0.00021472783897297747 0
1670582656519 0.00021188799832865449 0
1670582657280 0.00020915781554200414 0
1670582658211 0.0002065304176344201 0
1670582659021 0.0002039995193397598 0
1670582659970 0.00020155936009904441 0
1670582660949 0.00019920464910958542 0
1670582661805 0.00019693051724065677 0
1670582662559 0.0001947324748252637 0
1670582663296 0.00019260637449864564 0
1670582664412 0.0001905483783862133 0
1670582665205 0.00018855492905236424 0
1670582666042 0.00018662272371156087 0
1670582666920 0.0001847486912777423 0
1670582667966 0.00018292997189040504 0
1670582668993 0.00018116389860780104 0
1670582669731 0.00017944798100146746 0
1670582670449 0.0001777798904231918 0
1670582671241 0.00017615744674671224 0
1670582671979 0.0001745786064129204 0
1670582672789 0.00017304145162985637 0
1670582673428 0.00017154418059801594 0
1670582674236 0.00017008509864794213 0
1670582674959 0.00016866261019120914 0
1670582675664 0.00016727521139806058 0
1670582676460 0.00016592148352546362 0
1670582677149 0.00016460008682841587 0
1670582677928 0.00016330975499521632 0
1670582678701 0.00016204929005425708 0
1670582679559 0.00016081755770585058 0
1670582680352 0.0001596134830378197 0
1670582681311 0.00015843604658812656 0
1670582681968 0.0001572842807218148 0
1670582682829 0.00015615726629304545 0
1670582683510 0.0001550541295660991 0
1670582684207 0.0001539740393719356 0
1670582684963 0.00015291620447931484 0
1670582685767 0.00015187987116160854 0
1670582686585 0.00015086432094232159 0
1670582687344 0.00014986886850402176 0
1670582688151 0.0001488928597468647 0
1670582688954 0.00014793566998423218 0
1670582689797 0.00014699670226418925 0
1670582690528 0.00014607538580652192 0
1670582691421 0.00014517117454607107 0
1670582692181 0.0001442835457739229 0
1670582693021 0.00014341199886878445 0
1670582694148 0.00014255605411155503 0
1670582694896 0.00014171525157672348 0
1670582695739 0.0001408891500947773 0
1670582696524 0.00014007732628030958 0
1670582697562 0.00013927937362096624 0
1670582698668 0.0001384949016227833 0
1670582699589 0.00013772353500783512 0
1670582700421 0.00013696491296045447 0
1670582701228 0.00013621868841858498 0
1670582702341 0.00013548452740710966 0
1670582703103 0.000134762108410248 0
1670582703843 0.00013405112178034383 0
1670582704929 0.00013335126918057925 0
1670582706073 0.00013266226305933506 0
1670582707025 0.0001856786193487362 0
1670582707818 0.0001847486912777423 0
1670582708621 0.0001838325884577156 0
1670582709406 0.00018292997189040507 0
1670582710154 0.00018204051409451475 0
1670582710962 0.00018116389860780102 0
1670582711727 0.0001802998195152108 0
1670582712514 0.00017944798100146746 0
1670582713494 0.0001786080969266222 0
1670582714596 0.0001777798904231918 0
1670582715450 0.00017696309351359835 0
1670582716493 0.00017615744674671227 0
1670582717317 0.00017536269885238398 0
1670582718218 0.0001745786064129204 0
1670582719009 0.00017380493355053408 0
1670582719869 0.00017304145162985637 0
1670582720797 0.00017228793897466245 0
1670582721552 0.00017154418059801594 0
1670582722370 0.000170809967945086 0
1670582723220 0.00017008509864794213 0
1670582724191 0.0001693693762916719 0
1670582725159 0.00016866261019120912 0
1670582725910 0.00016796461517829922 0
1670582727036 0.00016727521139806058 0
1670582727894 0.00016659422411463695 0
1670582728614 0.00016592148352546362 0
1670582729383 0.0001652568245837014 0
1670582730132 0.00016460008682841584 0
1670582731180 0.00016395111422210694 0
1670582731996 0.00019920464910958544 0
1670582732782 0.0001984378810606664 0
1670582733705 0.00019767989248150935 0
