1670582941056 0.0 0
1670582943321 0.0 0
1670582945534 0.0 0
1670582947433 0.0 0
1670582949331 0.0 0
1670582951208 0.0 0
1670582953328 0.0 0
1670582955157 0.0 0
1670582957239 0.0 0
1670582959179 0.0 0
1670582961025 0.0 0
1670582963021 0.0 0
1670582965197 0.0 0
1670582967055 0.0 0
1670582969532 0.0 0
1670582971424 0.0 0
1670582973380 0.0 0
1670582975298 0.0 0
1670582977366 0.0 0
1670582979425 0.0 0
1670582981896 0.0 0
1670582983858 0.0 0
1670582985530 0.0 0
1670582987625 0.0 0
1670582989668 0.0 0
1670582991440 0.0 0
1670582993343 0.0 0
1670582995143 0.0 0
1670582996930 0.0 0
1670582998855 0.0 0
1670583000825 0.0 0
1670583003068 0.0 0
1670583004853 0.0 0
1670583007229 0.0 0
1670583008862 0.0 0
1670583010438 0.0 0
1670583012330 0.0 0
1670583014158 0.0 0
1670583015977 0.0 0
1670583017994 0.0 0
1670583019831 0.0 0
1670583021786 0.0 0
1670583023831 0.0 0
1670583025493 0.0 0
1670583027135 0.0 0
1670583028765 0.0 0
1670583030651 0.0 0
1670583032551 0.0 0
1670583034214 0.0 0
1670583036097 0.0 0
1670583038146 0.0 0
1670583040131 0.0 0
1670583042353 0.0 0
1670583044216 0.0 0
1670583046187 0.0 0
1670583047892 0.0 0
1670583049818 0.0 0
1670583051443 0.0 0
1670583053526 0.0 0
1670583055673 0.0 0
1670583057549 0.0 0
1670583059223 0.0 0
1670583061159 0.0 0
1670583063046 0.0 0
1670583065086 0.0 0
1670583067045 0.0 0
1670583068678 0.0 0
1670583070317 0.0 0
1670583071943 0.0 0
1670583073667 0.0 0
1670583075408 0.0 0
1670583077489 0.0 0
1670583079393 0.0 0
1670583081361 0.0 0
1670583083300 0.0 0
1670583085297 0.0 0
1670583086889 0.0 0
1670583088855 0.0 0
1670583090437 0.0 0
1670583092351 0.0 0
1670583094516 0.0 0
1670583096438 0.0 0
1670583098221 0.0 0
1670583100322 0.0 0
1670583102258 0.0 0
1670583104093 0.0 0
1670583106154 0.0 0
1670583108333 0.0 0
1670583110365 0.0 0
1670583112158 0.0 0
1670583113930 0.0 0
1670583116204 0.0 0
1670583118054 0.0 0
1670583120237 0.0 0
1670583122483 0.0 0
1670583124386 0.0 0
1670583126644 0.0 0
1670583128527 0.0 0
1670583130115 0.0 0
1670583131656 0.0 0
1670583133815 0.0 0
1670583136037 0.0 0
