1670585816198 0.0 0
1670585816624 0.0 0
1670585816867 0.0 0
1670585817182 0.0 0
1670585817429 0.0 0
1670585817701 0.0 0
1670585817938 0.0 0
1670585818206 0.0 0
1670585818464 0.0 0
1670585818731 0.0 0
1670585818973 0.0 0
1670585819274 0.0 0
1670585819610 0.0 0
1670585820013 0.0 0
1670585820276 0.0 0
1670585820566 0.0 0
1670585820819 0.0 0
1670585821042 0.0 0
1670585821245 0.0 0
1670585821447 0.0 0
1670585821818 0.0 0
1670585822298 0.0 0
1670585822514 0.0 0
1670585822802 0.0 0
1670585823052 0.0 0
1670585823281 0.0 0
1670585823516 0.0 0
1670585823938 0.0 0
1670585824414 0.0 0
1670585824735 0.0 0
1670585825024 0.0 0
1670585825453 0.0 0
1670585825843 0.0 0
1670585826097 0.0 0
1670585826389 0.0 0
1670585826693 0.0 0
1670585826981 0.0 0
1670585827261 0.0 0
1670585827520 0.0 0
1670585827867 0.0 0
1670585828115 0.0 0
1670585828390 0.0 0
1670585828606 0.0 0
1670585828830 0.0 0
1670585829092 0.0 0
1670585829386 0.0 0
1670585829656 0.0 0
1670585829913 0.0 0
1670585830187 0.0 0
1670585830463 0.0 0
1670585830708 0.0 0
1670585830971 0.0 0
1670585831214 0.0 0
1670585831442 0.0 0
1670585831696 0.0 0
1670585831960 0.0 0
1670585832183 0.0 0
1670585832424 0.0 0
1670585832647 0.0 0
1670585832940 0.0 0
1670585833304 0.0 0
1670585833789 0.0 0
1670585834009 0.0 0
1670585834294 0.0 0
1670585834518 0.0 0
1670585834760 0.0 0
1670585835179 0.0 0
1670585835513 0.0 0
1670585835959 0.0 0
1670585836229 0.0 0
1670585836483 0.0 0
1670585836840 0.0 0
1670585837186 0.0 0
1670585837458 0.0 0
1670585837966 0.0 0
1670585838246 0.0 0
1670585838586 0.0 0
1670585838845 0.0 0
1670585839112 0.0 0
1670585839355 0.0 0
1670585839628 0.0 0
1670585839872 0.0 0
1670585840154 0.0 0
1670585840567 0.0 0
1670585840799 0.0 0
1670585841087 0.0 0
1670585841495 0.0 0
1670585841773 0.0 0
1670585842227 0.0 0
1670585842463 0.0 0
1670585842745 0.0 0
1670585843074 0.0 0
1670585843389 0.0 0
1670585843634 0.0 0
1670585843908 0.0 0
1670585844171 0.0 0
1670585844412 0.0 0
1670585844674 0.0 0
1670585844920 0.0 0
1670585845364 0.0 0
1670585845689 0.0 0
