1670585815881 0.0 0
1670585816187 0.0 0
1670585816620 0.0 0
1670585816840 0.0 0
1670585817169 0.0 0
1670585817425 0.0 0
1670585817695 0.0 0
1670585817924 0.0 0
1670585818202 0.0 0
1670585818460 0.0 0
1670585818727 0.0 0
1670585818963 0.0 0
1670585819270 0.0 0
1670585819606 0.0 0
1670585820008 0.0 0
1670585820272 0.0 0
1670585820561 0.0 0
1670585820815 0.0 0
1670585821038 0.0 0
1670585821240 0.0 0
1670585821443 0.0 0
1670585821814 0.0 0
1670585822293 0.0 0
1670585822509 0.0 0
1670585822797 0.0 0
1670585823047 0.0 0
1670585823277 0.0 0
1670585823512 0.0 0
1670585823934 0.0 0
1670585824409 0.0 0
1670585824731 0.0 0
1670585825019 0.0 0
1670585825448 0.0 0
1670585825838 0.0 0
1670585826093 0.0 0
1670585826384 0.0 0
1670585826688 0.0 0
1670585826976 0.0 0
1670585827257 0.0 0
1670585827516 0.0 0
1670585827862 0.0 0
1670585828112 0.0 0
1670585828385 0.0 0
1670585828602 0.0 0
1670585828825 0.0 0
1670585829088 0.0 0
1670585829382 0.0 0
1670585829652 0.0 0
1670585829909 0.0 0
1670585830183 0.0 0
1670585830459 0.0 0
1670585830701 0.0 0
1670585830967 0.0 0
1670585831210 0.0 0
1670585831438 0.0 0
1670585831691 0.0 0
1670585831956 0.0 0
1670585832179 0.0 0
1670585832408 0.0 0
1670585832642 0.0 0
1670585832935 0.0 0
1670585833300 0.0 0
1670585833785 0.0 0
1670585834005 0.0 0
1670585834289 0.0 0
1670585834513 0.0 0
1670585834756 0.0 0
1670585835175 0.0 0
1670585835509 0.0 0
1670585835955 0.0 0
1670585836225 0.0 0
1670585836478 0.0 0
1670585836835 0.0 0
1670585837182 0.0 0
1670585837453 0.0 0
1670585837962 0.0 0
1670585838241 0.0 0
1670585838581 0.0 0
1670585838841 0.0 0
1670585839102 0.0 0
1670585839352 0.0 0
1670585839624 0.0 0
1670585839868 0.0 0
1670585840147 0.0 0
1670585840563 0.0 0
1670585840793 0.0 0
1670585841082 0.0 0
1670585841491 0.0 0
1670585841767 0.0 0
1670585842223 0.0 0
1670585842459 0.0 0
1670585842742 0.0 0
1670585843067 0.0 0
1670585843384 0.0 0
1670585843629 0.0 0
1670585843903 0.0 0
1670585844159 0.0 0
1670585844408 0.0 0
1670585844669 0.0 0
1670585844884 0.0 0
1670585845340 0.0 0
1670585845684 0.0 0
