1670566260381 0.0 0
1670566263212 0.0 0
1670566265874 0.0 0
1670566268274 0.0 0
1670566270485 0.0 0
1670566272711 0.0 0
1670566275479 0.0 0
1670566278422 0.0 0
1670566281395 0.0 0
1670566284299 0.0 0
1670566287017 0.0001 0
1670566289545 0.0 0
1670566292568 0.0 0
1670566295516 0.0 0
1670566298320 0.0 0
1670566301014 0.0 0
1670566303524 0.0 0
1670566305485 0.0 0
1670566307659 0.0 0
1670566309962 0.0 0
1670566312084 0.0 0
1670566314689 0.0 0
1670566317270 0.0 0
1670566319801 0.0 0
1670566322473 0.0 0
1670566324857 0.0 0
1670566327515 0.0 0
1670566330107 0.0 0
1670566332212 0.0 0
1670566334691 0.0 0
1670566336642 0.0001 0
1670566338922 0.0 0
1670566341659 0.0 0
1670566344705 0.0 0
1670566347575 0.0 0
1670566350645 0.0 0
1670566352926 0.0 0
1670566354375 0.0 0
1670566356889 0.0 0
1670566359487 0.0 0
1670566361641 0.0 0
1670566364252 0.0 0
1670566366904 0.0 0
1670566369070 0.0 0
1670566371495 0.0 0
1670566374027 0.0 0
1670566376541 0.0 0
1670566379253 0.0 0
1670566381352 0.0 0
1670566383515 0.0 0
1670566385657 0.0 0
1670566388524 0.0 0
1670566390835 0.0 0
1670566393255 0.0 0
1670566395600 0.0 0
1670566397631 0.0 0
1670566399925 0.0 0
1670566402122 0.0001 0
1670566404615 0.0 0
1670566406961 0.0001 0
1670566409337 0.0 0
1670566411634 0.0 0
1670566413847 0.0 0
1670566416142 0.0 0
1670566417577 0.0 0
1670566419488 0.0 0
1670566421112 0.0 0
1670566423623 0.0 0
1670566426066 0.0 0
1670566428140 0.0 0
1670566430608 0.0 0
1670566432820 0.0 0
1670566435657 0.0 0
1670566437695 0.0001 0
1670566439883 0.0 0
1670566442368 0.0 0
1670566444382 0.0 0
1670566446707 0.0 0
1670566448734 0.0 0
1670566450835 0.0 0
1670566453069 0.0 0
1670566455246 0.0 0
1670566457297 0.0001 0
1670566459420 0.0 0
1670566461793 0.0 0
1670566464008 0.0 0
1670566466658 0.0 0
1670566469206 0.0 0
1670566471741 0.0 0
1670566473942 0.0 0
1670566476185 0.0 0
1670566478656 0.0 0
1670566480604 0.0 0
1670566483451 0.0 0
1670566486818 0.0 0
1670566492285 0.0 0
1670566494633 0.0001 0
1670566496989 0.0 0
1670566499334 0.0 0
1670566501796 0.0 0
1670566503797 0.0 0
1670566505877 0.0 0
