1670573899587 0.0 0
1670573899719 0.0 0
1670573900042 0.0 0
1670573900394 0.0 0
1670573900665 0.0 0
1670573900957 0.0 0
1670573901289 0.0 0
1670573901806 0.0 0
1670573902025 0.0 0
1670573902187 0.0 0
1670573902363 0.0 0
1670573902492 0.0 0
1670573902851 0.0 0
1670573903185 0.0 0
1670573903349 0.0 0
1670573903485 0.0 0
1670573903808 0.0 0
1670573904047 0.0 0
1670573904230 0.0 0
1670573904477 0.0 0
1670573904616 0.0 0
1670573904741 0.0 0
1670573905012 0.0 0
1670573905344 0.0 0
1670573905614 0.0 0
1670573905854 0.0 0
1670573906123 0.0 0
1670573906523 0.0 0
1670573906708 0.0 0
1670573906954 0.0 0
1670573907340 0.0 0
1670573907668 0.0 0
1670573907825 0.0 0
1670573907976 0.0 0
1670573908390 0.0 0
1670573908575 0.0 0
1670573908762 0.0 0
1670573909062 0.0 0
1670573909235 0.0 0
1670573909508 0.0 0
1670573909664 0.0 0
1670573909798 0.0 0
1670573910042 0.0 0
1670573910172 0.0 0
1670573910533 0.0 0
1670573910663 0.0 0
1670573910846 0.0 0
1670573911245 0.0 0
1670573911655 0.0 0
1670573911764 0.0 0
1670573912010 0.0 0
1670573912259 0.0 0
1670573912465 0.0 0
1670573912811 0.0 0
1670573913072 0.0 0
1670573913235 0.0 0
1670573913539 0.0 0
1670573913662 0.0 0
1670573913959 0.0 0
1670573914205 0.0 0
1670573914453 0.0 0
1670573914627 0.0 0
1670573914856 0.0 0
1670573915018 0.0 0
1670573915279 0.0 0
1670573915416 0.0 0
1670573915700 0.0 0
1670573915867 0.0 0
1670573916153 0.0 0
1670573916583 0.0 0
1670573916814 0.0 0
1670573917126 0.0 0
1670573917361 0.0 0
1670573917570 0.0 0
1670573917859 0.0 0
1670573918080 0.0 0
1670573918344 0.0 0
1670573918563 0.0 0
1670573918811 0.0 0
1670573919045 0.0 0
1670573919240 0.0 0
1670573919512 0.0 0
1670573919768 0.0 0
1670573919938 0.0 0
1670573920089 0.0 0
1670573920248 0.0 0
1670573920383 0.0 0
1670573920642 0.0 0
1670573920791 0.0 0
1670573920928 0.0 0
1670573921074 0.0 0
1670573921217 0.0 0
1670573921444 0.0 0
1670573921575 0.0 0
1670573921714 0.0 0
1670573921867 0.0 0
1670573922016 0.0 0
1670573922431 0.0 0
1670573922741 0.0 0
1670573922988 0.0 0
1670573923229 0.0 0
1670573923424 0.0 0
