1670594428236 0.044333333333333336 0
1670594429700 0.03933333333333333 0
1670594431088 0.043 0
1670594432439 0.042 0
1670594433836 0.042333333333333334 0
1670594434976 0.042666666666666665 0
1670594436405 0.044 0
1670594437923 0.036333333333333336 0
1670594439152 0.04133333333333333 0
1670594440559 0.04133333333333333 0
1670594441779 0.042 0
1670594443319 0.045 0
1670594444685 0.036 0
1670594445992 0.044 0
1670594447253 0.04566666666666667 0
1670594448559 0.044 0
1670594449935 0.035333333333333335 0
1670594451193 0.048 0
1670594452447 0.043 0
1670594453738 0.042666666666666665 0
1670594454919 0.039 0
1670594456239 0.041 0
1670594457314 0.04033333333333333 0
1670594458561 0.03933333333333333 0
1670594459682 0.03933333333333333 0
1670594460766 0.04466666666666667 0
1670594462101 0.04566666666666667 0
1670594463343 0.046 0
1670594464665 0.03933333333333333 0
1670594466066 0.043 0
1670594467520 0.041 0
1670594468690 0.044333333333333336 0
1670594469896 0.04733333333333333 0
1670594471135 0.041 0
1670594472262 0.039 0
1670594473388 0.04133333333333333 0
1670594474659 0.04633333333333333 0
1670594476123 0.041 0
1670594477510 0.04 0
1670594478714 0.042666666666666665 0
1670594479758 0.03933333333333333 0
1670594481020 0.03766666666666667 0
1670594482012 0.042 0
1670594483099 0.042666666666666665 0
1670594484552 0.04066666666666666 0
1670594485644 0.04133333333333333 0
1670594486853 0.04666666666666667 0
1670594488196 0.035666666666666666 0
1670594489225 0.03766666666666667 0
1670594490145 0.035333333333333335 0
1670594491379 0.03866666666666667 0
1670594492598 0.045 0
1670594493775 0.043333333333333335 0
1670594495142 0.04 0
1670594496228 0.04 0
1670594497353 0.04066666666666666 0
1670594498605 0.043 0
1670594499855 0.04733333333333333 0
1670594501204 0.04133333333333333 0
1670594502156 0.041666666666666664 0
1670594503268 0.041666666666666664 0
1670594504618 0.042 0
1670594505748 0.039 0
1670594507377 0.047 0
1670594508450 0.049 0
1670594509897 0.042333333333333334 0
1670594511025 0.043 0
1670594512145 0.042333333333333334 0
1670594513016 0.03966666666666667 0
1670594514290 0.041 0
1670594515257 0.04666666666666667 0
1670594516458 0.04466666666666667 0
1670594517475 0.04133333333333333 0
1670594518450 0.042666666666666665 0
1670594519344 0.04766666666666667 0
1670594520579 0.04466666666666667 0
1670594521464 0.042 0
1670594522922 0.043666666666666666 0
1670594523975 0.03766666666666667 0
1670594525110 0.042 0
1670594526118 0.04 0
1670594527163 0.04 0
1670594528291 0.042666666666666665 0
1670594529345 0.042 0
1670594530282 0.03933333333333333 0
1670594531354 0.04066666666666666 0
1670594532433 0.04666666666666667 0
1670594533814 0.04033333333333333 0
1670594534936 0.043333333333333335 0
1670594535958 0.042333333333333334 0
1670594537216 0.04 0
1670594538239 0.048 0
1670594539344 0.050666666666666665 0
1670594540503 0.043666666666666666 0
1670594541776 0.050666666666666665 0
1670594542977 0.043 0
1670594543997 0.042333333333333334 0
1670594544901 0.049666666666666665 0
1670594546097 0.042666666666666665 0
1670594547150 0.042 0
1670594548241 0.042 0
1670594549445 0.04 0
