1670637254301 0.0 0
1670637260814 0.0 0
1670637267377 0.0002756079346556099 0
1670637273715 0.00022211560841582396 0
1670637280008 0.0001915998576132272 0
1670637285654 0.00017124815643170985 0
1670637292517 0.00015640519280714062 0
1670637299403 0.00014494143656233917 0
1670637306194 0.0001357294297644595 0
1670637312590 0.0001281089766422172 0
1670637319180 0.00012166403241892427 0
1670637325700 0.00011611736988184473 0
1670637332104 0.00011127599949679182 0
1670637338569 0.00010700075938531716 0
1670637344647 0.0001031883574154078 0
1670637350661 9.976024937510641e-05 0
1670637356252 9.665547197755292e-05 0
1670637361857 9.382586661465218e-05 0
1670637367612 9.123280339565395e-05 0
1670637373897 8.884487746030871e-05 0
1670637379778 8.663625327038774e-05 0
1670637386115 8.458545149191615e-05 0
1670637392479 8.267444482490331e-05 0
1670637399025 8.088797370964465e-05 0
1670637405446 7.921302125974207e-05 0
1670637412003 7.763840532151423e-05 0
1670637417717 7.615445792280302e-05 0
1670637422953 7.475277077239774e-05 0
1670637428696 7.036486048530811e-05 0
1670637434257 6.925912814388997e-05 0
1670637439762 6.82038601597028e-05 0
1670637445389 6.719533693816619e-05 0
1670637450656 6.623021114205079e-05 0
1670637456178 6.530546119704216e-05 0
1670637461800 6.441835169189321e-05 0
1670637467331 6.356639949859635e-05 0
1670637473113 6.274734466260129e-05 0
1670637478681 6.195912529032608e-05 0
1670637484368 6.119985580192793e-05 0
1670637490267 6.046780802971333e-05 0
1670637496060 5.976139473287562e-05 0
1670637502055 5.907915517219704e-05 0
1670637507617 5.8419742447579095e-05 0
1670637513105 5.778191234959371e-05 0
1670637518690 5.716451351586401e-05 0
1670637524661 5.656647871570928e-05 0
1670637530985 5.5986817113468266e-05 0
1670637537024 5.542460738332271e-05 0
1670637542903 5.4878991567121514e-05 0
1670637548846 5.43491695823403e-05 0
1670637554677 5.3834394300440267e-05 0
1670637560780 5.3333967126957565e-05 0
1670637566914 5.2847234024013714e-05 0
1670637572941 5.2373581923876126e-05 0
1670637579410 5.1912435488956915e-05 0
1670637585083 5.146325417940479e-05 0
1670637590559 5.102552959438266e-05 0
1670637596270 5.0598783057362746e-05 0
1670637601982 5.0182563419418184e-05 0
1670637608653 4.977644505763907e-05 0
1670637615296 4.938002604852476e-05 0
1670637621832 4.8992926498564935e-05 0
1670637627333 4.861478701627713e-05 0
1670637632871 4.824526731175518e-05 0
1670637638236 4.788404491134591e-05 0
1670637643661 4.7530813976437984e-05 0
1670637649259 4.718528421654443e-05 0
1670637654945 4.684717988791362e-05 0
1670637660745 4.651623886982974e-05 0
1670637667089 4.619221181158067e-05 0
1670637673774 4.5874861343794454e-05 0
1670637680473 4.5563961348482554e-05 0
1670637687128 4.5259296282696465e-05 0
1670637693939 4.496066055120653e-05 0
1670637700705 4.466785792405941e-05 0
1670637707413 4.438070099526967e-05 0
1670637714007 4.4099010679256774e-05 0
1670637720522 4.382261574195658e-05 0
1670637727181 4.355135236382132e-05 0
1670637733701 4.328506373217686e-05 0
1670637739184 4.302359966063534e-05 0
1670637745190 4.276681623346653e-05 0
1670637751143 4.251457547301706e-05 0
1670637757120 4.226674502843319e-05 0
1670637763095 4.2023197884092874e-05 0
1670637769200 4.178381208628988e-05 0
1670637775054 4.1548470486835e-05 0
1670637781115 4.131706050235054e-05 0
1670637787108 4.108947388813634e-05 0
1670637793163 4.086560652557551e-05 0
1670637799719 4.0645358222132893e-05 0
1670637806334 5.686313924476657e-05 0
1670637812962 5.656647871570928e-05 0
1670637819804 5.6274410401485565e-05 0
1670637825445 5.5986817113468266e-05 0
1670637831024 5.5703585804620854e-05 0
1670637837650 5.542460738332271e-05 0
1670637843885 5.5149776537314685e-05 0
1670637849333 5.487899156712152e-05 0
1670637855027 5.4612154228354404e-05 0
1670637861496 5.43491695823403e-05 0
1670637868020 5.4089945854563255e-05 0
1670637874607 5.383439430044025e-05 0
1670637881401 5.358242907798665e-05 0
1670637887593 5.3333967126957544e-05 0
1670637893476 5.308892805407952e-05 0
1670637899231 5.284723402401371e-05 0
1670637905049 5.26088096557152e-05 0
1670637910633 5.2373581923876106e-05 0
1670637916415 5.214148006516022e-05 0
1670637922207 5.1912435488956915e-05 0
1670637928022 5.168638169239873e-05 0
1670637933500 5.146325417940479e-05 0
1670637938904 5.124299038352578e-05 0
1670637944320 5.102552959438266e-05 0
1670637948622 5.081081288750156e-05 0
1670637954142 5.0598783057362746e-05 0
1670637959610 5.038938455348978e-05 0
1670637965242 5.0182563419418184e-05 0
1670637970892 4.997826723439106e-05 0
1670637977265 4.977644505763908e-05 0
1670637982485 4.957704737511043e-05 0
1670637987953 4.938002604852475e-05 0
1670637993381 4.918533426663209e-05 0
1670637998937 4.8992926498564935e-05 0
1670638004346 4.880275844917807e-05 0
1670638009804 4.861478701627713e-05 0
1670638014914 4.842897024964167e-05 0
1670638020530 4.824526731175518e-05 0
1670638025834 4.8063638440158166e-05 0
1670638031140 4.788404491134591e-05 0
1670638037056 4.77064490061363e-05 0
1670638042621 4.7530813976437984e-05 0
1670638048328 4.7357104013352016e-05 0
1670638054205 4.718528421654443e-05 0
1670638059963 4.7015320564830414e-05 0
1670638065639 4.684717988791363e-05 0
1670638071171 4.6680829839227804e-05 0
1670638076651 4.651623886982974e-05 0
1670638082290 4.635337620329643e-05 0
1670638088168 4.619221181158068e-05 0
1670638093687 4.6032716391782345e-05 0
1670638099289 4.5874861343794454e-05 0
1670638105083 4.57186187487858e-05 0
1670638110157 4.5563961348482554e-05 0
1670638115506 4.5410862525215205e-05 0
1670638120955 4.5259296282696465e-05 0
1670638126415 4.5109237227499544e-05 0
1670638131633 4.496066055120653e-05 0
1670638137244 4.481354201319836e-05 0
1670638142981 4.466785792405941e-05 0
1670638148747 4.4523585129571125e-05 0
1670638154481 4.438070099526967e-05 0
1670638160011 4.423918339154467e-05 0
1670638165869 4.4099010679256774e-05 0
1670638171569 4.396016169585251e-05 0
1670638176538 4.3822615741956576e-05 0
1670638181893 4.3686352568422274e-05 0
1670638187604 4.355135236382132e-05 0
1670638193298 4.341759574235603e-05 0
1670638198641 4.328506373217686e-05 0
1670638204218 4.315373776408936e-05 0
1670638209825 4.302359966063534e-05 0
1670638215322 4.289463162553358e-05 0
1670638220947 4.276681623346653e-05 0
1670638226204 4.2640136420198995e-05 0
1670638231730 4.251457547301706e-05 0
1670638237075 4.239011702147417e-05 0
1670638242759 4.22667450284332e-05 0
1670638248249 4.214444378139372e-05 0
1670638253940 4.2023197884092874e-05 0
1670638259234 4.190299224837078e-05 0
1670638264746 4.178381208628988e-05 0
1670638270356 4.166564290249925e-05 0
1670638276100 4.1548470486835e-05 0
1670638281788 4.1432280907147904e-05 0
1670638287436 4.131706050235054e-05 0
1670638293542 4.120279587567524e-05 0
1670638300091 4.108947388813634e-05 0
1670638305585 4.09770816521886e-05 0
1670638311152 4.086560652557551e-05 0
1670638316409 4.075503610536009e-05 0
1670638322222 4.06453582221329e-05 0
1670638328110 4.0536560934389784e-05 0
1670638334089 4.042863252307441e-05 0
1670638339989 4.032156148627982e-05 0
1670638345510 4.021533653410312e-05 0
1670638351398 4.010994658364862e-05 0
1670638357514 4.000538075417374e-05 0
1670638363155 3.99016283623739e-05 0
1670638368840 3.979867891780051e-05 0
1670638374294 3.969652211840859e-05 0
1670638380068 3.959514784622936e-05 0
1670638385654 3.949454616316344e-05 0
1670638391085 3.9394707306891214e-05 0
1670638396695 3.929562168689603e-05 0
1670638402683 3.919727988059695e-05 0
1670638408817 3.909967262958733e-05 0
1670638414798 3.900279083597574e-05 0
1670638420911 3.890662555882617e-05 0
1670638426935 3.8811168010694134e-05 0
1670638432964 3.871640955425591e-05 0
1670638438837 3.862234169902755e-05 0
1670638444174 3.8528956098171345e-05 0
1670638449771 3.843624454538658e-05 0
1670638455097 3.834419897188226e-05 0
1670638460905 3.825281144342902e-05 0
1670638466796 3.8162074157488084e-05 0
1670638472468 3.807197944041449e-05 0
1670638478779 3.798251974473285e-05 0
1670638483989 3.78936876464829e-05 0
1670638489547 3.780547584263306e-05 0
1670638495237 3.771787714855992e-05 0
1670638500676 3.763088449559164e-05 0
1670638505614 3.754449092861324e-05 0
1670638511053 3.745868960373213e-05 0
1670638516434 3.737347378600201e-05 0
1670638522393 3.728883684720349e-05 0
1670638528049 3.720477226367961e-05 0
1670638533712 3.7121273614224816e-05 0
1670638539664 3.703833457802586e-05 0
1670638545033 3.6955948932652814e-05 0
1670638551078 3.687411055209934e-05 0
1670638556744 3.6792813404870155e-05 0
1670638562514 4.48624209839759e-05 0
1670638567951 4.47648224212242e-05 0
1670638573527 4.4667857924059415e-05 0
1670638578484 4.457152065826838e-05 0
1670638584239 4.447580389229559e-05 0
1670638589541 4.438070099526967e-05 0
1670638595137 4.4286205435075834e-05 0
