1670637248244 0.0 0
1670637254270 0.0 0
1670637260784 0.0 0
1670637267361 0.0001 0
1670637273685 0.0 0
1670637280001 0.0 0
1670637285647 0.0 0
1670637292489 0.0 0
1670637299375 0.0 0
1670637306163 0.0 0
1670637312562 0.0 0
1670637319148 0.0 0
1670637325672 0.0 0
1670637332079 0.0 0
1670637338540 0.0 0
1670637344618 0.0 0
1670637350628 0.0 0
1670637356225 0.0 0
1670637361850 0.0 0
1670637367591 0.0 0
1670637373864 0.0 0
1670637379760 0.0 0
1670637386090 0.0 0
1670637392445 0.0 0
1670637398996 0.0 0
1670637405418 0.0 0
1670637411976 0.0 0
1670637417697 0.0 0
1670637422928 0.0 0
1670637428667 0.0 0
1670637434230 0.0 0
1670637439733 0.0 0
1670637445359 0.0 0
1670637450636 0.0 0
1670637456156 0.0 0
1670637461778 0.0 0
1670637467306 0.0 0
1670637473090 0.0 0
1670637478674 0.0 0
1670637484362 0.0 0
1670637490249 0.0 0
1670637496043 0.0 0
1670637502033 0.0 0
1670637507591 0.0 0
1670637513099 0.0 0
1670637518663 0.0 0
1670637524635 0.0 0
1670637530964 0.0 0
1670637537003 0.0 0
1670637542877 0.0 0
1670637548826 0.0 0
1670637554656 0.0 0
1670637560752 0.0 0
1670637566892 0.0 0
1670637572912 0.0 0
1670637579382 0.0 0
1670637585060 0.0 0
1670637590518 0.0 0
1670637596239 0.0 0
1670637601952 0.0 0
1670637608619 0.0 0
1670637615268 0.0 0
1670637621811 0.0 0
1670637627304 0.0 0
1670637632838 0.0 0
1670637638204 0.0 0
1670637643637 0.0 0
1670637649244 0.0 0
1670637654938 0.0 0
1670637660724 0.0 0
1670637667082 0.0 0
1670637673767 0.0 0
1670637680457 0.0 0
1670637687101 0.0 0
1670637693910 0.0 0
1670637700689 0.0 0
1670637707406 0.0 0
1670637713976 0.0 0
1670637720496 0.0 0
1670637727153 0.0 0
1670637733685 0.0 0
1670637739157 0.0 0
1670637745160 0.0 0
1670637751118 0.0 0
1670637757108 0.0 0
1670637763073 0.0 0
1670637769172 0.0 0
1670637775031 0.0 0
1670637781083 0.0 0
1670637787086 0.0 0
1670637793137 0.0 0
1670637799690 0.0 0
1670637806307 0.0001 0
1670637812934 0.0 0
1670637819775 0.0 0
1670637825417 0.0 0
1670637830999 0.0 0
1670637837620 0.0 0
1670637843863 0.0 0
1670637849311 0.0 0
1670637855007 0.0 0
1670637861468 0.0 0
1670637867993 0.0 0
1670637874581 0.0 0
1670637881373 0.0 0
1670637887569 0.0 0
1670637893448 0.0 0
1670637899198 0.0 0
1670637905025 0.0 0
1670637910606 0.0 0
1670637916387 0.0 0
1670637922185 0.0 0
1670637927996 0.0 0
1670637933478 0.0 0
1670637938882 0.0 0
1670637944291 0.0 0
1670637948601 0.0 0
1670637954119 0.0 0
1670637959603 0.0 0
1670637965215 0.0 0
1670637970870 0.0 0
1670637977254 0.0 0
1670637982478 0.0 0
1670637987946 0.0 0
1670637993353 0.0 0
1670637998914 0.0 0
1670638004320 0.0 0
1670638009781 0.0 0
1670638014893 0.0 0
1670638020502 0.0 0
1670638025806 0.0 0
1670638031119 0.0 0
1670638037030 0.0 0
1670638042598 0.0 0
1670638048307 0.0 0
1670638054178 0.0 0
1670638059935 0.0 0
1670638065613 0.0 0
1670638071150 0.0 0
1670638076630 0.0 0
1670638082269 0.0 0
1670638088145 0.0 0
1670638093658 0.0 0
1670638099283 0.0 0
1670638105061 0.0 0
1670638110141 0.0 0
1670638115476 0.0 0
1670638120933 0.0 0
1670638126399 0.0 0
1670638131612 0.0 0
1670638137219 0.0 0
1670638142965 0.0 0
1670638148720 0.0 0
1670638154459 0.0 0
1670638159990 0.0 0
1670638165842 0.0 0
1670638171538 0.0 0
1670638176516 0.0 0
1670638181869 0.0 0
1670638187571 0.0 0
1670638193288 0.0 0
1670638198612 0.0 0
1670638204200 0.0 0
1670638209818 0.0 0
1670638215297 0.0 0
1670638220926 0.0 0
1670638226185 0.0 0
1670638231707 0.0 0
1670638237047 0.0 0
1670638242738 0.0 0
1670638248228 0.0 0
1670638253911 0.0 0
1670638259213 0.0 0
1670638264724 0.0 0
1670638270327 0.0 0
1670638276079 0.0 0
1670638281765 0.0 0
1670638287423 0.0 0
1670638293524 0.0 0
1670638300070 0.0 0
1670638305563 0.0 0
1670638311129 0.0 0
1670638316369 0.0 0
1670638322200 0.0 0
1670638328080 0.0 0
1670638334062 0.0 0
1670638339959 0.0 0
1670638345483 0.0 0
1670638351371 0.0 0
1670638357491 0.0 0
1670638363123 0.0 0
1670638368811 0.0 0
1670638374272 0.0 0
1670638380039 0.0 0
1670638385628 0.0 0
1670638391057 0.0 0
1670638396669 0.0 0
1670638402655 0.0 0
1670638408795 0.0 0
1670638414777 0.0 0
1670638420888 0.0 0
1670638426907 0.0 0
1670638432935 0.0 0
1670638438813 0.0 0
1670638444148 0.0 0
1670638449761 0.0 0
1670638455069 0.0 0
1670638460876 0.0 0
1670638466766 0.0 0
1670638472453 0.0 0
1670638478755 0.0 0
1670638483961 0.0 0
1670638489526 0.0 0
1670638495216 0.0 0
1670638500652 0.0 0
1670638505594 0.0 0
1670638511030 0.0 0
1670638516406 0.0 0
1670638522363 0.0 0
1670638528028 0.0 0
1670638533691 0.0 0
1670638539641 0.0 0
1670638545006 0.0 0
1670638551048 0.0 0
1670638556718 0.0 0
1670638562493 0.0001 0
1670638567929 0.0 0
1670638573500 0.0 0
1670638578462 0.0 0
1670638584213 0.0 0
1670638589514 0.0 0
1670638595116 0.0 0
