1670597444289 0.0 0
1670597444879 0.0 0
1670597445432 0.0 0
1670597445742 0.0 0
1670597446047 0.0 0
1670597446331 0.0 0
1670597446661 0.0 0
1670597446963 0.0 0
1670597447465 0.0 0
1670597447762 0.0 0
1670597448398 0.0 0
1670597448764 0.0 0
1670597449200 0.0 0
1670597449498 0.0 0
1670597450020 0.0 0
1670597450459 0.0 0
1670597450773 0.0 0
1670597451116 0.0 0
1670597451423 0.0 0
1670597451720 0.0 0
1670597452022 0.0 0
1670597452360 0.0 0
1670597452703 0.0 0
1670597453228 0.0 0
1670597453550 0.0 0
1670597453836 0.0 0
1670597454333 0.0 0
1670597454716 0.0 0
1670597455214 0.0 0
1670597455602 0.0 0
1670597455933 0.0 0
1670597456426 0.0 0
1670597456755 0.0 0
1670597457038 0.0 0
1670597457637 0.0 0
1670597458013 0.0 0
1670597458280 0.0 0
1670597458576 0.0 0
1670597458967 0.0 0
1670597459281 0.0 0
1670597459771 0.0 0
1670597460248 0.0 0
1670597460625 0.0 0
1670597460941 0.0 0
1670597461249 0.0 0
1670597461505 0.0 0
1670597461949 0.0 0
1670597462323 0.0 0
1670597462618 0.0 0
1670597462999 0.0 0
1670597463363 0.0 0
1670597463680 0.0 0
1670597463991 0.0 0
1670597464601 0.0 0
1670597464925 0.0 0
1670597465394 0.0 0
1670597465781 0.0 0
1670597466129 0.0 0
1670597466425 0.0 0
1670597466737 0.0 0
1670597467046 0.0 0
1670597467404 0.0 0
1670597467735 0.0 0
1670597468041 0.0 0
1670597468340 0.0 0
1670597468655 0.0 0
1670597468962 0.0 0
1670597469245 0.0 0
1670597469547 0.0 0
1670597469854 0.0 0
1670597470165 0.0 0
1670597470586 0.0 0
1670597470912 0.0 0
1670597471228 0.0 0
1670597471524 0.0 0
1670597471787 0.0 0
1670597472117 0.0 0
1670597472410 0.0 0
1670597472719 0.0 0
1670597472972 0.0 0
1670597473319 0.0 0
1670597473606 0.0 0
1670597473968 0.0 0
1670597474262 0.0 0
1670597474541 0.0 0
1670597474930 0.0 0
1670597475283 0.0 0
1670597475539 0.0 0
1670597475833 0.0 0
1670597476155 0.0 0
1670597476444 0.0 0
1670597476765 0.0 0
1670597477041 0.0 0
1670597477460 0.0 0
1670597477932 0.0 0
1670597478240 0.0 0
1670597478512 0.0 0
1670597479027 0.0 0
1670597479335 0.0 0
1670597479616 0.0 0
1670597480027 0.0 0
1670597480329 0.0 0
