1670630412559 0.005445516315613763 0
1670630416519 0.0030112296367644856 0
1670630420753 0.010030348553946317 0
1670630424546 0.007916819002753057 0
1670630428272 0.006889770033356359 0
1670630432081 0.006246714575659541 0
1670630435709 0.006550252201131885 0
1670630439733 0.006026098505623332 0
1670630443663 0.0057232202139962315 0
1670630447854 0.005432121511868371 0
1670630452275 0.005318208417185493 0
1670630455997 0.005078625407939994 0
1670630460043 0.0059317531817769074 0
1670630464020 0.005696917663741235 0
1670630468148 0.00561340844829801 0
1670630471569 0.0054164939098282775 0
1670630474932 0.00527897571802166 0
1670630478973 0.0051889211148403724 0
1670630482744 0.005100967076089671 0
1670630486823 0.004963578510075221 0
1670630490726 0.004908619968560721 0
1670630494717 0.004805636886392413 0
1670630498724 0.0057885209534685594 0
1670630502717 0.0057871416438336765 0
1670630506548 0.005662778507117133 0
1670630510746 0.005599007558170194 0
1670630515293 0.0055880736746331955 0
1670630519799 0.005515161178512227 0
1670630524319 0.005217896920844338 0
1670630528965 0.005299860478079413 0
1670630533681 0.005304885436725873 0
1670630538229 0.005225633919594453 0
1670630542568 0.005149829277404313 0
1670630546543 0.005204308656526938 0
1670630550451 0.005229902835294391 0
1670630554604 0.005169478744876416 0
1670630558582 0.005110276628356225 0
1670630562595 0.005089671739452201 0
1670630566535 0.005025868649421374 0
1670630570548 0.0050178913004325955 0
1670630574465 0.005007795091577814 0
1670630578243 0.004995884426175764 0
1670630582205 0.005118659341082358 0
1670630585824 0.005066553604791513 0
1670630589757 0.00523843627021181 0
1670630593593 0.005219797083433248 0
1670630597715 0.005275920068179889 0
1670630601705 0.005242193247828729 0
1670630605650 0.005220846262454452 0
1670630609771 0.005171424886384654 0
1670630613814 0.005143439371577459 0
1670630618199 0.005220339423647892 0
1670630622532 0.005172765856701029 0
1670630626650 0.005127075560357738 0
1670630630501 0.005121468151745735 0
1670630634168 0.005092423073104906 0
1670630637468 0.005069865361747489 0
1670630640877 0.0051177308342856345 0
1670630644474 0.005074906209295429 0
1670630648032 0.005033708222956054 0
1670630651649 0.004992949986423707 0
1670630655532 0.005013162410779093 0
1670630658953 0.005053552944566941 0
1670630662724 0.005058641980086199 0
1670630666621 0.005117528803656332 0
1670630670028 0.005235452793757475 0
1670630673732 0.005210418512686145 0
1670630677393 0.005203710718439145 0
1670630681363 0.005166573620392221 0
1670630685118 0.005130123416998346 0
1670630688895 0.005094534880408917 0
1670630692928 0.005071665131528822 0
1670630697093 0.005045000898591043 0
1670630700967 0.005011904774888741 0
1670630704649 0.004994719488096641 0
1670630708734 0.004971667564599474 0
1670630712896 0.004953094372912879 0
1670630717072 0.004981470004138903 0
1670630721028 0.004950745320212637 0
1670630724948 0.004923301038949793 0
1670630728762 0.0048937086495623935 0
1670630732539 0.00486414735935304 0
1670630736356 0.004840774148274534 0
1670630740356 0.004812463001118317 0
1670630744025 0.00480388700416166 0
1670630747939 0.004837716686107628 0
1670630751346 0.004829437523663074 0
1670630754864 0.0048396876792148255 0
1670630758627 0.004835198397920369 0
1670630762238 0.004920108749093304 0
1670630766055 0.004918995314187741 0
1670630769529 0.004973139861156387 0
1670630773212 0.005069106008107643 0
1670630776912 0.005197779016158709 0
1670630780732 0.005241964339422908 0
1670630784387 0.0052518619978895315 0
1670630788040 0.0052250019751572015 0
1670630791742 0.005328501025096081 0
1670630795671 0.005402954728079466 0
1670630799475 0.005435837402776981 0
1670630803239 0.005662343230318934 0
