1670567544633 0.02922427089379409 0
1670567547645 0.008103011997013465 0
1670567549776 0.005370230802669074 0
1670567552415 0.0046192570901159025 0
1670567555203 0.005084440768562848 0
1670567558244 0.004786786759907402 0
1670567560727 0.004529968388837902 0
1670567562977 0.0043045410520623495 0
1670567565671 0.004048945365241918 0
1670567567993 0.004050756412614431 0
1670567570908 0.004022948930893833 0
1670567573899 0.0038271787195529594 0
1670567576364 0.003920011983073124 0
1670567578523 0.003861145578893277 0
1670567580674 0.003927217478096656 0
1670567583047 0.0038279542927499577 0
1670567585425 0.0037323503271038394 0
1670567587938 0.003670285404945184 0
1670567590604 0.0036021302743955985 0
1670567593197 0.003550017183035381 0
1670567595501 0.0035085008514176286 0
1670567598135 0.003479518773108481 0
1670567601066 0.0034448308391862303 0
1670567604312 0.003422877296975879 0
1670567607476 0.0036315520391189127 0
1670567611003 0.003981163537614463 0
1670567614696 0.003959706352210213 0
1670567617995 0.0038859630534091583 0
1670567620852 0.003676498656635996 0
1670567623595 0.003665808297432349 0
1670567626238 0.0036765450042577363 0
1670567629894 0.003682624793011735 0
1670567633204 0.003628384101991622 0
1670567636185 0.0035762259954975617 0
1670567639520 0.0036443125452879643 0
1670567642285 0.0036032175569641334 0
1670567644734 0.0035558308344705303 0
1670567648294 0.0036784544660862784 0
1670567650343 0.003641737556794089 0
1670567653880 0.0036558528693690917 0
1670567656131 0.0037436683782128277 0
1670567658432 0.003717227928563549 0
1670567661730 0.003676732713234432 0
1670567664813 0.0036470079545801726 0
1670567667767 0.003609209625764498 0
1670567670853 0.0035780837307898272 0
1670567674121 0.003541058477614989 0
1670567677505 0.0035675039258266095 0
1670567679774 0.0035573340920052043 0
1670567682171 0.003744480297242614 0
1670567684734 0.00373274129315071 0
1670567687300 0.003707869005965203 0
1670567690735 0.003698430238873618 0
1670567694061 0.003674067501364453 0
1670567697907 0.0036468187823747167 0
1670567701573 0.003657616867778879 0
1670567705204 0.0036469901696207785 0
1670567708815 0.003699657768442721 0
1670567711947 0.0036722180072528143 0
1670567714535 0.0036510041271721194 0
1670567717477 0.0036773325241999943 0
1670567720645 0.003744913012658002 0
1670567723111 0.0037358399427618316 0
1670567726283 0.0037123295058314465 0
1670567729476 0.0037540273714956607 0
1670567732780 0.003741445748036809 0
1670567735610 0.0037287427068302126 0
1670567738857 0.0037771625568027156 0
1670567741933 0.003777756326620363 0
1670567745194 0.003762431909141273 0
1670567748500 0.0037471607558275943 0
1670567751562 0.0037226992632692912 0
1670567754661 0.0037156940923157578 0
1670567757141 0.0036933257244478046 0
1670567759335 0.003721659159305002 0
1670567762666 0.0037179338103039417 0
1670567765689 0.0036959075402468455 0
1670567769648 0.0036952719848063476 0
1670567773057 0.0036729033480960016 0
1670567775151 0.0037540529639389364 0
1670567778260 0.0038491482462343907 0
1670567781540 0.0038385393039760407 0
1670567784772 0.0038300321435290607 0
1670567787886 0.003821371701922205 0
1670567790923 0.003829051721408905 0
1670567794125 0.00380939464123764 0
1670567796588 0.0037909657454942014 0
1670567799306 0.0037727908405361665 0
1670567801846 0.0037618829811590926 0
1670567804385 0.0037411862023351006 0
1670567807423 0.00373281306567097 0
1670567809795 0.0037175852116595465 0
1670567812012 0.0037129132087733163 0
1670567814513 0.003696374108833056 0
1670567816623 0.003681022821591773 0
1670567818809 0.0036626626469060675 0
1670567821374 0.0036477860370602855 0
1670567823985 0.0036293258351394186 0
1670567826058 0.0036168510714404967 0
1670567828925 0.003667267244793271 0
1670567831748 0.003701326090199575 0
1670567834178 0.0036852879789305293 0
1670567836857 0.0036769943004769656 0
1670567838856 0.0036669820613685067 0
1670567841472 0.0036564524131849074 0
1670567843375 0.0036394607848899696 0
1670567845966 0.0036225783792224187 0
1670567848375 0.0036603327439247435 0
1670567850852 0.003645010456068132 0
1670567853413 0.0036306809114527994 0
1670567855295 0.0036147660416027128 0
1670567857938 0.0035997372030942554 0
1670567860421 0.0036485674005399815 0
1670567862936 0.0036337690666635725 0
1670567865017 0.0036667630888433944 0
1670567867440 0.0036510748536472404 0
1670567869744 0.003666803508922012 0
1670567872315 0.0037266051201282346 0
1670567875096 0.0037185965897776896 0
1670567877945 0.0037679016768957796 0
1670567880139 0.0037575886374409118 0
1670567882893 0.0037423282730701946 0
