1670697804599 0.021714285714285714 0
1670697805927 0.026285714285714287 0
1670697807339 0.027142857142857142 0
1670697808609 0.026 0
1670697809963 0.026 0
1670697811460 0.03 0
1670697812892 0.026714285714285715 0
1670697814692 0.034 0
1670697816442 0.026285714285714287 0
1670697818089 0.024285714285714285 0
1670697819198 0.027 0
1670697820785 0.028428571428571428 0
1670697822333 0.02457142857142857 0
1670697823575 0.029285714285714286 0
1670697824740 0.027285714285714285 0
1670697826124 0.027142857142857142 0
1670697827652 0.028142857142857143 0
1670697828919 0.026285714285714287 0
1670697829995 0.022857142857142857 0
1670697831295 0.028714285714285713 0
1670697832649 0.03014285714285714 0
1670697834256 0.027571428571428573 0
1670697836028 0.02957142857142857 0
1670697837703 0.025714285714285714 0
1670697839175 0.026571428571428572 0
1670697840910 0.027142857142857142 0
1670697842563 0.025142857142857144 0
1670697844289 0.02557142857142857 0
1670697845402 0.027 0
1670697846921 0.02242857142857143 0
1670697848568 0.027571428571428573 0
1670697849964 0.026571428571428572 0
1670697851613 0.028714285714285713 0
1670697853272 0.024142857142857143 0
1670697854495 0.023142857142857142 0
1670697855733 0.029857142857142856 0
1670697857023 0.03 0
1670697858389 0.02857142857142857 0
1670697859590 0.025142857142857144 0
1670697860959 0.028857142857142856 0
1670697862548 0.02457142857142857 0
1670697863921 0.024142857142857143 0
1670697865203 0.025 0
1670697866828 0.02542857142857143 0
1670697868088 0.029 0
1670697869609 0.024428571428571428 0
1670697871016 0.023428571428571427 0
1670697872496 0.025714285714285714 0
1670697873694 0.028 0
1670697874728 0.024428571428571428 0
1670697876213 0.02157142857142857 0
1670697877801 0.026 0
1670697879318 0.023714285714285716 0
1670697880937 0.02557142857142857 0
1670697882521 0.022571428571428572 0
1670697883646 0.028428571428571428 0
1670697885020 0.02557142857142857 0
1670697886483 0.027142857142857142 0
1670697887700 0.022714285714285715 0
1670697888823 0.025857142857142856 0
1670697890007 0.021714285714285714 0
1670697891513 0.024 0
1670697892980 0.024857142857142855 0
1670697894661 0.024714285714285713 0
1670697896427 0.02542857142857143 0
1670697897982 0.031857142857142855 0
1670697899246 0.026571428571428572 0
1670697901151 0.028714285714285713 0
1670697902789 0.025857142857142856 0
1670697904381 0.027857142857142858 0
1670697905461 0.02642857142857143 0
1670697906616 0.023571428571428573 0
1670697908094 0.023285714285714285 0
1670697909249 0.030285714285714287 0
1670697910330 0.02242857142857143 0
1670697911572 0.021857142857142856 0
1670697912583 0.026571428571428572 0
1670697913678 0.024714285714285713 0
1670697914780 0.022 0
1670697916194 0.02557142857142857 0
1670697917683 0.025285714285714286 0
1670697918923 0.026285714285714287 0
1670697920178 0.024857142857142855 0
1670697921692 0.028285714285714286 0
1670697923244 0.02557142857142857 0
1670697924674 0.026714285714285715 0
1670697926125 0.024857142857142855 0
1670697927695 0.027714285714285716 0
1670697929224 0.02242857142857143 0
1670697930901 0.025142857142857144 0
1670697932036 0.024857142857142855 0
1670697933563 0.024714285714285713 0
1670697934817 0.025714285714285714 0
1670697936571 0.026571428571428572 0
1670697938297 0.024428571428571428 0
1670697940167 0.022285714285714287 0
1670697941584 0.02557142857142857 0
1670697943272 0.025714285714285714 0
1670697944743 0.024857142857142855 0
1670697946078 0.025 0
1670697947633 0.025285714285714286 0
1670697949026 0.023 0
1670697950062 0.025857142857142856 0
1670697951524 0.024285714285714285 0
1670697953252 0.023714285714285716 0
1670697954726 0.025857142857142856 0
1670697956302 0.023857142857142858 0
1670697958155 0.02557142857142857 0
1670697959474 0.028428571428571428 0
1670697961022 0.023571428571428573 0
1670697962416 0.024714285714285713 0
1670697963895 0.02542857142857143 0
1670697965029 0.025857142857142856 0
1670697965991 0.027142857142857142 0
1670697966928 0.025 0
1670697968295 0.023 0
1670697969432 0.027 0
1670697970690 0.026285714285714287 0
1670697972375 0.023285714285714285 0
1670697973462 0.019428571428571427 0
1670697974879 0.027714285714285716 0
1670697976252 0.025285714285714286 0
1670697977723 0.021285714285714286 0
1670697979194 0.023428571428571427 0
1670697981034 0.024714285714285713 0
1670697982748 0.026285714285714287 0
1670697984361 0.026714285714285715 0
1670697985631 0.023285714285714285 0
1670697986959 0.026571428571428572 0
1670697988322 0.023142857142857142 0
1670697989672 0.026571428571428572 0
1670697990697 0.026285714285714287 0
1670697991745 0.022714285714285715 0
1670697992695 0.027 0
1670697993703 0.02857142857142857 0
1670697994643 0.026714285714285715 0
1670697995845 0.025142857142857144 0
1670697997045 0.027285714285714285 0
1670697998178 0.026571428571428572 0
1670697999279 0.024285714285714285 0
1670698000209 0.027142857142857142 0
1670698001146 0.023571428571428573 0
1670698002083 0.02642857142857143 0
1670698003014 0.024714285714285713 0
1670698003939 0.023571428571428573 0
1670698004920 0.027285714285714285 0
1670698006067 0.024714285714285713 0
1670698007151 0.023428571428571427 0
1670698008066 0.024857142857142855 0
1670698009050 0.021142857142857144 0
1670698010108 0.027714285714285716 0
1670698011172 0.02542857142857143 0
1670698012160 0.026857142857142857 0
1670698013402 0.026714285714285715 0
1670698014480 0.027285714285714285 0
1670698015605 0.027285714285714285 0
1670698016904 0.02614285714285714 0
1670698018062 0.027285714285714285 0
1670698019222 0.029714285714285714 0
1670698020398 0.022571428571428572 0
1670698021072 0.02157142857142857 0
1670698021751 0.024714285714285713 0
1670698022430 0.022571428571428572 0
1670698023102 0.023142857142857142 0
1670698023768 0.027571428571428573 0
1670698024445 0.02214285714285714 0
1670698025122 0.026714285714285715 0
1670698025795 0.025142857142857144 0
1670698026465 0.022714285714285715 0
1670698027140 0.023428571428571427 0
1670698027814 0.025857142857142856 0
1670698028489 0.028 0
1670698029154 0.022857142857142857 0
1670698029821 0.028857142857142856 0
1670698030488 0.024428571428571428 0
1670698031156 0.028285714285714286 0
1670698031832 0.027428571428571427 0
1670698032522 0.024142857142857143 0
1670698033187 0.024285714285714285 0
1670698033855 0.02542857142857143 0
1670698034517 0.028142857142857143 0
1670698035181 0.025142857142857144 0
1670698035840 0.026714285714285715 0
1670698036510 0.023857142857142858 0
1670698037173 0.026571428571428572 0
1670698037835 0.024428571428571428 0
1670698038504 0.026285714285714287 0
1670698039173 0.023857142857142858 0
1670698039847 0.024142857142857143 0
1670698040509 0.024285714285714285 0
1670698041187 0.023428571428571427 0
1670698041851 0.028857142857142856 0
1670698042519 0.02457142857142857 0
1670698043183 0.024142857142857143 0
1670698043852 0.02642857142857143 0
1670698044521 0.025142857142857144 0
1670698045192 0.028428571428571428 0
1670698045859 0.026857142857142857 0
1670698046523 0.024285714285714285 0
1670698047193 0.02857142857142857 0
1670698047863 0.023285714285714285 0
1670698048532 0.027571428571428573 0
1670698049203 0.027 0
1670698049869 0.024857142857142855 0
1670698050547 0.023857142857142858 0
1670698051214 0.029 0
1670698051883 0.02142857142857143 0
1670698052552 0.022571428571428572 0
1670698053217 0.027857142857142858 0
1670698053881 0.025714285714285714 0
1670698054550 0.024714285714285713 0
1670698055216 0.026857142857142857 0
1670698055886 0.027142857142857142 0
1670698056552 0.025857142857142856 0
1670698057221 0.027142857142857142 0
1670698057889 0.03 0
1670698058552 0.03 0
1670698059221 0.02614285714285714 0
1670698059892 0.026714285714285715 0
1670698060556 0.027142857142857142 0
1670698061222 0.026571428571428572 0
1670698061890 0.026285714285714287 0
1670698062557 0.02642857142857143 0
1670698063224 0.02542857142857143 0
1670698063890 0.028428571428571428 0
1670698064560 0.028 0
1670698065227 0.02614285714285714 0
1670698065895 0.026571428571428572 0
1670698066559 0.026571428571428572 0
1670698067221 0.027285714285714285 0
1670698067888 0.023142857142857142 0
1670698068559 0.027714285714285716 0
1670698069234 0.024 0
1670698069901 0.02642857142857143 0
1670698070561 0.02242857142857143 0
1670698071229 0.027142857142857142 0
1670698071891 0.025142857142857144 0
1670698072557 0.02457142857142857 0
1670698073219 0.02557142857142857 0
1670698073885 0.024 0
1670698074547 0.027857142857142858 0
1670698075212 0.025 0
1670698075873 0.024142857142857143 0
1670698076533 0.028 0
1670698077193 0.023428571428571427 0
1670698077862 0.023857142857142858 0
1670698078535 0.027571428571428573 0
1670698079203 0.024285714285714285 0
1670698079857 0.02642857142857143 0
1670698080518 0.024428571428571428 0
1670698081177 0.02557142857142857 0
1670698081832 0.025142857142857144 0
1670698082502 0.02957142857142857 0
1670698083170 0.031 0
1670698083834 0.022714285714285715 0
1670698084494 0.026285714285714287 0
1670698085158 0.029 0
1670698085821 0.026714285714285715 0
1670698086477 0.023428571428571427 0
1670698087134 0.022857142857142857 0
1670698087800 0.024 0
1670698088464 0.023714285714285716 0
1670698089133 0.025 0
1670698089799 0.025142857142857144 0
1670698090461 0.023571428571428573 0
1670698091129 0.029 0
1670698091790 0.026285714285714287 0
1670698092453 0.025714285714285714 0
1670698093112 0.027 0
1670698093776 0.026714285714285715 0
1670698094430 0.026714285714285715 0
1670698095084 0.02457142857142857 0
1670698095730 0.027 0
1670698096385 0.024428571428571428 0
1670698097043 0.02614285714285714 0
1670698097705 0.025142857142857144 0
1670698098367 0.029714285714285714 0
1670698099020 0.026 0
1670698099673 0.023 0
1670698100323 0.02542857142857143 0
1670698100972 0.023714285714285716 0
1670698101632 0.03014285714285714 0
1670698102282 0.02857142857142857 0
1670698102934 0.023 0
1670698103589 0.024142857142857143 0
1670698104247 0.024714285714285713 0
1670698104907 0.02542857142857143 0
1670698105563 0.03157142857142857 0
1670698106225 0.023714285714285716 0
1670698106890 0.02542857142857143 0
1670698107548 0.028142857142857143 0
1670698108205 0.027142857142857142 0
1670698108864 0.02957142857142857 0
1670698109518 0.026714285714285715 0
1670698110173 0.024 0
1670698110827 0.022571428571428572 0
1670698111487 0.024 0
