1670697805935 0.058085507366546746 0
1670697807346 0.020505207030222426 0
1670697808616 0.013394388997242546 0
1670697809978 0.01057164394444162 0
1670697811476 0.01251205721857266 0
1670697812908 0.01106304097592754 0
1670697814700 0.015695824506073625 0
1670697816457 0.014496361977853346 0
1670697818096 0.014031330108707996 0
1670697819205 0.013178702482999759 0
1670697820800 0.012609659383742505 0
1670697822348 0.012316851664172044 0
1670697823583 0.012088471602825168 0
1670697824754 0.011598965658703768 0
1670697826139 0.011161786993243272 0
1670697827668 0.01082912021381394 0
1670697828926 0.010501714671419221 0
1670697830002 0.010906157407716617 0
1670697831302 0.010731307893537642 0
1670697832656 0.01082601837345033 0
1670697834263 0.0105541750115784 0
1670697836040 0.010506448070627127 0
1670697837713 0.010331906518656439 0
1670697839184 0.01011000620020406 0
1670697840917 0.009892771237422077 0
1670697842578 0.009808564174451494 0
1670697844296 0.009679053971250181 0
1670697845410 0.009494848515181877 0
1670697846929 0.00949022403443539 0
1670697848575 0.009349886323824271 0
1670697849972 0.009204697777600374 0
1670697851620 0.009150480338634099 0
1670697853286 0.00919862132231803 0
1670697854503 0.009379485636083821 0
1670697855746 0.009466745966706436 0
1670697857038 0.009556173174312555 0
1670697858396 0.009488303686826197 0
1670697859597 0.009431541705132301 0
1670697860966 0.009390384192324342 0
1670697862563 0.009385021397551502 0
1670697863928 0.009415954984630666 0
1670697865211 0.009367487549056405 0
1670697866836 0.009293727869722296 0
1670697868100 0.00928191690157799 0
1670697869616 0.009279490028011053 0
1670697871023 0.00936964744151152 0
1670697872503 0.009287016307734548 0
1670697873701 0.009222085785674246 0
1670697874735 0.00921257791734717 0
1670697876224 0.00952779408511402 0
1670697877808 0.009440130784637298 0
1670697879333 0.009470025969613945 0
1670697880953 0.009393986380248152 0
1670697882528 0.009527830888274753 0
1670697883653 0.009501819926087084 0
1670697885035 0.009428242886994856 0
1670697886498 0.009354170538434667 0
1670697887707 0.009462072495024502 0
1670697888830 0.009386228655284379 0
1670697890014 0.009590415236511343 0
1670697891520 0.009578668870011645 0
1670697893000 0.009526292302931338 0
1670697894676 0.009479622003564822 0
1670697896434 0.009413584627030638 0
1670697897990 0.009729748838172812 0
1670697899253 0.009657970772552323 0
1670697901158 0.009655897192314182 0
1670697902797 0.009587963517228723 0
1670697904388 0.009546814882900254 0
1670697905468 0.009479477050721108 0
1670697906623 0.00949760682840129 0
1670697908111 0.009530732045084242 0
1670697909256 0.009641355345541308 0
1670697910337 0.00973354261594965 0
1670697911579 0.009865999673417558 0
1670697912591 0.009803202646578815 0
1670697913686 0.00976196182408607 0
1670697914792 0.00987093821857992 0
1670697916201 0.009811972164579033 0
1670697917690 0.009757809598482034 0
1670697918930 0.00969844316351283 0
1670697920193 0.009654632689666681 0
1670697921708 0.009642236070963518 0
1670697923260 0.009588126074461308 0
1670697924681 0.009535589728850713 0
1670697926132 0.009495254396365227 0
1670697927703 0.00946484261355992 0
1670697929239 0.00953441694178768 0
1670697930916 0.009489120486683926 0
1670697932051 0.009449842101514894 0
1670697933570 0.009414164745439935 0
1670697934824 0.00936435104438696 0
1670697936578 0.009316873735935066 0
1670697938311 0.009290215069547927 0
1670697940174 0.009360886807851923 0
1670697941592 0.00931397107858166 0
1670697943287 0.009266937226384143 0
1670697944750 0.009230534447837085 0
1670697946085 0.009192049852362716 0
1670697947641 0.009150174551995259 0
1670697949033 0.0091763783870241 0
1670697950081 0.009131760770759528 0
1670697951531 0.009109327202586275 0
1670697953259 0.009104234179719256 0
1670697954734 0.009061195012948414 0
1670697956309 0.009051186046951161 0
1670697958162 0.009009872187914172 0
1670697959481 0.009019475424823044 0
1670697961030 0.009019678210649223 0
1670697962424 0.008989111314285966 0
1670697963902 0.008950286639310474 0
1670697965036 0.008910595704633754 0
1670697965998 0.008883940518392357 0
1670697966935 0.008850826399322831 0
1670697968303 0.00887320830134622 0
1670697969445 0.008845245384538833 0
1670697970697 0.008809125566573539 0
1670697972382 0.008819753741036489 0
1670697973477 0.009073849499674998 0
1670697974894 0.009062542718603205 0
1670697976259 0.009027066927443081 0
1670697977732 0.00912863609348126 0
1670697979201 0.009128009407537482 0
1670697981041 0.009098314655854332 0
1670697982763 0.009064274342042093 0
1670697984368 0.009035028095135421 0
1670697985638 0.009039188459627118 0
1670697986967 0.009008917910381636 0
1670697988330 0.009017493008701465 0
1670697989679 0.008987927855480936 0
1670697990705 0.008955980863388772 0
1670697991752 0.00897976928671592 0
1670697992702 0.00895713437109305 0
1670697993710 0.008976000176990413 0
1670697994650 0.008949141456236084 0
1670697995852 0.008918549936913357 0
1670697997052 0.008901360988589471 0
1670697998185 0.008873622248816784 0
1670697999286 0.008854896856865947 0
1670698000216 0.008835679031875578 0
1670698001153 0.008833151052516336 0
1670698002090 0.008805217107256277 0
1670698003021 0.008780808531335955 0
1670698003946 0.008778250940034725 0
1670698004927 0.008763006301404218 0
1670698006074 0.0087391377864618 0
1670698007159 0.008740359456388777 0
1670698008073 0.008715115868653346 0
1670698009058 0.008806312548807885 0
1670698010116 0.008801372135776052 0
1670698011179 0.008772716146899458 0
1670698012179 0.008752009998983915 0
1670698013410 0.008729627104571744 0
1670698014487 0.008715884821001732 0
1670698015612 0.008702113059222506 0
1670698016911 0.008675420068386258 0
1670698018069 0.00866178866237876 0
1670698019229 0.008722790569652708 0
1670698020402 0.008750578371893102 0
1670698021076 0.00881665093632298 0
1670698021756 0.008794597277431329 0
1670698022434 0.008819492289098958 0
1670698023107 0.00882642336061417 0
1670698023773 0.008818859993968725 0
1670698024449 0.008857116408038448 0
1670698025126 0.008836434493653081 0
1670698025800 0.008811451002860203 0
1670698026469 0.008829631495228564 0
1670698027144 0.008828429512505759 0
1670698027818 0.008802858464027292 0
1670698028493 0.008805766510725455 0
1670698029158 0.008819054686043715 0
1670698029825 0.008845805157040747 0
1670698030492 0.00882774988247638 0
1670698031160 0.008837274460301636 0
1670698031836 0.008827794409698678 0
1670698032526 0.008814144856732854 0
1670698033192 0.008798513964775517 0
1670698033859 0.008774259267980825 0
1670698034521 0.008780144762518031 0
1670698035185 0.008757244332498103 0
1670698035844 0.00873868326972592 0
1670698036514 0.008730332689443933 0
1670698037177 0.008710753852005398 0
1670698037839 0.008694387848473303 0
1670698038508 0.008673038520990564 0
1670698039178 0.008665022419566175 0
1670698039852 0.008652547202797997 0
1670698040513 0.00863818994605036 0
1670698041192 0.00863792032371627 0
1670698041856 0.008663878047648225 0
1670698042523 0.008646539448954133 0
1670698043187 0.008634251699020434 0
1670698043856 0.00861508080284204 0
1670698044525 0.008594114019714619 0
1670698045197 0.00860793466392535 0
1670698045863 0.008592904490118486 0
1670698046528 0.008579493823148661 0
1670698047197 0.008596509630441451 0
1670698047868 0.008599795921425402 0
1670698048536 0.008595003153852379 0
1670698049208 0.00858186826220652 0
1670698049873 0.008563571404751988 0
1670698050552 0.008556645487635087 0
1670698051218 0.008584827890743954 0
1670698051888 0.008640775942903627 0
1670698052556 0.008659909187881946 0
1670698053221 0.008660331272244533 0
1670698053886 0.008639716136484912 0
1670698054555 0.008622753392103041 0
1670698055220 0.008608735841968307 0
1670698055890 0.008598030860728363 0
1670698056557 0.008578115190127765 0
1670698057225 0.008567513861586294 0
1670698057893 0.008625756672580413 0
1670698058556 0.008682368848140852 0
1670698059226 0.0086632702853763 0
1670698059896 0.008647705990259172 0
1670698060561 0.008636475171196097 0
1670698061227 0.008619953694717401 0
1670698061894 0.008601867136957063 0
1670698062561 0.00858463432338815 0
1670698063228 0.008565768920864164 0
1670698063894 0.008576062373957208 0
1670698064564 0.008577569486276575 0
1670698065231 0.00855931992913779 0
1670698065899 0.008543284588539979 0
1670698066564 0.008527335531452733 0
1670698067226 0.008518098067006985 0
1670698067892 0.008526038001608699 0
1670698068564 0.008522789265790628 0
1670698069238 0.008516228849451399 0
1670698069905 0.008499848944630566 0
1670698070566 0.008523741943192789 0
1670698071233 0.008513306696564145 0
1670698071895 0.008496647912787425 0
1670698072561 0.008483866131290825 0
1670698073224 0.008466188132353947 0
1670698073889 0.00845974509180624 0
1670698074551 0.008459377785791616 0
1670698075217 0.00844385617253745 0
1670698075877 0.008435790455094676 0
1670698076537 0.008437884768233483 0
1670698077198 0.008440200136466798 0
1670698077866 0.008435786470627364 0
1670698078539 0.0084314460472582 0
1670698079208 0.008421934305020633 0
1670698079861 0.008406889118500523 0
1670698080522 0.008396081673859329 0
1670698081181 0.008379408150771435 0
1670698081837 0.008363925589281819 0
1670698082506 0.008401352898120933 0
1670698083174 0.008484341216629276 0
1670698083838 0.00850011310549513 0
1670698084498 0.008484583332646338 0
1670698085162 0.008505530152229102 0
1670698085826 0.008492313847156666 0
1670698086481 0.008494648024094102 0
1670698087138 0.008507095389311069 0
1670698087804 0.008501095554610087 0
1670698088468 0.008498722427995806 0
1670698089137 0.00848429997717675 0
1670698089803 0.008469323216039056 0
1670698090465 0.008468931688467948 0
1670698091133 0.008489956866609853 0
1670698091794 0.00847514979591698 0
1670698092458 0.008459323180541871 0
1670698093117 0.008449140026375361 0
1670698093780 0.008436797180088398 0
1670698094434 0.008424503111887319 0
1670698095088 0.008413478077818004 0
1670698095734 0.008403491263092665 0
1670698096389 0.008393767868669272 0
1670698097047 0.008379076347906918 0
1670698097709 0.00836500757136717 0
1670698098372 0.008402452432354102 0
1670698099025 0.008387552731816864 0
1670698099678 0.008397047907334462 0
1670698100328 0.008382333428808418 0
1670698100976 0.008380591790747668 0
1670698101636 0.008428949330020988 0
1670698102286 0.008439851662492767 0
1670698102938 0.008449074023164957 0
1670698103594 0.008442322286777236 0
1670698104251 0.008430831790514431 0
1670698104911 0.00841641391585353 0
1670698105567 0.00850920862738698 0
1670698106230 0.008507344942410303 0
1670698106894 0.008492964968432486 0
1670698107553 0.00849628196105498 0
1670698108209 0.008487745159030544 0
1670698108868 0.008518132714317457 0
1670698109522 0.008506396053228449 0
1670698110177 0.008501511982983323 0
1670698110832 0.008518104733691516 0
1670698111491 0.00851304232530977 0
