1670639500620 0.04870711815632305 0
1670639503650 0.040503776024400764 0
1670639506702 0.02603324074184135 0
1670639509587 0.021437640471436606 0
1670639512671 0.01814756245957138 0
1670639515651 0.016769111327121937 0
1670639518412 0.01573179960836585 0
1670639521595 0.015980573942232894 0
1670639524781 0.017292149266099066 0
1670639527896 0.01625127998474605 0
1670639530939 0.01538492397633933 0
1670639533962 0.014665485398043479 0
1670639536530 0.014142184387231194 0
1670639539484 0.013956564482802844 0
1670639542342 0.013543440062476361 0
1670639544987 0.013161775117645574 0
1670639547702 0.012833982924733943 0
1670639550664 0.012468127511162178 0
1670639553301 0.012165324090669415 0
1670639556664 0.011934773424019288 0
1670639559723 0.01168281419187285 0
1670639562751 0.011441086622239138 0
1670639566009 0.011361607452674075 0
1670639568900 0.011280094673097582 0
1670639571996 0.011050555584376925 0
1670639575016 0.010826336827749541 0
1670639578049 0.010619119424312262 0
1670639580856 0.011387804141720928 0
1670639583706 0.011037521770283054 0
1670639586744 0.011203039129559333 0
1670639589579 0.01136261545823701 0
1670639592388 0.01173629661097969 0
1670639595431 0.011573885039559258 0
1670639598501 0.011583141954076656 0
1670639601620 0.011811704228943752 0
1670639604465 0.011701763964668002 0
1670639607492 0.01196540422662394 0
1670639610611 0.012190106899079428 0
1670639613845 0.012140663403543445 0
1670639616852 0.012076185624029442 0
1670639619892 0.01193214920909541 0
1670639623061 0.011811766689830097 0
1670639626143 0.012005906512584479 0
1670639629084 0.011871758297070212 0
1670639632182 0.011866276065654033 0
1670639635060 0.011739490795162025 0
1670639637944 0.011803528258716632 0
1670639640987 0.011776068628704582 0
1670639643948 0.011679046603390322 0
1670639646809 0.011589223239113239 0
1670639649382 0.01156364991145889 0
1670639651720 0.01145632959584865 0
1670639654336 0.011356762643636997 0
1670639657348 0.0112634899508057 0
1670639660199 0.011414054119291861 0
1670639663055 0.011316310105312408 0
1670639666101 0.011251199588730304 0
1670639669206 0.011155807191777195 0
1670639672171 0.011078158623699375 0
1670639675071 0.01098698020492539 0
1670639678381 0.011121174260088823 0
1670639681372 0.011038675254535488 0
1670639684405 0.011042760458073175 0
1670639687352 0.011330195068316992 0
1670639690123 0.01124710214560408 0
1670639692970 0.011163721271647067 0
1670639696010 0.011082767203291932 0
1670639698947 0.011062395006470507 0
1670639701727 0.011400968139664444 0
1670639704589 0.011341045494159582 0
1670639707357 0.011571363135500716 0
1670639709867 0.011561784184448032 0
1670639712539 0.012098572260498194 0
1670639715145 0.012031888988079116 0
1670639717840 0.012009529840084979 0
1670639720941 0.012417161334496371 0
1670639723840 0.012432534923744638 0
1670639726949 0.012399712468699878 0
1670639729946 0.012350492274833369 0
1670639733023 0.01230663900753054 0
1670639735978 0.01260948735846558 0
1670639738947 0.012542611269804466 0
1670639741841 0.012656064167410538 0
1670639744703 0.01259298289665129 0
1670639747864 0.0125256445388656 0
1670639750671 0.012464363884275284 0
1670639753537 0.012633481447208869 0
1670639756546 0.012577584740381606 0
1670639759708 0.012530597017298237 0
1670639762751 0.012483967790282456 0
1670639765848 0.012416783319881886 0
1670639769363 0.012391795389807198 0
1670639772612 0.012351732368025538 0
1670639775612 0.012287999893341083 0
1670639778733 0.012312208746075845 0
1670639781769 0.012288679446760709 0
1670639784978 0.012463266120605075 0
1670639788045 0.012409836777593955 0
1670639790983 0.012374016336876612 0
1670639794147 0.012352317738068844 0
1670639797432 0.012415226871083138 0
1670639800869 0.01236512617857203 0
1670639804083 0.01246520812035104 0
