1670631149838 0.0 0
1670631151434 0.0 0
1670631153036 0.0 0
1670631154580 0.0 0
1670631156062 0.0 0
1670631157440 0.0 0
1670631158976 0.0003333333333333333 0
1670631160399 0.0 0
1670631161892 0.0 0
1670631163400 0.0 0
1670631164767 0.0 0
1670631166248 0.0 0
1670631167822 0.0 0
1670631169449 0.0003333333333333333 0
1670631170958 0.0 0
1670631172354 0.0 0
1670631173824 0.0 0
1670631175572 0.0003333333333333333 0
1670631177200 0.0 0
1670631178811 0.0003333333333333333 0
1670631180291 0.0 0
1670631181758 0.0 0
1670631183367 0.0003333333333333333 0
1670631184897 0.0 0
1670631186513 0.0 0
1670631188249 0.0 0
1670631189849 0.0 0
1670631191481 0.0 0
1670631193079 0.0 0
1670631194626 0.0003333333333333333 0
1670631196318 0.0 0
1670631198137 0.0 0
1670631199841 0.0 0
1670631201632 0.0 0
1670631203184 0.0 0
1670631204687 0.0 0
1670631206455 0.0 0
1670631208117 0.0 0
1670631209893 0.0003333333333333333 0
1670631211703 0.0 0
1670631213159 0.0 0
1670631214496 0.0 0
1670631215799 0.0 0
1670631217382 0.0 0
1670631218827 0.0006666666666666666 0
1670631220244 0.0003333333333333333 0
1670631221644 0.0 0
1670631223174 0.0 0
1670631224786 0.0003333333333333333 0
1670631226129 0.0 0
1670631227820 0.0 0
1670631229555 0.0 0
1670631231331 0.0006666666666666666 0
1670631233042 0.0 0
1670631234591 0.0006666666666666666 0
1670631236321 0.0 0
1670631238009 0.0 0
1670631239509 0.0 0
1670631240970 0.0 0
1670631242477 0.0 0
1670631243970 0.0 0
1670631245451 0.0003333333333333333 0
1670631247073 0.0 0
1670631248701 0.0 0
1670631250516 0.0 0
1670631252124 0.0003333333333333333 0
1670631253832 0.0 0
1670631255431 0.0 0
1670631256951 0.0 0
1670631258532 0.0 0
1670631260008 0.0 0
1670631261640 0.0 0
1670631263376 0.0 0
1670631265021 0.0 0
1670631266572 0.0 0
1670631268260 0.0003333333333333333 0
1670631269608 0.0 0
1670631270939 0.0 0
1670631272289 0.0 0
1670631273611 0.0 0
1670631275196 0.0 0
1670631276630 0.0 0
1670631278047 0.0 0
1670631279498 0.0 0
1670631280940 0.0 0
1670631282392 0.0003333333333333333 0
1670631283839 0.0 0
1670631285295 0.0 0
1670631286762 0.0 0
1670631288220 0.0 0
1670631289664 0.0 0
1670631291116 0.0006666666666666666 0
1670631292570 0.0 0
1670631294021 0.0 0
1670631295531 0.0 0
1670631297001 0.0 0
1670631298493 0.0 0
1670631300008 0.0003333333333333333 0
1670631301504 0.0003333333333333333 0
1670631302848 0.0 0
1670631304275 0.0 0
1670631305722 0.0 0
