1670633970670 0.10829828490302683 0
1670633999622 0.1086730078544682 0
1670634037859 0.10521689149572865 0
1670634108979 0.10670255826557981 0
1670634140901 0.10532097261951275 0
1670634177962 0.10625471029350318 0
1670634221113 0.10182838483403989 0
1670634250312 0.11119636455396822 0
1670634303421 0.10612877700831486 0
1670634329483 0.10273295425800391 0
1670634357465 0.10654362205517828 0
1670634412159 0.10981408726396387 0
1670634447275 0.10390686404227428 0
1670634494837 0.10837970410242503 0
1670634521369 0.10606285995664642 0
1670634549711 0.10772139183520893 0
1670634577624 0.10528968987208023 0
1670634613084 0.10601837539396226 0
1670634646358 0.10391949628335631 0
1670634676945 0.1082892976507753 0
1670634712413 0.10863574695290837 0
1670634738069 0.10424839511631859 0
1670634801177 0.10818253063117667 0
1670634826929 0.10535514402057634 0
1670634858950 0.10789796814314252 0
1670634972250 0.10603657330421687 0
1670635019220 0.1073769920470931 0
1670635045414 0.1079277799333894 0
1670635075666 0.10469168100236205 0
1670635134695 0.10675608415850654 0
