1670596826681 0.04066666666666666 0
1670596828429 0.0455 0
1670596830410 0.03883333333333333 0
1670596832530 0.043 0
1670596834264 0.039 0
1670596836089 0.04 0
1670596838298 0.038 0
1670596839788 0.042166666666666665 0
1670596841723 0.04 0
1670596843414 0.034666666666666665 0
1670596844975 0.0395 0
1670596846965 0.03983333333333333 0
1670596848738 0.0425 0
1670596851097 0.043666666666666666 0
1670596853071 0.044333333333333336 0
1670596855131 0.037333333333333336 0
1670596856887 0.037 0
1670596858650 0.03983333333333333 0
1670596860350 0.0415 0
1670596862272 0.041 0
1670596864270 0.03966666666666667 0
1670596866054 0.03933333333333333 0
1670596868008 0.0365 0
1670596869508 0.034166666666666665 0
1670596871175 0.036166666666666666 0
1670596872779 0.03883333333333333 0
1670596874517 0.038 0
1670596876581 0.03933333333333333 0
1670596878196 0.0425 0
1670596880007 0.03833333333333333 0
1670596881820 0.041166666666666664 0
1670596883749 0.037333333333333336 0
1670596885683 0.038 0
1670596887718 0.042333333333333334 0
1670596889899 0.04133333333333333 0
1670596891744 0.03933333333333333 0
1670596893509 0.03766666666666667 0
1670596895488 0.042166666666666665 0
1670596897477 0.03966666666666667 0
1670596899028 0.0415 0
1670596900974 0.04066666666666666 0
1670596902690 0.0395 0
1670596904594 0.043 0
1670596906302 0.04133333333333333 0
1670596907957 0.0435 0
1670596909722 0.03983333333333333 0
1670596911678 0.041666666666666664 0
1670596913519 0.03783333333333333 0
1670596915361 0.04083333333333333 0
1670596917476 0.03983333333333333 0
1670596918976 0.04033333333333333 0
1670596920523 0.041833333333333333 0
1670596922271 0.036833333333333336 0
1670596923963 0.041 0
1670596925566 0.04 0
1670596927246 0.03816666666666667 0
1670596928987 0.042833333333333334 0
1670596930817 0.041 0
1670596932716 0.03716666666666667 0
1670596934848 0.04066666666666666 0
1670596937044 0.04616666666666667 0
1670596938932 0.038 0
1670596940842 0.036833333333333336 0
1670596943085 0.0415 0
1670596945504 0.042333333333333334 0
1670596947329 0.036166666666666666 0
1670596949150 0.042666666666666665 0
1670596951337 0.03916666666666667 0
1670596953610 0.041833333333333333 0
1670596955747 0.044333333333333336 0
1670596957853 0.04 0
1670596959754 0.04033333333333333 0
1670596961528 0.0415 0
1670596963768 0.0385 0
1670596965533 0.04016666666666667 0
1670596967338 0.03916666666666667 0
1670596968801 0.0415 0
1670596971052 0.046 0
1670596973362 0.03916666666666667 0
1670596975005 0.044333333333333336 0
1670596977420 0.0385 0
1670596979357 0.03933333333333333 0
1670596981091 0.041 0
1670596982994 0.041166666666666664 0
1670596984801 0.04466666666666667 0
1670596986707 0.03983333333333333 0
1670596988652 0.0375 0
1670596990163 0.0405 0
1670596992032 0.04416666666666667 0
1670596993740 0.041166666666666664 0
1670596995441 0.039 0
1670596996895 0.037333333333333336 0
1670596998516 0.0425 0
1670597000524 0.03716666666666667 0
1670597002496 0.041 0
1670597004334 0.037333333333333336 0
1670597006276 0.0415 0
1670597007976 0.043 0
1670597009462 0.043333333333333335 0
1670597010957 0.03933333333333333 0
1670597012600 0.04466666666666667 0
1670597014180 0.041166666666666664 0
1670597015724 0.035333333333333335 0
1670597017191 0.03883333333333333 0
1670597018926 0.036 0
1670597020642 0.04 0
1670597022314 0.0365 0
1670597023950 0.0415 0
1670597025409 0.04416666666666667 0
1670597027134 0.03933333333333333 0
1670597028708 0.042166666666666665 0
1670597030261 0.041833333333333333 0
1670597032170 0.04133333333333333 0
1670597033753 0.04533333333333334 0
1670597035344 0.03766666666666667 0
1670597036979 0.0435 0
1670597039015 0.03916666666666667 0
