1670603048097 0.0 0
1670603048552 0.0 0
1670603048998 0.0 0
1670603049459 0.0 0
1670603049938 0.0 0
1670603050298 0.0 0
1670603050755 0.0 0
1670603051237 0.0 0
1670603051688 0.0 0
1670603052227 0.0 0
1670603052857 0.0 0
1670603053372 0.0 0
1670603053742 0.0 0
1670603054361 0.0 0
1670603054873 0.0 0
1670603055504 0.0 0
1670603055958 0.0 0
1670603056545 0.0 0
1670603057079 0.0 0
1670603057517 0.0 0
1670603058250 0.0 0
1670603058588 0.0 0
1670603058938 0.0 0
1670603059485 0.0 0
1670603059770 0.0 0
1670603060338 0.0 0
1670603060804 0.0 0
1670603061243 0.0 0
1670603061666 0.0 0
1670603062264 0.0 0
1670603062573 0.0 0
1670603063151 0.0 0
1670603063754 0.0 0
1670603064171 0.0 0
1670603064788 0.0 0
1670603065213 0.0 0
1670603065827 0.0 0
1670603066230 0.0 0
1670603066581 0.0 0
1670603067174 0.0 0
1670603067748 0.0 0
1670603068171 0.0 0
1670603068633 0.0 0
1670603069293 0.0 0
1670603069864 0.0 0
1670603070238 0.0 0
1670603070938 0.0 0
1670603071524 0.0 0
1670603072103 0.0 0
1670603072801 0.0 0
1670603073276 0.0 0
1670603073876 0.0 0
1670603074481 0.0 0
1670603075080 0.0 0
1670603075483 0.0 0
1670603076093 0.0 0
1670603076493 0.0 0
1670603077045 0.0 0
1670603077505 0.0 0
1670603078123 0.0003333333333333333 0
1670603078465 0.0 0
1670603078897 0.0 0
1670603079453 0.0 0
1670603080011 0.0 0
1670603080623 0.0 0
1670603080963 0.0 0
1670603081284 0.0 0
1670603081674 0.0 0
1670603082431 0.0 0
1670603082841 0.0 0
1670603083208 0.0 0
1670603083550 0.0 0
1670603084181 0.0 0
1670603084548 0.0 0
1670603085092 0.0 0
1670603085679 0.0 0
1670603086002 0.0 0
1670603086595 0.0 0
1670603087156 0.0 0
1670603087585 0.0 0
1670603088232 0.0 0
1670603088685 0.0 0
1670603089006 0.0 0
1670603089547 0.0 0
1670603090016 0.0 0
1670603090429 0.0 0
1670603090851 0.0 0
1670603091205 0.0 0
1670603091860 0.0 0
1670603092257 0.0 0
1670603092787 0.0 0
1670603093169 0.0 0
1670603093704 0.0 0
1670603094108 0.0 0
1670603094468 0.0 0
1670603094874 0.0 0
1670603095341 0.0 0
1670603095730 0.0 0
1670603096200 0.0 0
1670603096769 0.0 0
1670603097120 0.0 0
1670603097728 0.0 0
