1670583943618 0.004235401578810971 0
1670583944369 0.0013521932988493912 0
1670583945438 0.0009186931155187317 0
1670583946202 0.0007403853613860978 0
1670583947112 0.0006386661920441128 0
1670583947818 0.0007369347310319796 0
1670583948590 0.0007631791953501832 0
1670583949467 0.0007247071828117013 0
1670583950175 0.000691100428809821 0
1670583950953 0.0007145577319782603 0
1670583951941 0.0006917029031047184 0
1670583952844 0.0007066678089162615 0
1670583953613 0.0007127368144895785 0
1670583954471 0.0007004843990013887 0
1670583955211 0.0006879223827693792 0
1670583956113 0.0006753800809828903 0
1670583957015 0.000685687279979752 0
1670583957962 0.000675623458147756 0
1670583958759 0.0006655392316695652 0
1670583959619 0.0006555550661639931 0
1670583960531 0.0006457485054283119 0
1670583961401 0.0006584968467788777 0
1670583962211 0.0006676563728466034 0
1670583962968 0.0006604475397210541 0
1670583963672 0.0006532073071564559 0
1670583964730 0.0006459905799969246 0
1670583965424 0.0006554332161655685 0
1670583966284 0.0006490883656697921 0
1670583967171 0.0006296637917410086 0
1670583967942 0.0006364474659085184 0
1670583968595 0.0006325756559408813 0
1670583969460 0.0006285548220286152 0
1670583970208 0.0006244244189061998 0
1670583971074 0.0006202165182643826 0
1670583971731 0.0006159572552665304 0
1670583972416 0.0006116679643655143 0
1670583973140 0.0006073660778271872 0
1670583973881 0.0006159572552665304 0
1670583974774 0.0006967910103180541 0
1670583975707 0.0006923791393403933 0
1670583976398 0.0006879580726544265 0
1670583977267 0.0006915972476726484 0
1670583978065 0.0006875219218296369 0
1670583978779 0.0006834381229161579 0
1670583979734 0.0006870319487281007 0
1670583980394 0.0006900003803131938 0
1670583981191 0.0006865057077680703 0
1670583981922 0.000834783371977732 0
1670583982636 0.0008749628906923324 0
1670583983349 0.0008703412355534068 0
1670583984103 0.0009056451462070569 0
1670583984923 0.0009017974835467957 0
1670583985716 0.0009321375913678986 0
1670583986392 0.0009280500730909358 0
1670583987527 0.0009239358828998512 0
1670583988368 0.0010112380307931712 0
1670583989201 0.0010054801596959262 0
1670583989974 0.0010012563099839333 0
1670583990988 0.0009970139174688697 0
1670583991724 0.0009927596916129433 0
1670583992577 0.0009884995657820639 0
1670583993430 0.0010101215229806337 0
1670583994419 0.0010060074552755705 0
1670583995138 0.0010018882218117975 0
1670583995935 0.0010699874280279964 0
1670583996699 0.0010656802838208135 0
1670583997645 0.0010601571417235833 0
1670583998421 0.0010560584009873253 0
1670583999258 0.0010519595456438546 0
1670583999961 0.0010478641648833387 0
1670584000715 0.0010437754694845314 0
1670584001723 0.001039079848283997 0
1670584002443 0.0010344243897379979 0
1670584003203 0.0010298097964429598 0
1670584004013 0.00102624522842365 0
1670584004720 0.0010218331943456782 0
1670584005461 0.0010184230274666861 0
1670584006381 0.0010142001329382921 0
1670584007216 0.0010109342743664929 0
1670584008110 0.0010068882832764414 0
1670584008879 0.0010037575185072312 0
1670584009612 0.0010006205598794837 0
1670584010366 0.0009974797755664122 0
1670584011148 0.000993861911508187 0
1670584011860 0.0009908457982827912 0
1670584012567 0.0009878268736703832 0
1670584013566 0.000984471168273826 0
1670584014351 0.0009811291626611318 0
1670584015022 0.0009778018294087643 0
1670584015813 0.0009751245465494662 0
1670584016462 0.0009719212632142149 0
1670584017211 0.0009693427351242789 0
1670584017953 0.0009667563248539901 0
1670584018687 0.0009641637580244389 0
1670584019768 0.000979130943918216 0
1670584020512 0.000976591131207738 0
1670584021386 0.0009740457543027103 0
1670584022342 0.0009714962704996388 0
1670584023119 0.0009686796897160344 0
1670584023869 0.000966217086282195 0
1670584024717 0.0009637510756899115 0
