1670562819703 0.0 0
1670562821017 0.0 0
1670562822230 0.0 0
1670562823510 0.0 0
1670562824913 0.0 0
1670562826351 0.0 0
1670562827442 0.0 0
1670562828621 0.0 0
1670562829717 0.0 0
1670562830808 0.0 0
1670562831892 0.0 0
1670562833202 0.0 0
1670562834608 0.0 0
1670562836030 0.0 0
1670562837276 0.0 0
1670562838709 0.0 0
1670562839806 0.0 0
1670562840999 0.0 0
1670562842219 0.0 0
1670562843709 0.0 0
1670562845000 0.0 0
1670562846172 0.0 0
1670562847440 0.0 0
1670562848856 0.0 0
1670562850140 0.0 0
1670562851632 0.0 0
1670562853110 0.0 0
1670562854450 0.0 0
1670562855611 0.0 0
1670562856868 0.0 0
1670562857966 0.0 0
1670562858971 0.0 0
1670562859924 0.0 0
1670562861011 0.0 0
1670562862249 0.0 0
1670562863513 0.0 0
1670562864763 0.0 0
1670562865866 0.0 0
1670562867093 0.0 0
1670562868272 0.0 0
1670562869661 0.0 0
1670562871291 0.0 0
1670562872580 0.0 0
1670562873821 0.0 0
1670562875175 0.0 0
1670562876641 0.0 0
1670562878755 0.0 0
1670562879812 0.0 0
1670562881601 0.0 0
1670562882972 0.0 0
1670562884625 0.0 0
1670562886126 0.0 0
1670562887405 0.0 0
1670562888429 0.0 0
1670562889720 0.0 0
1670562890988 0.0 0
1670562892355 0.0 0
1670562894002 0.0 0
1670562895557 0.0 0
1670562897170 0.0 0
1670562898804 0.0 0
1670562899989 0.0 0
1670562901601 0.0 0
1670562902875 0.0 0
1670562904051 0.0 0
1670562905408 0.0 0
1670562906968 0.0 0
1670562908457 0.0 0
1670562909847 0.0 0
1670562910986 0.0 0
1670562912626 0.0 0
1670562913876 0.0 0
1670562915169 0.0 0
1670562916689 0.0 0
1670562918223 0.0 0
1670562919495 0.0 0
1670562920866 0.0 0
1670562922174 0.0 0
1670562923438 0.0 0
1670562924799 0.0 0
1670562926445 0.0 0
1670562927642 0.0 0
1670562929064 0.0 0
1670562930470 0.0 0
1670562931715 0.0 0
1670562933042 0.0 0
1670562934211 0.0 0
1670562935296 0.0 0
1670562937058 0.0 0
1670562938921 0.0 0
1670562940717 0.0 0
1670562941887 0.0 0
1670562943737 0.0 0
1670562945371 0.0 0
1670562946862 0.0 0
1670562948414 0.0 0
1670562949787 0.0 0
1670562951143 0.0 0
1670562952648 0.0 0
1670562953845 0.0 0
1670562955323 0.0 0
1670562956501 0.0 0
