1670577159458 0.423 0
1670577160018 0.41733333333333333 0
1670577160778 0.4206666666666667 0
1670577161395 0.4226666666666667 0
1670577161931 0.4046666666666667 0
1670577162939 0.41233333333333333 0
1670577164063 0.4116666666666667 0
1670577164794 0.42333333333333334 0
1670577165606 0.4206666666666667 0
1670577166391 0.4186666666666667 0
1670577167051 0.41833333333333333 0
1670577167661 0.4096666666666667 0
1670577168519 0.42633333333333334 0
1670577169325 0.412 0
1670577170097 0.4166666666666667 0
1670577170683 0.4106666666666667 0
1670577171326 0.423 0
1670577172036 0.4106666666666667 0
1670577172729 0.4156666666666667 0
1670577173625 0.4156666666666667 0
1670577174113 0.423 0
1670577174777 0.416 0
1670577175455 0.42733333333333334 0
1670577175876 0.416 0
1670577177117 0.42133333333333334 0
1670577177816 0.4156666666666667 0
1670577178415 0.417 0
1670577178992 0.41633333333333333 0
1670577179770 0.42 0
1670577180454 0.425 0
1670577181492 0.409 0
1670577182164 0.42233333333333334 0
1670577183165 0.42 0
1670577183699 0.4176666666666667 0
1670577184679 0.4136666666666667 0
1670577185381 0.4146666666666667 0
1670577186246 0.409 0
1670577186954 0.4216666666666667 0
1670577187884 0.421 0
1670577188401 0.409 0
1670577189150 0.42433333333333334 0
1670577189745 0.416 0
1670577190368 0.423 0
1670577191565 0.41233333333333333 0
1670577192303 0.415 0
1670577193272 0.426 0
1670577194182 0.404 0
1670577195073 0.419 0
1670577196201 0.4206666666666667 0
1670577196870 0.42233333333333334 0
1670577197849 0.42033333333333334 0
1670577198701 0.429 0
1670577199660 0.4166666666666667 0
1670577200820 0.4083333333333333 0
1670577201495 0.42233333333333334 0
1670577202408 0.41533333333333333 0
1670577203127 0.42933333333333334 0
1670577203828 0.42733333333333334 0
1670577204663 0.41233333333333333 0
1670577205264 0.4186666666666667 0
1670577206306 0.4106666666666667 0
1670577206768 0.416 0
1670577207454 0.416 0
1670577208039 0.41533333333333333 0
1670577208782 0.4166666666666667 0
1670577209491 0.43233333333333335 0
1670577210370 0.4116666666666667 0
1670577210963 0.4046666666666667 0
1670577211858 0.416 0
1670577212590 0.41433333333333333 0
1670577213010 0.421 0
1670577213483 0.4053333333333333 0
1670577213920 0.41633333333333333 0
1670577214329 0.4166666666666667 0
1670577214892 0.408 0
1670577215682 0.4073333333333333 0
1670577216406 0.4216666666666667 0
1670577217172 0.43033333333333335 0
1670577217789 0.42133333333333334 0
1670577218489 0.4226666666666667 0
1670577219210 0.421 0
1670577219795 0.41533333333333333 0
1670577220351 0.4236666666666667 0
1670577221003 0.4246666666666667 0
1670577221806 0.415 0
1670577222626 0.41533333333333333 0
1670577223576 0.425 0
1670577224543 0.4166666666666667 0
1670577225168 0.42966666666666664 0
1670577226196 0.422 0
1670577227392 0.43066666666666664 0
1670577228131 0.4176666666666667 0
1670577228938 0.4096666666666667 0
1670577229449 0.4146666666666667 0
1670577230080 0.41133333333333333 0
1670577230715 0.413 0
1670577231651 0.4176666666666667 0
1670577232410 0.416 0
1670577233193 0.423 0
1670577234251 0.4053333333333333 0
1670577235209 0.425 0
1670577236176 0.432 0
