1670639698935 nan 0
1670639700476 nan 0
1670639702003 0.0009186931155186996 0
1670639703562 0.0009067831742110092 0
1670639705026 0.0008568606122049132 0
1670639706213 0.0008072715511903782 0
1670639707837 0.0007631791953500897 0
1670639709413 0.0007247071828116957 0
1670639711002 0.0006911004288098088 0
1670639712377 0.0006615519107133093 0
1670639713825 0.0006353696873281309 0
1670639715387 0.0006119922745581102 0
1670639716884 0.0005909701469836896 0
1670639718305 0.0005719431167778474 0
1670639719696 0.0006152964844463903 0
1670639721005 0.0005994844906250343 0
1670639722406 0.0006299954440691312 0
1670639723796 0.000616757014011939 0
1670639725181 0.0006042040006164864 0
1670639726620 0.0005922991830687248 0
1670639728252 0.0005810027968323778 0
1670639729805 0.000570274997622411 0
1670639731375 0.0005600772305160646 0
1670639732940 0.0005503729497674722 0
1670639734500 0.000541127952580992 0
1670639736054 0.0005697101413206956 0
1670639737847 0.000561279473428546 0
1670639739252 0.0005531801243233029 0
1670639740714 0.0005226570625440144 0
1670639742201 0.0005162270619736892 0
1670639743735 0.0005099987983493994 0
1670639745282 0.0005039650270362465 0
1670639746824 0.0004981183671381318 0
1670639748382 0.0004924514400318044 0
1670639749947 0.0004869569669869897 0
1670639751493 0.00048162783676947087 0
1670639753173 0.00047645715118996713 0
1670639754757 0.00047143825444989716 0
1670639756351 0.0004665647506038153 0
1670639757928 0.00046183051234036646 0
1670639759514 0.0004869569669869897 0
1670639761212 0.00048237928202197447 0
1670639762764 0.0004779187149592548 0
1670639764421 0.00047357104013352 0
1670639766156 0.00046933217021714413 0
1670639767613 0.000465198161506699 0
1670639769123 0.00046116521635786644 0
1670639770656 0.0004572296834624104 0
1670639772212 0.0004533880565066984 0
1670639773582 0.00044963697163163756 0
1670639775030 0.00044597320402079934 0
1670639776632 0.0004423936638708533 0
1670639778238 0.0004388953919416062 0
1670639779798 0.00043547555483840265 0
1670639781250 0.00043213144014468555 0
1670639782854 0.0004288604514950398 0
1670639784415 0.0004256601036574373 0
1670639785945 0.0004225280176764099 0
1670639787467 0.00041946191611551433 0
1670639789166 0.0004164596184269626 0
1670639790882 0.0004135190364680629 0
1670639792638 0.00043505345377363707 0
1670639794296 0.00043213144014468555 0
1670639795972 0.0004292654119814819 0
1670639797388 0.0004264536999109581 0
1670639798762 0.00042369469720829334 0
1670639799568 0.00042098685734521347 0
1670639800586 0.000418328691592845 0
1670639802193 0.00043736594500121915 0
1670639803901 0.00043472596752247735 0
1670639805585 0.00043213144014468555 0
1670639807336 0.00044926671761948324 0
1670639809107 0.000446699122381666 0
1670639810789 0.0004441730934715023 0
1670639812594 0.0004416876004776179 0
1670639814286 0.0004392416437806856 0
1670639815957 0.0004547743619373439 0
1670639817737 0.0004689837177231247 0
1670639819365 0.000482032058121929 0
1670639821079 0.0004796207298179546 0
1670639822755 0.0004772425978489087 0
1670639824222 0.0004748970105693201 0
1670639825663 0.00047258332808529076 0
1670639827251 0.00047030092249923785 0
1670639828898 0.0004823792820219745 0
1670639830501 0.0004801346260141485 0
1670639832095 0.0004779187149592547 0
1670639833681 0.000475731024794845 0
1670639835157 0.00047357104013351993 0
1670639836698 0.00047143825444989716 0
1670639838242 0.0004693321702171441 0
1670639839690 0.000467252298999532 0
1670639841154 0.00046519816150669897 0
1670639842577 0.00046316928761464286 0
1670639844141 0.0004744317419556225 0
1670639845666 0.00047243020153023675 0
1670639847196 0.00047045212222306685 0
1670639848811 0.0004684971032137689 0
1670639850370 0.0004665647506038153 0
1670639851922 0.00046465467744421444 0
1670639853715 0.00046276650374246395 0
1670639855320 0.0004608998564513418 0
1670639856926 0.00045905436944185534 0
1670639858472 0.0004572296834624105 0
1670639860186 0.00045542544608603467 0
1670639861932 0.00045364131164729024 0
1670639863694 0.00045187694117032617 0
1670639865466 0.00045013200228936277 0
1670639867322 0.00044840616916275655 0
1670639869021 0.000446699122381666 0
1670639870756 0.00044501054887422366 0
1670639872320 0.0004433401418060212 0
1670639874165 0.0004416876004776179 0
1670639875844 0.0004400526302197078 0
1670639877502 0.0004384349422865036 0
1670639879274 0.0004368342537478321 0
1670639881038 0.0004352502873803775 0
1670639882957 0.0004336827715584602 0
1670639884571 0.0004321314401446855 0
1670639885977 0.0004305960323807624 0
1670639887705 0.00042907629277875103 0
1670639889292 0.0004275719710129665 0
1670639890830 0.0004260828218127361 0
1670639892491 0.00043653599456050746 0
1670639894255 0.0004350534537736369 0
1670639895683 0.00043358534192494756 0
1670639897486 0.0004321314401446856 0
1670639899160 0.0004306915337130579 0
1670639900896 0.0004405316969942476 0
1670639902754 0.00043909897433799805 0
1670639904387 0.00043767957658012437 0
1670639906195 0.00043627331144778297 0
1670639907922 0.0004348799900961306 0
1670639909692 0.0004334994270498531 0
1670639911498 0.00044278732428898384 0
1670639913284 0.0004414138930920671 0
1670639914981 0.0004400526302197078 0
1670639916382 0.00043870336885889084 0
1670639918050 0.00043736594500121915 0
1670639919727 0.0004360401973992205 0
1670639921233 0.0004347259675224774 0
1670639922755 0.0004334230995136795 0
1670639924499 0.0004422075435311167 0
1670639926189 0.0004409109684001737 0
1670639927751 0.00043962525894928554 0
1670639929546 0.00043835027416285095 0
1670639931188 0.0004370858752733506 0
1670639932713 0.00043583192572795395 0
1670639934349 0.0004345882911550202 0
1670639936158 0.0004333548393305549 0
1670639937734 0.00043213144014468555 0
1670639939155 0.0004309179655682037 0
1670639940841 0.00042971428961922583 0
1670639942405 0.0004285202883300137 0
1670639943895 0.000427335839713991 0
1670639945377 0.00042616082373299314 0
1670639946805 0.0004249951222647786 0
1670639948218 0.00042383861907083014 0
1670639949774 0.00042269119976446836 0
1670639951187 0.00042155275177929957 0
1670639952523 0.00042042316433801635 0
1670639953961 0.0004193023284215662 0
1670639955512 0.0004181901367387028 0
1670639957118 0.0004170864836959315 0
1670639958731 0.0004159912653678585 0
1670639960378 0.00041490437946795273 0
1670639961893 0.0004138257253197278 0
1670639963458 0.000412755203828348 0
1670639965004 0.00041169271745266435 0
1670639966522 0.00041063817017768234 0
1670639968010 0.0004095914674874645 0
1670639969503 0.0004085525163384688 0
1670639970929 0.0004075212251333225 0
1670639972512 0.0004064975036950327 0
1670639973964 0.00040548126324162963 0
1670639975375 0.0004044724163612447 0
1670639976702 0.00040347087698761736 0
1670639978082 0.0004024765603760314 0
1670639979524 0.00040148938307967404 0
1670639980850 0.000400509262926417 0
1670639982122 0.00039953611899601457 0
1670639983425 0.0003985698715977139 0
1670639984762 0.00039761044224827355 0
1670639986167 0.00039665775365038577 0
1670639987559 0.00039571172967149665 0
1670639988989 0.0003947722953230197 0
1670639990413 0.0003938393767399373 0
1670639991874 0.0003929129011607848 0
1670639993492 0.0004009984459467499 0
1670639995078 0.0004000704896449056 0
1670639996652 0.000399148796874718 0
1670639998231 0.0003982332997538368 0
1670639999798 0.00040596425983352403 0
1670640001287 0.00040504800000641666 0
1670640002755 0.0004041377621700613 0
1670640004229 0.0004032334829563199 0
1670640005722 0.0004023350998772958 0
1670640007201 0.0004014425513110738 0
1670640008734 0.0004368468125520971 0
1670640010261 0.0004358870091514266 0
1670640011850 0.00043493335608918026 0
1670640013407 0.0004339857901078326 0
1670640014949 0.0004330442488126537 0
1670640016508 0.00043210867065784816 0
1670640018019 0.00043853429241523837 0
