1670596122224 0.0001 0
1670596125195 0.0001 0
1670596127717 0.0001 0
1670596131040 0.0004 0
1670596134052 0.0002 0
1670596137042 0.0001 0
1670596139593 0.0001 0
1670596142336 0.0002 0
1670596145043 0.0001 0
1670596148035 0.0002 0
1670596150489 0.0 0
1670596153168 0.0 0
1670596155737 0.0001 0
1670596158810 0.0003 0
1670596161919 0.0002 0
1670596164760 0.0002 0
1670596167989 0.0001 0
1670596171283 0.0 0
1670596174222 0.0003 0
1670596177269 0.0002 0
1670596179879 0.0002 0
1670596182484 0.0001 0
1670596185692 0.0002 0
1670596188489 0.0001 0
1670596191449 0.0003 0
1670596194389 0.0006 0
1670596197624 0.0004 0
1670596200959 0.0001 0
1670596203776 0.0002 0
1670596206426 0.0004 0
1670596208740 0.0002 0
1670596211140 0.0003 0
1670596213647 0.0 0
1670596216530 0.0001 0
1670596219301 0.0002 0
1670596222198 0.0001 0
1670596225711 0.0002 0
1670596228602 0.0003 0
1670596231716 0.0004 0
1670596234545 0.0004 0
1670596237197 0.0004 0
1670596239814 0.0004 0
1670596242613 0.0001 0
1670596245441 0.0001 0
1670596248250 0.0 0
1670596250943 0.0003 0
1670596253687 0.0 0
1670596256497 0.0001 0
1670596259260 0.0001 0
1670596262509 0.0004 0
1670596265822 0.0004 0
1670596268501 0.0002 0
1670596271016 0.0002 0
1670596273575 0.0 0
1670596276509 0.0004 0
1670596279444 0.0 0
1670596282530 0.0005 0
1670596285471 0.0002 0
1670596288249 0.0001 0
1670596291154 0.0 0
1670596294094 0.0004 0
1670596296878 0.0002 0
1670596299383 0.0001 0
1670596302082 0.0002 0
1670596305020 0.0004 0
1670596308179 0.0003 0
1670596311157 0.0001 0
1670596314260 0.0003 0
1670596317287 0.0004 0
1670596320770 0.0004 0
1670596323954 0.0 0
1670596327078 0.0003 0
1670596329757 0.0002 0
1670596332603 0.0003 0
1670596336382 0.0001 0
1670596339382 0.0002 0
1670596342583 0.0001 0
1670596345844 0.0 0
1670596348679 0.0001 0
1670596351764 0.0002 0
1670596355029 0.0001 0
1670596357997 0.0002 0
1670596361242 0.0002 0
1670596364239 0.0001 0
1670596367209 0.0002 0
1670596370105 0.0001 0
1670596373217 0.0002 0
1670596376410 0.0001 0
1670596379503 0.0002 0
1670596382422 0.0002 0
1670596385388 0.0003 0
1670596388242 0.0001 0
1670596390980 0.0003 0
1670596393698 0.0001 0
1670596396947 0.0001 0
1670596399762 0.0001 0
1670596402902 0.0 0
1670596405940 0.0003 0
1670596409146 0.0002 0
1670596412268 0.0003 0
1670596415293 0.0002 0
1670596418072 0.0001 0
1670596421155 0.0003 0
1670596424379 0.0003 0
1670596427584 0.0002 0
1670596430515 0.0001 0
1670596433344 0.0001 0
1670596436116 0.0002 0
1670596438843 0.0002 0
1670596441667 0.0 0
1670596444472 0.0002 0
1670596447547 0.0003 0
1670596450106 0.0003 0
1670596452485 0.0003 0
1670596455517 0.0001 0
1670596458135 0.0001 0
1670596460809 0.0003 0
1670596463382 0.0004 0
1670596465903 0.0001 0
1670596468832 0.0002 0
1670596471518 0.0002 0
1670596474030 0.0 0
1670596476802 0.0003 0
1670596479570 0.0003 0
1670596482342 0.0 0
1670596485178 0.0 0
1670596488548 0.0001 0
1670596491918 0.0002 0
1670596495144 0.0001 0
1670596498198 0.0003 0
1670596501016 0.0004 0
1670596504454 0.0002 0
1670596507610 0.0007 0
1670596510231 0.0002 0
1670596513199 0.0 0
1670596515923 0.0004 0
1670596519387 0.0004 0
1670596522039 0.0 0
1670596525184 0.0002 0
1670596527964 0.0002 0
1670596530876 0.0002 0
1670596534017 0.0001 0
1670596537085 0.0001 0
1670596540100 0.0002 0
1670596542837 0.0001 0
1670596546354 0.0002 0
1670596549343 0.0001 0
1670596552204 0.0003 0
1670596555276 0.0003 0
1670596558675 0.0001 0
1670596561829 0.0005 0
1670596565152 0.0004 0
1670596568355 0.0004 0
1670596571375 0.0002 0
1670596574485 0.0003 0
1670596577273 0.0003 0
1670596580459 0.0003 0
1670596583662 0.0 0
1670596586657 0.0003 0
