1670637612004 0.05671245409560285 0
1670637644095 0.057149508747307 0
1670637744135 0.057374139840648014 0
1670637774626 0.05652489614185886 0
1670637827094 0.05576755828617526 0
1670637856864 0.05539237032308562 0
1670637889700 0.057364198625688194 0
1670637919513 0.057243702256751364 0
1670637950651 0.05791453988669936 0
1670637980406 0.05791660126500017 0
1670638010137 0.05955807166757614 0
1670638067219 0.057549098701910016 0
1670638101197 0.05712760421559271 0
1670638135469 0.062280402665864584 0
1670638168720 0.059725533758275676 0
1670638201215 0.05925634722149825 0
1670638263892 0.05489735419381485 0
1670638297434 0.055854507381049384 0
1670638326954 0.05575669193970917 0
1670638356781 0.05709814523757709 0
1670638386201 0.05868790972149868 0
1670638417762 0.05776911707697344 0
1670638444502 0.053416275647898345 0
1670638471153 0.05752108682757845 0
1670638497866 0.05771539182848634 0
1670638524478 0.057623755431000664 0
1670638564837 0.05593639264620846 0
1670638625215 0.0584247409113748 0
1670638652151 0.057832672936227014 0
1670638688298 0.058931274397875585 0
