1670593250883 0.0042354015788107005 0
1670593251767 0.004875402273340189 0
1670593252870 0.0031379343745820487 0
1670593253750 0.002617657548636748 0
1670593254615 0.0029267361688512486 0
1670593255682 0.0025950149696550174 0
1670593256522 0.002665670329846803 0
1670593257350 0.0024516582049331215 0
1670593258469 0.002473475739642462 0
1670593259481 0.0023232939569378594 0
1670593260602 0.00232968885353648 0
1670593261654 0.002267952322962643 0
1670593262633 0.0031473605530996946 0
1670593263681 0.0031701451740570154 0
1670593264561 0.003054612941050452 0
1670593265506 0.0030567831157932808 0
1670593266429 0.003188510484529849 0
1670593267362 0.0030943399842168293 0
1670593268192 0.0030378906089333175 0
1670593269109 0.003121534702815145 0
1670593270093 0.003108420858916481 0
1670593270966 0.0030769024124789506 0
1670593271914 0.0031802379291801346 0
1670593272780 0.00311045939689201 0
1670593273614 0.003048300766729996 0
1670593274444 0.0032947005121392835 0
1670593275290 0.003262202607223534 0
1670593276150 0.0032007224215703004 0
1670593277273 0.0030115837777224944 0
1670593278239 0.002967894092484151 0
1670593279238 0.002921741801921939 0
1670593280235 0.002903710339622774 0
1670593281099 0.002864825101637921 0
1670593282203 0.0028470886272143753 0
1670593283019 0.0028083999735346987 0
1670593283961 0.002791869514885412 0
1670593284778 0.0028078314289595244 0
1670593285989 0.00277332586519524 0
1670593286840 0.002740642090159102 0
1670593288105 0.00270908077214483 0
1670593289047 0.0027230164987456173 0
1670593289976 0.002693327179583983 0
1670593291036 0.00280092540414432 0
1670593291991 0.002910031366813985 0
1670593293179 0.002916351767281602 0
1670593294124 0.0028872818579659017 0
1670593295268 0.0028590584684841302 0
1670593296458 0.0028421691270034913 0
1670593297373 0.0028532719806953688 0
1670593298590 0.00282685351663279 0
1670593299791 0.0028011517532557156 0
1670593300708 0.0027870604552691805 0
1670593301588 0.0027947372719912943 0
1670593302694 0.002771145797423321 0
1670593303829 0.0027598989627570574 0
1670593305130 0.002798739870463862 0
1670593306280 0.002804029527198898 0
1670593307560 0.002780773278158819 0
1670593308830 0.002785121414364151 0
1670593310101 0.002764638972169038 0
1670593311232 0.002742732080070406 0
1670593312277 0.0027292295892217084 0
1670593313355 0.0027102963398279024 0
1670593314436 0.0026897908377597445 0
1670593315580 0.0027040963563197537 0
1670593316760 0.002685918309537428 0
1670593318088 0.002810632505607818 0
1670593319120 0.002815801996439414 0
1670593320287 0.0028247273380972004 0
1670593321137 0.002805540517221137 0
1670593322324 0.0028391906609092476 0
1670593323317 0.002845693652732514 0
1670593324594 0.0028355280184792545 0
1670593325665 0.0028646184679665832 0
1670593326856 0.0028537754960765785 0
1670593327963 0.0030488276176540144 0
1670593328819 0.003037444281948327 0
1670593329759 0.003061155471821745 0
1670593330862 0.0030492946269416797 0
1670593331936 0.0030507526640762544 0
1670593333117 0.0030406834487785037 0
1670593334373 0.003030619735737322 0
1670593335676 0.0030205674382096774 0
1670593336847 0.0030227520860441935 0
1670593337993 0.003013108930773158 0
1670593339403 0.003015168965916991 0
1670593340566 0.003038591448485402 0
1670593341560 0.0030282099723268744 0
1670593342826 0.003017876270537418 0
1670593343954 0.003320744787693823 0
1670593345036 0.003303937693374286 0
1670593346346 0.0032938600837009377 0
1670593347462 0.00327661737361263 0
1670593348491 0.0032642241353045155 0
1670593349713 0.0032618109633415385 0
1670593351228 0.0032644325772741584 0
1670593352571 0.0032489264657710767 0
1670593353661 0.0032371910577390674 0
1670593355095 0.0032212385560457684 0
1670593356026 0.0032239496576530074 0
1670593357168 0.003222299273640126 0
