1670634858123 0.0005 0
1670634863709 0.0001 0
1670634869278 0.0003 0
1670634874907 0.0001 0
1670634880567 0.0001 0
1670634885898 0.0003 0
1670634891490 0.0002 0
1670634897273 0.0003 0
1670634902810 0.0001 0
1670634908238 0.0007 0
1670634913990 0.0003 0
1670634920703 0.0004 0
1670634926232 0.0004 0
1670634931955 0.0005 0
1670634937509 0.0004 0
1670634942888 0.0001 0
1670634947881 0.0003 0
1670634953088 0.0006 0
1670634958357 0.0002 0
1670634964003 0.0003 0
1670634969956 0.0005 0
1670634975550 0.0007 0
1670634980889 0.0001 0
1670634985985 0.0002 0
1670634991322 0.0 0
1670634996538 0.0003 0
1670635002268 0.0002 0
1670635007802 0.0004 0
1670635012939 0.0006 0
1670635017686 0.0007 0
1670635022613 0.0006 0
1670635027662 0.0004 0
1670635032613 0.0005 0
1670635037980 0.0002 0
1670635043539 0.0005 0
1670635049075 0.0001 0
1670635054568 0.0004 0
1670635060004 0.0001 0
1670635065414 0.0004 0
1670635071221 0.0002 0
1670635077023 0.0007 0
1670635083344 0.0004 0
1670635089483 0.0 0
1670635094942 0.0004 0
1670635100720 0.0004 0
1670635106543 0.0005 0
1670635112363 0.0002 0
1670635117749 0.0 0
1670635123076 0.0004 0
1670635128547 0.0002 0
1670635133748 0.0005 0
1670635139949 0.0 0
1670635145308 0.0004 0
1670635150474 0.0004 0
1670635156034 0.0005 0
1670635161632 0.0004 0
1670635166861 0.0007 0
1670635172264 0.0001 0
1670635177690 0.0005 0
1670635183529 0.0002 0
1670635189158 0.0003 0
1670635194923 0.0002 0
1670635200093 0.0003 0
1670635205296 0.0001 0
1670635210811 0.0002 0
1670635216232 0.0003 0
1670635221457 0.0005 0
1670635226856 0.0001 0
1670635232386 0.0003 0
1670635238154 0.0002 0
1670635243556 0.0003 0
1670635248979 0.0004 0
1670635254434 0.0002 0
1670635260009 0.0006 0
1670635265077 0.0005 0
1670635269531 0.0004 0
1670635274256 0.0004 0
1670635279573 0.0002 0
1670635284834 0.0001 0
1670635289915 0.0003 0
1670635295233 0.0003 0
1670635300558 0.0002 0
1670635305339 0.0006 0
1670635310704 0.0002 0
1670635315703 0.0001 0
1670635320690 0.0004 0
1670635325904 0.0003 0
1670635331244 0.0 0
1670635336550 0.0001 0
1670635342370 0.0002 0
1670635347631 0.0003 0
1670635352839 0.0003 0
1670635357829 0.0001 0
1670635362763 0.0004 0
1670635367764 0.0005 0
1670635372618 0.0001 0
1670635377356 0.0002 0
1670635382347 0.0004 0
1670635387350 0.0007 0
1670635391901 0.0002 0
1670635396408 0.0003 0
1670635401320 0.0005 0
1670635405887 0.0002 0
1670635410394 0.0001 0
1670635415029 0.0004 0
1670635419484 0.0003 0
1670635424025 0.0006 0
1670635428815 0.0001 0
1670635433758 0.0003 0
1670635438820 0.0007 0
1670635443373 0.0002 0
1670635447779 0.0006 0
1670635453018 0.0006 0
1670635457982 0.0004 0
1670635461798 0.0003 0
1670635466013 0.0005 0
1670635470127 0.0003 0
1670635474201 0.0002 0
1670635478440 0.0004 0
1670635482572 0.0002 0
1670635487336 0.0003 0
1670635492166 0.0002 0
1670635497292 0.0003 0
1670635502433 0.0003 0
1670635507537 0.0007 0
1670635512590 0.0003 0
1670635517638 0.0004 0
1670635522686 0.0001 0
1670635527822 0.0005 0
1670635532218 0.0002 0
1670635536662 0.0004 0
1670635541060 0.0002 0
1670635545771 0.0001 0
1670635550361 0.0004 0
1670635555397 0.0004 0
1670635560441 0.0004 0
1670635565556 0.0003 0
1670635570621 0.0001 0
1670635575740 0.0003 0
1670635580780 0.0008 0
1670635585819 0.0003 0
1670635590934 0.0001 0
1670635596024 0.0003 0
1670635600330 0.0005 0
1670635604421 0.0004 0
1670635608643 0.0006 0
1670635612876 0.0003 0
1670635617003 0.0003 0
1670635621114 0.0007 0
1670635625212 0.0006 0
1670635629374 0.0005 0
1670635633352 0.0004 0
1670635637486 0.0005 0
1670635641615 0.0005 0
1670635645755 0.0001 0
1670635649495 0.0003 0
1670635653651 0.0005 0
1670635657495 0.0003 0
1670635661236 0.0004 0
1670635665183 0.0003 0
1670635669715 0.0003 0
1670635674166 0.0002 0
1670635678216 0.0004 0
1670635682154 0.0004 0
1670635686232 0.0003 0
1670635690226 0.0002 0
1670635694170 0.0006 0
1670635698320 0.0004 0
1670635702462 0.0001 0
1670635706580 0.0002 0
1670635710873 0.0003 0
1670635715099 0.0003 0
1670635719174 0.0003 0
1670635723350 0.0001 0
1670635727566 0.0004 0
1670635732328 0.0002 0
1670635736571 0.0002 0
1670635741034 0.0004 0
1670635745210 0.0002 0
1670635749328 0.0005 0
1670635753442 0.0001 0
1670635757233 0.0006 0
1670635761552 0.0004 0
1670635765921 0.0003 0
1670635770557 0.0006 0
1670635775213 0.0004 0
1670635779926 0.0006 0
1670635783380 0.0001 0
1670635787207 0.0002 0
1670635790907 0.0005 0
1670635794934 0.0004 0
1670635799145 0.0002 0
1670635803211 0.0001 0
1670635807319 0.0006 0
1670635811878 0.0 0
1670635816751 0.0005 0
1670635822051 0.0004 0
1670635826950 0.0004 0
1670635831819 0.0003 0
1670635836710 0.0002 0
1670635841721 0.0002 0
1670635846675 0.0002 0
1670635851311 0.0007 0
1670635856403 0.0007 0
1670635861370 0.0002 0
1670635866541 0.0001 0
1670635871535 0.0002 0
1670635876628 0.0001 0
1670635881541 0.0003 0
1670635885906 0.0005 0
1670635891050 0.0005 0
1670636638403 0.0003 0
1670636643519 0.0001 0
1670636648791 0.0001 0
1670636653699 0.001 0
