1670624254849 0.0 0
1670624264080 0.0 0
1670624273176 0.0 0
1670624281776 0.0 0
1670624290551 0.0 0
1670624299319 0.0 0
1670624307503 0.0 0
1670624315899 0.0 0
1670624324893 0.0 0
1670624333682 0.0 0
1670624342279 0.0 0
1670624350426 0.0 0
1670624359413 0.0 0
1670624368270 0.0 0
1670624376772 0.0 0
1670624385766 0.0 0
1670624394880 0.0 0
1670624404064 0.0 0
1670624413002 0.0 0
1670624421996 0.0 0
1670624430875 0.0 0
1670624439685 0.0 0
1670624448894 0.0 0
1670624457847 0.0 0
1670624466451 0.0 0
1670624475020 0.0 0
1670624483525 0.0 0
1670624491881 0.0 0
1670624500065 0.0 0
1670624508835 0.0 0
1670624517638 0.0 0
1670624526327 0.0 0
1670624535232 0.0 0
1670624543838 0.0 0
1670624552791 0.0 0
1670624561413 0.0 0
1670624569941 0.0 0
1670624578396 0.0 0
1670624586780 0.0 0
1670624595651 0.0 0
1670624604409 0.0 0
1670624613008 0.0 0
1670624621252 0.0 0
1670624629860 0.0 0
1670624638514 0.0 0
1670624646991 0.0 0
1670624655666 0.0 0
1670624664682 0.0 0
1670624673688 0.0 0
1670624682235 0.0 0
1670624691062 0.0 0
1670624700367 0.0 0
1670624708633 0.0 0
1670624716957 0.0 0
1670624725559 0.0 0
1670624733883 0.0 0
1670624742220 0.0 0
1670624750674 0.0 0
1670624759357 0.0 0
1670624767835 0.0 0
1670624776223 0.0 0
1670624784674 0.0 0
1670624793736 0.0 0
1670624802764 0.0 0
1670624811569 0.0 0
1670624820465 0.0 0
1670624828992 0.0 0
1670624837239 0.0 0
1670624845432 0.0 0
1670624853532 0.0 0
1670624862155 0.0 0
1670624870859 0.0 0
1670624879656 0.0 0
1670624888369 0.0 0
1670624897052 0.0 0
1670624906177 0.0 0
1670624914731 0.0 0
1670624923632 0.0 0
1670624931931 0.0 0
1670624940781 0.0 0
1670624949463 0.0 0
1670624957982 0.0 0
1670624966382 0.0 0
1670624975066 0.0 0
1670624983542 0.0 0
1670624992242 0.0 0
1670625000867 0.0 0
1670625009710 0.0 0
1670625018552 0.0 0
1670625027054 0.0 0
1670625035866 0.0 0
1670625044565 0.0 0
1670625052954 0.0 0
1670625061459 0.0 0
1670625070251 0.0 0
1670625079784 0.0 0
1670625088045 0.0 0
1670625096605 0.0 0
1670625105208 0.0 0
1670625113626 0.0 0
1670625121355 0.0 0
