1670618444703 0.0 0
1670618449094 0.0 0
1670618453654 0.0 0
1670618458212 0.0 0
1670618462979 0.0 0
1670618467724 0.0 0
1670618472485 0.00014285714285714287 0
1670618477270 0.0 0
1670618481993 0.0 0
1670618486704 0.0 0
1670618491473 0.0 0
1670618496233 0.00014285714285714287 0
1670618501203 0.0 0
1670618505635 0.00028571428571428574 0
1670618509937 0.0 0
1670618514516 0.0 0
1670618519114 0.0 0
1670618523700 0.0 0
1670618528271 0.0 0
1670618532791 0.0 0
1670618536901 0.0 0
1670618541297 0.00014285714285714287 0
1670618545618 0.0 0
1670618549980 0.0 0
1670618554375 0.0 0
1670618558732 0.0 0
1670618563090 0.0 0
1670618567400 0.0 0
1670618571723 0.0 0
1670618576026 0.0 0
1670618580336 0.0 0
1670618584637 0.0 0
1670618589266 0.0 0
1670618593817 0.0 0
1670618598336 0.0 0
1670618602966 0.0 0
1670618607589 0.00014285714285714287 0
1670618612213 0.0 0
1670618616859 0.0 0
1670618621537 0.0 0
1670618626162 0.00014285714285714287 0
1670618630802 0.0 0
1670618635512 0.0 0
1670618640139 0.0 0
1670618644730 0.0 0
1670618648710 0.0 0
1670618652099 0.0 0
1670618656342 0.00014285714285714287 0
1670618660936 0.0 0
1670618665597 0.0 0
1670618670357 0.0 0
1670618674880 0.0 0
1670618679079 0.0 0
1670618683305 0.00028571428571428574 0
1670618687450 0.0 0
1670618691633 0.0 0
1670618695756 0.0 0
1670618699907 0.00014285714285714287 0
1670618704050 0.0 0
1670618708171 0.0 0
1670618712322 0.0 0
1670618716454 0.0 0
1670618720638 0.00014285714285714287 0
1670618724780 0.0 0
1670618728881 0.0 0
1670618732980 0.0 0
1670618737100 0.00014285714285714287 0
1670618741224 0.0 0
1670618745734 0.0 0
1670618750833 0.0 0
1670618756303 0.0 0
1670618761348 0.0 0
1670618766255 0.0 0
1670618770815 0.0 0
1670618775271 0.0 0
1670618779946 0.0 0
1670618784750 0.0 0
1670618789581 0.0 0
1670618794172 0.0 0
1670618798876 0.0 0
1670618803708 0.0 0
1670618808502 0.0 0
1670618813560 0.0 0
1670618818831 0.0 0
1670618824012 0.0 0
1670618828490 0.0 0
1670618833603 0.00014285714285714287 0
1670618838687 0.0 0
1670618843411 0.0 0
1670618848141 0.00014285714285714287 0
1670618852883 0.00014285714285714287 0
1670618857680 0.0 0
1670618862459 0.0 0
1670618867166 0.0 0
1670618872362 0.0 0
1670618877257 0.00014285714285714287 0
1670618882252 0.0 0
1670618887130 0.0 0
1670618891723 0.0 0
1670618896926 0.0 0
1670618901986 0.00014285714285714287 0
1670618906899 0.0 0
1670618911658 0.0 0
1670618916614 0.0 0
1670618921631 0.00014285714285714287 0
1670618926835 0.0 0
1670618931690 0.0 0
1670618936588 0.0 0
1670618941568 0.00014285714285714287 0
1670618946491 0.0 0
1670618951542 0.0 0
1670618956687 0.0 0
1670618961547 0.0 0
1670618966242 0.00014285714285714287 0
1670618971371 0.0 0
1670618976439 0.00014285714285714287 0
1670618981490 0.0 0
1670618986651 0.0 0
1670618991626 0.0 0
1670618996648 0.0 0
1670619001829 0.00014285714285714287 0
1670619007403 0.0 0
1670619012562 0.0 0
1670619017441 0.0 0
1670619022480 0.00014285714285714287 0
1670619027433 0.00028571428571428574 0
1670619032446 0.0 0
1670619037509 0.0 0
