1670608360628 0.0044 0
1670608362876 0.0029 0
1670608366456 0.004 0
1670608369342 0.005 0
1670608372316 0.0044 0
1670608374927 0.003 0
1670608378012 0.0048 0
1670608381114 0.005 0
1670608383373 0.004 0
1670608385374 0.0037 0
1670608387977 0.0052 0
1670608391627 0.0048 0
1670608394846 0.004 0
1670608397580 0.0043 0
1670608400278 0.0041 0
1670608403219 0.0051 0
1670608405363 0.0037 0
1670608408766 0.0041 0
1670608411382 0.0036 0
1670608414066 0.0035 0
1670608417004 0.0041 0
1670608419873 0.0042 0
1670608422443 0.0054 0
1670608425008 0.0048 0
1670608427109 0.0044 0
1670608429455 0.004 0
1670608431906 0.0042 0
1670608435121 0.0052 0
1670608437681 0.0039 0
1670608440523 0.0037 0
1670608443084 0.0028 0
1670608446154 0.0049 0
1670608449297 0.0044 0
1670608451449 0.004 0
1670608454645 0.0039 0
1670608457564 0.0048 0
1670608460376 0.0032 0
1670608462844 0.004 0
1670608465281 0.0029 0
1670608467518 0.0038 0
1670608469727 0.0036 0
1670608471956 0.0046 0
1670608474380 0.0041 0
1670608476645 0.003 0
1670608479645 0.0035 0
1670608482402 0.0038 0
1670608484470 0.0042 0
1670608486516 0.0029 0
1670608489219 0.0044 0
1670608491735 0.0044 0
1670608493886 0.0029 0
1670608496252 0.005 0
1670608499044 0.005 0
1670608502237 0.0048 0
1670608504714 0.0044 0
1670608507875 0.0046 0
1670608511043 0.0045 0
1670608514010 0.0066 0
1670608516747 0.005 0
1670608519600 0.0038 0
1670608522308 0.0032 0
1670608525093 0.0037 0
1670608527744 0.0039 0
1670608530005 0.0037 0
1670608532493 0.0046 0
1670608535110 0.0048 0
1670608537431 0.0042 0
1670608540126 0.004 0
1670608542418 0.0036 0
1670608544449 0.0034 0
1670608546916 0.0046 0
1670608550002 0.004 0
1670608552666 0.0043 0
1670608555485 0.0044 0
1670608557586 0.0043 0
1670608559668 0.0046 0
1670608562768 0.0034 0
1670608565954 0.0058 0
1670608568153 0.0029 0
1670608570749 0.0051 0
1670608573220 0.0033 0
1670608575063 0.004 0
1670608577796 0.0048 0
1670608580519 0.0056 0
1670608582796 0.0037 0
1670608586348 0.0045 0
1670608588643 0.0036 0
1670608591655 0.0036 0
1670608594068 0.0037 0
1670608596605 0.0034 0
1670608599710 0.0034 0
1670608602169 0.0043 0
1670608604945 0.0036 0
1670608607793 0.0027 0
1670608610848 0.0039 0
1670608613143 0.0035 0
1670608615696 0.0049 0
1670608618339 0.0043 0
1670608621571 0.0041 0
1670608624547 0.005 0
1670608626928 0.0047 0
1670608629958 0.0045 0
1670608632941 0.0045 0
1670608635855 0.0047 0
