1670571981677 0.0003333333333333333 0
1670571982374 0.0003333333333333333 0
1670571982943 0.0 0
1670571983833 0.0 0
1670571984602 0.0003333333333333333 0
1670571985315 0.0006666666666666666 0
1670571986049 0.0006666666666666666 0
1670571986705 0.0003333333333333333 0
1670571987483 0.0003333333333333333 0
1670571988142 0.0006666666666666666 0
1670571989001 0.0003333333333333333 0
1670571989799 0.0003333333333333333 0
1670571990546 0.0003333333333333333 0
1670571991395 0.0006666666666666666 0
1670571992161 0.0 0
1670571993070 0.0003333333333333333 0
1670571993776 0.0 0
1670571994436 0.0 0
1670571995099 0.0003333333333333333 0
1670571995905 0.0006666666666666666 0
1670571996513 0.001 0
1670571997278 0.001 0
1670571997956 0.0003333333333333333 0
1670571998496 0.0 0
1670571999190 0.0003333333333333333 0
1670571999704 0.0 0
1670572000274 0.0006666666666666666 0
1670572000844 0.0 0
1670572001424 0.0006666666666666666 0
1670572002062 0.0013333333333333333 0
1670572002850 0.0 0
1670572003596 0.0006666666666666666 0
1670572004545 0.0 0
1670572005372 0.0 0
1670572006096 0.0003333333333333333 0
1670572006892 0.0006666666666666666 0
1670572007752 0.0003333333333333333 0
1670572008703 0.0 0
1670572009446 0.001 0
1670572010333 0.0 0
1670572011014 0.0003333333333333333 0
1670572011676 0.0003333333333333333 0
1670572012341 0.0003333333333333333 0
1670572013042 0.0006666666666666666 0
1670572013881 0.0 0
1670572014702 0.001 0
1670572015407 0.0003333333333333333 0
1670572016042 0.0003333333333333333 0
1670572016736 0.0 0
1670572017218 0.0006666666666666666 0
1670572017845 0.0003333333333333333 0
1670572018545 0.0003333333333333333 0
1670572019298 0.0003333333333333333 0
1670572020032 0.0003333333333333333 0
1670572020686 0.0003333333333333333 0
1670572021412 0.0003333333333333333 0
1670572022051 0.0003333333333333333 0
1670572022913 0.0 0
1670572023543 0.0003333333333333333 0
1670572024168 0.0003333333333333333 0
1670572025173 0.0 0
1670572026060 0.0 0
1670572026776 0.0003333333333333333 0
1670572027572 0.0003333333333333333 0
1670572028381 0.0 0
1670572028964 0.0 0
1670572029652 0.0003333333333333333 0
1670572030322 0.0006666666666666666 0
1670572030951 0.0006666666666666666 0
1670572031623 0.0003333333333333333 0
1670572032303 0.0 0
1670572033088 0.0016666666666666668 0
1670572033797 0.0 0
1670572034460 0.0003333333333333333 0
1670572035287 0.0006666666666666666 0
1670572036035 0.0003333333333333333 0
1670572036667 0.0003333333333333333 0
1670572037405 0.0006666666666666666 0
1670572038208 0.0 0
1670572038920 0.0006666666666666666 0
1670572039624 0.0 0
1670572040336 0.0003333333333333333 0
1670572040968 0.0 0
1670572041729 0.001 0
1670572042528 0.0003333333333333333 0
1670572043191 0.0003333333333333333 0
1670572043902 0.0003333333333333333 0
1670572044611 0.0 0
1670572045281 0.0003333333333333333 0
1670572045975 0.0003333333333333333 0
1670572046686 0.0 0
1670572047415 0.0 0
1670572048133 0.0 0
1670572048802 0.0003333333333333333 0
1670572049445 0.0 0
1670572050155 0.0006666666666666666 0
1670572050859 0.0 0
1670572051575 0.0006666666666666666 0
1670572052312 0.0013333333333333333 0
1670572053004 0.0003333333333333333 0
1670572053774 0.0 0
1670572054459 0.0003333333333333333 0
