1670625689385 0.07 0
1670625696600 0.068 0
1670625704245 0.07142857142857142 0
1670625712006 0.07414285714285715 0
1670625719193 0.06985714285714285 0
1670625726919 0.07057142857142858 0
1670625734417 0.07342857142857143 0
1670625742020 0.07671428571428572 0
1670625749740 0.07285714285714286 0
1670625757284 0.07014285714285715 0
1670625764817 0.06971428571428571 0
1670625772339 0.06914285714285714 0
1670625779846 0.06357142857142857 0
1670625787689 0.072 0
1670625795360 0.07942857142857143 0
1670625802657 0.06485714285714286 0
1670625809915 0.06871428571428571 0
1670625817101 0.07285714285714286 0
1670625824299 0.07557142857142857 0
1670625831357 0.07142857142857142 0
1670625838308 0.07057142857142858 0
1670625845489 0.07114285714285715 0
1670625852771 0.06814285714285714 0
1670625861088 0.07142857142857142 0
1670625869079 0.07771428571428571 0
1670625876989 0.072 0
1670625884808 0.06814285714285714 0
1670625892341 0.07342857142857143 0
1670625899592 0.076 0
1670625907110 0.07014285714285715 0
1670625914425 0.073 0
1670625922000 0.07242857142857143 0
1670625929575 0.06728571428571428 0
1670625937014 0.06742857142857143 0
1670625944678 0.07271428571428572 0
1670625952212 0.074 0
1670625960054 0.07728571428571429 0
1670625968059 0.07342857142857143 0
1670625975992 0.07428571428571429 0
1670625983716 0.07357142857142857 0
1670625991303 0.06885714285714285 0
1670625999021 0.07171428571428572 0
1670626006732 0.07528571428571429 0
1670626014324 0.07485714285714286 0
1670626022109 0.07042857142857142 0
1670626029947 0.07442857142857143 0
1670626037741 0.07442857142857143 0
1670626044945 0.07128571428571429 0
1670626052222 0.06671428571428571 0
1670626059550 0.07328571428571429 0
1670626067268 0.07428571428571429 0
1670626074710 0.07228571428571429 0
1670626082182 0.07471428571428572 0
1670626089449 0.07071428571428572 0
1670626097247 0.07242857142857143 0
1670626104671 0.06928571428571428 0
1670626112164 0.07985714285714286 0
1670626119693 0.07228571428571429 0
1670626127081 0.08014285714285714 0
1670626134403 0.07642857142857143 0
1670626142120 0.07485714285714286 0
1670626149364 0.08114285714285714 0
1670626156770 0.07542857142857143 0
1670626164163 0.07428571428571429 0
1670626171503 0.06657142857142857 0
1670626178950 0.06985714285714285 0
1670626186319 0.07057142857142858 0
1670626193840 0.07185714285714286 0
1670626201320 0.07014285714285715 0
1670626208905 0.07028571428571428 0
1670626216474 0.07128571428571429 0
1670626224305 0.08257142857142857 0
1670626231825 0.06557142857142857 0
1670626239110 0.07414285714285715 0
1670626246340 0.06671428571428571 0
1670626253557 0.06785714285714285 0
1670626260792 0.06785714285714285 0
1670626268044 0.07657142857142857 0
1670626275935 0.07485714285714286 0
1670626283359 0.07214285714285715 0
1670626290630 0.07657142857142857 0
1670626298098 0.06828571428571428 0
1670626305629 0.06485714285714286 0
1670626313290 0.07371428571428572 0
1670626320841 0.078 0
1670626328297 0.07128571428571429 0
1670626335893 0.06885714285714285 0
1670626343368 0.07385714285714286 0
1670626350904 0.06871428571428571 0
1670626358361 0.07671428571428572 0
1670626365883 0.069 0
1670626373707 0.06671428571428571 0
1670626381607 0.06871428571428571 0
1670626389408 0.077 0
1670626397382 0.068 0
1670626405188 0.07428571428571429 0
1670626412834 0.07014285714285715 0
1670626420566 0.068 0
1670626428207 0.07142857142857142 0
1670626434922 0.07242857142857143 0
1670626442344 0.07342857142857143 0
1670626449746 0.07328571428571429 0
