1670587250378 0.0 0
1670587252234 0.0 0
1670587254451 0.0 0
1670587256797 0.0 0
1670587258539 0.0 0
1670587260405 0.0 0
1670587262730 0.0 0
1670587264718 0.0 0
1670587266728 0.0 0
1670587268473 0.0 0
1670587270193 0.0 0
1670587271941 0.0 0
1670587273949 0.0 0
1670587275889 0.0 0
1670587277654 0.0 0
1670587279643 0.0 0
1670587281694 0.0 0
1670587283360 0.0 0
1670587285175 0.0 0
1670587287263 0.0 0
1670587289193 0.0 0
1670587291030 0.0 0
1670587293188 0.0 0
1670587295269 0.0 0
1670587297197 0.0 0
1670587299245 0.0 0
1670587301388 0.0 0
1670587303090 0.0 0
1670587305060 0.0 0
1670587306839 0.0 0
1670587308748 0.0 0
1670587310925 0.0 0
1670587312825 0.0 0
1670587315007 0.0 0
1670587316923 0.0 0
1670587319046 0.0 0
1670587321115 0.0 0
1670587323248 0.0 0
1670587325356 0.0 0
1670587327417 0.0 0
1670587329397 0.0 0
1670587331116 0.0 0
1670587332951 0.0 0
1670587334862 0.0 0
1670587336877 0.0 0
1670587338709 0.0 0
1670587340609 0.0 0
1670587342793 0.0 0
1670587344858 0.0 0
1670587347018 0.0 0
1670587348920 0.0 0
1670587351102 0.0 0
1670587353114 0.0 0
1670587355137 0.0 0
1670587357221 0.0 0
1670587359397 0.0 0
1670587361843 0.0 0
1670587363644 0.0 0
1670587365802 0.0 0
1670587368161 0.0 0
1670587370239 0.0 0
1670587372348 0.0 0
1670587374506 0.0 0
1670587376826 0.0 0
1670587378998 0.0 0
1670587381127 0.0 0
1670587383249 0.0 0
1670587385284 0.0 0
1670587387392 0.0 0
1670587389129 0.0 0
1670587391013 0.0 0
1670587392612 0.0 0
1670587394673 0.0 0
1670587396401 0.0 0
1670587398465 0.0 0
1670587400254 0.0 0
1670587402217 0.0 0
1670587404092 0.0 0
1670587406166 0.0 0
1670587407969 0.0 0
1670587409777 0.0 0
1670587411631 0.0 0
1670587413245 0.0 0
1670587415020 0.0 0
1670587416768 0.0 0
1670587418630 0.0 0
1670587420802 0.0 0
1670587422617 0.0 0
1670587424508 0.0 0
1670587426213 0.0 0
1670587428147 0.0 0
1670587429959 0.0 0
1670587431659 0.0 0
1670587433534 0.0 0
1670587435551 0.0 0
1670587437625 0.0 0
1670587439652 0.0 0
1670587441488 0.0 0
1670587443327 0.0 0
1670587445141 0.0 0
1670587446952 0.0 0
