1670630068964 0.0 0
1670630070580 0.0 0
1670630072433 0.0 0
1670630074163 0.0 0
1670630075959 0.0 0
1670630077705 0.0 0
1670630079331 0.0 0
1670630081032 0.0 0
1670630082800 0.0 0
1670630084663 0.0 0
1670630086358 0.0 0
1670630088155 0.0 0
1670630089926 0.0 0
1670630091713 0.0 0
1670630093487 0.0 0
1670630095298 0.0 0
1670630097106 0.0 0
1670630098924 0.0 0
1670630100694 0.0 0
1670630102413 0.0 0
1670630104114 0.0 0
1670630105772 0.0 0
1670630107324 0.0 0
1670630109003 0.0 0
1670630110734 0.0 0
1670630112444 0.0 0
1670630114107 0.0 0
1670630115883 0.0 0
1670630117623 0.0 0
1670630119349 0.0 0
1670630121117 0.0 0
1670630122902 0.0 0
1670630124643 0.0 0
1670630126295 0.0 0
1670630128015 0.0 0
1670630129606 0.0 0
1670630131177 0.0 0
1670630132602 0.0 0
1670630134456 0.0 0
1670630136267 0.0 0
1670630137947 0.0 0
1670630139718 0.0 0
1670630141319 0.0 0
1670630142913 0.0 0
1670630144438 0.0 0
1670630146196 0.0 0
1670630147968 0.0 0
1670630149452 0.0 0
1670630151001 0.0 0
1670630152616 0.0 0
1670630154293 0.0 0
1670630155981 0.0 0
1670630157750 0.0 0
1670630159430 0.0 0
1670630161160 0.0 0
1670630162780 0.0 0
1670630164266 0.0 0
1670630166104 0.0 0
1670630167909 0.0 0
1670630169587 0.0 0
1670630171388 0.0 0
1670630173072 0.0 0
1670630174725 0.0 0
1670630176373 0.0 0
1670630177972 0.0 0
1670630179792 0.0 0
1670630181410 0.0 0
1670630183045 0.0 0
1670630184696 0.0 0
1670630186267 0.0 0
1670630187746 0.0 0
1670630189360 0.0 0
1670630191110 0.0 0
1670630192787 0.0 0
1670630194445 0.0 0
1670630195939 0.0 0
1670630197571 0.0 0
1670630199072 0.0 0
1670630200636 0.0 0
1670630202197 0.0 0
1670630204070 0.0 0
1670630205880 0.0 0
1670630207788 0.0 0
1670630209607 0.0 0
1670630211108 0.0 0
1670630212831 0.0 0
1670630214597 0.0 0
1670630216208 0.0 0
1670630218074 0.0 0
1670630219744 0.0 0
1670630221390 0.0 0
1670630222997 0.0 0
1670630224505 0.0 0
1670630225964 0.0 0
1670630227513 0.0 0
1670630229170 0.0 0
1670630230795 0.0 0
1670630232480 0.0 0
1670630234097 0.0 0
1670630235908 0.0 0
1670630237738 0.0 0
1670630239493 0.0 0
