1670567667838 0.0025412409472868047 0
1670567671110 0.003320453750053187 0
1670567674523 0.0024855700224436506 0
1670567677627 0.002181939652679765 0
1670567680009 0.0018457342453862546 0
1670567682731 0.0032851092276975358 0
1670567685199 0.0030597680453385845 0
1670567687357 0.002950012253969292 0
1670567690867 0.0027535201489871097 0
1670567694652 0.003118078803137858 0
1670567698358 0.003646970348825551 0
1670567701940 0.0035670278289920976 0
1670567705144 0.003420579838591231 0
1670567708727 0.0034024607112027594 0
1670567711891 0.0032751535995545478 0
1670567714703 0.003351447025386145 0
1670567717733 0.0032843624082328216 0
1670567720337 0.003194369267288444 0
1670567723498 0.0033106189232897654 0
1670567726760 0.003230583488812666 0
1670567730028 0.0031920772276571308 0
1670567733041 0.0031174801383392348 0
1670567736026 0.0030457134336859815 0
1670567738740 0.0030182524824192702 0
1670567741766 0.0029547200206256896 0
1670567745426 0.002898331603995885 0
1670567748516 0.0028572678710634403 0
1670567751299 0.003171680241174646 0
1670567754740 0.0030976250915953907 0
1670567757379 0.0030572499039041023 0
1670567760123 0.0030182958151028227 0
1670567763404 0.003168618182753158 0
1670567766612 0.0031932553841665934 0
1670567769934 0.003158937641218995 0
1670567773536 0.0034499792810785967 0
1670567776447 0.0036465364316081716 0
1670567779904 0.003598843602524715 0
1670567783147 0.0035546228389523593 0
1670567786352 0.0036275751317057514 0
1670567789118 0.003589669781228544 0
1670567792759 0.003612512383018074 0
1670567795179 0.0035740505638212072 0
1670567798269 0.0035357106663168603 0
1670567800996 0.0035047264175745996 0
1670567803629 0.0035055205420772007 0
1670567806413 0.003746667161424133 0
1670567809067 0.003707526585035259 0
1670567811079 0.0036747462112115548 0
1670567813475 0.003655096892231202 0
1670567815777 0.0036410049740123185 0
1670567817624 0.0036116356538534733 0
1670567820504 0.0038228416487662287 0
1670567823226 0.0038671183351174365 0
1670567825921 0.0038425408282127815 0
1670567828323 0.0038235447835612835 0
1670567831164 0.003907614364119905 0
1670567833788 0.0038796360178930955 0
1670567836100 0.0038934315499692396 0
1670567838324 0.0038625824435943867 0
1670567840595 0.003839750798971364 0
1670567842629 0.003860909097712306 0
1670567845005 0.003848261809285214 0
1670567848033 0.003945906154782408 0
1670567850635 0.003929268998941526 0
1670567853500 0.0039047624553962823 0
1670567855334 0.003886744504121298 0
1670567857854 0.003871696047532458 0
1670567860335 0.0038765697931847365 0
1670567862849 0.003854783850820609 0
1670567865082 0.003833325442032298 0
1670567867623 0.003890280283172398 0
1670567869993 0.003875764816905214 0
1670567872462 0.003883566563371188 0
1670567874836 0.0038584482854816526 0
1670567877673 0.003840047017952042 0
1670567879983 0.0038281849725267936 0
1670567883381 0.0038244557519189204 0
1670567885519 0.003804344382627889 0
1670567888217 0.0038007006870928173 0
1670567890865 0.003796651600659784 0
1670567892999 0.0037734437674497023 0
1670567895872 0.003753188921257977 0
1670567898392 0.0037342912391333805 0
1670567900793 0.0037188559776174523 0
1670567903488 0.0037492828012579693 0
1670567905753 0.003782440130531195 0
1670567908127 0.0037642484130581133 0
1670567910605 0.0037518416288205847 0
1670567913081 0.003794666648731182 0
1670567915858 0.003773783820224419 0
1670567918432 0.0038068781108594463 0
1670567920829 0.003837860341400212 0
1670567923004 0.0038298222427598505 0
1670567925758 0.003812060687814811 0
1670567928327 0.003800642780597885 0
1670567930892 0.003781358213465591 0
1670567933987 0.003765826179048748 0
1670567936568 0.0037478011351785856 0
1670567938853 0.003730031346960483 0
1670567941061 0.003732613513556582 0
1670567943297 0.0037176599889452433 0
