1670633827518 0.01694160631524279 0
1670633829021 0.005408773195397463 0
1670633830527 0.005277490155040368 0
1670633832027 0.004966655992815067 0
1670633833504 0.0046143356134656244 0
1670633834974 0.004155684657198493 0
1670633836439 0.00375951294943318 0
1670633837933 0.003623535914058478 0
1670633839388 0.003491514981915787 0
1670633840851 0.0033187671033039017 0
1670633842349 0.003232832452975068 0
1670633843961 0.0030883889635578096 0
1670633845257 0.002953059373289772 0
1670633846761 0.0028341818978583648 0
1670633848339 0.0027617035109979682 0
1670633849916 0.002678397042761251 0
1670633851519 0.0026022349383634973 0
1670633853102 0.0026208285683206986 0
1670633854654 0.0025453176707422257 0
1670633856195 0.0024759947862548664 0
1670633857753 0.0024120570331349024 0
1670633859311 0.002365094808693246 0
1670633860837 0.0024372590751701706 0
1670633862408 0.002383820211500574 0
1670633863972 0.0023337613365122904 0
1670633865527 0.0022934883933987244 0
1670633867073 0.002322450219449589 0
1670633868641 0.00228664594157615 0
1670633870207 0.002158488596002759 0
1670633871762 0.0021242811552233025 0
1670633873324 0.0021102980501045768 0
1670633874908 0.002085432418479658 0
1670633876174 0.002142832753203988 0
1670633877668 0.0021908889199963024 0
1670633879258 0.0021640840977233474 0
1670633880839 0.002155641486193245 0
1670633882412 0.00219662808884004 0
1670633883996 0.002226418270692705 0
1670633885609 0.002216483476796056 0
1670633887198 0.0022061314199511425 0
1670633888765 0.0021839510050679543 0
1670633890342 0.002162395977872947 0
1670633891914 0.002161728335483459 0
1670633893494 0.0021408391698142263 0
1670633895036 0.0021392774404033993 0
1670633896626 0.0021368754881369184 0
1670633898173 0.0021168280363145766 0
1670633899740 0.0020973248846933726 0
1670633901305 0.0020781780730916802 0
1670633902889 0.0020750978267136282 0
1670633904444 0.0020566409423581978 0
1670633906011 0.0020872763901328205 0
1670633907604 0.0020696643573488442 0
1670633909184 0.0020527598052481892 0
1670633910765 0.002036255510704931 0
1670633912361 0.0020633746741765403 0
1670633913943 0.0020622952795956917 0
1670633915530 0.0020606944957132145 0
1670633917131 0.002045103315923832 0
1670633918732 0.0020697000896234296 0
1670633920333 0.002095652989974846 0
1670633921910 0.002118158411477173 0
1670633923528 0.002103472590293259 0
1670633924990 0.0021002705310657174 0
1670633926450 0.002096772231212859 0
1670633927921 0.0021574326835455526 0
1670633929446 0.0021551176207789016 0
1670633930942 0.002208721978970888 0
1670633932432 0.002227870889096618 0
1670633933921 0.0022453678014347587 0
1670633935411 0.002230852920531589 0
1670633936873 0.002217047311745565 0
1670633938343 0.0022130915608026113 0
1670633939829 0.002199303822807084 0
1670633941348 0.002248167140601037 0
1670633942826 0.0022348106854846654 0
1670633944301 0.002221686641527692 0
1670633945750 0.002218427919663887 0
1670633947222 0.0022056248021028544 0
1670633948716 0.0021930387020690344 0
1670633950238 0.002189784988058448 0
1670633951828 0.002186363348006941 0
1670633953424 0.0022005071954762116 0
1670633955018 0.0022136063825393556 0
1670633956623 0.002225733894749307 0
1670633958204 0.0022248230567169956 0
1670633959768 0.0022202421733461047 0
1670633961319 0.0022193660231025615 0
1670633962888 0.0022075859907039184 0
1670633964446 0.0022033019026494838 0
1670633965992 0.002193054648793919 0
1670633967325 0.0021889037492270804 0
1670633968812 0.0021885159801635252 0
1670633970415 0.0021786303898176265 0
1670633972120 0.0021688726569793295 0
1670633973762 0.0021592402020904665 0
1670633975462 0.0021497305110104387 0
1670633976989 0.0021465177077469757 0
1670633978454 0.002157939236446891 0
1670633979817 0.002157814072123747 0
1670633981539 0.0021687142333520165 0
1670633983272 0.0021650106140856137 0
1670633984878 0.002181306680484669 0
1670633986501 0.0021808998512081483 0
1670633988074 0.0021710951818985913 0
1670633989820 0.0022739847686507083 0
1670633991681 0.002264593911291931 0
1670633993136 0.002254806345316535 0
1670633994569 0.002264542671833522 0
1670633996174 0.0022609355407538704 0
1670633997631 0.002259530096074987 0
1670633999103 0.0022507008033202723 0
