1670572413005 0.0 0
1670572413126 0.0 0
1670572413398 0.0 0
1670572413532 0.0 0
1670572413714 0.0 0
1670572414101 0.0 0
1670572414315 0.0 0
1670572414443 0.0 0
1670572414587 0.0 0
1670572415036 0.0 0
1670572415165 0.0 0
1670572415333 0.0 0
1670572415619 0.0 0
1670572415848 0.0 0
1670572416136 0.0 0
1670572416323 0.0 0
1670572416509 0.0 0
1670572416755 0.0 0
1670572416907 0.0 0
1670572417238 0.0 0
1670572417388 0.0 0
1670572417553 0.0 0
1670572417715 0.0 0
1670572417953 0.0 0
1670572418145 0.0 0
1670572418319 0.0 0
1670572418523 0.0 0
1670572418658 0.0 0
1670572418882 0.0 0
1670572419102 0.0 0
1670572419220 0.0 0
1670572419375 0.0 0
1670572419497 0.0 0
1670572419607 0.0 0
1670572419817 0.0 0
1670572419924 0.0 0
1670572420054 0.0 0
1670572420304 0.0 0
1670572420473 0.0 0
1670572420617 0.0 0
1670572420784 0.0 0
1670572420899 0.0 0
1670572421030 0.0 0
1670572421270 0.0 0
1670572421535 0.0 0
1670572421724 0.0 0
1670572421932 0.0 0
1670572422257 0.0 0
1670572422360 0.0 0
1670572422527 0.0 0
1670572422659 0.0 0
1670572422850 0.0 0
1670572422983 0.0 0
1670572423125 0.0 0
1670572423394 0.0 0
1670572423640 0.0 0
1670572423879 0.0 0
1670572424071 0.0 0
1670572424275 0.0 0
1670572424382 0.0 0
1670572424748 0.0 0
1670572424872 0.0 0
1670572424981 0.0 0
1670572425406 0.0 0
1670572425660 0.0 0
1670572425828 0.0 0
1670572425969 0.0 0
1670572426165 0.0 0
1670572426318 0.0 0
1670572426576 0.0 0
1670572426803 0.0 0
1670572426929 0.0 0
1670572427286 0.0 0
1670572427415 0.0 0
1670572427536 0.0 0
1670572427661 0.0 0
1670572427978 0.0 0
1670572428148 0.0 0
1670572428266 0.0 0
1670572428421 0.0 0
1670572428646 0.0 0
1670572428794 0.0 0
1670572428932 0.0 0
1670572429087 0.0 0
1670572429318 0.0 0
1670572429475 0.0 0
1670572429625 0.0 0
1670572429853 0.0 0
1670572430182 0.0 0
1670572430284 0.0 0
1670572430356 0.0 0
1670572430760 0.0 0
1670572430871 0.0 0
1670572431063 0.0 0
1670572431270 0.0 0
1670572431445 0.0 0
1670572431690 0.0 0
1670572431894 0.0 0
1670572432059 0.0 0
1670572432262 0.0 0
1670572432543 0.0 0
1670572432769 0.0 0
