1670574710977 0.0 0
1670574713097 0.0 0
1670574715221 0.0 0
1670574717594 0.0 0
1670574719613 0.0 0
1670574722035 0.0 0
1670574724346 0.0 0
1670574726644 0.0 0
1670574728886 0.0 0
1670574730958 0.0 0
1670574733153 0.0 0
1670574735348 0.0 0
1670574737883 0.0 0
1670574740050 0.0 0
1670574742309 0.0 0
1670574745331 0.0 0
1670574747515 0.0 0
1670574750363 0.0 0
1670574752624 0.0 0
1670574755271 0.0 0
1670574758068 0.0 0
1670574760135 0.0 0
1670574762713 0.0 0
1670574765512 0.0 0
1670574768385 0.0 0
1670574771525 0.0 0
1670574773846 0.0 0
1670574777195 0.0 0
1670574779938 0.0 0
1670574782808 0.0 0
1670574785723 0.0 0
1670574788784 0.0 0
1670574791742 0.0 0
1670574794629 0.0 0
1670574797612 0.0 0
1670574800420 0.0 0
1670574803213 0.0 0
1670574806424 0.0 0
1670574809598 0.0 0
1670574812828 0.0 0
1670574815856 0.0 0
1670574818842 0.0 0
1670574821588 0.0 0
1670574824719 0.0 0
1670574827292 0.0 0
1670574830211 0.0 0
1670574833208 0.0 0
1670574836392 0.0 0
1670574839343 0.0 0
1670574841644 0.0 0
1670574843431 0.0 0
1670574846194 0.0 0
1670574848916 0.0 0
1670574851437 0.0 0
1670574854583 0.0 0
1670574857285 0.0 0
1670574860188 0.0 0
1670574863073 0.0 0
1670574866227 0.0 0
1670574869340 0.0 0
1670574872722 0.0 0
1670574875981 0.0 0
1670574878847 0.0 0
1670574881586 0.0 0
1670574884396 0.0 0
1670574887210 0.0 0
1670574890158 0.0 0
1670574892845 0.0 0
1670574895118 0.0 0
1670574897630 0.0 0
1670574900174 0.0001 0
1670574902204 0.0 0
1670574904696 0.0 0
1670574907890 0.0 0
1670574910902 0.0 0
1670574913166 0.0 0
1670574916238 0.0 0
1670574919454 0.0 0
1670574922522 0.0 0
1670574925581 0.0 0
1670574927026 0.0 0
1670574929427 0.0001 0
1670574931728 0.0 0
1670574933977 0.0 0
1670574936398 0.0 0
1670574938930 0.0 0
1670574941062 0.0 0
1670574942826 0.0 0
1670574945223 0.0 0
1670574947912 0.0 0
1670574950533 0.0 0
1670574953034 0.0 0
1670574955382 0.0 0
1670574958163 0.0 0
1670574961311 0.0 0
1670574964139 0.0 0
1670574967592 0.0 0
1670574970888 0.0 0
1670574974614 0.0 0
1670574977443 0.0 0
1670574980194 0.0 0
1670574982687 0.0 0
