1670597331920 0.379 0
1670597332913 0.388 0
1670597333692 0.38466666666666666 0
1670597334719 0.39466666666666667 0
1670597335476 0.3923333333333333 0
1670597336486 0.38366666666666666 0
1670597337268 0.387 0
1670597338041 0.3943333333333333 0
1670597338982 0.38066666666666665 0
1670597339968 0.388 0
1670597340711 0.38666666666666666 0
1670597341616 0.3883333333333333 0
1670597342502 0.3883333333333333 0
1670597343471 0.3923333333333333 0
1670597344243 0.39066666666666666 0
1670597345507 0.385 0
1670597346353 0.38066666666666665 0
1670597347165 0.37966666666666665 0
1670597348001 0.3863333333333333 0
1670597348901 0.385 0
1670597349637 0.384 0
1670597350436 0.387 0
1670597351335 0.389 0
1670597352247 0.37933333333333336 0
1670597353035 0.392 0
1670597353992 0.39 0
1670597354762 0.389 0
1670597355783 0.386 0
1670597356628 0.38566666666666666 0
1670597357383 0.38166666666666665 0
1670597358565 0.3943333333333333 0
1670597359527 0.384 0
1670597360457 0.389 0
1670597361401 0.389 0
1670597362300 0.39 0
1670597363299 0.38366666666666666 0
1670597364291 0.38666666666666666 0
1670597365020 0.3903333333333333 0
1670597365810 0.389 0
1670597366492 0.38233333333333336 0
1670597367268 0.38866666666666666 0
1670597368276 0.38466666666666666 0
1670597369157 0.38966666666666666 0
1670597370062 0.3923333333333333 0
1670597370912 0.387 0
1670597371867 0.38666666666666666 0
1670597372726 0.388 0
1670597373462 0.38266666666666665 0
1670597374321 0.3913333333333333 0
1670597375154 0.386 0
1670597376112 0.38566666666666666 0
1670597377062 0.39 0
1670597378081 0.38266666666666665 0
1670597379098 0.38433333333333336 0
1670597379817 0.39066666666666666 0
1670597380615 0.38333333333333336 0
1670597381506 0.3893333333333333 0
1670597382452 0.38366666666666666 0
1670597383543 0.3933333333333333 0
1670597384467 0.38233333333333336 0
1670597385401 0.382 0
1670597386141 0.384 0
1670597386949 0.38433333333333336 0
1670597387832 0.38466666666666666 0
1670597388873 0.38533333333333336 0
1670597389754 0.384 0
1670597390569 0.38566666666666666 0
1670597391318 0.38366666666666666 0
1670597392338 0.387 0
1670597393240 0.381 0
1670597394222 0.3883333333333333 0
1670597395251 0.38766666666666666 0
1670597396182 0.388 0
1670597396913 0.387 0
1670597397636 0.38133333333333336 0
1670597398539 0.38266666666666665 0
1670597399468 0.37933333333333336 0
1670597400234 0.38233333333333336 0
1670597401251 0.37766666666666665 0
1670597402324 0.38766666666666666 0
1670597403100 0.39266666666666666 0
1670597404110 0.39166666666666666 0
1670597405009 0.388 0
1670597405778 0.3883333333333333 0
1670597406585 0.3913333333333333 0
1670597407405 0.38166666666666665 0
1670597408426 0.3863333333333333 0
1670597409200 0.38466666666666666 0
1670597410190 0.38466666666666666 0
1670597411038 0.38266666666666665 0
1670597411875 0.39 0
1670597412673 0.376 0
1670597413819 0.3883333333333333 0
1670597414518 0.389 0
1670597415361 0.38366666666666666 0
1670597416222 0.3903333333333333 0
1670597417190 0.39 0
1670597418116 0.38533333333333336 0
1670597419108 0.3863333333333333 0
1670597420037 0.385 0
1670597421130 0.389 0
1670597421942 0.3863333333333333 0
1670597423022 0.383 0
1670597423971 0.3893333333333333 0
1670597424896 0.39066666666666666 0
1670597425941 0.38866666666666666 0
1670597427019 0.3883333333333333 0
1670597428001 0.392 0
1670597428877 0.385 0
1670597429900 0.3883333333333333 0
1670597430756 0.389 0
1670597431854 0.38366666666666666 0
1670597433066 0.3973333333333333 0
1670597434265 0.37866666666666665 0
1670597435191 0.3873333333333333 0
1670597436109 0.38333333333333336 0
1670597437211 0.3903333333333333 0
1670597438158 0.38366666666666666 0
1670597439158 0.389 0
1670597440037 0.382 0
1670597441236 0.377 0
1670597442012 0.3923333333333333 0
1670597442960 0.38366666666666666 0
1670597443873 0.389 0
