1670629102109 0.0 0
1670629108848 0.0 0
1670629115528 0.0 0
1670629121847 0.0 0
1670629128089 0.0 0
1670629134566 0.0 0
1670629141117 0.0 0
1670629147812 0.0 0
1670629154084 0.0 0
1670629160382 0.0 0
1670629166595 0.0 0
1670629172684 0.0 0
1670629178983 0.0 0
1670629185378 0.0 0
1670629191825 0.0 0
1670629198141 0.0 0
1670629204700 0.0 0
1670629211506 0.0 0
1670629217519 0.0 0
1670629223587 0.0 0
1670629229822 0.0 0
1670629235677 0.0 0
1670629240748 0.0 0
1670629245863 0.0 0
1670629251094 0.0 0
1670629256855 0.0 0
1670629262013 0.0 0
1670629266998 0.0 0
1670629272038 0.0 0
1670629277137 0.0 0
1670629282684 0.0 0
1670629288171 0.0 0
1670629293674 0.0 0
1670629298744 0.0 0
1670629303713 0.0 0
1670629308663 0.0 0
1670629313871 0.0 0
1670629318970 0.0 0
1670629324257 0.0 0
1670629329408 0.0 0
1670629334591 0.0 0
1670629340260 0.0 0
1670629345921 0.0 0
1670629351694 0.0 0
1670629356970 0.0 0
1670629362215 0.0 0
1670629367367 0.0 0
1670629372594 0.0 0
1670629378287 0.0 0
1670629383598 0.0 0
1670629389425 0.0 0
1670629394971 0.0 0
1670629400044 0.0 0
1670629405194 0.0 0
1670629410168 0.0 0
1670629415269 0.0 0
1670629420401 0.0 0
1670629425617 0.0 0
1670629430430 0.0 0
1670629436098 0.0 0
1670629441647 0.0 0
1670629446936 0.0 0
1670629452336 0.0 0
1670629457908 0.0 0
1670629463721 0.0 0
1670629470495 0.0 0
1670629476124 0.0 0
1670629481857 0.0 0
1670629487287 0.0 0
1670629492428 0.0 0
1670629497448 0.0 0
1670629502530 0.0 0
