1670595607250 0.008470803157621396 0
1670595608141 0.0035775671932434636 0
1670595608925 0.0027560793465560987 0
1670595609789 0.002158575712944942 0
1670595610567 0.0025546647681763623 0
1670595611416 0.0022833087524227976 0
1670595612162 0.0022206634968755276 0
1670595612941 0.0021875008842448212 0
1670595613704 0.002045692846853308 0
1670595614495 0.0024080853037281936 0
1670595615467 0.0022777672623010402 0
1670595616264 0.002289865414748939 0
1670595617014 0.0022350105233528675 0
1670595618048 0.0022436570257529163 0
1670595618782 0.0022397130106288515 0
1670595619908 0.002208913098879913 0
1670595620853 0.0021385609841895253 0
1670595621952 0.00207456796793823 0
1670595622793 0.0020825326396981844 0
1670595623734 0.002064568384797687 0
1670595624767 0.0020215125763090474 0
1670595625555 0.002027842438475129 0
1670595626337 0.0020169329845705296 0
1670595627157 0.0020695779346131143 0
1670595628110 0.0020260922902096625 0
1670595628985 0.001994308433404149 0
1670595629933 0.0019559554350004667 0
1670595630880 0.0019197405308727386 0
1670595631687 0.0018068662771258456 0
1670595632439 0.001800145276051376 0
1670595633282 0.001792452728179844 0
1670595634160 0.0017654323570218257 0
1670595634925 0.001739597977703495 0
1670595636044 0.0017148653106616024 0
1670595636986 0.0016911582280111268 0
1670595637655 0.0016780970606700822 0
1670595638638 0.0016562169607625028 0
1670595639359 0.0016785299148730562 0
1670595640129 0.0016973786011142576 0
1670595641073 0.001736805556627617 0
1670595641745 0.0017234789592655486 0
1670595642533 0.0017038432773850863 0
1670595643350 0.0017007523406733717 0
1670595644032 0.0017899302861649749 0
1670595644733 0.0017704942141442152 0
1670595645474 0.0017874924255840779 0
1670595646350 0.0018136695728961092 0
1670595647023 0.0018026808780304134 0
1670595647774 0.0018173140061029892 0
1670595648485 0.0018058324359297969 0
1670595649249 0.0018770272940921242 0
1670595650069 0.0018658746613952552 0
1670595650700 0.0018862866466742164 0
1670595651513 0.001898491248781789 0
1670595652259 0.0019091677766199322 0
1670595653077 0.0018925474073806328 0
1670595653999 0.0019515300862905025 0
1670595654939 0.0019349996826520765 0
1670595655628 0.00192468162666067 0
1670595656477 0.0019089385057233536 0
1670595657335 0.0018990795497001419 0
1670595658108 0.001884065044867525 0
1670595658951 0.0018937692430395013 0
1670595659726 0.0019108719546218633 0
1670595660612 0.0018964421480780706 0
1670595661506 0.001887378945427651 0
1670595662373 0.0018783909613973835 0
1670595663141 0.0018870454720901464 0
1670595663949 0.0018737121431055587 0
1670595664748 0.0018691930173284667 0
1670595665514 0.0018563183090968408 0
1670595666266 0.0018518551858225664 0
1670595667117 0.0018439024747283973 0
1670595667947 0.0018524652041226998 0
1670595668673 0.0018443492620465107 0
1670595669641 0.0018519190005283868 0
1670595670477 0.0018436907971121342 0
1670595671205 0.0018355430757095955 0
1670595671936 0.0018274759265831534 0
1670595672899 0.001816483427010461 0
1670595673843 0.0018087074925746721 0
1670595674528 0.0017981148456365221 0
1670595675269 0.0017906135760258656 0
1670595676122 0.0017831829192678141 0
1670595677136 0.001789484416678597 0
1670595677851 0.0017820014774774934 0
1670595678674 0.0017745942932338701 0
1670595679509 0.0017735931234849206 0
1670595680253 0.0017724163330922237 0
1670595681034 0.00176302513525554 0
1670595681877 0.0017537813453944243 0
1670595682678 0.0017600014804988486 0
1670595683368 0.0018422166051674516 0
1670595684101 0.001839869174327244 0
1670595685126 0.001845413921458629 0
1670595685934 0.001859520496715649 0
1670595686717 0.0018502272438313773 0
1670595687524 0.0018437192397292189 0
1670595688363 0.001837262242745905 0
1670595689268 0.0018308562610135446 0
1670595690094 0.0018288134399577867 0
1670595691079 0.0018340599567216748 0
1670595691863 0.0018389233889952515 0
1670595692765 0.0018325560200342528 0
1670595693612 0.001824202405678245 0
1670595694676 0.0018180135887048653 0
1670595695416 0.0018118754901748496 0
1670595696234 0.0018162617715419768 0
1670595696971 0.0018101084928124156 0
1670595697893 0.0018023170201785892 0
1670595698841 0.001801324412424071 0
1670595699558 0.0017936770430152806 0
1670595700499 0.0017879271064319806 0
1670595701345 0.0017804828875285067 0
1670595702242 0.001773130623767947 0
1670595703099 0.00176763328860725 0
1670595703908 0.0017621770939684686 0
1670595704833 0.001766480253277726 0
1670595705696 0.0017803921884775547 0
1670595706441 0.0017844994101426075 0
1670595707209 0.001777535936535206 0
1670595707933 0.001812229262214997 0
1670595708727 0.0018068868979603389 0
1670595709464 0.0018058236422895673 0
1670595710616 0.0018178307012463829 0
1670595711495 0.0018127084460977535 0
1670595712406 0.0018076202179572337 0
1670595713357 0.0018025659095426282 0
1670595714414 0.0017975454000887345 0
1670595715428 0.0017909483156402957 0
1670595716355 0.001789988069655254 0
1670595717116 0.0017834972256072965 0
1670595718060 0.0017787609696914826 0
1670595719064 0.0017778519916623432 0
1670595719957 0.0018082843480379442 0
1670595720794 0.0018018627490973692 0
1670595721549 0.0018005200486111714 0
1670595722603 0.0018047120352432566 0
1670595723579 0.0018002118416857705 0
1670595724622 0.0018105959887800482 0
1670595725343 0.0018043797911403805 0
1670595726332 0.001800036971535971 0
1670595727294 0.0017939507221047086 0
1670595728022 0.0017879257277461154 0
1670595728769 0.0017819609689732814 0
1670595729517 0.0017807647128981947 0
1670595730282 0.001776712944413209 0
1670595731007 0.001770900555915554 0
1670595732173 0.0017750900656924346 0
1670595733103 0.0017740243625590244 0
1670595734137 0.0017780908078789846 0
1670595734886 0.0017878509860019018 0
1670595735670 0.0017839053525322045 0
1670595736606 0.001779978058310578 0
1670595737319 0.0017760691624653273 0
1670595738274 0.0017721787140134969 0
1670595739118 0.0017712436917383294 0
1670595739960 0.001765830651715673 0
1670595740711 0.0017648747435572176 0
1670595741656 0.0017687960541592981 0
1670595742648 0.0017634937965430825 0
1670595743546 0.0017672794750939976 0
1670595744401 0.0017709000101878212 0
1670595745403 0.001767136579788883 0
1670595746133 0.0018137080340414383 0
1670595746899 0.0018222510452050675 0
1670595747723 0.0018185035077534018 0
1670595748664 0.0018218083079232666 0
1670595749380 0.0018165960949393157 0
1670595750249 0.0018128782162216243 0
1670595751108 0.0018091775167128482 0
