1670571542579 0.004235401578810698 0
1670571543765 0.003577567193243463 0
1670571544953 0.003137934374582049 0
1670571546218 0.0027702683564895195 0
1670571547306 0.0023725396028453074 0
1670571547793 0.0022593991013830058 0
1670571548222 0.002484731440755968 0
1670571548710 0.002291725334368986 0
1670571549163 0.002138107533744128 0
1670571549911 0.002012031587167056 0
1670571550841 0.0022009851600829494 0
1670571551636 0.002102262500403304 0
1670571552404 0.0020159241389072482 0
1670571553096 0.0019442327420768808 0
1670571553690 0.0019376141232814812 0
1670571554337 0.001873734857720814 0
1670571555258 0.0018158401325593081 0
1670571556097 0.0017722663693878747 0
1670571557102 0.0017704998672256854 0
1670571557734 0.0017344356757783676 0
1670571558515 0.0017327250654077552 0
1670571559219 0.0016917090298383226 0
1670571559793 0.0018162216930482284 0
1670571560650 0.001911308250664745 0
1670571561333 0.0020884481299460068 0
1670571562320 0.002047839322545272 0
1670571563088 0.0020095201885073294 0
1670571563914 0.002078363470770672 0
1670571564680 0.0019594799830548277 0
1670571565357 0.0019571292892604317 0
1670571565882 0.0020032949617411087 0
1670571566864 0.0020413636652684324 0
1670571567720 0.0020727636104425373 0
1670571568453 0.0020502388382046847 0
1670571569298 0.0020221584730348717 0
1670571570377 0.002001441387269748 0
1670571571127 0.0020881836525250366 0
1670571572165 0.002061496158029195 0
1670571572805 0.0020491285721978515 0
1670571573600 0.0020241417474205292 0
1670571574188 0.0020345912231275612 0
1670571574740 0.0020555658042089734 0
1670571575327 0.002073439966459027 0
1670571575886 0.0021266141672998404 0
1670571576362 0.0021035252201366678 0
1670571577089 0.0021106730265998625 0
1670571577817 0.002094304204323851 0
1670571578475 0.0020731130227565793 0
1670571579069 0.002052552209209557 0
1670571579550 0.002070347501154421 0
1670571580199 0.0021137197261561335 0
1670571580873 0.0020939631343280403 0
1670571581408 0.0021804246681742367 0
1670571582027 0.002257053258733199 0
1670571582617 0.0022398373106329 0
1670571583265 0.0022319586525867486 0
1670571583739 0.002213285786434334 0
1670571584360 0.002195073148477382 0
1670571585034 0.0022627523235116253 0
1670571585545 0.0022555559560537885 0
1670571586530 0.002304015703053828 0
1670571587422 0.002316058417124886 0
1670571588022 0.002357617616613669 0
1670571589096 0.002347399304653608 0
1670571589719 0.002333180754131125 0
1670571590442 0.002319195959485364 0
1670571591323 0.002328149941460413 0
1670571592155 0.0023185077805105963 0
1670571592650 0.002308896723047172 0
1670571593451 0.0024635846299509694 0
1670571594013 0.0025135869816698417 0
1670571594639 0.002503843565753957 0
1670571595784 0.002550063721482832 0
1670571596884 0.0025351112524447123 0
1670571597723 0.0025772948312467693 0
1670571598753 0.00256220858168115 0
1670571599502 0.0025695907731258178 0
1670571600184 0.002560836641159768 0
1670571600897 0.0025466441069830685 0
1670571601907 0.002532679731958843 0
1670571602635 0.0025189376520126593 0
1670571603374 0.0025111429318402634 0
1670571604195 0.0025033354166866485 0
1670571605131 0.0024889783583494055 0
1670571605776 0.0024763105989791248 0
1670571606578 0.002462455368398744 0
1670571607486 0.0024912715772219315 0
1670571608204 0.0024775450957343357 0
1670571608972 0.0024699809133417903 0
1670571609920 0.002462424660777447 0
1670571610567 0.0024510971005237336 0
1670571611412 0.0024381370071618223 0
1670571612051 0.002427172084330348 0
1670571612811 0.002465176592244455 0
1670571613600 0.00246258807199211 0
1670571614237 0.002450232129518928 0
1670571615233 0.0024629790792094373 0
1670571616134 0.0024600081415051315 0
1670571616922 0.0024540891942496056 0
1670571617923 0.0025149184336092853 0
1670571618894 0.002521499510711513 0
