1670570971461 0.007623722841859859 0
1670570974660 0.005304666547635506 0
1670570977221 0.004741738200170764 0
1670570979604 0.004979057150678257 0
1670570981691 0.004212583331928643 0
1670570984108 0.0037700532176682122 0
1670570986709 0.0034571259416017464 0
1670570989441 0.0033712518205735176 0
1670570991937 0.0032068421642105216 0
1670570994547 0.0034169332302869115 0
1670570997252 0.0033256409120000496 0
1670570999610 0.0031831835568484346 0
1670571002307 0.003076349114478738 0
1670571005172 0.003182389359673521 0
1670571008142 0.003658460228341265 0
1670571010673 0.003615018806456982 0
1670571014270 0.003500068164271841 0
1670571016477 0.003506181676151243 0
1670571019430 0.0034475225873465964 0
1670571022591 0.0034160826500226893 0
1670571025985 0.00348601678099425 0
1670571029468 0.0034063132349211322 0
1670571033342 0.0033713671990901473 0
1670571036772 0.0037310902235365706 0
1670571039944 0.0037985596515149878 0
1670571042689 0.0037892608024980845 0
1670571045594 0.0037926879644076816 0
1670571047283 0.0037907099839151748 0
1670571048938 0.0037529543140303323 0
1670571051746 0.003701963567741662 0
1670571055520 0.003660838620276996 0
1670571058043 0.0036444953756016307 0
1670571060812 0.0035914891898344292 0
1670571063307 0.0035712067777313727 0
1670571066128 0.0035308074069605455 0
1670571068942 0.0034827710008982216 0
1670571071669 0.0034373089703830795 0
1670571074377 0.0034022333568984875 0
1670571077120 0.0034037837426521556 0
1670571079790 0.003413058274661762 0
1670571082708 0.003401742240809136 0
1670571085593 0.003364722074147175 0
1670571087884 0.0033377935124696556 0
1670571089903 0.0033896234651420443 0
1670571092643 0.003421274776096106 0
1670571095100 0.0034447848697251038 0
1670571097356 0.0034126171725051835 0
1670571099684 0.0034055516094061433 0
1670571101963 0.0034540682801036393 0
1670571105061 0.003468039206568019 0
1670571107917 0.003639589476564953 0
1670571110789 0.0037604592853597296 0
1670571113157 0.0037421621144793082 0
1670571115796 0.0037080594633954744 0
1670571118845 0.0037235105019260972 0
1670571121851 0.003721986370389563 0
1670571124442 0.003717025613097391 0
1670571127800 0.0037155995369121397 0
1670571130778 0.0037491480684681555 0
1670571133975 0.0037183482006782897 0
1670571136956 0.003767727338590654 0
1670571139192 0.0037549583400706688 0
1670571142632 0.003758505631918374 0
1670571145446 0.0037370818004507367 0
1670571148269 0.0037386040530366094 0
1670571151290 0.0037173524076334896 0
1670571154486 0.003706216384138372 0
1670571157386 0.0037669636106215654 0
1670571158981 0.003853933644656693 0
1670571161414 0.003933559086250593 0
1670571163695 0.00393070731703582 0
1670571165863 0.003914672375018191 0
1670571168382 0.004009784430162866 0
1670571170504 0.003987794611121864 0
1670571172581 0.003964224786700998 0
1670571175395 0.003964650534500014 0
1670571178260 0.003959676333861073 0
1670571180257 0.00393671236390325 0
1670571182159 0.003946493461621681 0
1670571184609 0.003949818395036941 0
1670571186791 0.00393236061200497 0
1670571189059 0.003940670500332755 0
1670571191967 0.003917224308579437 0
1670571193973 0.0038985856095850036 0
1670571196066 0.0039105276327621175 0
1670571198512 0.004028275582998786 0
1670571200559 0.00402651972290502 0
1670571202601 0.004004539599582246 0
1670571204849 0.003982915071310211 0
1670571207282 0.003962011352364292 0
1670571209664 0.003940554746915237 0
1670571211947 0.003919615232556017 0
1670571214175 0.0039056970563589033 0
1670571216409 0.003929610502983905 0
1670571218805 0.003917877296746752 0
1670571221126 0.003900122062853617 0
1670571223373 0.0038885725248440917 0
1670571225271 0.003882929800036239 0
1670571227556 0.0038983087479913525 0
1670571229755 0.004015997682702888 0
1670571232178 0.004052793925014897 0
