1670592464031 0.1863 0
1670592467866 0.1878 0
1670592471791 0.1879 0
1670592475917 0.1869 0
1670592480113 0.1868 0
1670592484682 0.1864 0
1670592488931 0.1867 0
1670592492614 0.1875 0
1670592496980 0.1884 0
1670592501300 0.1876 0
1670592505768 0.1884 0
1670592510180 0.1869 0
1670592514083 0.189 0
1670592518016 0.1875 0
1670592521999 0.1879 0
1670592525715 0.1889 0
1670592529224 0.1901 0
1670592532807 0.1879 0
1670592536795 0.1866 0
1670592540673 0.1874 0
1670592544780 0.1876 0
1670592548613 0.1859 0
1670592552045 0.1879 0
1670592556008 0.1874 0
1670592559852 0.1895 0
1670592563628 0.1879 0
1670592566959 0.1871 0
1670592570095 0.1869 0
1670592573139 0.189 0
1670592576528 0.1899 0
1670592579474 0.1876 0
1670592582973 0.1888 0
1670592585820 0.1886 0
1670592589416 0.1878 0
1670592592900 0.1871 0
1670592595974 0.1873 0
1670592599270 0.1861 0
1670592602623 0.1871 0
1670592605661 0.188 0
1670592608707 0.1875 0
1670592611612 0.1879 0
1670592614917 0.1876 0
1670592617864 0.1871 0
1670592621015 0.1867 0
1670592624149 0.1877 0
1670592626953 0.1883 0
1670592630463 0.1857 0
1670592633395 0.1877 0
1670592636367 0.1875 0
1670592639359 0.1885 0
1670592642389 0.1876 0
1670592645650 0.1881 0
1670592648871 0.188 0
1670592652432 0.1867 0
1670592655538 0.1861 0
1670592658657 0.1886 0
1670592661537 0.1883 0
1670592664733 0.1877 0
1670592667990 0.1883 0
1670592671049 0.1862 0
1670592674160 0.1899 0
1670592677080 0.1874 0
1670592680889 0.1895 0
1670592684013 0.1872 0
1670592686901 0.1877 0
1670592690033 0.1862 0
1670592693141 0.1867 0
1670592696490 0.1885 0
1670592700418 0.1898 0
1670592703871 0.1891 0
1670592707163 0.1875 0
1670592710003 0.1888 0
1670592713369 0.1874 0
1670592716628 0.1883 0
1670592719885 0.1877 0
1670592723090 0.1887 0
1670592726553 0.1869 0
1670592730284 0.1886 0
1670592733567 0.1861 0
1670592736396 0.1883 0
1670592739651 0.1877 0
1670592742872 0.1875 0
1670592746246 0.1874 0
1670592749681 0.1877 0
1670592753277 0.1895 0
1670592756515 0.1875 0
1670592759680 0.1894 0
1670592763071 0.1859 0
1670592766228 0.1862 0
1670592769255 0.1887 0
1670592772770 0.1888 0
1670592776023 0.1896 0
1670592779300 0.1861 0
1670592782905 0.1891 0
1670592786589 0.1873 0
1670592789824 0.1871 0
1670592792927 0.1892 0
1670592796128 0.1887 0
1670592799688 0.191 0
1670592802749 0.1887 0
1670592806046 0.1875 0
1670592809666 0.1888 0
