1670562408753 0.0 0
1670562409460 0.0 0
1670562410315 0.0 0
1670562411048 0.0 0
1670562411554 0.0 0
1670562412319 0.0006666666666666666 0
1670562412961 0.0 0
1670562413462 0.0 0
1670562413787 0.0 0
1670562414128 0.0 0
1670562414412 0.0003333333333333333 0
1670562415109 0.0 0
1670562415896 0.0 0
1670562416309 0.0 0
1670562417019 0.0 0
1670562417671 0.0003333333333333333 0
1670562418624 0.0003333333333333333 0
1670562419104 0.0003333333333333333 0
1670562419734 0.0 0
1670562420421 0.0 0
1670562420980 0.0 0
1670562421574 0.0 0
1670562422180 0.0 0
1670562422690 0.0 0
1670562423382 0.0 0
1670562423889 0.0 0
1670562424424 0.0003333333333333333 0
1670562425167 0.0003333333333333333 0
1670562425541 0.0 0
1670562426096 0.0 0
1670562426595 0.0 0
1670562427295 0.0 0
1670562427995 0.0 0
1670562428695 0.0 0
1670562429382 0.0 0
1670562429859 0.0 0
1670562430440 0.0003333333333333333 0
1670562431067 0.0 0
1670562431757 0.0 0
1670562432459 0.0 0
1670562433041 0.0 0
1670562433671 0.0 0
1670562434351 0.0 0
1670562435021 0.0 0
1670562435465 0.0 0
1670562436240 0.0 0
1670562436797 0.0 0
1670562437399 0.0 0
1670562437975 0.0 0
1670562438743 0.0003333333333333333 0
1670562439296 0.0 0
1670562439924 0.0006666666666666666 0
1670562440535 0.0 0
1670562441142 0.0 0
1670562441642 0.0003333333333333333 0
1670562442498 0.0 0
1670562442913 0.0 0
1670562443592 0.0003333333333333333 0
1670562444230 0.0003333333333333333 0
1670562444742 0.0 0
1670562445302 0.0 0
1670562446131 0.0 0
1670562446508 0.0 0
1670562447125 0.0 0
1670562447592 0.0 0
1670562448052 0.0 0
1670562448744 0.0 0
1670562449262 0.0 0
1670562450065 0.0 0
1670562450564 0.0 0
1670562451353 0.0003333333333333333 0
1670562451821 0.0 0
1670562452433 0.0 0
1670562452921 0.0 0
1670562453462 0.0 0
1670562454424 0.0003333333333333333 0
1670562454782 0.0003333333333333333 0
1670562455301 0.0 0
1670562456038 0.0 0
1670562456662 0.0003333333333333333 0
1670562457338 0.0 0
1670562458044 0.0 0
1670562458428 0.0 0
1670562459178 0.0 0
1670562460011 0.0 0
1670562460955 0.0 0
1670562461733 0.0003333333333333333 0
1670562462465 0.0 0
1670562463101 0.0 0
1670562463565 0.0 0
1670562464203 0.0 0
1670562465013 0.0 0
1670562465556 0.0 0
1670562466246 0.0 0
1670562466991 0.0 0
1670562467461 0.0 0
1670562468155 0.0003333333333333333 0
1670562468741 0.0 0
1670562469251 0.0 0
1670562469969 0.0 0
1670562470618 0.0 0
1670562471534 0.0 0
1670562472135 0.0003333333333333333 0
1670562472896 0.0 0
1670562473697 0.0 0
1670562474297 0.0 0
1670562474931 0.0 0
1670562475880 0.0 0
1670562476699 0.0003333333333333333 0
1670562477449 0.0 0
1670562478384 0.0 0
1670562479170 0.0 0
1670562479962 0.0 0
1670562480520 0.0 0
1670562481055 0.0 0
1670562481670 0.0 0
1670562482483 0.0 0
1670562483277 0.0 0
1670562483945 0.0 0
1670562484465 0.0 0
1670562485284 0.0 0
1670562486259 0.0 0
1670562487126 0.0 0
1670562487818 0.0 0
1670562488604 0.0 0
1670562489047 0.0003333333333333333 0
1670562490032 0.0 0
1670562490695 0.0 0
1670562491339 0.0003333333333333333 0
1670562492189 0.0 0
1670562492969 0.0 0
1670562493642 0.0 0
1670562494494 0.0 0
1670562495041 0.0 0
1670562495709 0.0003333333333333333 0
1670562496512 0.0 0
1670562497261 0.0 0
1670562497896 0.0 0
1670562498601 0.0 0
1670562499492 0.0 0
1670562500106 0.0 0
1670562500786 0.0 0
1670562501689 0.0 0
1670562502567 0.0 0
1670562503487 0.0 0
1670562504210 0.0 0
1670562504885 0.0003333333333333333 0
1670562506028 0.0 0
1670562506745 0.0 0
1670562507558 0.0 0
1670562508243 0.0 0
1670562509012 0.0 0
1670562509670 0.0 0
1670562510208 0.0 0
1670562510751 0.0 0
1670562511757 0.0 0
1670562512556 0.0 0
1670562513262 0.0 0
1670562514137 0.0 0
1670562514947 0.0 0
1670562515601 0.0 0
1670562516499 0.0 0
1670562517446 0.0 0
1670562518262 0.0 0
1670562519154 0.0 0
1670562519943 0.0 0
1670562520689 0.0 0
1670562521638 0.0 0
1670562522447 0.0 0
1670562523180 0.0 0
1670562524135 0.0 0
1670562524978 0.0 0
1670562525478 0.0 0
1670562526558 0.0 0
1670562527237 0.0 0
1670562527879 0.0 0
1670562528916 0.0003333333333333333 0
1670562529769 0.0 0
1670562530371 0.0 0
1670562531018 0.0 0
1670562531760 0.0 0
1670562532744 0.0 0
1670562533386 0.0 0
1670562534274 0.0 0
1670562535104 0.0 0
1670562535893 0.0 0
1670562536503 0.0003333333333333333 0
1670562537485 0.0 0
1670562538189 0.0 0
1670562538929 0.0 0
1670562539507 0.0 0
1670562540249 0.0 0
1670562540962 0.0003333333333333333 0
1670562541818 0.0 0
1670562542670 0.0 0
1670562543407 0.0 0
1670562544110 0.0 0
1670562544774 0.0 0
1670562545497 0.0 0
1670562546295 0.0 0
1670562546929 0.0003333333333333333 0
1670562547381 0.0 0
1670562548157 0.0 0
1670562548862 0.0 0
1670562549663 0.0 0
1670562550202 0.0 0
1670562550890 0.0 0
1670562551356 0.0003333333333333333 0
1670562551983 0.0 0
1670562552801 0.0 0
1670562553207 0.0 0
1670562553891 0.0 0
1670562554486 0.0003333333333333333 0
1670562555195 0.0 0
1670562555939 0.0 0
1670562556661 0.0003333333333333333 0
1670562557295 0.0003333333333333333 0
1670562557927 0.0 0
1670562558547 0.0003333333333333333 0
1670562559250 0.0 0
1670562559734 0.0 0
1670562560435 0.0 0
1670562561070 0.0 0
1670562561630 0.0 0
1670562562171 0.0 0
1670562562873 0.0 0
1670562563786 0.0 0
1670562564545 0.0 0
1670562565429 0.0 0
1670562566026 0.0 0
1670562566699 0.0 0
1670562567428 0.0 0
1670562568032 0.0 0
1670562568764 0.0 0
1670562569214 0.0 0
1670562569877 0.0 0
1670562570724 0.0 0
1670562571296 0.0 0
1670562571780 0.0 0
1670562572376 0.0 0
1670562572866 0.0003333333333333333 0
1670562573302 0.0003333333333333333 0
1670562573962 0.0 0
1670562574738 0.0003333333333333333 0
1670562575486 0.0 0
1670562576069 0.0 0
1670562576491 0.0 0
1670562577151 0.0 0
1670562577649 0.0 0
1670562578163 0.0 0
1670562578899 0.0 0
1670562579437 0.0 0
1670562580012 0.0 0
1670562580923 0.0 0
1670562581720 0.0 0
1670562582173 0.0 0
1670562582986 0.0 0
1670562583398 0.0 0
1670562583879 0.0 0
1670562584495 0.0 0
1670562585122 0.0 0
1670562585702 0.0 0
1670562586478 0.0 0
1670562587119 0.0 0
1670562587640 0.0006666666666666666 0
1670562588180 0.0 0
1670562588852 0.0 0
1670562589316 0.0 0
1670562590183 0.0 0
1670562590723 0.0 0
1670562591238 0.0 0
1670562591915 0.0 0
