1670629238851 0.003142857142857143 0
1670629244068 0.0037142857142857142 0
1670629249313 0.002285714285714286 0
1670629254536 0.003142857142857143 0
1670629259678 0.0024285714285714284 0
1670629264762 0.002857142857142857 0
1670629269929 0.0024285714285714284 0
1670629275109 0.0018571428571428571 0
1670629280236 0.003 0
1670629285425 0.0015714285714285715 0
1670629290609 0.003 0
1670629296080 0.0037142857142857142 0
1670629301666 0.002 0
1670629307304 0.0024285714285714284 0
1670629312551 0.0035714285714285713 0
1670629317456 0.005 0
1670629322598 0.0027142857142857142 0
1670629327861 0.003142857142857143 0
1670629333060 0.0037142857142857142 0
1670629338180 0.0015714285714285715 0
1670629343461 0.0018571428571428571 0
1670629348778 0.0025714285714285713 0
1670629354228 0.002 0
1670629359472 0.0027142857142857142 0
1670629364574 0.0034285714285714284 0
1670629369676 0.0017142857142857142 0
1670629375294 0.0024285714285714284 0
1670629380980 0.0024285714285714284 0
1670629386105 0.003142857142857143 0
1670629391323 0.0025714285714285713 0
1670629396443 0.0035714285714285713 0
1670629401708 0.0024285714285714284 0
1670629406812 0.0035714285714285713 0
1670629412012 0.0025714285714285713 0
1670629417043 0.0025714285714285713 0
1670629422243 0.0025714285714285713 0
1670629427457 0.002 0
1670629432859 0.003 0
1670629438131 0.002142857142857143 0
1670629443648 0.0027142857142857142 0
1670629448728 0.0035714285714285713 0
1670629454502 0.0027142857142857142 0
1670629459875 0.003 0
1670629465903 0.003 0
1670629471082 0.0037142857142857142 0
1670629476261 0.002857142857142857 0
1670629481379 0.0024285714285714284 0
1670629486610 0.002857142857142857 0
1670629491759 0.0025714285714285713 0
1670629496886 0.002857142857142857 0
1670629502059 0.002 0
1670629506787 0.002285714285714286 0
