1670640354497 0.0 0
1670640357796 0.0 0
1670640361451 0.0 0
1670640365055 0.0 0
1670640368350 0.0 0
1670640371723 0.0 0
1670640375088 0.0 0
1670640378699 0.0 0
1670640382159 0.0 0
1670640385772 0.0 0
1670640389237 0.0 0
1670640392903 0.0 0
1670640396509 0.0 0
1670640400114 0.0 0
1670640403668 0.0 0
1670640406928 0.0 0
1670640410048 0.0 0
1670640413039 0.0 0
1670640415952 0.0 0
1670640418841 0.0 0
1670640421791 0.0 0
1670640424739 0.0 0
1670640427727 0.0 0
1670640430727 0.0 0
1670640433905 0.0 0
1670640436818 0.0 0
1670640439891 0.0 0
1670640442686 0.0 0
1670640445361 0.0 0
1670640448031 0.0 0
1670640450842 0.0 0
1670640453570 0.0 0
1670640456265 0.0 0
1670640459131 0.0 0
1670640461882 0.0 0
1670640464670 0.0 0
1670640467529 0.0 0
1670640470417 0.0 0
1670640473496 0.0 0
1670640476541 0.0 0
1670640479797 0.0 0
1670640483488 0.0 0
1670640487129 0.0 0
1670640490723 0.0 0
1670640494417 0.0 0
1670640498256 0.0 0
1670640501694 0.0 0
1670640505069 0.0 0
1670640508747 0.0 0
1670640512422 0.0 0
1670640516186 0.0 0
1670640519354 0.0 0
1670640523258 0.0 0
1670640527077 0.0 0
1670640530912 0.0 0
1670640534595 0.0 0
1670640538305 0.0 0
1670640542026 0.0 0
1670640545540 0.0 0
1670640549154 0.0 0
1670640552874 0.0 0
1670640556570 0.0 0
1670640560408 0.0 0
1670640564245 0.0 0
1670640568009 0.0 0
1670640571821 0.0 0
1670640575448 0.0 0
1670640579245 0.0 0
1670640583091 0.0 0
1670640587343 0.0 0
1670640591876 0.0 0
1670640595764 0.0 0
1670640599933 0.0 0
1670640603648 0.0 0
1670640607408 0.0 0
1670640611532 0.0 0
1670640615261 0.0 0
1670640619387 0.0 0
1670640623364 0.0 0
1670640627319 0.0 0
1670640630921 0.0 0
1670640634736 0.0 0
1670640638537 0.0 0
1670640642723 0.0 0
1670640646492 0.0 0
1670640650512 0.0 0
1670640654801 0.0 0
1670640658652 0.0 0
1670640662728 0.0 0
1670640666739 0.0 0
1670640670839 0.0 0
1670640674758 0.0 0
1670640679057 0.0 0
1670640683037 0.0 0
1670640687211 0.0 0
1670640691486 0.0 0
1670640695329 0.0 0
1670640699104 0.0 0
1670640702995 0.0 0
1670640707180 0.0 0
1670640711158 0.0 0
1670640715194 0.0 0
