1670635141962 0.01742857142857143 0
1670635145825 0.02457142857142857 0
1670635149786 0.022571428571428572 0
1670635153759 0.024714285714285713 0
1670635157892 0.022285714285714287 0
1670635161914 0.023857142857142858 0
1670635165962 0.023857142857142858 0
1670635169922 0.019714285714285715 0
1670635173813 0.019285714285714285 0
1670635177430 0.023285714285714285 0
1670635181145 0.018571428571428572 0
1670635184939 0.023285714285714285 0
1670635188807 0.018571428571428572 0
1670635192522 0.021714285714285714 0
1670635196184 0.022714285714285715 0
1670635200154 0.020285714285714285 0
1670635204145 0.019 0
1670635208039 0.021714285714285714 0
1670635211923 0.019428571428571427 0
1670635215952 0.021714285714285714 0
1670635219561 0.022285714285714287 0
1670635222891 0.021142857142857144 0
1670635227211 0.019571428571428573 0
1670635231014 0.020428571428571428 0
1670635234983 0.02142857142857143 0
1670635239131 0.022571428571428572 0
1670635243092 0.019142857142857142 0
1670635246953 0.021285714285714286 0
1670635250795 0.02242857142857143 0
1670635254645 0.021142857142857144 0
1670635258548 0.021285714285714286 0
1670635262503 0.02214285714285714 0
1670635266676 0.019428571428571427 0
1670635269758 0.023571428571428573 0
1670635273437 0.02057142857142857 0
1670635277017 0.023285714285714285 0
1670635280300 0.021857142857142856 0
1670635283961 0.022571428571428572 0
1670635287534 0.021714285714285714 0
1670635291492 0.021714285714285714 0
1670635295063 0.023571428571428573 0
1670635298906 0.022857142857142857 0
1670635302761 0.020285714285714285 0
1670635306412 0.02 0
1670635310438 0.02242857142857143 0
1670635314164 0.023 0
1670635317960 0.022714285714285715 0
1670635321935 0.020428571428571428 0
1670635325865 0.02085714285714286 0
1670635329651 0.024428571428571428 0
1670635333288 0.021285714285714286 0
1670635337339 0.018 0
1670635341533 0.022285714285714287 0
1670635345069 0.018571428571428572 0
1670635348327 0.022285714285714287 0
1670635351592 0.02 0
1670635355315 0.022857142857142857 0
1670635358489 0.024142857142857143 0
1670635361929 0.02242857142857143 0
1670635365235 0.02057142857142857 0
1670635368727 0.024428571428571428 0
1670635372410 0.022285714285714287 0
1670635376156 0.020428571428571428 0
1670635379641 0.024 0
1670635383037 0.023857142857142858 0
1670635386174 0.021 0
1670635389890 0.019285714285714285 0
1670635393589 0.021142857142857144 0
1670635396853 0.022 0
1670635399808 0.019428571428571427 0
1670635402784 0.024 0
1670635405754 0.019285714285714285 0
1670635409030 0.01814285714285714 0
1670635412583 0.019142857142857142 0
1670635415776 0.02 0
1670635419022 0.022285714285714287 0
1670635422280 0.025857142857142856 0
1670635425618 0.024857142857142855 0
1670635428951 0.02242857142857143 0
1670635431697 0.022857142857142857 0
1670635434395 0.023571428571428573 0
1670635437316 0.023428571428571427 0
1670635440500 0.025 0
1670635443776 0.020142857142857143 0
1670635446798 0.022 0
1670635449452 0.022 0
1670635452029 0.017857142857142856 0
1670635454707 0.019428571428571427 0
1670635457480 0.02157142857142857 0
1670635460671 0.02085714285714286 0
1670635464020 0.023857142857142858 0
1670635467542 0.023857142857142858 0
1670635471053 0.020714285714285713 0
1670635474547 0.02 0
1670635477668 0.02457142857142857 0
1670635480954 0.025285714285714286 0
1670635484238 0.018285714285714287 0
1670635487547 0.017714285714285714 0
1670635490959 0.021285714285714286 0
1670635494289 0.021714285714285714 0
1670635497727 0.021714285714285714 0
1670635501355 0.019571428571428573 0
1670635504774 0.019857142857142858 0
1670635508195 0.023857142857142858 0
1670635511636 0.024714285714285713 0
1670635515073 0.024142857142857143 0
1670635518482 0.02157142857142857 0
1670635521942 0.021142857142857144 0
