1670637906467 0.0 0
1670637910376 0.0 0
1670637914321 0.0 0
1670637918385 0.0 0
1670637922638 0.0 0
1670637926948 0.0 0
1670637930905 0.0 0
1670637934605 0.0 0
1670637938250 0.0 0
1670637941883 0.0 0
1670637945516 0.0 0
1670637949098 0.0 0
1670637952961 0.0 0
1670637956766 0.0 0
1670637960491 0.0 0
1670637964471 0.0 0
1670637968108 0.0 0
1670637971846 0.0 0
1670637975945 0.0 0
1670637979862 0.0 0
1670637983550 0.0 0
1670637987402 0.0 0
1670637991071 0.0 0
1670637995083 0.0 0
1670637999110 0.0 0
1670638003110 0.0 0
1670638006654 0.0 0
1670638010601 0.0 0
1670638014125 0.0 0
1670638017962 0.0 0
1670638021754 0.0 0
1670638025789 0.0 0
1670638029606 0.0 0
1670638033363 0.0 0
1670638037366 0.0 0
1670638041449 0.0 0
1670638045452 0.0 0
1670638049415 0.0 0
1670638053477 0.0 0
1670638057129 0.00014285714285714287 0
1670638061080 0.0 0
1670638065173 0.0 0
1670638068825 0.0 0
1670638072867 0.0 0
1670638076370 0.0 0
1670638079991 0.0 0
1670638083540 0.0 0
1670638087257 0.0 0
1670638091097 0.0 0
1670638094610 0.0 0
1670638098124 0.0 0
1670638101560 0.0 0
1670638105357 0.0 0
1670638109220 0.00014285714285714287 0
1670638112881 0.0 0
1670638116672 0.0 0
1670638120374 0.0 0
1670638124276 0.0 0
1670638128315 0.0 0
1670638132746 0.0 0
1670638136290 0.0 0
1670638139649 0.0 0
1670638143744 0.0 0
1670638147654 0.0 0
1670638151641 0.0 0
1670638155425 0.0 0
1670638159493 0.0 0
1670638163205 0.0 0
1670638167030 0.0 0
1670638170945 0.0 0
1670638174731 0.0 0
1670638178823 0.0 0
1670638182856 0.0 0
1670638186999 0.00014285714285714287 0
1670638191022 0.0 0
1670638194974 0.0 0
1670638198713 0.0 0
1670638202421 0.0 0
1670638206544 0.0 0
1670638210294 0.0 0
1670638214270 0.0 0
1670638218323 0.0 0
1670638221936 0.0 0
1670638225588 0.0 0
1670638229618 0.0 0
1670638233568 0.0 0
1670638237391 0.0 0
1670638241386 0.0 0
1670638245021 0.0 0
1670638248483 0.0 0
1670638252659 0.0 0
1670638256490 0.0 0
1670638260481 0.0 0
1670638264902 0.0 0
1670638268673 0.0 0
1670638272340 0.00014285714285714287 0
1670638276131 0.0 0
1670638279679 0.0 0
1670638283422 0.0 0
1670638287522 0.0 0
1670638291700 0.0 0
1670638295787 0.0 0
