1670562764864 0.0 0
1670562765261 0.0 0
1670562765525 0.0 0
1670562765726 0.0 0
1670562765988 0.0 0
1670562766253 0.0 0
1670562766604 0.0 0
1670562766824 0.0 0
1670562767156 0.0 0
1670562767633 0.0 0
1670562767885 0.0 0
1670562768203 0.0 0
1670562768465 0.0 0
1670562768854 0.0 0
1670562769074 0.0 0
1670562769485 0.0 0
1670562769775 0.0 0
1670562769970 0.0 0
1670562770257 0.0 0
1670562770519 0.0 0
1670562770670 0.0 0
1670562770942 0.0 0
1670562771197 0.0 0
1670562771357 0.0 0
1670562771533 0.0 0
1670562771737 0.0 0
1670562772109 0.0 0
1670562772375 0.0 0
1670562772821 0.0 0
1670562773106 0.0 0
1670562773281 0.0 0
1670562773458 0.0 0
1670562773649 0.0 0
1670562773974 0.0 0
1670562774315 0.0 0
1670562774729 0.0 0
1670562775129 0.0 0
1670562775516 0.0 0
1670562775801 0.0 0
1670562776260 0.0 0
1670562776634 0.0 0
1670562777119 0.0 0
1670562777343 0.0 0
1670562777732 0.0 0
1670562778159 0.0 0
1670562778307 0.0 0
1670562778571 0.0 0
1670562778859 0.0 0
1670562779157 0.0 0
1670562779516 0.0 0
1670562779825 0.0 0
1670562780092 0.0 0
1670562780527 0.0 0
1670562780763 0.0 0
1670562780977 0.0 0
1670562781331 0.0 0
1670562781718 0.0 0
1670562781904 0.0 0
1670562782045 0.0 0
1670562782327 0.0 0
1670562782688 0.0 0
1670562782947 0.0 0
1670562783118 0.0 0
1670562783423 0.0 0
1670562783777 0.0 0
1670562784087 0.0 0
1670562784505 0.0 0
1670562784769 0.0 0
1670562785166 0.0 0
1670562785455 0.0 0
1670562785668 0.0 0
1670562785977 0.0 0
1670562786126 0.0 0
1670562786254 0.0 0
1670562786526 0.0 0
1670562786703 0.0 0
1670562786924 0.0 0
1670562787240 0.0 0
1670562787632 0.0 0
1670562787868 0.0 0
1670562788192 0.0 0
1670562788488 0.0 0
1670562788669 0.0 0
1670562788880 0.0 0
1670562789087 0.0 0
1670562789221 0.0 0
1670562789435 0.0 0
1670562789697 0.0 0
1670562789911 0.0 0
1670562790158 0.0 0
1670562790429 0.0 0
1670562790790 0.0 0
1670562791118 0.0 0
1670562791381 0.0 0
1670562791740 0.0 0
1670562792019 0.0 0
1670562792193 0.0 0
1670562792325 0.0 0
1670562792512 0.0 0
1670562792689 0.0 0
1670562792821 0.0 0
1670562793156 0.0 0
