1670597251043 0.0 0
1670597254408 0.0 0
1670597257374 0.0 0
1670597260285 0.0 0
1670597263503 0.0 0
1670597266423 0.0 0
1670597269729 0.0 0
1670597273009 0.0 0
1670597276062 0.0 0
1670597279117 0.0001 0
1670597282499 0.0 0
1670597286017 0.0 0
1670597289236 0.0 0
1670597292011 0.0 0
1670597295092 0.0 0
1670597297886 0.0 0
1670597301039 0.0 0
1670597304339 0.0 0
1670597307517 0.0 0
1670597310640 0.0 0
1670597314093 0.0 0
1670597317123 0.0 0
1670597320264 0.0 0
1670597323732 0.0 0
1670597326936 0.0 0
1670597330133 0.0 0
1670597333357 0.0 0
1670597336878 0.0 0
1670597340098 0.0 0
1670597343528 0.0 0
1670597346999 0.0 0
1670597350084 0.0 0
1670597353550 0.0 0
1670597356713 0.0 0
1670597360302 0.0 0
1670597363782 0.0 0
1670597366838 0.0 0
1670597370230 0.0 0
1670597373459 0.0 0
1670597376865 0.0 0
1670597380285 0.0 0
1670597383931 0.0 0
1670597387270 0.0 0
1670597390619 0.0 0
1670597394077 0.0 0
1670597397279 0.0 0
1670597400439 0.0 0
1670597404040 0.0 0
1670597407222 0.0 0
1670597410681 0.0 0
1670597414240 0.0 0
1670597417462 0.0 0
1670597421272 0.0 0
1670597424896 0.0 0
1670597428671 0.0 0
1670597432692 0.0 0
1670597436623 0.0 0
1670597440325 0.0 0
1670597443788 0.0 0
1670597447387 0.0 0
1670597451125 0.0 0
1670597454574 0.0 0
1670597458381 0.0 0
1670597461930 0.0 0
1670597465486 0.0 0
1670597468608 0.0 0
1670597471614 0.0 0
1670597474487 0.0 0
1670597477528 0.0 0
1670597480649 0.0 0
1670597483567 0.0 0
1670597486466 0.0 0
1670597489546 0.0 0
1670597492679 0.0 0
1670597496203 0.0 0
1670597499264 0.0 0
1670597502329 0.0 0
1670597505626 0.0 0
1670597508348 0.0 0
1670597511283 0.0 0
1670597514167 0.0 0
1670597517366 0.0 0
1670597520855 0.0 0
1670597524101 0.0 0
1670597527240 0.0 0
1670597530127 0.0 0
1670597533259 0.0 0
1670597536567 0.0 0
1670597539385 0.0 0
1670597542414 0.0 0
1670597545292 0.0 0
1670597548032 0.0 0
1670597551031 0.0 0
1670597553822 0.0 0
1670597556816 0.0 0
1670597560077 0.0 0
1670597563039 0.0 0
1670597565978 0.0 0
1670597569085 0.0 0
1670597572199 0.0 0
1670597575124 0.0 0
1670597578286 0.0 0
1670597581756 0.0 0
1670597584872 0.0 0
1670597587771 0.0 0
1670597590439 0.0 0
1670597593602 0.0 0
1670597596681 0.0 0
1670597599965 0.0 0
1670597603167 0.0 0
1670597606200 0.0 0
1670597609474 0.0 0
1670597612387 0.0 0
1670597615355 0.0 0
1670597618395 0.0 0
1670597621657 0.0 0
1670597624469 0.0 0
1670597627483 0.0 0
1670597630591 0.0 0
1670597633579 0.0 0
1670597637322 0.0 0
1670597640172 0.0 0
1670597643388 0.0 0
1670597646639 0.0 0
1670597649520 0.0 0
1670597652392 0.0 0
1670597655432 0.0 0
1670597658662 0.0 0
1670597661618 0.0 0
1670597664879 0.0 0
1670597667689 0.0 0
1670597671314 0.0 0
1670597674504 0.0 0
1670597677568 0.0 0
1670597680953 0.0 0
1670597684067 0.0 0
1670597687245 0.0 0
1670597690368 0.0 0
1670597693367 0.0 0
1670597696112 0.0 0
1670597699465 0.0 0
1670597702690 0.0 0
1670597705996 0.0 0
1670597708890 0.0 0
1670597711519 0.0 0
1670597714668 0.0 0
1670597717882 0.0 0
1670597720906 0.0 0
1670597723968 0.0 0
1670597727049 0.0 0
1670597730006 0.0 0
1670597733288 0.0 0
1670597736835 0.0 0
1670597739693 0.0 0
1670597742563 0.0 0
1670597745620 0.0 0
1670597748366 0.0 0
1670597751443 0.0 0
1670597754651 0.0 0
1670597757979 0.0 0
1670597761003 0.0 0
1670597764490 0.0 0
1670597767630 0.0 0
1670597770518 0.0 0
1670597773541 0.0 0
1670597777178 0.0 0
1670597780391 0.0 0
1670597783160 0.0 0
1670597786499 0.0 0
1670597789908 0.0 0
1670597792987 0.0 0
1670597796288 0.0 0
1670597800044 0.0 0
1670597803942 0.0 0
1670597807293 0.0 0
1670597811010 0.0 0
1670597814743 0.0 0
1670597818785 0.0 0
1670597822918 0.0 0
1670597826435 0.0 0
1670597829680 0.0 0
1670597832776 0.0 0
1670597836214 0.0 0
1670597839611 0.0 0
1670597842973 0.0 0
1670597846766 0.0 0
1670597850660 0.0 0
1670597853622 0.0 0
1670597857202 0.0 0
1670597861267 0.0 0
1670597865067 0.0 0
1670597869133 0.0 0
1670597873098 0.0 0
1670597876726 0.0 0
1670597880638 0.0 0
1670597884422 0.0 0
1670597888405 0.0 0
1670597891591 0.0 0
1670597895339 0.0 0
1670597899051 0.0 0
1670597902672 0.0 0
1670597906518 0.0 0
1670597910077 0.0 0
1670597913733 0.0 0
1670597916983 0.0 0
1670597920235 0.0 0
1670597923509 0.0 0
1670597926941 0.0 0
1670597930413 0.0 0
1670597933650 0.0 0
1670597937219 0.0 0
1670597940738 0.0 0
1670597944133 0.0 0
1670597947518 0.0 0
1670597950411 0.0 0
1670597953439 0.0 0
1670597956640 0.0 0
1670597959761 0.0 0
1670597963016 0.0 0
1670597966005 0.0 0
1670597969211 0.0 0
1670597972165 0.0 0
1670597975318 0.0 0
1670597978284 0.0 0
1670597981559 0.0 0
1670597984957 0.0 0
1670597988360 0.0 0
1670597991266 0.0 0
1670597994377 0.0 0
1670597997595 0.0 0
1670598000926 0.0 0
1670598004644 0.0 0
1670598007580 0.0 0
1670598010213 0.0 0
1670598013031 0.0 0
1670598016200 0.0 0
1670598018951 0.0 0
1670598022210 0.0 0
1670598025324 0.0 0
1670598028685 0.0 0
1670598031811 0.0 0
1670598035022 0.0 0
1670598038094 0.0 0
1670598040951 0.0 0
1670598043981 0.0 0
1670598047234 0.0 0
1670598050338 0.0 0
1670598053655 0.0 0
1670598056577 0.0 0
1670598059865 0.0 0
1670598062757 0.0 0
1670598065854 0.0 0
1670598068856 0.0 0
1670598071751 0.0 0
1670598075201 0.0 0
1670598078771 0.0 0
1670598082175 0.0 0
1670598085812 0.0 0
1670598088700 0.0 0
1670598091714 0.0 0
1670598095112 0.0 0
1670598098479 0.0 0
1670598101638 0.0 0
1670598104919 0.0 0
1670598107969 0.0 0
1670598111456 0.0 0
1670598115035 0.0 0
1670598118061 0.0 0
1670598121567 0.0 0
1670598125453 0.0 0
1670598128609 0.0 0
1670598131747 0.0 0
1670598134971 0.0 0
1670598138742 0.0 0
1670598142285 0.0 0
1670598145621 0.0 0
1670598148701 0.0 0
1670598152021 0.0 0
1670598155058 0.0 0
1670598158579 0.0 0
1670598161951 0.0 0
1670598165278 0.0 0
1670598168368 0.0 0
1670598171820 0.0 0
1670598175397 0.0 0
1670598179385 0.0 0
1670598182920 0.0 0
1670598186542 0.0 0
1670598189291 0.0 0
1670598192231 0.0 0
1670598195640 0.0 0
1670598199462 0.0 0
1670598202730 0.0 0
1670598206388 0.0 0
1670598210695 0.0 0
1670598214494 0.0 0
1670598218271 0.0 0
1670598221656 0.0 0
1670598225128 0.0 0
1670598228326 0.0 0
1670598231707 0.0 0
1670598235155 0.0 0
1670598238459 0.0 0
1670598241665 0.0 0
1670598244776 0.0 0
1670598248231 0.0 0
1670598251455 0.0 0
1670598255199 0.0 0
1670598258928 0.0 0
1670598262758 0.0 0
1670598266500 0.0 0
1670598270125 0.0 0
1670598273801 0.0 0
1670598277532 0.0 0
1670598281131 0.0 0
1670598284411 0.0 0
1670598287947 0.0 0
1670598291260 0.0 0
1670598294475 0.0 0
1670598297837 0.0 0
1670598300897 0.0 0
1670598304629 0.0 0
1670598307951 0.0 0
1670598310871 0.0 0
1670598314363 0.0 0
1670598318378 0.0 0
1670598321832 0.0 0
1670598325463 0.0 0
1670598329207 0.0 0
1670598332885 0.0 0
1670598336665 0.0 0
1670598340513 0.0 0
1670598344365 0.0 0
1670598347376 0.0 0
1670598350817 0.0 0
1670598354154 0.0 0
1670598357872 0.0 0
1670598360858 0.0 0
1670598364648 0.0 0
1670598367996 0.0 0
1670598371125 0.0 0
1670598374035 0.0 0
1670598377413 0.0 0
1670598380834 0.0 0
1670598384105 0.0 0
1670598387460 0.0 0
1670598390592 0.0 0
1670598394079 0.0 0
1670598397759 0.0 0
1670598401167 0.0 0
1670598404863 0.0 0
1670598408246 0.0 0
1670598411539 0.0 0
1670598414655 0.0 0
1670598417511 0.0 0
1670598420650 0.0 0
1670598423949 0.0 0
1670598427313 0.0 0
1670598430023 0.0 0
1670598432534 0.0 0
1670598435357 0.0 0
1670598437918 0.0 0
1670598441050 0.0 0
1670598443918 0.0 0
1670598446929 0.0 0
1670598449864 0.0 0
1670598452747 0.0 0
1670598455269 0.0 0
1670598458042 0.0 0
1670598460791 0.0 0
1670598463501 0.0 0
1670598466293 0.0 0
1670598469150 0.0 0
1670598471739 0.0 0
1670598474608 0.0 0
1670598477273 0.0 0
1670598480119 0.0 0
1670598483178 0.0 0
1670598485865 0.0 0
1670598488399 0.0 0
1670598490900 0.0 0
1670598493675 0.0 0
1670598496447 0.0 0
1670598499213 0.0 0
1670598502140 0.0 0
1670598504717 0.0 0
1670598507449 0.0 0
1670598510206 0.0 0
1670598513210 0.0 0
1670598515890 0.0 0
1670598518789 0.0 0
1670598521418 0.0 0
1670598523982 0.0 0
1670598526827 0.0 0
1670598529814 0.0 0
1670598532599 0.0 0
1670598535680 0.0 0
1670598539063 0.0 0
1670598542328 0.0 0
1670598545393 0.0 0
1670598548286 0.0 0
1670598551202 0.0 0
1670598554025 0.0 0
1670598557099 0.0 0
1670598560187 0.0 0
1670598563220 0.0 0
1670598565893 0.0 0
1670598568981 0.0 0
1670598571873 0.0 0
1670598574751 0.0 0
1670598577285 0.0 0
1670598580103 0.0 0
1670598583401 0.0 0
1670598586382 0.0 0
1670598589395 0.0 0
1670598592417 0.0 0
1670598595273 0.0 0
1670598597865 0.0 0
1670598600810 0.0 0
1670598603844 0.0 0
1670598606591 0.0 0
1670598609217 0.0 0
1670598611875 0.0 0
1670598614739 0.0 0
1670598617588 0.0 0
1670598620400 0.0 0
1670598623319 0.0 0
1670598626002 0.0 0
1670598628705 0.0 0
1670598631363 0.0 0
1670598634139 0.0 0
1670598637158 0.0 0
1670598640364 0.0 0
1670598643319 0.0 0
1670598646155 0.0 0
1670598648946 0.0 0
1670598652216 0.0 0
1670598654994 0.0 0
1670598658044 0.0 0
1670598660871 0.0 0
1670598664186 0.0 0
1670598667044 0.0 0
1670598669715 0.0 0
1670598672446 0.0 0
1670598675201 0.0 0
1670598678094 0.0 0
1670598681286 0.0 0
1670598684883 0.0 0
1670598687909 0.0 0
1670598691652 0.0 0
1670598695038 0.0 0
1670598698341 0.0 0
1670598701461 0.0 0
1670598704685 0.0 0
1670598707714 0.0 0
1670598711159 0.0 0
1670598713841 0.0 0
1670598716761 0.0 0
1670598719550 0.0 0
1670598722829 0.0 0
1670598725720 0.0 0
1670598728571 0.0 0
1670598731246 0.0 0
1670598734239 0.0 0
1670598736933 0.0 0
1670598739797 0.0 0
1670598743123 0.0 0
1670598746154 0.0 0
1670598749081 0.0 0
1670598752348 0.0 0
1670598755607 0.0 0
1670598758750 0.0 0
1670598762129 0.0 0
1670598765096 0.0 0
1670598768540 0.0 0
1670598771467 0.0 0
1670598774871 0.0 0
1670598778064 0.0 0
1670598781478 0.0 0
1670598784853 0.0 0
1670598788227 0.0 0
1670598791261 0.0 0
1670598794655 0.0 0
1670598798274 0.0 0
1670598801486 0.0 0
1670598805427 0.0 0
1670598808406 0.0 0
1670598811629 0.0 0
1670598814875 0.0 0
1670598818144 0.0 0
1670598821871 0.0 0
1670598824957 0.0 0
1670598828279 0.0 0
1670598831274 0.0 0
1670598834396 0.0 0
1670598837659 0.0 0
1670598841545 0.0 0
1670598844908 0.0 0
1670598848025 0.0 0
1670598850789 0.0 0
1670598853893 0.0 0
1670598856744 0.0 0
1670598859746 0.0 0
1670598863148 0.0 0
1670598866866 0.0 0
1670598869982 0.0 0
1670598873472 0.0 0
1670598877236 0.0 0
1670598880634 0.0 0
1670598884036 0.0 0
1670598887656 0.0 0
1670598891193 0.0 0
1670598894610 0.0 0
1670598897699 0.0 0
1670598900957 0.0 0
1670598904403 0.0 0
1670598907696 0.0 0
1670598911061 0.0 0
1670598913878 0.0 0
1670598917067 0.0 0
1670598920304 0.0 0
1670598923669 0.0 0
1670598926639 0.0 0
1670598929689 0.0 0
1670598932858 0.0 0
1670598935846 0.0 0
1670598938522 0.0 0
1670598941759 0.0 0
1670598944592 0.0 0
1670598947158 0.0 0
1670598949916 0.0 0
1670598952634 0.0 0
1670598955262 0.0 0
1670598958097 0.0 0
1670598960768 0.0 0
1670598963544 0.0 0
1670598966402 0.0 0
1670598969014 0.0 0
1670598971765 0.0 0
1670598974449 0.0 0
1670598977500 0.0 0
1670598980013 0.0 0
1670598982696 0.0 0
1670598985384 0.0 0
1670598988014 0.0 0
1670598990513 0.0 0
1670598993192 0.0 0
1670598995721 0.0 0
1670598998452 0.0 0
1670599001042 0.0 0
1670599003528 0.0 0
1670599006399 0.0 0
1670599009097 0.0 0
1670599011708 0.0 0
1670599014507 0.0 0
1670599017302 0.0 0
1670599019966 0.0 0
1670599022961 0.0 0
1670599025469 0.0 0
1670599028396 0.0 0
1670599030897 0.0 0
1670599033593 0.0 0
1670599036462 0.0 0
1670599040016 0.0 0
1670599042904 0.0 0
1670599046027 0.0 0
1670599049274 0.0 0
1670599052973 0.0 0
1670599055763 0.0 0
1670599059059 0.0 0
1670599061787 0.0 0
1670599065228 0.0 0
1670599068018 0.0 0
1670599070942 0.0 0
1670599074128 0.0 0
1670599077199 0.0 0
1670599079797 0.0 0
1670599083033 0.0 0
1670599085832 0.0 0
1670599088787 0.0 0
1670599091503 0.0 0
1670599094244 0.0 0
1670599097172 0.0 0
1670599099891 0.0 0
1670599102978 0.0 0
1670599106136 0.0 0
1670599109117 0.0 0
1670599112323 0.0 0
1670599115527 0.0 0
1670599118527 0.0 0
1670599121623 0.0 0
1670599124802 0.0 0
1670599127549 0.0 0
1670599130706 0.0 0
1670599133832 0.0 0
1670599136796 0.0 0
1670599139836 0.0 0
1670599142967 0.0 0
1670599145996 0.0 0
1670599148912 0.0 0
1670599151562 0.0 0
1670599154736 0.0 0
1670599157963 0.0 0
1670599161011 0.0 0
1670599163919 0.0 0
1670599167338 0.0 0
1670599170852 0.0 0
1670599173952 0.0 0
1670599177350 0.0 0
1670599180368 0.0 0
1670599183984 0.0 0
1670599187560 0.0 0
1670599190588 0.0 0
1670599193547 0.0 0
1670599196769 0.0 0
1670599199796 0.0 0
1670599203308 0.0 0
1670599206762 0.0 0
1670599209660 0.0 0
1670599212435 0.0 0
1670599215549 0.0 0
1670599219117 0.0 0
1670599222490 0.0 0
1670599225656 0.0 0
1670599228899 0.0 0
1670599232334 0.0 0
1670599235739 0.0 0
1670599238681 0.0 0
1670599241753 0.0 0
1670599245070 0.0 0
1670599248335 0.0 0
1670599251545 0.0 0
1670599254896 0.0 0
1670599257920 0.0 0
1670599260762 0.0 0
1670599264218 0.0 0
1670599267381 0.0 0
1670599270285 0.0 0
1670599273182 0.0 0
1670599276059 0.0 0
1670599279307 0.0 0
1670599282347 0.0 0
1670599285363 0.0 0
1670599288661 0.0 0
1670599291970 0.0 0
1670599295130 0.0 0
1670599297975 0.0 0
1670599300951 0.0 0
1670599303889 0.0 0
1670599306973 0.0 0
1670599310122 0.0 0
1670599313083 0.0 0
1670599316417 0.0 0
1670599319404 0.0 0
1670599322173 0.0 0
1670599325115 0.0 0
1670599327914 0.0 0
1670599330843 0.0 0
1670599333462 0.0 0
1670599336576 0.0 0
1670599339654 0.0 0
1670599342559 0.0 0
1670599345982 0.0 0
1670599348845 0.0 0
1670599351907 0.0 0
1670599354956 0.0 0
1670599357699 0.0 0
1670599360579 0.0 0
1670599363377 0.0 0
1670599366107 0.0 0
1670599369032 0.0 0
1670599371892 0.0 0
1670599374896 0.0 0
1670599378416 0.0 0
1670599381440 0.0 0
1670599385005 0.0 0
1670599388197 0.0 0
1670599391107 0.0 0
1670599394055 0.0 0
1670599397509 0.0 0
1670599401017 0.0 0
1670599404411 0.0 0
1670599407974 0.0 0
1670599411251 0.0 0
1670599414542 0.0 0
1670599417459 0.0 0
1670599420728 0.0 0
1670599424025 0.0 0
1670599427622 0.0 0
1670599431223 0.0 0
1670599434424 0.0 0
1670599437533 0.0 0
1670599440887 0.0 0
1670599444144 0.0 0
1670599447525 0.0 0
1670599450320 0.0 0
1670599453483 0.0 0
1670599456538 0.0 0
1670599459869 0.0 0
1670599463321 0.0 0
1670599466481 0.0 0
1670599469701 0.0 0
1670599473051 0.0 0
1670599476146 0.0 0
1670599479436 0.0 0
1670599482840 0.0 0
1670599486512 0.0 0
1670599490036 0.0 0
1670599493446 0.0 0
1670599496601 0.0 0
1670599499836 0.0 0
1670599502946 0.0 0
1670599506453 0.0 0
1670599509426 0.0 0
1670599512398 0.0 0
1670599515501 0.0 0
1670599518817 0.0 0
1670599522082 0.0 0
1670599525242 0.0 0
1670599528794 0.0 0
1670599532146 0.0 0
1670599534984 0.0 0
1670599538426 0.0 0
1670599541367 0.0 0
1670599544942 0.0 0
1670599548393 0.0 0
1670599551499 0.0 0
1670599554494 0.0 0
1670599557654 0.0 0
1670599561233 0.0 0
1670599564544 0.0 0
1670599568040 0.0 0
1670599571059 0.0 0
1670599574448 0.0 0
1670599578650 0.0 0
1670599582403 0.0 0
1670599585936 0.0 0
1670599589232 0.0 0
1670599592330 0.0 0
1670599595577 0.0 0
1670599598786 0.0 0
1670599602025 0.0 0
1670599605176 0.0 0
1670599608377 0.0 0
1670599611306 0.0 0
1670599614454 0.0 0
1670599617867 0.0 0
1670599620958 0.0 0
1670599624280 0.0 0
1670599627131 0.0 0
1670599629925 0.0 0
1670599632650 0.0 0
1670599635967 0.0 0
1670599639345 0.0 0
1670599642460 0.0 0
1670599645605 0.0 0
1670599648459 0.0 0
1670599651555 0.0 0
1670599654416 0.0 0
1670599657698 0.0 0
1670599661095 0.0 0
1670599664756 0.0 0
1670599667735 0.0 0
1670599670847 0.0 0
1670599674176 0.0 0
1670599677305 0.0 0
1670599680351 0.0 0
1670599683533 0.0 0
1670599686807 0.0 0
1670599689926 0.0 0
1670599693411 0.0 0
1670599696677 0.0 0
1670599699733 0.0 0
1670599702806 0.0 0
1670599705792 0.0 0
1670599709134 0.0 0
1670599712259 0.0 0
1670599715363 0.0 0
1670599718728 0.0 0
1670599722088 0.0 0
1670599725282 0.0 0
1670599728474 0.0 0
1670599732160 0.0 0
1670599735449 0.0 0
1670599739153 0.0 0
1670599743249 0.0 0
1670599746577 0.0 0
1670599749577 0.0 0
1670599752390 0.0 0
1670599755450 0.0 0
1670599758635 0.0 0
1670599762262 0.0 0
1670599765351 0.0 0
1670599768397 0.0 0
1670599771780 0.0 0
1670599775172 0.0 0
1670599777975 0.0 0
1670599781105 0.0 0
1670599784260 0.0 0
1670599787079 0.0 0
1670599790625 0.0 0
1670599793448 0.0 0
1670599796621 0.0 0
1670599799901 0.0 0
1670599803298 0.0 0
1670599806714 0.0 0
1670599809553 0.0 0
1670599812660 0.0 0
1670599815521 0.0 0
1670599818818 0.0 0
1670599821949 0.0 0
1670599825217 0.0 0
1670599828424 0.0 0
1670599831275 0.0 0
1670599834983 0.0 0
1670599838408 0.0 0
1670599841832 0.0 0
1670599844893 0.0 0
1670599848048 0.0 0
1670599851041 0.0 0
1670599854335 0.0 0
1670599857893 0.0 0
1670599861142 0.0 0
1670599864579 0.0 0
1670599867624 0.0 0
1670599870638 0.0 0
1670599873975 0.0 0
1670599876833 0.0 0
1670599880012 0.0 0
1670599883327 0.0 0
1670599886138 0.0 0
1670599889402 0.0 0
1670599892647 0.0 0
1670599895801 0.0 0
1670599899216 0.0 0
1670599902387 0.0 0
1670599905087 0.0 0
1670599907942 0.0 0
1670599911219 0.0 0
1670599914021 0.0 0
1670599916991 0.0 0
1670599920082 0.0 0
1670599923162 0.0 0
1670599926152 0.0 0
1670599929227 0.0 0
1670599931957 0.0 0
1670599934798 0.0 0
1670599938011 0.0 0
1670599941158 0.0 0
1670599944148 0.0 0
1670599947152 0.0 0
1670599950348 0.0 0
1670599953724 0.0 0
1670599956543 0.0 0
1670599959381 0.0 0
1670599962028 0.0 0
1670599965479 0.0 0
1670599968437 0.0 0
1670599971733 0.0 0
1670599975175 0.0 0
1670599978278 0.0 0
1670599981577 0.0 0
1670599985258 0.0 0
1670599988292 0.0 0
1670599991158 0.0 0
1670599994226 0.0 0
1670599996959 0.0 0
1670600000083 0.0 0
1670600003282 0.0 0
1670600006623 0.0 0
1670600009496 0.0 0
1670600012375 0.0 0
1670600015271 0.0 0
1670600018301 0.0 0
1670600021557 0.0 0
1670600024503 0.0 0
1670600027596 0.0 0
1670600030516 0.0 0
1670600033692 0.0 0
1670600036502 0.0 0
1670600039791 0.0 0
1670600043014 0.0 0
1670600046037 0.0 0
1670600049145 0.0 0
1670600052258 0.0 0
1670600055494 0.0 0
1670600058602 0.0 0
1670600061755 0.0 0
1670600064554 0.0 0
1670600067737 0.0 0
1670600070575 0.0 0
1670600073388 0.0 0
1670600076164 0.0 0
1670600079303 0.0 0
1670600082465 0.0 0
1670600085620 0.0 0
1670600088776 0.0 0
1670600092466 0.0 0
1670600095436 0.0 0
1670600098870 0.0 0
1670600102383 0.0 0
1670600105571 0.0 0
1670600108492 0.0 0
1670600111607 0.0 0
1670600114701 0.0 0
1670600118283 0.0 0
1670600121956 0.0 0
1670600125556 0.0 0
1670600129296 0.0 0
1670600132407 0.0 0
1670600135599 0.0 0
1670600138967 0.0 0
1670600142346 0.0 0
1670600145595 0.0 0
1670600149138 0.0 0
1670600152456 0.0 0
1670600155829 0.0 0
1670600159031 0.0 0
1670600162660 0.0 0
1670600166131 0.0 0
1670600169466 0.0 0
1670600172719 0.0 0
1670600176031 0.0 0
1670600179454 0.0 0
1670600182660 0.0 0
1670600186211 0.0 0
1670600189560 0.0 0
1670600192989 0.0 0
1670600196237 0.0 0
1670600199775 0.0 0
1670600203425 0.0 0
1670600206980 0.0 0
1670600210624 0.0 0
1670600214172 0.0 0
1670600217618 0.0 0
1670600220622 0.0 0
1670600223650 0.0 0
1670600226791 0.0 0
1670600229829 0.0 0
1670600232829 0.0 0
1670600235886 0.0 0
1670600239098 0.0 0
1670600242282 0.0 0
1670600245814 0.0 0
1670600249222 0.0 0
1670600252367 0.0 0
1670600255763 0.0 0
1670600259114 0.0 0
1670600262147 0.0 0
1670600265354 0.0 0
1670600268445 0.0 0
1670600271656 0.0 0
1670600274749 0.0 0
1670600277764 0.0 0
1670600280996 0.0 0
1670600284228 0.0 0
1670600287711 0.0 0
1670600290620 0.0 0
1670600293699 0.0 0
1670600296877 0.0 0
1670600300239 0.0 0
1670600303330 0.0 0
1670600306295 0.0 0
1670600309108 0.0 0
1670600312365 0.0 0
1670600315974 0.0 0
1670600318685 0.0 0
1670600321584 0.0 0
1670600324865 0.0 0
1670600327926 0.0 0
1670600331085 0.0 0
1670600334256 0.0 0
1670600337591 0.0 0
1670600340606 0.0 0
1670600343785 0.0 0
1670600347389 0.0 0
1670600350505 0.0 0
1670600353848 0.0 0
1670600356756 0.0 0
1670600360191 0.0 0
1670600363839 0.0 0
1670600367201 0.0 0
1670600370460 0.0 0
1670600373893 0.0 0
1670600377346 0.0 0
1670600380406 0.0 0
1670600383845 0.0 0
1670600387385 0.0 0
1670600391038 0.0 0
1670600394261 0.0 0
1670600398180 0.0 0
1670600401951 0.0 0
1670600406023 0.0 0
1670600409803 0.0 0
1670600412995 0.0 0
1670600416664 0.0 0
1670600420123 0.0 0
1670600423846 0.0 0
1670600427907 0.0 0
1670600432273 0.0 0
1670600436507 0.0 0
1670600440393 0.0 0
1670600444057 0.0 0
1670600448055 0.0 0
1670600451779 0.0 0
1670600455620 0.0 0
1670600459551 0.0 0
1670600463425 0.0 0
1670600467249 0.0 0
1670600470703 0.0 0
1670600474221 0.0 0
1670600478195 0.0 0
1670600482222 0.0 0
1670600486008 0.0 0
1670600489919 0.0 0
1670600493549 0.0 0
1670600497339 0.0 0
1670600500649 0.0 0
1670600504479 0.0 0
1670600508016 0.0 0
1670600511457 0.0 0
1670600514887 0.0 0
1670600518256 0.0 0
1670600521866 0.0 0
1670600526110 0.0 0
1670600529343 0.0 0
1670600533476 0.0 0
1670600537643 0.0 0
1670600541290 0.0 0
1670600545224 0.0 0
1670600548946 0.0 0
1670600552827 0.0 0
1670600556523 0.0 0
1670600560564 0.0 0
1670600563970 0.0 0
1670600567343 0.0 0
1670600571196 0.0 0
1670600574697 0.0 0
1670600578870 0.0 0
1670600582767 0.0 0
1670600586634 0.0 0
1670600589510 0.0 0
1670600592372 0.0 0
1670600595671 0.0 0
1670600598997 0.0 0
1670600602205 0.0 0
1670600605391 0.0 0
1670600608571 0.0 0
1670600612193 0.0 0
1670600615243 0.0 0
1670600618731 0.0 0
1670600622116 0.0 0
1670600625957 0.0 0
1670600629626 0.0 0
1670600632916 0.0 0
1670600636311 0.0 0
1670600639459 0.0 0
1670600642766 0.0 0
1670600646186 0.0 0
1670600649275 0.0 0
1670600652216 0.0 0
1670600655746 0.0 0
1670600659353 0.0 0
1670600662527 0.0 0
1670600665830 0.0 0
1670600669117 0.0 0
1670600672621 0.0 0
1670600676369 0.0 0
1670600680186 0.0 0
1670600683980 0.0 0
1670600688187 0.0 0
1670600692255 0.0 0
1670600695984 0.0 0
1670600700164 0.0 0
1670600704282 0.0 0
1670600707899 0.0 0
1670600711034 0.0 0
1670600714694 0.0 0
1670600717943 0.0 0
1670600721373 0.0 0
1670600724667 0.0 0
1670600728433 0.0 0
1670600731968 0.0 0
1670600735650 0.0 0
1670600738984 0.0 0
1670600742250 0.0 0
1670600745791 0.0 0
1670600749907 0.0 0
1670600754136 0.0 0
1670600758191 0.0 0
1670600761700 0.0 0
1670600765501 0.0 0
1670600769130 0.0 0
1670600772478 0.0 0
1670600775964 0.0 0
1670600780165 0.0 0
1670600783818 0.0 0
1670600787286 0.0 0
1670600790789 0.0 0
1670600793799 0.0 0
1670600797635 0.0 0
1670600801029 0.0 0
1670600804489 0.0 0
1670600807976 0.0 0
1670600811069 0.0 0
1670600814304 0.0 0
1670600817927 0.0 0
1670600821372 0.0 0
1670600825008 0.0 0
1670600828705 0.0 0
1670600832034 0.0 0
1670600835711 0.0 0
1670600838991 0.0 0
1670600842423 0.0 0
1670600845750 0.0 0
1670600849263 0.0 0
1670600852956 0.0 0
1670600855840 0.0 0
1670600859368 0.0 0
1670600862866 0.0 0
1670600865970 0.0 0
1670600869246 0.0 0
1670600872580 0.0 0
1670600876364 0.0 0
1670600879716 0.0 0
1670600883600 0.0 0
1670600887337 0.0 0
1670600890188 0.0 0
1670600893563 0.0 0
1670600896968 0.0 0
1670600899951 0.0 0
1670600903574 0.0 0
1670600906588 0.0 0
1670600909779 0.0 0
1670600913097 0.0 0
1670600916274 0.0 0
1670600919371 0.0 0
1670600922242 0.0 0
1670600925653 0.0 0
1670600928873 0.0 0
1670600931804 0.0 0
1670600935169 0.0 0
1670600938248 0.0 0
1670600941382 0.0 0
1670600945065 0.0 0
1670600948283 0.0 0
1670600951209 0.0 0
1670600954386 0.0 0
1670600957762 0.0 0
1670600961229 0.0 0
1670600964500 0.0 0
1670600967225 0.0 0
1670600970543 0.0 0
1670600973571 0.0 0
1670600977182 0.0 0
1670600981121 0.0 0
1670600984414 0.0 0
1670600987545 0.0 0
1670600990780 0.0 0
1670600994098 0.0 0
1670600996852 0.0 0
1670601000088 0.0 0
1670601003538 0.0 0
1670601006595 0.0 0
1670601009505 0.0 0
1670601012744 0.0 0
1670601016090 0.0 0
1670601019411 0.0 0
1670601022686 0.0 0
1670601026098 0.0 0
1670601029296 0.0 0
1670601032245 0.0 0
1670601035614 0.0 0
1670601038818 0.0 0
1670601042026 0.0 0
1670601045445 0.0 0
1670601048189 0.0 0
1670601051451 0.0 0
1670601055097 0.0 0
1670601058158 0.0 0
1670601061526 0.0 0
1670601065135 0.0 0
1670601068439 0.0 0
1670601071508 0.0 0
1670601074755 0.0 0
1670601078097 0.0 0
1670601081296 0.0 0
1670601084583 0.0 0
1670601087671 0.0 0
1670601090751 0.0 0
1670601093785 0.0 0
1670601096646 0.0 0
1670601100529 0.0 0
1670601103627 0.0 0
1670601106841 0.0 0
1670601109791 0.0 0
1670601113183 0.0 0
1670601116555 0.0 0
1670601119999 0.0 0
1670601123520 0.0 0
1670601126510 0.0 0
1670601130048 0.0 0
1670601132982 0.0 0
1670601136463 0.0 0
1670601139145 0.0 0
1670601142163 0.0 0
1670601145127 0.0 0
1670601148386 0.0 0
1670601151245 0.0 0
1670601154310 0.0 0
1670601157692 0.0 0
1670601160767 0.0 0
1670601164060 0.0 0
1670601166892 0.0 0
1670601169784 0.0 0
1670601172854 0.0 0
1670601175780 0.0 0
1670601178803 0.0 0
1670601182557 0.0 0
1670601185783 0.0 0
1670601188444 0.0 0
1670601191168 0.0 0
1670601194343 0.0 0
1670601197057 0.0 0
1670601200053 0.0 0
1670601202655 0.0 0
1670601205408 0.0 0
1670601208099 0.0 0
1670601211252 0.0 0
1670601214145 0.0 0
1670601217088 0.0 0
1670601220164 0.0 0
1670601223357 0.0 0
1670601226296 0.0 0
1670601229525 0.0 0
1670601232625 0.0 0
1670601235507 0.0 0
1670601238458 0.0 0
1670601241366 0.0 0
1670601244389 0.0 0
1670601247593 0.0 0
1670601250447 0.0 0
1670601253256 0.0 0
1670601256396 0.0 0
1670601259413 0.0 0
1670601262598 0.0 0
1670601265767 0.0 0
1670601268964 0.0 0
1670601271784 0.0 0
1670601274961 0.0 0
1670601278016 0.0 0
1670601281231 0.0 0
1670601284271 0.0 0
1670601287395 0.0 0
1670601290115 0.0 0
1670601292927 0.0 0
1670601295575 0.0 0
1670601298241 0.0 0
1670601301203 0.0 0
1670601304113 0.0 0
1670601306995 0.0 0
1670601309926 0.0 0
1670601312811 0.0 0
1670601315623 0.0 0
1670601318823 0.0 0
1670601321782 0.0 0
1670601324909 0.0 0
1670601327750 0.0 0
1670601330770 0.0 0
1670601334318 0.0 0
1670601337053 0.0 0
1670601339948 0.0 0
1670601343015 0.0 0
1670601346412 0.0 0
1670601349271 0.0 0
1670601352286 0.0 0
1670601355342 0.0 0
1670601358419 0.0 0
1670601361850 0.0 0
1670601365356 0.0 0
1670601368408 0.0 0
1670601371631 0.0 0
1670601374960 0.0 0
1670601377846 0.0 0
1670601380931 0.0 0
1670601383796 0.0 0
1670601386954 0.0 0
1670601390216 0.0 0
1670601393473 0.0 0
1670601397243 0.0 0
1670601401242 0.0 0
1670601404483 0.0 0
1670601408302 0.0 0
1670601411992 0.0 0
1670601415292 0.0 0
1670601418442 0.0 0
1670601421714 0.0 0
1670601425729 0.0 0
1670601429341 0.0 0
1670601432883 0.0 0
1670601436544 0.0 0
1670601439994 0.0 0
1670601443616 0.0 0
1670601447009 0.0 0
1670601450776 0.0 0
1670601453910 0.0 0
1670601457461 0.0 0
1670601460773 0.0 0
1670601464050 0.0 0
1670601467677 0.0 0
1670601471372 0.0 0
1670601474876 0.0 0
1670601478626 0.0 0
1670601482725 0.0 0
1670601486683 0.0 0
1670601490320 0.0 0
1670601493553 0.0 0
1670601496884 0.0 0
1670601500126 0.0 0
1670601503459 0.0 0
1670601506997 0.0 0
1670601510242 0.0 0
1670601513391 0.0 0
1670601516389 0.0 0
1670601519750 0.0 0
1670601523239 0.0 0
1670601526555 0.0 0
1670601529427 0.0 0
1670601532289 0.0 0
1670601535619 0.0 0
1670601538962 0.0 0
1670601542156 0.0 0
1670601545608 0.0 0
1670601549042 0.0 0
1670601551881 0.0 0
1670601555095 0.0 0
1670601558356 0.0 0
1670601561808 0.0 0
1670601564941 0.0 0
1670601567791 0.0 0
1670601570961 0.0 0
1670601574144 0.0 0
1670601577322 0.0 0
1670601580405 0.0 0
1670601583757 0.0 0
1670601586902 0.0 0
1670601590145 0.0 0
1670601593242 0.0 0
1670601596432 0.0 0
1670601599353 0.0 0
1670601602313 0.0 0
1670601605403 0.0 0
1670601608148 0.0 0
1670601611202 0.0 0
1670601614090 0.0 0
1670601617007 0.0 0
1670601619794 0.0 0
1670601622530 0.0 0
1670601625229 0.0 0
1670601628040 0.0 0
1670601630982 0.0 0
1670601633895 0.0 0
1670601636870 0.0 0
1670601639763 0.0 0
1670601642630 0.0 0
1670601645515 0.0 0
1670601648719 0.0 0
1670601651390 0.0 0
1670601654277 0.0 0
1670601657169 0.0 0
1670601659767 0.0 0
1670601662871 0.0 0
1670601665664 0.0 0
1670601668952 0.0 0
1670601671685 0.0 0
1670601674594 0.0 0
1670601677795 0.0 0
1670601680716 0.0 0
1670601683398 0.0 0
1670601686204 0.0 0
1670601688854 0.0 0
1670601691767 0.0 0
1670601694846 0.0 0
1670601697853 0.0 0
1670601700692 0.0 0
1670601703600 0.0 0
1670601706701 0.0 0
1670601709607 0.0 0
1670601712513 0.0 0
1670601715272 0.0 0
1670601718284 0.0 0
1670601721156 0.0 0
1670601724220 0.0 0
1670601727078 0.0 0
1670601730004 0.0 0
1670601732967 0.0 0
1670601735890 0.0 0
1670601738787 0.0 0
1670601741665 0.0 0
1670601744547 0.0 0
1670601747394 0.0 0
1670601750126 0.0 0
1670601753271 0.0 0
1670601756353 0.0 0
1670601759209 0.0 0
1670601762249 0.0 0
1670601765125 0.0 0
1670601767980 0.0 0
1670601771032 0.0 0
1670601773923 0.0 0
1670601777256 0.0 0
1670601780396 0.0 0
1670601783446 0.0 0
1670601786525 0.0 0
1670601789538 0.0 0
1670601792203 0.0 0
1670601795096 0.0 0
1670601798112 0.0 0
1670601800848 0.0 0
1670601803772 0.0 0
1670601806883 0.0 0
1670601809859 0.0 0
1670601812760 0.0 0
1670601815594 0.0 0
1670601818569 0.0 0
1670601821259 0.0 0
1670601824463 0.0 0
1670601827336 0.0 0
1670601830356 0.0 0
1670601833430 0.0 0
1670601836354 0.0 0
1670601839208 0.0 0
1670601842651 0.0 0
1670601845868 0.0 0
1670601849159 0.0 0
1670601851944 0.0 0
1670601854685 0.0 0
1670601857883 0.0 0
1670601860696 0.0 0
1670601863385 0.0 0
1670601866265 0.0 0
1670601869651 0.0 0
1670601872958 0.0 0
1670601876216 0.0 0
1670601879281 0.0 0
1670601882501 0.0 0
1670601886204 0.0 0
1670601889128 0.0 0
1670601892363 0.0 0
1670601895313 0.0 0
1670601898491 0.0 0
1670601901290 0.0 0
1670601904240 0.0 0
1670601907488 0.0 0
1670601910347 0.0 0
1670601913303 0.0 0
1670601916578 0.0 0
1670601919676 0.0 0
1670601922551 0.0 0
1670601925772 0.0 0
1670601928692 0.0 0
1670601931869 0.0 0
1670601934915 0.0 0
1670601938098 0.0 0
1670601941676 0.0 0
1670601944916 0.0 0
1670601948081 0.0 0
1670601951698 0.0 0
1670601955018 0.0 0
1670601957971 0.0 0
1670601961363 0.0 0
1670601964783 0.0 0
1670601968434 0.0 0
1670601971771 0.0 0
1670601975258 0.0 0
1670601978634 0.0 0
1670601981521 0.0 0
1670601984537 0.0 0
1670601987944 0.0 0
1670601991287 0.0 0
1670601994556 0.0 0
1670601997839 0.0 0
1670602000916 0.0 0
1670602004596 0.0 0
1670602007741 0.0 0
1670602010589 0.0 0
1670602014175 0.0 0
1670602017273 0.0 0
1670602020629 0.0 0
1670602024246 0.0 0
1670602028183 0.0 0
1670602031582 0.0 0
1670602034961 0.0 0
1670602038030 0.0 0
1670602040902 0.0 0
1670602043779 0.0 0
1670602046666 0.0 0
1670602049593 0.0 0
1670602052461 0.0 0
1670602055423 0.0 0
1670602058158 0.0 0
1670602061093 0.0 0
1670602064115 0.0 0
1670602067219 0.0 0
1670602070266 0.0 0
1670602073483 0.0 0
1670602076400 0.0 0
1670602079460 0.0 0
1670602082479 0.0 0
1670602085388 0.0 0
1670602088427 0.0 0
1670602091175 0.0 0
1670602094152 0.0 0
1670602097294 0.0 0
1670602100117 0.0 0
1670602103052 0.0 0
1670602105936 0.0 0
1670602108975 0.0 0
1670602111952 0.0 0
1670602115315 0.0 0
1670602118264 0.0 0
1670602121443 0.0 0
1670602124700 0.0 0
1670602127912 0.0 0
1670602131108 0.0 0
1670602134047 0.0 0
1670602137295 0.0 0
1670602140326 0.0 0
1670602143486 0.0 0
1670602146608 0.0 0
1670602150017 0.0 0
1670602152895 0.0 0
1670602155985 0.0 0
1670602159025 0.0 0
1670602162196 0.0 0
1670602165171 0.0 0
1670602168253 0.0 0
1670602171452 0.0 0
1670602174607 0.0 0
1670602177794 0.0 0
1670602180654 0.0 0
1670602183827 0.0 0
1670602187119 0.0 0
1670602190202 0.0 0
1670602193348 0.0 0
1670602196523 0.0 0
1670602199597 0.0 0
1670602202648 0.0 0
1670602206088 0.0 0
1670602209270 0.0 0
1670602212433 0.0 0
1670602215707 0.0 0
1670602218847 0.0 0
1670602221805 0.0 0
1670602225109 0.0 0
1670602228401 0.0 0
1670602231116 0.0 0
1670602233949 0.0 0
1670602236928 0.0 0
1670602239958 0.0 0
1670602242880 0.0 0
1670602245673 0.0 0
1670602248557 0.0 0
1670602251769 0.0 0
1670602254646 0.0 0
1670602257411 0.0 0
1670602260364 0.0 0
1670602263489 0.0 0
1670602266411 0.0 0
1670602269512 0.0 0
1670602272545 0.0 0
1670602275657 0.0 0
1670602278454 0.0 0
1670602281691 0.0 0
1670602284588 0.0 0
1670602287341 0.0 0
1670602290139 0.0 0
1670602292944 0.0 0
1670602295839 0.0 0
1670602298511 0.0 0
1670602301304 0.0 0
1670602304249 0.0 0
1670602306924 0.0 0
1670602309904 0.0 0
1670602312847 0.0 0
1670602315738 0.0 0
1670602318697 0.0 0
1670602321409 0.0 0
1670602324688 0.0 0
1670602327914 0.0 0
1670602330421 0.0 0
1670602333463 0.0 0
1670602336596 0.0 0
1670602339164 0.0 0
1670602342259 0.0 0
1670602344771 0.0 0
1670602347646 0.0 0
1670602350784 0.0 0
1670602353717 0.0 0
1670602356633 0.0 0
1670602359272 0.0 0
1670602361887 0.0 0
1670602364593 0.0 0
1670602367604 0.0 0
1670602370664 0.0 0
1670602373843 0.0 0
1670602376835 0.0 0
1670602379737 0.0 0
1670602383402 0.0 0
1670602386684 0.0 0
1670602389685 0.0 0
1670602392709 0.0 0
1670602395612 0.0 0
1670602398601 0.0 0
1670602402187 0.0 0
1670602405320 0.0 0
1670602408623 0.0 0
1670602412101 0.0 0
1670602414911 0.0 0
1670602418030 0.0 0
1670602420912 0.0 0
1670602424406 0.0 0
1670602427684 0.0 0
1670602430898 0.0 0
1670602434297 0.0 0
1670602437301 0.0 0
1670602440162 0.0 0
1670602443468 0.0 0
1670602446752 0.0 0
1670602449844 0.0 0
1670602452939 0.0 0
1670602456280 0.0 0
1670602459374 0.0 0
1670602462837 0.0 0
1670602466116 0.0 0
1670602469134 0.0 0
1670602472410 0.0 0
1670602475760 0.0 0
1670602478915 0.0 0
1670602481854 0.0 0
1670602484858 0.0 0
1670602488362 0.0 0
1670602491709 0.0 0
1670602494619 0.0 0
1670602497551 0.0 0
1670602500849 0.0 0
1670602504446 0.0 0
1670602508189 0.0 0
1670602511298 0.0 0
1670602514971 0.0 0
1670602518454 0.0 0
1670602522738 0.0 0
1670602526194 0.0 0
1670602529595 0.0 0
1670602532867 0.0 0
1670602536226 0.0 0
1670602539525 0.0 0
1670602542874 0.0 0
1670602545777 0.0 0
1670602548621 0.0 0
1670602551802 0.0 0
1670602554787 0.0 0
1670602558190 0.0 0
1670602561187 0.0 0
1670602564740 0.0 0
1670602567902 0.0 0
1670602570953 0.0 0
1670602574105 0.0 0
1670602577898 0.0 0
1670602582034 0.0 0
1670602585796 0.0 0
1670602589158 0.0 0
1670602592615 0.0 0
1670602596188 0.0 0
1670602599470 0.0 0
1670602602627 0.0 0
1670602606790 0.0 0
1670602609886 0.0 0
1670602613183 0.0 0
1670602616484 0.0 0
1670602619525 0.0 0
1670602623091 0.0 0
1670602626148 0.0 0
1670602629294 0.0 0
1670602632840 0.0 0
1670602636162 0.0 0
1670602639351 0.0 0
1670602642672 0.0 0
1670602646078 0.0 0
1670602649011 0.0 0
1670602652380 0.0 0
1670602655594 0.0 0
1670602659022 0.0 0
1670602662364 0.0 0
1670602665613 0.0 0
1670602669371 0.0 0
1670602672764 0.0 0
1670602676467 0.0 0
1670602680052 0.0 0
1670602683364 0.0 0
1670602686612 0.0 0
1670602690438 0.0 0
1670602693733 0.0 0
1670602697491 0.0 0
1670602701163 0.0 0
1670602704786 0.0 0
1670602708453 0.0 0
1670602712515 0.0 0
1670602715790 0.0 0
1670602719706 0.0 0
1670602723077 0.0 0
1670602726379 0.0 0
1670602729716 0.0 0
1670602733077 0.0 0
1670602736818 0.0 0
1670602740431 0.0 0
1670602744178 0.0 0
1670602748625 0.0 0
1670602752158 0.0 0
1670602755551 0.0 0
1670602759298 0.0 0
1670602763211 0.0 0
1670602766489 0.0 0
1670602770302 0.0 0
1670602774147 0.0 0
1670602777853 0.0 0
1670602781128 0.0 0
1670602785269 0.0 0
1670602788958 0.0 0
1670602792601 0.0 0
1670602796767 0.0 0
1670602801217 0.0 0
1670602805270 0.0 0
1670602809046 0.0 0
1670602812782 0.0 0
1670602816252 0.0 0
1670602820014 0.0 0
1670602823864 0.0 0
1670602827367 0.0 0
1670602831147 0.0 0
1670602834766 0.0 0
1670602838600 0.0 0
1670602842127 0.0 0
1670602845883 0.0 0
1670602849396 0.0 0
1670602853241 0.0 0
1670602857537 0.0 0
1670602861384 0.0 0
1670602864962 0.0 0
1670602869033 0.0 0
1670602873144 0.0 0
1670602877559 0.0 0
1670602881272 0.0 0
1670602882990 0.0 0
1670602885223 0.0 0
1670602887265 0.0 0
1670602889655 0.0 0
1670602892298 0.0 0
1670602894243 0.0 0
1670602896500 0.0 0
1670602898757 0.0 0
1670602900432 0.0 0
1670602902617 0.0 0
1670602904684 0.0 0
1670602906525 0.0 0
1670602908553 0.0 0
1670602910483 0.0 0
1670602912558 0.0 0
1670602914675 0.0 0
1670602916475 0.0 0
1670602918509 0.0 0
1670602920915 0.0 0
1670602923390 0.0 0
1670602925620 0.0 0
1670602927553 0.0 0
1670602929178 0.0 0
1670602930913 0.0 0
1670602932837 0.0 0
1670602934821 0.0 0
1670602936784 0.0 0
1670602938840 0.0 0
1670602940751 0.0 0
1670602942691 0.0 0
1670602944717 0.0 0
1670602947083 0.0 0
1670602949330 0.0 0
1670602951153 0.0 0
1670602953237 0.0 0
1670602955193 0.0 0
1670602956972 0.0 0
1670602959199 0.0 0
1670602961152 0.0 0
1670602963006 0.0 0
1670602965656 0.0 0
1670602967748 0.0 0
1670602969429 0.0 0
1670602971730 0.0 0
1670602973858 0.0 0
1670602976432 0.0 0
1670602978883 0.0 0
1670602980929 0.0 0
1670602982887 0.0 0
1670602985188 0.0 0
1670602987174 0.0 0
1670602989063 0.0 0
1670602990760 0.0 0
1670602992554 0.0 0
1670602994688 0.0 0
1670602996577 0.0 0
1670602998763 0.0 0
1670603001055 0.0 0
1670603002955 0.0 0
1670603004975 0.0 0
1670603007047 0.0 0
1670603009386 0.0 0
1670603011520 0.0 0
1670603013609 0.0 0
1670603015698 0.0 0
1670603017526 0.0 0
1670603019284 0.0 0
1670603021104 0.0 0
1670603022771 0.0 0
1670603024549 0.0 0
1670603026247 0.0 0
1670603027973 0.0 0
1670603029866 0.0 0
1670603031827 0.0 0
1670603033873 0.0 0
1670603035785 0.0 0
1670603037867 0.0 0
1670603039603 0.0 0
1670603041195 0.0 0
1670603043262 0.0 0
1670603044951 0.0 0
1670603046557 0.0 0
1670603048131 0.0 0
1670603049847 0.0 0
1670603051452 0.0 0
1670603053387 0.0 0
1670603055324 0.0 0
1670603057233 0.0 0
1670603058990 0.0 0
1670603060998 0.0 0
1670603062664 0.0 0
1670603064782 0.0 0
1670603066563 0.0 0
1670603068477 0.0 0
1670603070287 0.0 0
1670603072591 0.0 0
1670603074797 0.0 0
1670603076721 0.0 0
1670603078583 0.0 0
1670603080663 0.0 0
1670603082404 0.0 0
1670603084217 0.0 0
1670603085978 0.0 0
1670603088046 0.0 0
1670603089871 0.0 0
1670603091420 0.0 0
1670603093268 0.0 0
1670603095120 0.0 0
1670603096806 0.0 0
1670603098793 0.0 0
1670603100765 0.0 0
1670603102885 0.0 0
1670603104487 0.0 0
1670603106460 0.0 0
1670603108043 0.0 0
1670603109749 0.0 0
1670603111345 0.0 0
1670603113218 0.0 0
1670603115175 0.0 0
1670603117442 0.0 0
1670603119387 0.0 0
1670603121249 0.0 0
1670603123796 0.0 0
1670603126099 0.0 0
1670603128242 0.0 0
1670603130374 0.0 0
1670603132532 0.0 0
1670603134642 0.0 0
1670603136830 0.0 0
1670603138495 0.0 0
1670603141151 0.0 0
1670603143335 0.0 0
1670603145373 0.0 0
1670603147940 0.0 0
1670603150095 0.0 0
1670603152018 0.0 0
1670603154020 0.0 0
1670603156325 0.0 0
1670603158525 0.0 0
1670603161011 0.0 0
1670603163401 0.0 0
1670603166020 0.0 0
1670603167876 0.0 0
1670603169700 0.0 0
1670603171349 0.0 0
1670603173267 0.0 0
1670603175336 0.0 0
1670603177537 0.0 0
1670603179770 0.0 0
1670603181797 0.0 0
1670603183755 0.0 0
1670603185517 0.0 0
1670603187712 0.0 0
1670603189998 0.0 0
1670603192396 0.0 0
1670603194201 0.0 0
1670603196199 0.0 0
1670603198440 0.0 0
1670603200470 0.0 0
1670603202405 0.0 0
1670603204777 0.0 0
1670603206861 0.0 0
1670603208943 0.0 0
1670603211413 0.0 0
1670603213776 0.0 0
1670603215746 0.0 0
1670603217710 0.0 0
1670603220160 0.0 0
1670603221897 0.0 0
1670603224016 0.0 0
1670603226185 0.0 0
1670603227943 0.0 0
1670603229795 0.0 0
1670603231593 0.0 0
1670603233861 0.0 0
1670603236258 0.0 0
1670603238243 0.0 0
1670603240432 0.0 0
1670603242356 0.0 0
1670603244708 0.0 0
1670603246759 0.0 0
1670603248783 0.0 0
1670603251246 0.0 0
1670603253260 0.0 0
1670603255556 0.0 0
1670603257667 0.0 0
1670603260085 0.0 0
1670603262175 0.0 0
1670603264478 0.0 0
1670603266435 0.0 0
1670603268612 0.0 0
1670603270630 0.0 0
1670603272614 0.0 0
1670603274377 0.0 0
1670603276483 0.0 0
1670603278456 0.0 0
1670603280886 0.0 0
1670603283216 0.0 0
1670603285858 0.0 0
1670603287630 0.0 0
1670603289279 0.0 0
1670603290935 0.0 0
1670603292785 0.0 0
1670603294450 0.0 0
1670603296765 0.0 0
1670603298711 0.0 0
1670603300720 0.0 0
1670603302524 0.0 0
1670603304735 0.0 0
1670603306830 0.0 0
1670603309101 0.0 0
1670603311191 0.0 0
1670603313334 0.0 0
1670603315703 0.0 0
1670603318041 0.0 0
1670603320786 0.0 0
1670603322683 0.0 0
1670603325009 0.0 0
1670603327286 0.0 0
1670603329518 0.0 0
1670603331485 0.0 0
1670603333194 0.0 0
1670603335181 0.0 0
1670603337315 0.0 0
1670603339297 0.0 0
1670603341370 0.0 0
1670603343135 0.0 0
1670603345313 0.0 0
1670603347283 0.0 0
1670603349067 0.0 0
1670603350834 0.0 0
1670603352760 0.0 0
1670603355148 0.0 0
1670603357381 0.0 0
1670603359376 0.0 0
1670603361408 0.0 0
1670603363278 0.0 0
1670603365225 0.0 0
1670603367684 0.0 0
1670603369696 0.0 0
1670603371666 0.0 0
1670603373495 0.0 0
1670603375890 0.0 0
1670603377710 0.0 0
1670603379800 0.0 0
1670603382238 0.0 0
1670603384355 0.0 0
1670603386506 0.0 0
1670603388605 0.0 0
1670603390561 0.0 0
1670603392664 0.0 0
1670603394692 0.0 0
1670603396468 0.0 0
1670603398617 0.0 0
1670603400696 0.0 0
1670603403021 0.0 0
1670603404915 0.0 0
1670603407267 0.0 0
1670603409188 0.0 0
1670603410957 0.0 0
1670603412879 0.0 0
1670603414605 0.0 0
1670603416559 0.0 0
1670603418924 0.0 0
1670603421229 0.0 0
1670603423520 0.0 0
1670603425935 0.0 0
1670603427778 0.0 0
1670603429831 0.0 0
1670603432055 0.0 0
1670603433982 0.0 0
1670603436147 0.0 0
1670603438005 0.0 0
1670603440556 0.0 0
1670603442470 0.0 0
1670603444362 0.0 0
1670603446424 0.0 0
1670603448372 0.0 0
1670603450343 0.0 0
1670603452069 0.0 0
1670603453897 0.0 0
1670603455902 0.0 0
1670603458029 0.0 0
1670603460053 0.0 0
1670603462372 0.0 0
1670603464122 0.0 0
1670603466725 0.0 0
1670603468960 0.0 0
1670603470895 0.0 0
1670603472783 0.0 0
1670603474849 0.0 0
1670603477399 0.0 0
1670603479660 0.0 0
1670603481331 0.0 0
1670603482992 0.0 0
1670603485092 0.0 0
1670603487331 0.0 0
1670603489320 0.0 0
1670603491883 0.0 0
1670603494249 0.0 0
1670603496591 0.0 0
1670603498724 0.0 0
1670603500727 0.0 0
1670603502783 0.0 0
1670603504838 0.0 0
1670603507171 0.0 0
1670603509648 0.0 0
1670603511378 0.0 0
1670603513644 0.0 0
1670603515976 0.0 0
1670603518380 0.0 0
1670603520442 0.0 0
1670603523248 0.0 0
1670603525438 0.0 0
1670603527491 0.0 0
1670603529203 0.0 0
1670603530958 0.0 0
1670603533039 0.0 0
1670603534981 0.0 0
1670603537005 0.0 0
1670603539070 0.0 0
1670603541438 0.0 0
1670603543540 0.0 0
1670603545442 0.0 0
1670603547231 0.0 0
1670603549611 0.0 0
1670603552120 0.0 0
1670603554326 0.0 0
1670603556173 0.0 0
1670603558300 0.0 0
1670603560586 0.0 0
1670603562660 0.0 0
1670603564977 0.0 0
1670603567278 0.0 0
1670603569535 0.0 0
1670603572343 0.0 0
1670603574203 0.0 0
1670603576577 0.0 0
1670603578304 0.0 0
1670603580809 0.0 0
1670603582593 0.0 0
1670603584871 0.0 0
1670603587046 0.0 0
1670603589121 0.0 0
1670603590881 0.0 0
1670603593127 0.0 0
1670603595296 0.0 0
1670603597854 0.0 0
1670603599590 0.0 0
1670603601504 0.0 0
1670603603541 0.0 0
1670603605803 0.0 0
1670603607777 0.0 0
1670603609850 0.0 0
1670603611765 0.0 0
1670603613991 0.0 0
1670603616538 0.0 0
1670603619473 0.0 0
1670603622315 0.0 0
1670603624764 0.0 0
1670603626879 0.0 0
1670603628763 0.0 0
1670603630891 0.0 0
1670603632771 0.0 0
1670603634540 0.0 0
1670603636611 0.0 0
1670603638668 0.0 0
1670603640682 0.0 0
1670603642602 0.0 0
1670603644540 0.0 0
1670603646906 0.0 0
1670603648858 0.0 0
1670603650535 0.0 0
1670603652510 0.0 0
1670603654895 0.0 0
1670603657009 0.0 0
1670603658846 0.0 0
1670603660959 0.0 0
1670603663053 0.0 0
1670603664717 0.0 0
1670603667382 0.0 0
1670603669164 0.0 0
1670603671496 0.0 0
1670603673660 0.0 0
1670603675758 0.0 0
1670603677962 0.0 0
1670603680136 0.0 0
1670603682430 0.0 0
1670603684408 0.0 0
1670603686777 0.0 0
1670603689211 0.0 0
1670603691285 0.0 0
1670603693279 0.0 0
1670603695024 0.0 0
1670603697011 0.0 0
1670603699160 0.0 0
1670603701060 0.0 0
1670603703264 0.0 0
1670603705371 0.0 0
1670603707367 0.0 0
1670603709392 0.0 0
1670603711619 0.0 0
1670603714484 0.0 0
1670603716697 0.0 0
1670603719167 0.0 0
1670603721031 0.0 0
1670603723470 0.0 0
1670603725695 0.0 0
1670603727780 0.0 0
1670603729871 0.0 0
1670603731884 0.0 0
1670603735239 0.0 0
1670603738308 0.0 0
1670603740840 0.0 0
1670603743434 0.0 0
1670603745893 0.0 0
1670603748678 0.0 0
1670603751642 0.0 0
1670603753885 0.0 0
1670603756904 0.0 0
1670603759586 0.0 0
1670603761508 0.0 0
1670603764440 0.0 0
1670603767407 0.0 0
1670603769917 0.0 0
1670603772650 0.0 0
1670603775293 0.0 0
1670603778040 0.0 0
1670603780693 0.0 0
1670603783349 0.0 0
1670603785847 0.0 0
1670603788271 0.0 0
1670603791249 0.0 0
1670603793963 0.0 0
1670603796732 0.0 0
1670603799514 0.0 0
1670603802013 0.0 0
1670603804798 0.0 0
1670603807116 0.0 0
1670603809267 0.0 0
1670603811973 0.0 0
1670603814259 0.0 0
1670603816527 0.0 0
1670603819132 0.0 0
1670603822500 0.0 0
1670603824805 0.0 0
1670603827578 0.0 0
1670603829692 0.0 0
1670603832049 0.0 0
1670603835157 0.0 0
1670603838703 0.0 0
1670603840999 0.0 0
1670603843872 0.0 0
1670603845447 0.0 0
1670603848350 0.0 0
1670603850661 0.0 0
1670603853858 0.0 0
1670603856623 0.0 0
1670603859706 0.0 0
1670603862776 0.0 0
1670603865224 0.0 0
1670603867540 0.0 0
1670603870193 0.0 0
1670603872506 0.0 0
1670603875385 0.0 0
1670603877912 0.0 0
1670603880597 0.0 0
1670603883299 0.0 0
1670603886289 0.0 0
1670603888780 0.0 0
1670603891422 0.0 0
1670603894175 0.0 0
1670603896610 0.0 0
1670603899482 0.0 0
1670603902043 0.0 0
1670603905059 0.0 0
1670603908245 0.0 0
1670603911121 0.0 0
1670603914449 0.0 0
1670603917344 0.0 0
1670603919811 0.0 0
1670603922504 0.0 0
1670603924796 0.0 0
1670603928111 0.0 0
1670603930955 0.0 0
1670603933804 0.0 0
1670603936772 0.0 0
1670603939796 0.0 0
1670603942560 0.0 0
1670603945688 0.0 0
1670603949011 0.0 0
1670603951972 0.0 0
1670603954615 0.0 0
1670603957139 0.0 0
1670603959900 0.0 0
1670603962810 0.0 0
1670603965341 0.0 0
1670603967903 0.0 0
1670603970520 0.0 0
1670603973283 0.0 0
1670603975599 0.0 0
1670603977911 0.0 0
1670603979844 0.0 0
1670603982789 0.0 0
1670603985610 0.0 0
1670603987691 0.0 0
1670603990005 0.0 0
1670603992964 0.0 0
1670603995380 0.0 0
1670603998407 0.0 0
1670604001432 0.0 0
1670604004680 0.0 0
1670604008047 0.0 0
1670604011281 0.0 0
1670604014255 0.0 0
1670604017384 0.0 0
1670604020767 0.0 0
1670604024343 0.0 0
1670604027305 0.0 0
1670604030555 0.0 0
1670604033510 0.0 0
1670604036727 0.0 0
1670604040133 0.0 0
1670604043258 0.0 0
1670604046243 0.0 0
1670604049351 0.0 0
1670604052432 0.0 0
1670604055376 0.0 0
1670604058253 0.0 0
1670604061246 0.0 0
1670604064402 0.0 0
1670604067527 0.0 0
1670604070911 0.0 0
1670604073826 0.0 0
1670604077223 0.0 0
1670604080396 0.0 0
1670604083693 0.0 0
1670604086942 0.0 0
1670604089780 0.0 0
1670604093114 0.0 0
1670604096167 0.0 0
1670604099363 0.0 0
1670604102423 0.0 0
1670604105140 0.0 0
1670604108425 0.0 0
1670604111424 0.0 0
1670604114082 0.0 0
1670604117102 0.0 0
1670604119867 0.0 0
1670604123222 0.0 0
1670604126488 0.0 0
1670604129868 0.0 0
1670604132834 0.0 0
1670604135909 0.0 0
1670604139210 0.0 0
1670604141716 0.0 0
1670604145141 0.0 0
1670604148006 0.0 0
1670604150930 0.0 0
1670604153892 0.0 0
1670604156769 0.0 0
1670604159898 0.0 0
1670604162266 0.0 0
1670604165171 0.0 0
1670604168405 0.0 0
1670604171094 0.0 0
1670604174116 0.0 0
1670604177496 0.0 0
1670604179844 0.0 0
1670604182530 0.0 0
1670604185529 0.0 0
1670604188311 0.0 0
1670604191049 0.0 0
1670604193517 0.0 0
1670604195824 0.0 0
1670604198559 0.0 0
1670604201550 0.0 0
1670604204111 0.0 0
1670604206594 0.0 0
1670604209130 0.0 0
1670604211866 0.0 0
1670604214622 0.0 0
1670604217025 0.0 0
1670604219966 0.0 0
1670604222610 0.0 0
1670604224796 0.0 0
1670604227408 0.0 0
1670604230088 0.0 0
1670604232409 0.0 0
1670604234402 0.0 0
1670604236384 0.0 0
1670604238705 0.0 0
1670604240537 0.0 0
1670604242917 0.0 0
1670604245596 0.0 0
1670604247900 0.0 0
1670604250310 0.0 0
1670604252873 0.0 0
1670604255277 0.0 0
1670604257706 0.0 0
1670604260292 0.0 0
1670604262836 0.0 0
1670604265176 0.0 0
1670604267559 0.0 0
1670604269550 0.0 0
1670604272118 0.0 0
1670604273988 0.0 0
1670604276101 0.0 0
1670604278302 0.0 0
1670604280310 0.0 0
1670604283056 0.0 0
1670604285299 0.0 0
1670604287399 0.0 0
1670604289271 0.0 0
1670604291451 0.0 0
1670604293723 0.0 0
1670604295687 0.0 0
1670604298143 0.0 0
1670604300665 0.0 0
1670604302913 0.0 0
1670604305209 0.0 0
1670604307489 0.0 0
1670604309565 0.0 0
1670604311479 0.0 0
1670604313767 0.0 0
1670604315713 0.0 0
1670604317713 0.0 0
1670604320049 0.0 0
1670604322378 0.0 0
1670604324865 0.0 0
1670604327246 0.0 0
1670604329194 0.0 0
1670604331234 0.0 0
1670604333626 0.0 0
1670604336234 0.0 0
1670604338227 0.0 0
1670604340855 0.0 0
1670604343272 0.0 0
1670604345921 0.0 0
1670604348416 0.0 0
1670604350849 0.0 0
1670604353414 0.0 0
1670604355902 0.0 0
1670604358313 0.0 0
1670604361271 0.0 0
1670604364212 0.0 0
1670604367149 0.0 0
1670604369910 0.0 0
1670604372166 0.0 0
1670604374935 0.0 0
1670604377746 0.0 0
1670604380934 0.0 0
1670604383909 0.0 0
1670604386865 0.0 0
1670604389962 0.0 0
1670604392974 0.0 0
1670604395479 0.0 0
1670604398209 0.0 0
1670604401093 0.0 0
1670604403932 0.0 0
1670604406634 0.0 0
1670604409178 0.0 0
1670604411976 0.0 0
1670604414969 0.0 0
1670604417711 0.0 0
1670604420417 0.0 0
1670604423267 0.0 0
1670604425543 0.0 0
1670604427956 0.0 0
1670604430092 0.0 0
1670604432291 0.0 0
1670604434882 0.0 0
1670604437673 0.0 0
1670604440245 0.0 0
1670604442697 0.0 0
1670604445609 0.0 0
1670604448007 0.0 0
1670604450221 0.0 0
1670604452443 0.0 0
1670604454432 0.0 0
1670604456392 0.0 0
1670604458738 0.0 0
1670604461137 0.0 0
1670604463266 0.0 0
1670604465441 0.0 0
1670604467499 0.0 0
1670604469887 0.0 0
1670604472063 0.0 0
1670604474450 0.0 0
1670604476880 0.0 0
1670604479156 0.0 0
1670604481170 0.0 0
1670604483048 0.0 0
1670604485151 0.0 0
1670604487129 0.0 0
1670604489302 0.0 0
1670604491331 0.0 0
1670604493439 0.0 0
1670604495559 0.0 0
1670604497582 0.0 0
1670604499792 0.0 0
1670604502205 0.0 0
1670604504242 0.0 0
1670604506176 0.0 0
1670604508110 0.0 0
1670604510719 0.0 0
1670604513043 0.0 0
1670604515226 0.0 0
1670604517470 0.0 0
1670604519811 0.0 0
1670604521850 0.0 0
1670604523764 0.0 0
1670604525813 0.0 0
1670604528120 0.0 0
1670604530212 0.0 0
1670604532999 0.0 0
1670604535242 0.0 0
1670604537286 0.0 0
1670604539593 0.0 0
1670604541496 0.0 0
1670604543585 0.0 0
1670604545651 0.0 0
1670604547677 0.0 0
1670604549452 0.0 0
1670604551202 0.0 0
1670604553872 0.0 0
1670604556194 0.0 0
1670604558698 0.0 0
1670604561440 0.0 0
1670604563471 0.0 0
1670604565662 0.0 0
1670604568058 0.0 0
1670604570353 0.0 0
1670604572621 0.0 0
1670604575248 0.0 0
1670604577213 0.0 0
1670604579412 0.0 0
1670604581691 0.0 0
1670604584181 0.0 0
1670604586447 0.0 0
1670604588217 0.0 0
1670604590426 0.0 0
1670604592273 0.0 0
1670604594250 0.0 0
1670604596251 0.0 0
1670604598497 0.0 0
1670604600424 0.0 0
1670604602340 0.0 0
1670604604260 0.0 0
1670604606332 0.0 0
1670604608519 0.0 0
1670604610598 0.0 0
1670604612597 0.0 0
1670604615087 0.0 0
1670604617019 0.0 0
1670604619589 0.0 0
1670604621856 0.0 0
1670604624110 0.0 0
1670604625856 0.0 0
1670604628272 0.0 0
1670604630438 0.0 0
1670604632599 0.0 0
1670604634922 0.0 0
1670604636933 0.0 0
1670604639463 0.0 0
1670604641558 0.0 0
1670604644015 0.0 0
1670604646554 0.0 0
1670604648514 0.0 0
1670604650471 0.0 0
1670604652408 0.0 0
1670604654617 0.0 0
1670604656711 0.0 0
1670604658980 0.0 0
1670604661217 0.0 0
1670604663445 0.0 0
1670604665526 0.0 0
1670604667273 0.0 0
1670604668983 0.0 0
1670604670827 0.0 0
1670604672637 0.0 0
1670604674950 0.0 0
1670604676949 0.0 0
1670604678928 0.0 0
1670604680787 0.0 0
1670604683017 0.0 0
1670604684761 0.0 0
1670604686805 0.0 0
1670604688825 0.0 0
1670604690753 0.0 0
1670604692848 0.0 0
1670604695079 0.0 0
1670604696889 0.0 0
1670604698774 0.0 0
1670604700728 0.0 0
1670604702602 0.0 0
1670604704428 0.0 0
1670604706115 0.0 0
1670604708122 0.0 0
1670604710029 0.0 0
1670604711822 0.0 0
1670604713956 0.0 0
1670604715802 0.0 0
1670604718221 0.0 0
1670604720529 0.0 0
1670604722643 0.0 0
1670604967732 0.0 0
1670604969521 0.0 0
1670604971448 0.0 0
1670604973509 0.0 0
1670604975557 0.0 0
1670604977490 0.0 0
1670604979889 0.0 0
1670604982150 0.0 0
1670604984274 0.0 0
1670604986451 0.0 0
1670604989012 0.0 0
1670604991158 0.0 0
1670604993417 0.0 0
1670604995805 0.0 0
1670604998016 0.0 0
1670605000536 0.0 0
1670605002569 0.0 0
1670605005295 0.0 0
1670605007342 0.0 0
1670605009785 0.0 0
1670605011905 0.0 0
1670605030131 0.0 0
1670605032854 0.0 0
1670605035111 0.0 0
1670605037251 0.0 0
1670605040128 0.0 0
1670605041686 0.0 0
1670605044191 0.0 0
1670605046103 0.0 0
1670605047662 0.0 0
1670605049285 0.0 0
1670605051200 0.0 0
1670605052919 0.0 0
1670605054654 0.0 0
1670605056540 0.0 0
1670605058457 0.0 0
1670605060337 0.0 0
1670605062296 0.0 0
1670605064228 0.0 0
1670605065858 0.0 0
1670605067845 0.0 0
1670605069635 0.0 0
1670605071508 0.0 0
1670605073359 0.0 0
1670605075173 0.0 0
1670605076983 0.0 0
1670605078967 0.0 0
1670605080619 0.0 0
1670605082609 0.0 0
1670605084713 0.0 0
1670605086475 0.0 0
1670605088455 0.0 0
1670605090271 0.0 0
1670605092264 0.0 0
1670605094166 0.0 0
1670605096206 0.0 0
1670605098279 0.0 0
1670605100424 0.0 0
1670605110451 0.0 0
1670605112359 0.0 0
1670605113941 0.0 0
1670605115662 0.0 0
1670605117928 0.0 0
1670605120517 0.0 0
1670605122377 0.0 0
1670605124772 0.0 0
1670605126474 0.0 0
1670605128953 0.0 0
1670605130972 0.0 0
1670605133026 0.0 0
1670605134994 0.0 0
1670605137319 0.0 0
1670605139382 0.0 0
1670605141119 0.0 0
1670605143403 0.0 0
1670605145496 0.0 0
1670605147590 0.0 0
1670605149668 0.0 0
1670605151685 0.0 0
1670605153854 0.0 0
1670605155960 0.0 0
1670605158049 0.0 0
1670605159911 0.0 0
1670605161970 0.0 0
1670605163857 0.0 0
1670605165916 0.0 0
1670605168090 0.0 0
1670605170077 0.0 0
1670605171957 0.0 0
1670605173833 0.0 0
1670605175568 0.0 0
1670605177341 0.0 0
1670605179272 0.0 0
1670605181316 0.0 0
1670605478830 0.0 0
1670605482373 0.0 0
1670605485295 0.0 0
1670605487396 0.0 0
1670605489389 0.0 0
1670605491827 0.0 0
1670605494813 0.0 0
1670605497137 0.0 0
1670605500423 0.0 0
1670605503337 0.0 0
1670605506213 0.0 0
1670605508956 0.0 0
1670605511262 0.0 0
1670605514104 0.0 0
1670605516530 0.0 0
1670605519336 0.0 0
1670605521710 0.0 0
1670605523813 0.0 0
1670605526201 0.0 0
1670605528802 0.0 0
1670605531499 0.0 0
1670605534318 0.0 0
1670605537396 0.0 0
1670605540423 0.0 0
1670605543518 0.0 0
1670605545852 0.0 0
1670605548953 0.0 0
1670605551548 0.0 0
1670605554446 0.0 0
1670605557509 0.0 0
1670605560598 0.0 0
1670605563404 0.0 0
1670605566178 0.0 0
1670605568780 0.0 0
1670605571613 0.0 0
1670605574241 0.0 0
1670605576214 0.0 0
1670605578174 0.0 0
1670605580986 0.0 0
1670605583861 0.0 0
1670605586457 0.0 0
1670605588756 0.0 0
1670605591519 0.0 0
1670605594560 0.0 0
1670605597333 0.0 0
1670605600271 0.0 0
1670605603284 0.0 0
1670605605828 0.0 0
1670605608224 0.0 0
1670605611316 0.0 0
1670605613963 0.0 0
1670605616770 0.0 0
1670605619560 0.0 0
1670605622278 0.0 0
1670605624998 0.0 0
1670605627421 0.0 0
1670605629657 0.0 0
1670605631881 0.0 0
1670605634081 0.0 0
1670605636179 0.0 0
1670605638227 0.0 0
1670605640694 0.0 0
1670605643182 0.0 0
1670605645093 0.0 0
1670605646938 0.0 0
1670605648981 0.0 0
1670605650915 0.0 0
1670605653049 0.0 0
1670605655362 0.0 0
1670605657737 0.0 0
1670605660248 0.0 0
1670605662497 0.0 0
1670605664857 0.0 0
1670605666906 0.0 0
1670605669022 0.0 0
1670605671379 0.0 0
1670605673449 0.0 0
1670605675579 0.0 0
1670605677743 0.0 0
1670605679450 0.0 0
1670605681802 0.0 0
1670605684053 0.0 0
1670605686226 0.0 0
1670605688312 0.0 0
1670605690553 0.0 0
1670605692859 0.0 0
1670605694994 0.0 0
1670605697058 0.0 0
1670605698998 0.0 0
1670605701292 0.0 0
1670605703659 0.0 0
1670605705898 0.0 0
1670605707713 0.0 0
1670605709760 0.0 0
1670605711775 0.0 0
1670605713991 0.0 0
1670605716110 0.0 0
1670605718639 0.0 0
1670605720844 0.0 0
1670605722792 0.0 0
1670605725013 0.0 0
1670605727271 0.0 0
1670605729484 0.0 0
1670605731574 0.0 0
1670605733654 0.0 0
1670605735534 0.0 0
1670605737892 0.0 0
1670605739949 0.0 0
1670605742188 0.0 0
1670605744214 0.0 0
1670605746254 0.0 0
1670605748409 0.0 0
1670605750353 0.0 0
1670605752679 0.0 0
1670605754950 0.0 0
1670605756995 0.0 0
1670605759449 0.0 0
1670605761546 0.0 0
1670605763654 0.0 0
1670605765589 0.0 0
1670605767651 0.0 0
1670605769903 0.0 0
1670605772451 0.0 0
1670605774501 0.0 0
1670605776821 0.0 0
1670605778820 0.0 0
1670605781141 0.0 0
1670605783645 0.0 0
1670605785703 0.0 0
1670605788016 0.0 0
1670605790248 0.0 0
1670605792984 0.0 0
1670605795470 0.0 0
1670605798079 0.0 0
1670605800470 0.0 0
1670605802105 0.0 0
1670605804147 0.0 0
1670605807390 0.0 0
1670605810851 0.0 0
1670605813846 0.0 0
1670605816475 0.0 0
1670605819855 0.0 0
1670605822893 0.0 0
1670605825094 0.0 0
1670605828052 0.0 0
1670605831228 0.0 0
1670605833759 0.0 0
1670605836751 0.0 0
1670605839637 0.0 0
1670605841675 0.0 0
1670605844393 0.0 0
1670605847188 0.0 0
1670605850100 0.0 0
1670605852845 0.0 0
1670605855276 0.0 0
1670605858299 0.0 0
1670605860860 0.0 0
1670605863729 0.0 0
1670605866798 0.0 0
1670605869412 0.0 0
1670605871920 0.0 0
1670605874189 0.0 0
1670605876810 0.0 0
1670605879456 0.0 0
1670605882292 0.0 0
1670605884753 0.0 0
1670605887644 0.0 0
1670605890098 0.0 0
1670605892675 0.0 0
1670605895433 0.0 0
1670605898042 0.0 0
1670605900138 0.0 0
1670605902447 0.0 0
1670605904581 0.0 0
1670605907240 0.0 0
1670605909797 0.0 0
1670605911925 0.0 0
1670605914228 0.0 0
1670605916796 0.0 0
1670605918930 0.0 0
1670605922021 0.0 0
1670605925043 0.0 0
1670605927986 0.0 0
1670605930828 0.0 0
1670605933751 0.0 0
1670605937115 0.0 0
1670605940374 0.0 0
1670605943300 0.0 0
1670605946181 0.0 0
1670605949181 0.0 0
1670605952138 0.0 0
1670605955526 0.0 0
1670605957840 0.0 0
1670605960042 0.0 0
1670605962316 0.0 0
1670605964441 0.0 0
1670605966670 0.0 0
1670605968662 0.0 0
1670605971193 0.0 0
1670605973080 0.0 0
1670605975602 0.0 0
1670605977852 0.0 0
1670605980105 0.0 0
1670605982367 0.0 0
1670605984603 0.0 0
1670605986859 0.0 0
1670605989287 0.0 0
1670605991523 0.0 0
1670605993902 0.0 0
1670605995991 0.0 0
1670605998451 0.0 0
1670606000636 0.0 0
1670606002993 0.0 0
1670606005001 0.0 0
1670606007197 0.0 0
1670606009416 0.0 0
1670606011497 0.0 0
1670606013778 0.0 0
1670606015825 0.0 0
1670606017937 0.0 0
1670606020446 0.0 0
1670606022813 0.0 0
1670606025281 0.0 0
1670606027513 0.0 0
1670606029542 0.0 0
1670606031644 0.0 0
1670606033695 0.0 0
1670606036207 0.0 0
1670606038470 0.0 0
1670606040907 0.0 0
1670606043157 0.0 0
1670606045462 0.0 0
1670606047463 0.0 0
1670606050029 0.0 0
1670606052257 0.0 0
1670606054436 0.0 0
1670606056694 0.0 0
1670606059097 0.0 0
1670606061457 0.0 0
1670606063943 0.0 0
1670606066018 0.0 0
1670606068217 0.0 0
1670606070247 0.0 0
1670606072406 0.0 0
1670606074813 0.0 0
1670606077444 0.0 0
1670606079189 0.0 0
1670606081612 0.0 0
1670606083725 0.0 0
1670606085809 0.0 0
1670606088032 0.0 0
1670606090265 0.0 0
1670606093061 0.0 0
1670606095826 0.0 0
1670606098935 0.0 0
1670606102027 0.0 0
1670606104918 0.0 0
1670606108185 0.0 0
1670606110763 0.0 0
1670606113212 0.0 0
1670606115346 0.0 0
1670606117683 0.0 0
1670606119304 0.0 0
1670606121962 0.0 0
1670606124474 0.0 0
1670606126865 0.0 0
1670606129288 0.0 0
1670606131895 0.0 0
1670606134413 0.0 0
1670606136981 0.0 0
1670606139614 0.0 0
1670606142016 0.0 0
1670606144247 0.0 0
1670606146518 0.0 0
1670606148999 0.0 0
1670606151165 0.0 0
1670606153935 0.0 0
1670606157069 0.0 0
1670606160102 0.0 0
1670606162709 0.0 0
1670606165311 0.0 0
1670606168425 0.0 0
1670606171079 0.0 0
1670606174158 0.0 0
1670606177019 0.0 0
1670606180320 0.0 0
1670606183745 0.0 0
1670606187250 0.0 0
1670606190285 0.0 0
1670606193255 0.0 0
1670606196300 0.0 0
1670606199072 0.0 0
1670606202659 0.0 0
1670606205490 0.0 0
1670606208353 0.0 0
1670606211081 0.0 0
1670606213402 0.0 0
1670606215469 0.0 0
1670606216990 0.0 0
1670606219923 0.0 0
1670606223078 0.0 0
1670606225079 0.0 0
1670606227892 0.0 0
1670606230896 0.0 0
1670606234017 0.0 0
1670606237306 0.0 0
1670606240914 0.0 0
1670606243708 0.0 0
1670606246547 0.0 0
1670606248597 0.0 0
1670606250811 0.0 0
1670606253244 0.0 0
1670606255147 0.0 0
1670606257595 0.0 0
1670606260012 0.0 0
1670606262631 0.0 0
1670606265031 0.0 0
1670606267639 0.0 0
1670606270105 0.0 0
1670606272519 0.0 0
1670606275325 0.0 0
1670606277617 0.0 0
1670606280074 0.0 0
1670606282897 0.0 0
1670606285178 0.0 0
1670606287813 0.0 0
1670606290551 0.0 0
1670606292959 0.0 0
1670606294856 0.0 0
1670606297076 0.0 0
1670606299150 0.0 0
1670606301804 0.0 0
1670606304270 0.0 0
1670606307080 0.0 0
1670606309653 0.0 0
1670606311746 0.0 0
1670606314288 0.0 0
1670606316546 0.0 0
1670606318866 0.0 0
1670606321082 0.0 0
1670606323494 0.0 0
1670606325784 0.0 0
1670606328495 0.0 0
1670606330760 0.0 0
1670606332751 0.0 0
1670606335060 0.0 0
1670606337507 0.0 0
1670606340542 0.0 0
1670606343090 0.0 0
1670606345564 0.0 0
1670606348077 0.0 0
1670606351072 0.0 0
1670606353306 0.0 0
1670606356186 0.0 0
1670606358374 0.0 0
1670606360620 0.0 0
1670606362844 0.0 0
1670606365286 0.0 0
1670606367833 0.0 0
1670606370091 0.0 0
1670606372813 0.0 0
1670606375514 0.0 0
1670606378236 0.0 0
1670606380460 0.0 0
1670606383835 0.0 0
1670606387041 0.0 0
1670606390883 0.0 0
1670606394124 0.0 0
1670606396915 0.0 0
1670606399399 0.0 0
1670606475962 0.0 0
1670606478446 0.0 0
1670606480644 0.0 0
1670606482864 0.0 0
1670606484939 0.0 0
1670606487037 0.0 0
1670606489931 0.0 0
1670606492531 0.0 0
1670606495533 0.0 0
1670606498913 0.0 0
1670606502016 0.0 0
1670606505192 0.0 0
1670606508417 0.0 0
1670606510916 0.0 0
1670606512890 0.0 0
1670606515784 0.0 0
1670606518172 0.0 0
1670606521139 0.0 0
1670606523447 0.0 0
1670606526342 0.0 0
1670606527760 0.0 0
1670606530728 0.0 0
1670606533404 0.0 0
1670606536076 0.0 0
1670606538554 0.0 0
1670606541246 0.0 0
1670606544309 0.0 0
1670606547154 0.0 0
1670606550085 0.0 0
1670606552780 0.0 0
1670606554331 0.0 0
1670606557020 0.0 0
1670606559952 0.0 0
1670606562588 0.0 0
1670606565336 0.0 0
1670606568065 0.0 0
1670606570492 0.0 0
1670606573196 0.0 0
1670606575767 0.0 0
1670606578923 0.0 0
1670606581866 0.0 0
1670606584279 0.0 0
1670606586693 0.0 0
1670606589682 0.0 0
1670606592095 0.0 0
1670606594664 0.0 0
1670606597278 0.0 0
1670606600087 0.0 0
1670606602825 0.0 0
1670606605386 0.0 0
1670606607848 0.0 0
1670606610564 0.0 0
1670606612988 0.0 0
1670606615494 0.0 0
1670606618011 0.0 0
1670606620409 0.0 0
1670606622756 0.0 0
1670606624972 0.0 0
1670606627105 0.0 0
1670606629222 0.0 0
1670606631330 0.0 0
1670606633349 0.0 0
1670606635558 0.0 0
1670606637948 0.0 0
1670606640083 0.0 0
1670606642094 0.0 0
1670606644289 0.0 0
1670606646361 0.0 0
1670606648459 0.0 0
1670606650962 0.0 0
1670606653649 0.0 0
1670606655927 0.0 0
1670606658487 0.0 0
1670606660577 0.0 0
1670606662969 0.0 0
1670606665209 0.0 0
1670606667637 0.0 0
1670606670008 0.0 0
1670606672352 0.0 0
1670606674910 0.0 0
1670606677009 0.0 0
1670606679239 0.0 0
1670606681315 0.0 0
1670606684011 0.0 0
1670606686103 0.0 0
1670606688395 0.0 0
1670606690907 0.0 0
1670606693211 0.0 0
1670606696107 0.0 0
1670606698438 0.0 0
1670606701071 0.0 0
1670606703351 0.0 0
1670606705835 0.0 0
1670606707844 0.0 0
1670606710460 0.0 0
1670606712397 0.0 0
1670606714906 0.0 0
1670606716966 0.0 0
1670606719575 0.0 0
1670606722409 0.0 0
1670606724813 0.0 0
1670606726959 0.0 0
1670606729415 0.0 0
1670606732023 0.0 0
1670606734309 0.0 0
1670606736768 0.0 0
1670606739227 0.0 0
1670606741768 0.0 0
1670606744688 0.0 0
1670606747085 0.0 0
1670606749434 0.0 0
1670606751611 0.0 0
1670606753790 0.0 0
1670606756339 0.0 0
1670606758767 0.0 0
1670606761415 0.0 0
1670606763996 0.0 0
1670606766762 0.0 0
1670606769786 0.0 0
1670606771965 0.0 0
1670606774797 0.0 0
1670606777536 0.0 0
1670606780084 0.0 0
1670606782579 0.0 0
1670606784467 0.0 0
1670606786980 0.0 0
1670606789056 0.0 0
1670606791390 0.0 0
1670606793566 0.0 0
1670606795857 0.0 0
1670606797918 0.0 0
1670606800116 0.0 0
1670606802076 0.0 0
1670606804265 0.0 0
1670606806239 0.0 0
1670606808609 0.0 0
1670606810772 0.0 0
1670606813109 0.0 0
1670606815207 0.0 0
1670606817324 0.0 0
1670606819503 0.0 0
1670606821783 0.0 0
1670606824086 0.0 0
1670606826397 0.0 0
1670606828760 0.0 0
1670606830920 0.0 0
1670606833338 0.0 0
1670606835572 0.0 0
1670606837612 0.0 0
1670606839855 0.0 0
1670606841933 0.0 0
1670606844312 0.0 0
1670606846691 0.0 0
1670606848333 0.0 0
1670606850532 0.0 0
1670606852836 0.0 0
1670606855069 0.0 0
1670606857444 0.0 0
1670606859544 0.0 0
1670606861986 0.0 0
1670606864216 0.0 0
1670606866753 0.0 0
1670606869433 0.0 0
1670606871843 0.0 0
1670606874055 0.0 0
1670606876447 0.0 0
1670606878574 0.0 0
1670606881211 0.0 0
1670606883674 0.0 0
1670606885869 0.0 0
1670606888089 0.0 0
1670606890086 0.0 0
1670606892460 0.0 0
1670606894809 0.0 0
1670606896792 0.0 0
1670606898865 0.0 0
1670606901033 0.0 0
1670606903383 0.0 0
1670606905387 0.0 0
1670606907715 0.0 0
1670606909545 0.0 0
1670606911690 0.0 0
1670606913827 0.0 0
1670606915938 0.0 0
1670606918113 0.0 0
1670606920180 0.0 0
1670606922485 0.0 0
1670606924527 0.0 0
1670606926916 0.0 0
1670606929151 0.0 0
1670606931459 0.0 0
1670606933608 0.0 0
1670606935966 0.0 0
1670606938067 0.0 0
1670606940282 0.0 0
1670606942148 0.0 0
1670606944429 0.0 0
1670606946520 0.0 0
1670606948657 0.0 0
1670606950777 0.0 0
1670606953046 0.0 0
1670606955738 0.0 0
1670606958404 0.0 0
1670606960699 0.0 0
1670606962952 0.0 0
1670606965411 0.0 0
1670606967256 0.0 0
1670606969483 0.0 0
1670606971742 0.0 0
1670606974251 0.0 0
1670606976795 0.0 0
1670606978950 0.0 0
1670606980894 0.0 0
1670606983244 0.0 0
1670606985540 0.0 0
1670606988181 0.0 0
1670606990504 0.0 0
1670606992934 0.0 0
1670606995003 0.0 0
1670606997356 0.0 0
1670606999471 0.0 0
1670607001524 0.0 0
1670607003946 0.0 0
1670607006066 0.0 0
1670607008548 0.0 0
1670607010743 0.0 0
1670607012985 0.0 0
1670607015557 0.0 0
1670607018042 0.0 0
1670607021032 0.0 0
1670607023412 0.0 0
1670607026157 0.0 0
1670607029199 0.0 0
1670607031676 0.0 0
1670607034788 0.0 0
1670607037837 0.0 0
1670607040803 0.0 0
1670607043650 0.0 0
1670607046484 0.0 0
1670607048976 0.0 0
1670607052181 0.0 0
1670607054591 0.0 0
1670607057177 0.0 0
1670607059904 0.0 0
1670607063205 0.0 0
1670607066098 0.0 0
1670607069139 0.0 0
1670607071994 0.0 0
1670607075027 0.0 0
1670607078069 0.0 0
1670607081342 0.0 0
1670607084503 0.0 0
1670607087531 0.0 0
1670607090113 0.0 0
1670607093468 0.0 0
1670607096409 0.0 0
1670607099693 0.0 0
1670607102564 0.0 0
1670607105418 0.0 0
1670607108218 0.0 0
1670607111571 0.0 0
1670607114532 0.0 0
1670607117593 0.0 0
1670607119973 0.0 0
1670607123162 0.0 0
1670607126143 0.0 0
1670607128965 0.0 0
1670607131810 0.0 0
1670607134707 0.0 0
1670607137816 0.0 0
1670607141096 0.0 0
1670607144079 0.0 0
1670607147048 0.0 0
1670607149929 0.0 0
1670607152886 0.0 0
1670607155891 0.0 0
1670607159090 0.0 0
1670607162304 0.0 0
1670607165867 0.0 0
1670607168360 0.0 0
1670607170304 0.0 0
1670607172871 0.0 0
1670607174815 0.0 0
1670607177073 0.0 0
1670607179727 0.0 0
1670607182120 0.0 0
1670607184473 0.0 0
1670607186616 0.0 0
1670607189147 0.0 0
1670607191193 0.0 0
1670607193466 0.0 0
1670607195882 0.0 0
1670607197520 0.0 0
1670607199951 0.0 0
1670607202219 0.0 0
1670607207981 0.0 0
1670607209900 0.0 0
1670607212191 0.0 0
1670607214119 0.0 0
1670607217080 0.0 0
1670607219362 0.0 0
1670607221668 0.0 0
1670607223883 0.0 0
1670607225974 0.0 0
1670607227880 0.0 0
1670607229964 0.0 0
1670607232085 0.0 0
1670607234172 0.0 0
1670607236320 0.0 0
1670607238681 0.0 0
1670607240865 0.0 0
1670607242955 0.0 0
1670607245333 0.0 0
1670607247659 0.0 0
1670607250191 0.0 0
1670607252482 0.0 0
1670607254737 0.0 0
1670607256584 0.0 0
1670607282411 0.0 0
1670607284357 0.0 0
1670607286933 0.0 0
1670607289831 0.0 0
1670607292492 0.0 0
1670607294145 0.0 0
1670607295609 0.0 0
1670607297290 0.0 0
1670607299374 0.0 0
1670607301500 0.0 0
1670607303515 0.0 0
1670607306097 0.0 0
1670607308466 0.0 0
1670607310531 0.0 0
1670607312671 0.0 0
1670607314533 0.0 0
1670607316985 0.0 0
1670607319141 0.0 0
1670607321444 0.0 0
1670607323620 0.0 0
1670607325928 0.0 0
1670607327831 0.0 0
1670607329617 0.0 0
1670607651581 0.0 0
1670607654788 0.0 0
1670607656870 0.0 0
1670607659085 0.0 0
1670607661148 0.0 0
1670607663190 0.0 0
1670607665597 0.0 0
1670607667981 0.0 0
1670607669867 0.0 0
1670607671529 0.0 0
1670607673268 0.0 0
1670607674982 0.0 0
1670607676909 0.0 0
1670607678754 0.0 0
1670607680438 0.0 0
1670607682461 0.0 0
1670607684259 0.0 0
1670607686160 0.0 0
1670607688341 0.0 0
1670607690300 0.0 0
1670607692583 0.0 0
1670607694552 0.0 0
1670607696429 0.0 0
1670607698198 0.0 0
1670607699894 0.0 0
1670607701569 0.0 0
1670607703668 0.0 0
1670607705570 0.0 0
1670607707607 0.0 0
1670607709586 0.0 0
1670607711389 0.0 0
1670607713632 0.0 0
1670607715740 0.0 0
1670607717724 0.0 0
1670607720132 0.0 0
1670607973656 0.0 0
1670607975854 0.0 0
1670607978397 0.0 0
1670607980312 0.0 0
1670607982587 0.0 0
1670607984255 0.0 0
1670607985951 0.0 0
1670607987833 0.0 0
1670607989559 0.0 0
1670607991479 0.0 0
1670607993936 0.0 0
1670607996180 0.0 0
1670607998253 0.0 0
1670608000196 0.0 0
1670608002218 0.0 0
1670608004616 0.0 0
1670608006707 0.0 0
1670608009026 0.0 0
1670608010809 0.0 0
1670608012794 0.0 0
1670608014956 0.0 0
1670608017291 0.0 0
1670608019626 0.0 0
1670608021778 0.0 0
1670608024176 0.0 0
1670608026470 0.0 0
1670608028785 0.0 0
1670608030765 0.0 0
1670608032942 0.0 0
1670608034974 0.0 0
1670608037120 0.0 0
1670608039086 0.0 0
1670608040949 0.0 0
1670608043081 0.0 0
1670608044865 0.0 0
1670608046677 0.0 0
1670608048935 0.0 0
1670608051146 0.0 0
1670608053001 0.0 0
1670608055034 0.0 0
1670608057378 0.0 0
1670608059352 0.0 0
1670608061421 0.0 0
1670608063356 0.0 0
1670608065613 0.0 0
1670608067788 0.0 0
1670608070247 0.0 0
1670608072273 0.0 0
1670608074510 0.0 0
1670608076461 0.0 0
1670608078336 0.0 0
1670608080642 0.0 0
1670608082621 0.0 0
1670608084549 0.0 0
1670608086497 0.0 0
1670608088346 0.0 0
1670608090144 0.0 0
1670608092419 0.0 0
1670608094145 0.0 0
1670608095908 0.0 0
1670608097895 0.0 0
1670608099759 0.0 0
1670608101732 0.0 0
1670608103654 0.0 0
1670608105854 0.0 0
1670608108359 0.0 0
1670608110369 0.0 0
1670608112026 0.0 0
1670608114668 0.0 0
1670608116828 0.0 0
1670608119131 0.0 0
1670608121177 0.0 0
1670608122859 0.0 0
1670608124885 0.0 0
1670608126758 0.0 0
1670608129176 0.0 0
1670608130953 0.0 0
1670608132777 0.0 0
1670608135178 0.0 0
1670608171774 0.0 0
1670608173982 0.0 0
1670608176041 0.0 0
1670608178261 0.0 0
1670608180170 0.0 0
1670608181772 0.0 0
1670608183397 0.0 0
1670608185217 0.0 0
1670608188131 0.0 0
1670608190168 0.0 0
1670608193171 0.0 0
1670608195309 0.0 0
1670608197252 0.0 0
1670608199925 0.0 0
1670608202482 0.0 0
1670608204774 0.0 0
1670608207238 0.0 0
1670608209416 0.0 0
1670608211800 0.0 0
1670608214191 0.0 0
1670608216675 0.0 0
1670608218821 0.0 0
1670608221120 0.0 0
1670608223352 0.0 0
1670608225445 0.0 0
1670608227413 0.0 0
1670608229513 0.0 0
1670608231365 0.0 0
1670608233807 0.0 0
1670608235943 0.0 0
1670608237270 0.0 0
1670608238962 0.0 0
1670608241013 0.0 0
1670608242878 0.0 0
1670608244985 0.0 0
1670608247299 0.0 0
1670608249758 0.0 0
1670608252134 0.0 0
1670608254167 0.0 0
1670608256413 0.0 0
1670608258469 0.0 0
1670608261115 0.0 0
1670608262982 0.0 0
1670608264998 0.0 0
1670608267512 0.0 0
1670608269208 0.0 0
1670608271795 0.0 0
1670608273998 0.0 0
1670608275959 0.0 0
1670608278765 0.0 0
1670608280855 0.0 0
1670608282928 0.0 0
1670608285384 0.0 0
1670608287983 0.0 0
1670608290208 0.0 0
1670608293011 0.0 0
1670608294980 0.0 0
1670608297056 0.0 0
1670608299022 0.0 0
1670608301193 0.0 0
1670608303309 0.0 0
1670608305430 0.0 0
1670608307447 0.0 0
1670608309685 0.0 0
1670608311526 0.0 0
1670608313677 0.0 0
1670608315990 0.0 0
1670608317955 0.0 0
1670608319757 0.0 0
1670608321796 0.0 0
1670608324368 0.0 0
1670608327435 0.0 0
1670608329762 0.0 0
1670608332213 0.0 0
1670608334091 0.0 0
1670608336047 0.0 0
1670608338374 0.0 0
1670608340809 0.0 0
1670608343147 0.0 0
1670608345607 0.0 0
1670608348666 0.0 0
1670608351303 0.0 0
1670608353532 0.0 0
1670608355773 0.0 0
1670608358453 0.0 0
1670608361318 0.0 0
1670608363314 0.0 0
1670608366372 0.0 0
1670608368995 0.0 0
1670608371899 0.0 0
1670608374381 0.0 0
1670608376692 0.0 0
1670608379713 0.0 0
1670608381920 0.0 0
1670608383993 0.0 0
1670608386137 0.0 0
1670608388844 0.0 0
1670608391976 0.0 0
1670608395075 0.0 0
1670608397552 0.0 0
1670608399955 0.0 0
1670608402362 0.0 0
1670608404296 0.0 0
1670608406289 0.0 0
1670608409260 0.0 0
1670608411677 0.0 0
1670608413982 0.0 0
1670608416740 0.0 0
1670608419204 0.0 0
1670608421528 0.0 0
1670608423697 0.0 0
1670608426043 0.0 0
1670608428065 0.0 0
1670608430432 0.0 0
1670608432806 0.0 0
1670608435472 0.0 0
1670608437590 0.0 0
1670608440077 0.0 0
1670608442608 0.0 0
1670608444810 0.0 0
1670608447680 0.0 0
1670608450158 0.0 0
1670608452855 0.0 0
1670608455374 0.0 0
1670608457788 0.0 0
1670608460645 0.0 0
1670608462986 0.0 0
1670608465233 0.0 0
1670608467384 0.0 0
1670608469444 0.0 0
1670608471477 0.0 0
1670608473624 0.0 0
1670608475997 0.0 0
1670608478429 0.0 0
1670608480856 0.0 0
1670608483101 0.0 0
1670608484980 0.0 0
1670608487223 0.0 0
1670608489744 0.0 0
1670608491858 0.0 0
1670608493931 0.0 0
1670608495781 0.0 0
1670608498194 0.0 0
1670608500840 0.0 0
1670608503309 0.0 0
1670608505767 0.0 0
1670608508495 0.0 0
1670608511152 0.0 0
1670608513605 0.0 0
1670608516621 0.0 0
1670608519059 0.0 0
1670608521881 0.0 0
1670608524371 0.0 0
1670608526885 0.0 0
1670608529126 0.0 0
1670608531059 0.0 0
1670608533419 0.0 0
1670608535734 0.0 0
1670608537889 0.0 0
1670608540351 0.0 0
1670608542540 0.0 0
1670608544459 0.0 0
1670608546681 0.0 0
1670608549527 0.0 0
1670608552125 0.0 0
1670608554488 0.0 0
1670608556302 0.0 0
1670608558491 0.0 0
1670608560496 0.0 0
1670608563431 0.0 0
1670608566195 0.0 0
1670608568664 0.0 0
1670608570778 0.0 0
1670608572895 0.0 0
1670608575099 0.0 0
1670608577411 0.0 0
1670608579914 0.0 0
1670608581658 0.0 0
1670608584701 0.0 0
1670608587431 0.0 0
1670608589819 0.0 0
1670608592070 0.0 0
1670608594505 0.0 0
1670608596740 0.0 0
1670608599287 0.0 0
1670608602145 0.0 0
1670608604301 0.0 0
1670608607070 0.0 0
1670608609437 0.0 0
1670608611871 0.0 0
1670608614136 0.0 0
1670608616267 0.0 0
1670608618669 0.0 0
1670608621140 0.0 0
1670608623818 0.0 0
1670608626101 0.0 0
1670608628816 0.0 0
1670608631092 0.0 0
1670608633661 0.0 0
1670608636036 0.0 0
1670608637457 0.0 0
1670608639710 0.0 0
1670608641932 0.0 0
1670608643901 0.0 0
1670608646016 0.0 0
1670608648391 0.0 0
1670608651116 0.0 0
1670608653353 0.0 0
1670608655759 0.0 0
1670608658204 0.0 0
1670608660890 0.0 0
1670608663237 0.0 0
1670608665132 0.0 0
1670608667119 0.0 0
1670608669451 0.0 0
1670608671876 0.0 0
1670608673898 0.0 0
1670608675431 0.0 0
1670608677888 0.0 0
1670608679980 0.0 0
1670608682246 0.0 0
1670608684531 0.0 0
1670608686879 0.0 0
1670608689240 0.0 0
1670608691282 0.0 0
1670608693361 0.0 0
1670608695865 0.0 0
1670608697921 0.0 0
1670608700700 0.0 0
1670608703132 0.0 0
1670608705768 0.0 0
1670608708258 0.0 0
1670608710901 0.0 0
1670608713805 0.0 0
1670608716146 0.0 0
1670608718086 0.0 0
1670608720336 0.0 0
1670608722370 0.0 0
1670608723907 0.0 0
1670608726784 0.0 0
1670608729259 0.0 0
1670608731513 0.0 0
1670608733275 0.0 0
1670608735538 0.0 0
1670608737980 0.0 0
1670608739736 0.0 0
1670608742030 0.0 0
1670608744613 0.0 0
1670608747036 0.0 0
1670608748881 0.0 0
1670608751214 0.0 0
1670608753787 0.0 0
1670608756168 0.0 0
1670608758612 0.0 0
1670608761021 0.0 0
1670608763295 0.0 0
1670608764808 0.0 0
1670608767274 0.0 0
1670608770114 0.0 0
1670608771838 0.0 0
1670608774369 0.0 0
1670608776422 0.0 0
1670608779047 0.0 0
1670608782000 0.0 0
1670608784646 0.0 0
1670608787398 0.0 0
1670608790064 0.0 0
1670608792837 0.0 0
1670608795730 0.0 0
1670608798353 0.0 0
1670608801365 0.0 0
1670608802854 0.0 0
1670608805059 0.0 0
1670608807846 0.0 0
1670608810122 0.0 0
1670608812709 0.0 0
1670608815488 0.0 0
1670608818858 0.0 0
1670608821618 0.0 0
1670608824141 0.0 0
1670608827394 0.0 0
1670608830309 0.0 0
1670608833489 0.0 0
1670608836249 0.0 0
1670608839384 0.0 0
1670608842400 0.0 0
1670608844674 0.0 0
1670608847562 0.0 0
1670608850859 0.0 0
1670608853598 0.0 0
1670608856495 0.0 0
1670608858927 0.0 0
1670608862124 0.0 0
1670608865025 0.0 0
1670608867663 0.0 0
1670608870000 0.0 0
1670608872533 0.0 0
1670608875909 0.0 0
1670608878739 0.0 0
1670608881635 0.0 0
1670608884653 0.0 0
1670608888119 0.0 0
1670608890633 0.0 0
1670608893631 0.0 0
1670608896914 0.0 0
1670608899986 0.0 0
1670608903026 0.0 0
1670608906325 0.0 0
1670608907924 0.0 0
1670608911145 0.0 0
1670608914188 0.0 0
1670608917204 0.0 0
1670608920687 0.0 0
1670608924151 0.0 0
1670608926804 0.0 0
1670608929884 0.0 0
1670608932858 0.0 0
1670608935771 0.0 0
1670608938842 0.0 0
1670608941736 0.0 0
1670608944132 0.0 0
1670608947168 0.0 0
1670608950130 0.0 0
1670608953379 0.0 0
1670608956097 0.0 0
1670608959290 0.0 0
1670608962051 0.0 0
1670608965416 0.0 0
1670608967782 0.0 0
1670608970627 0.0 0
1670608973862 0.0 0
1670608977673 0.0 0
1670608980695 0.0 0
1670608983443 0.0 0
1670608985800 0.0 0
1670608988876 0.0 0
1670608991705 0.0 0
1670608993784 0.0 0
1670608996294 0.0 0
1670608998394 0.0 0
1670609000265 0.0 0
1670609002997 0.0 0
1670609004595 0.0 0
1670609006614 0.0 0
1670609008816 0.0 0
1670609011511 0.0 0
1670609013223 0.0 0
1670609015820 0.0 0
1670609019284 0.0 0
1670609022358 0.0 0
1670609025263 0.0 0
1670609027593 0.0 0
1670609029904 0.0 0
1670609032395 0.0 0
1670609034853 0.0 0
1670609037486 0.0 0
1670609039937 0.0 0
1670609042339 0.0 0
1670609044550 0.0 0
1670609047191 0.0 0
1670609049780 0.0 0
1670609051707 0.0 0
1670609054757 0.0 0
1670609057682 0.0 0
1670609060344 0.0 0
1670609062735 0.0 0
1670609065224 0.0 0
1670609067941 0.0 0
1670609070473 0.0 0
1670609073355 0.0 0
1670609075485 0.0 0
1670609077759 0.0 0
1670609080648 0.0 0
1670609082996 0.0 0
1670609085435 0.0 0
1670609088130 0.0 0
1670609090808 0.0 0
1670609093259 0.0 0
1670609095811 0.0 0
1670609098588 0.0 0
1670609100876 0.0 0
1670609103415 0.0 0
1670609105266 0.0 0
1670609107258 0.0 0
1670609109334 0.0 0
1670609111251 0.0 0
1670609113685 0.0 0
1670609116695 0.0 0
1670609119093 0.0 0
1670609121753 0.0 0
1670609124607 0.0 0
1670609127866 0.0 0
1670609130505 0.0 0
1670609132598 0.0 0
1670609135005 0.0 0
1670609137741 0.0 0
1670609140495 0.0 0
1670609143065 0.0 0
1670609145161 0.0 0
1670609147200 0.0 0
1670609149294 0.0 0
1670609151926 0.0 0
1670609154205 0.0 0
1670609156609 0.0 0
1670609158710 0.0 0
1670609160897 0.0 0
1670609163502 0.0 0
1670609166289 0.0 0
1670609168981 0.0 0
1670609171055 0.0 0
1670609173190 0.0 0
1670609175370 0.0 0
1670609178131 0.0 0
1670609180346 0.0 0
1670609182929 0.0 0
1670609185482 0.0 0
1670609188181 0.0 0
1670609190527 0.0 0
1670609192942 0.0 0
1670609196014 0.0 0
1670609198441 0.0 0
1670609200668 0.0 0
1670609203467 0.0 0
1670609206209 0.0 0
1670609208484 0.0 0
1670609211407 0.0 0
1670609214672 0.0 0
1670609217497 0.0 0
1670609220459 0.0 0
1670609224235 0.0 0
1670609227174 0.0 0
1670609230596 0.0 0
1670609233832 0.0 0
1670609237136 0.0 0
1670609240092 0.0 0
1670609242872 0.0 0
1670609245386 0.0 0
1670609248363 0.0 0
1670609250952 0.0 0
1670609254356 0.0 0
1670609257841 0.0 0
1670609260538 0.0 0
1670609263313 0.0 0
1670609266351 0.0 0
1670609269311 0.0 0
1670609272349 0.0 0
1670609275042 0.0 0
1670609276790 0.0 0
1670609278451 0.0 0
1670609279975 0.0 0
1670609282891 0.0 0
1670609286137 0.0 0
1670609289336 0.0 0
1670609292727 0.0 0
1670609296169 0.0 0
1670609299562 0.0 0
1670609302919 0.0 0
1670609305394 0.0 0
1670609308413 0.0 0
1670609311272 0.0 0
1670609315415 0.0 0
1670609319341 0.0 0
1670609323007 0.0 0
1670609326247 0.0 0
1670609329708 0.0 0
1670609333125 0.0 0
1670609336441 0.0 0
1670609339898 0.0 0
1670609343842 0.0 0
1670609347353 0.0 0
1670609350261 0.0 0
1670609353712 0.0 0
1670609357111 0.0 0
1670609360209 0.0 0
1670609362919 0.0 0
1670609365850 0.0 0
1670609368734 0.0 0
1670609372285 0.0 0
1670609375784 0.0 0
1670609378745 0.0 0
1670609382484 0.0 0
1670609385576 0.0 0
1670609387730 0.0 0
1670609390725 0.0 0
1670609394220 0.0 0
1670609397536 0.0 0
1670609401572 0.0 0
1670609405275 0.0 0
1670609408469 0.0 0
1670609411112 0.0 0
1670609414516 0.0 0
1670609417950 0.0 0
1670609421317 0.0 0
1670609423470 0.0 0
1670609426361 0.0 0
1670609429320 0.0 0
1670609431698 0.0 0
1670609434274 0.0 0
1670609436956 0.0 0
1670609439485 0.0 0
1670609441758 0.0 0
1670609445502 0.0 0
1670609447588 0.0 0
1670609450230 0.0 0
1670609452842 0.0 0
1670609455502 0.0 0
1670609458173 0.0 0
1670609460755 0.0 0
1670609463969 0.0 0
1670609466139 0.0 0
1670609468972 0.0 0
1670609472250 0.0 0
1670609474475 0.0 0
1670609477382 0.0 0
1670609480471 0.0 0
1670609483039 0.0 0
1670609486051 0.0 0
1670609488705 0.0 0
1670609491462 0.0 0
1670609493657 0.0 0
1670609496613 0.0 0
1670609498978 0.0 0
1670609501947 0.0 0
1670609504232 0.0 0
1670609507397 0.0 0
1670609509600 0.0 0
1670609511518 0.0 0
1670609514084 0.0 0
1670609516646 0.0 0
1670609518990 0.0 0
1670609521804 0.0 0
1670609524991 0.0 0
1670609526959 0.0 0
1670609529335 0.0 0
1670609531419 0.0 0
1670609533543 0.0 0
1670609536178 0.0 0
1670609538870 0.0 0
1670609541619 0.0 0
1670609543834 0.0 0
1670609546586 0.0 0
1670609549026 0.0 0
1670609551898 0.0 0
1670609554607 0.0 0
1670609557885 0.0 0
1670609560060 0.0 0
1670609563130 0.0 0
1670609566704 0.0 0
1670609569549 0.0 0
1670609572403 0.0 0
1670609575925 0.0 0
1670609578333 0.0 0
1670609580898 0.0 0
1670609583853 0.0 0
1670609586803 0.0 0
1670609589494 0.0 0
1670609592044 0.0 0
1670609594762 0.0 0
1670609597721 0.0 0
1670609600900 0.0 0
1670609603865 0.0 0
1670609607094 0.0 0
1670609609763 0.0 0
1670609612749 0.0 0
1670609614795 0.0 0
1670609617513 0.0 0
1670609620114 0.0 0
1670609622308 0.0 0
1670609625388 0.0 0
1670609628125 0.0 0
1670609630655 0.0 0
1670609633482 0.0 0
1670609636034 0.0 0
1670609637908 0.0 0
1670609640261 0.0 0
1670609642802 0.0 0
1670609645247 0.0 0
1670609647837 0.0 0
1670609649647 0.0 0
1670609652091 0.0 0
1670609654743 0.0 0
1670609657274 0.0 0
1670609659586 0.0 0
1670609661817 0.0 0
1670609664445 0.0 0
1670609667389 0.0 0
1670609669607 0.0 0
1670609671970 0.0 0
1670609674554 0.0 0
1670609676720 0.0 0
1670609678812 0.0 0
1670609681975 0.0 0
1670609684530 0.0 0
1670609686834 0.0 0
1670609688937 0.0 0
1670609691347 0.0 0
1670609693763 0.0 0
1670609696647 0.0 0
1670609699540 0.0 0
1670609702418 0.0 0
1670609705422 0.0 0
1670609708383 0.0 0
1670609711213 0.0 0
1670609713955 0.0 0
1670609716629 0.0 0
1670609719037 0.0 0
1670609721510 0.0 0
1670609724053 0.0 0
1670609726684 0.0 0
1670609729512 0.0 0
1670609732155 0.0 0
1670609734908 0.0 0
1670609737911 0.0 0
1670609740610 0.0 0
1670609743566 0.0 0
1670609746232 0.0 0
1670609749012 0.0 0
1670609751870 0.0 0
1670609753549 0.0 0
1670609755870 0.0 0
1670609758118 0.0 0
1670609760949 0.0 0
1670609764017 0.0 0
1670609766755 0.0 0
1670609769740 0.0 0
1670609773231 0.0 0
1670609775914 0.0 0
1670609778861 0.0 0
1670609781537 0.0 0
1670609784840 0.0 0
1670609787980 0.0 0
1670609790898 0.0 0
1670609793548 0.0 0
1670609796722 0.0 0
1670609799611 0.0 0
1670609801712 0.0 0
1670609803337 0.0 0
1670609805885 0.0 0
1670609808638 0.0 0
1670609811798 0.0 0
1670609814439 0.0 0
1670609816667 0.0 0
1670609819719 0.0 0
1670609822427 0.0 0
1670609825759 0.0 0
1670609829124 0.0 0
1670609832087 0.0 0
1670609834762 0.0 0
1670609836356 0.0 0
1670609839588 0.0 0
1670609841794 0.0 0
1670609844641 0.0 0
1670609847560 0.0 0
1670609850514 0.0 0
1670609853648 0.0 0
1670609855979 0.0 0
1670609858790 0.0 0
1670609861459 0.0 0
1670609863857 0.0 0
1670609865916 0.0 0
1670609868611 0.0 0
1670609871391 0.0 0
1670609873908 0.0 0
1670609876871 0.0 0
1670609879818 0.0 0
1670609882380 0.0 0
1670609884383 0.0 0
1670609886941 0.0 0
1670609889396 0.0 0
1670609891388 0.0 0
1670609893745 0.0 0
1670609896049 0.0 0
1670609897986 0.0 0
1670609900424 0.0 0
1670609902316 0.0 0
1670609904466 0.0 0
1670609906774 0.0 0
1670609908747 0.0 0
1670609911349 0.0 0
1670609914033 0.0 0
1670609916791 0.0 0
1670609919051 0.0 0
1670609921991 0.0 0
1670609924147 0.0 0
1670609926033 0.0 0
1670609928224 0.0 0
1670609931149 0.0 0
1670609933286 0.0 0
1670609935795 0.0 0
1670609938288 0.0 0
1670609940400 0.0 0
1670609942750 0.0 0
1670609945279 0.0 0
1670609947310 0.0 0
1670609949693 0.0 0
1670609952015 0.0 0
1670609954359 0.0 0
1670609956855 0.0 0
1670609959178 0.0 0
1670609961562 0.0 0
1670609963773 0.0 0
1670609965898 0.0 0
1670609968126 0.0 0
1670609970256 0.0 0
1670609973042 0.0 0
1670609975529 0.0 0
1670609978760 0.0 0
1670609981099 0.0 0
1670609983620 0.0 0
1670609985931 0.0 0
1670609988268 0.0 0
1670609990257 0.0 0
1670609992484 0.0 0
1670609995172 0.0 0
1670609997114 0.0 0
1670610000250 0.0 0
1670610003264 0.0 0
1670610006140 0.0 0
1670610008635 0.0 0
1670610011035 0.0 0
1670610012963 0.0 0
1670610014975 0.0 0
1670610017263 0.0 0
1670610019886 0.0 0
1670610022232 0.0 0
1670610024630 0.0 0
1670610026988 0.0 0
1670610029273 0.0 0
1670610031657 0.0 0
1670610034043 0.0 0
1670610036376 0.0 0
1670610038443 0.0 0
1670610040838 0.0 0
1670610043158 0.0 0
1670610045705 0.0 0
1670610048052 0.0 0
1670610050148 0.0001 0
