1670595500492 0.046589417366917664 0
1670595501303 0.013723263165066547 0
1670595502201 0.009308617664552344 0
1670595502865 0.010111072897851611 0
1670595503532 0.00854954357091241 0
1670595504131 0.007930184738413556 0
1670595504894 0.010499378434577232 0
1670595505914 0.010062156102726524 0
1670595506915 0.009448249335450916 0
1670595507510 0.011600761231479271 0
1670595508382 0.010980443176538924 0
1670595509246 0.010450563289366025 0
1670595509945 0.009991034739313696 0
1670595510693 0.00969589322810695 0
1670595511449 0.009927715506029909 0
1670595512159 0.00963990676463692 0
1670595512950 0.010213521603259137 0
1670595513688 0.010562325616653415 0
1670595514433 0.010301043274716776 0
1670595515380 0.01005819236656598 0
1670595516281 0.010075292897441631 0
1670595516961 0.010133151800952186 0
1670595517796 0.010061062762213469 0
1670595518708 0.009855211082117645 0
1670595519549 0.009648971180112912 0
1670595520493 0.009531722884084305 0
1670595521274 0.009596496336283965 0
1670595522029 0.009415373574043899 0
1670595522697 0.008857799431983036 0
1670595523434 0.008800321442528385 0
1670595524388 0.008671806298270579 0
1670595525123 0.008541197254696436 0
1670595525795 0.008416315933613172 0
1670595526525 0.008303808020688589 0
1670595527409 0.00833694093474692 0
1670595528100 0.00843643654253639 0
1670595528887 0.008339205381867899 0
1670595529489 0.008235905128146627 0
1670595530490 0.008168084422941518 0
1670595531183 0.00808552050554437 0
1670595531818 0.007993653178735384 0
1670595532573 0.007977277673372269 0
1670595533438 0.007958807843785777 0
1670595534150 0.00791988929581856 0
1670595534786 0.007833884439474909 0
1670595535525 0.007796853623662985 0
1670595536128 0.007785031761450945 0
1670595536966 0.007750734228749636 0
1670595537885 0.007826953112890476 0
1670595538638 0.008062831551420402 0
1670595539434 0.007984931071292722 0
1670595540175 0.007981764258903328 0
1670595540948 0.008062278864017081 0
1670595541835 0.008186256524878775 0
1670595542684 0.008180204878732607 0
1670595543452 0.008109756483540726 0
1670595544095 0.008041601097047815 0
1670595544836 0.00798865212933381 0
1670595545662 0.008031218143615034 0
1670595546406 0.007967744743399072 0
1670595547270 0.007933594304397981 0
1670595547958 0.00789943639881736 0
1670595548834 0.007851756409407232 0
1670595549660 0.007796956974711788 0
1670595550327 0.007737702630441299 0
1670595551016 0.007787578940471529 0
1670595551669 0.007859494091260579 0
1670595552667 0.007802349935138356 0
1670595553412 0.007746434361140125 0
1670595554252 0.00798390233217965 0
1670595554983 0.007944266762301056 0
1670595555822 0.007955994455022994 0
1670595556724 0.007909953168223127 0
1670595557510 0.008106334470193004 0
1670595558494 0.008057621562169378 0
1670595559292 0.008005162433378427 0
1670595560240 0.007955496292866036 0
1670595561338 0.007911169085640435 0
1670595562354 0.007872725317709897 0
1670595563192 0.007828529228669149 0
1670595563883 0.007830847027668505 0
1670595564863 0.007817379331468657 0
1670595565654 0.007802483596266492 0
1670595566578 0.007839855938160214 0
1670595567211 0.007805462576554588 0
1670595567840 0.007792093111425206 0
1670595568691 0.007778861925431162 0
1670595569381 0.007746315846527524 0
1670595570066 0.007704378093832209 0
1670595570884 0.007681386749858386 0
1670595571534 0.007659041443419291 0
1670595572337 0.007735779858717316 0
1670595573003 0.007705867980634294 0
1670595573636 0.007669455644685286 0
1670595574732 0.007634516235883185 0
1670595575478 0.007756202415414509 0
1670595576475 0.007753944611173661 0
1670595577212 0.007730100796062645 0
1670595577989 0.007691454078305971 0
1670595578650 0.007711331883979563 0
1670595579395 0.007738402728210133 0
1670595580256 0.007813083724442192 0
1670595581145 0.0077994426877609005 0
1670595581942 0.0077809293898575375 0
1670595582890 0.007752157068299403 0
1670595583693 0.007720965930730822 0
1670595584451 0.007703219453498739 0
1670595585181 0.0076758690767247655 0
1670595586210 0.0076457767606793355 0
1670595586941 0.007645079267219395 0
1670595587662 0.0076212478063676856 0
1670595588911 0.007587492148721897 0
1670595589576 0.00774983163301261 0
1670595590215 0.007731913805545993 0
1670595590863 0.0077072875242657195 0
1670595591756 0.007689217214007582 0
1670595592508 0.007657601796917048 0
1670595593237 0.007684203654177563 0
1670595594097 0.0076610263983311055 0
1670595594772 0.007632671853157106 0
1670595595552 0.007647200096566454 0
1670595596422 0.007623960407630047 0
1670595597280 0.0075941764625004834 0
1670595597918 0.00756453611868016 0
1670595598647 0.007548265755289562 0
1670595599311 0.007533350355985371 0
1670595599904 0.007650029651262144 0
1670595600649 0.007624354962169394 0
1670595601422 0.007598928735515743 0
1670595602247 0.0077157549419621 0
1670595603114 0.007716779566474036 0
1670595603975 0.007695243821091161 0
1670595604821 0.0076739329612645416 0
1670595605528 0.007658484441365366 0
1670595606368 0.0077107854416982695 0
1670595607171 0.00769623147389218 0
1670595607948 0.007697916909067869 0
1670595608726 0.007682610353749246 0
1670595609579 0.007829376905041452 0
1670595610427 0.007852934896408446 0
1670595611210 0.007827928924716327 0
1670595611964 0.00780315669898222 0
1670595612710 0.007826101734409032 0
1670595613464 0.007990797916271861 0
