1670611827731 0.0 0
1670611828651 0.0 0
1670611829539 0.0 0
1670611830576 0.0 0
1670611831385 0.0 0
1670611832722 0.0 0
1670611833603 0.0 0
1670611834633 0.0 0
1670611835432 0.0 0
1670611836350 0.0 0
1670611837352 0.0 0
1670611837926 0.0 0
1670611838564 0.0 0
1670611839151 0.0 0
1670611839886 0.0 0
1670611840800 0.0 0
1670611841433 0.0 0
1670611841982 0.0 0
1670611842782 0.0 0
1670611843507 0.0 0
1670611844406 0.0 0
1670611845058 0.0 0
1670611845565 0.0 0
1670611846297 0.0 0
1670611847065 0.0 0
1670611847719 0.0 0
1670611848277 0.0 0
1670611849019 0.0 0
1670611849812 0.0 0
1670611850698 0.0 0
1670611851340 0.0 0
1670611852087 0.0 0
1670611852941 0.0 0
1670611853454 0.0 0
1670611853962 0.0 0
1670611854662 0.0 0
1670611855385 0.0 0
1670611856168 0.0 0
1670611856894 0.0 0
1670611857534 0.0 0
1670611858311 0.0 0
1670611858803 0.0 0
1670611859196 0.0 0
1670611859827 0.0 0
1670611860401 0.0 0
1670611861071 0.0 0
1670611861638 0.0 0
1670611862109 0.0 0
1670611862783 0.0 0
1670611863407 0.0 0
1670611863946 0.0 0
1670611864578 0.0 0
1670611865081 0.0 0
1670611865666 0.0 0
1670611866388 0.0 0
1670611866866 0.0 0
1670611867640 0.0 0
1670611868376 0.0 0
1670611868737 0.0 0
1670611869248 0.0 0
1670611869663 0.0 0
1670611870455 0.0 0
1670611870970 0.0 0
1670611871522 0.0 0
1670611872136 0.0 0
1670611872866 0.0 0
1670611873599 0.0 0
1670611874312 0.0 0
1670611874928 0.0 0
1670611875396 0.0 0
1670611875895 0.0 0
1670611876634 0.0 0
1670611877283 0.0 0
1670611877754 0.0 0
1670611878500 0.0 0
1670611879051 0.0 0
1670611879512 0.0 0
1670611880207 0.0 0
1670611880896 0.0 0
1670611881568 0.0 0
1670611882217 0.0 0
1670611882753 0.0 0
1670611883356 0.0 0
1670611883959 0.0 0
1670611884508 0.0 0
1670611885223 0.0 0
1670611885789 0.0 0
1670611886270 0.0 0
1670611886735 0.0 0
1670611887418 0.0 0
1670611888048 0.0 0
1670611888496 0.0 0
1670611889391 0.0 0
1670611889827 0.0 0
1670611890413 0.0 0
1670611891169 0.0 0
1670611891831 0.0 0
1670611892251 0.0 0
1670611892817 0.0 0
1670611893554 0.0 0
1670611894088 0.0 0
