1670630635664 0.0002 0
1670630640674 0.0007 0
1670630645867 0.0004 0
1670630650920 0.0003 0
1670630656212 0.0007 0
1670630661702 0.0007 0
1670630667459 0.0003 0
1670630672577 0.001 0
1670630677781 0.0006 0
1670630683276 0.0009 0
1670630688584 0.0007 0
1670630694059 0.0003 0
1670630699591 0.0006 0
1670630705081 0.0005 0
1670630710940 0.0004 0
1670630716324 0.0005 0
1670630721895 0.0004 0
1670630727586 0.0003 0
1670630733171 0.0006 0
1670630738692 0.0003 0
1670630744476 0.0005 0
1670630749994 0.0011 0
1670630754633 0.001 0
1670630759966 0.0001 0
1670630765296 0.0007 0
1670630770393 0.0 0
1670630775426 0.0008 0
1670630780494 0.0005 0
1670630785622 0.0002 0
1670630791044 0.0009 0
1670630796258 0.0003 0
1670630801155 0.0003 0
1670630806425 0.0004 0
1670630811107 0.0005 0
1670630816512 0.0006 0
1670630821751 0.0004 0
1670630827260 0.0002 0
1670630832861 0.0008 0
1670630837875 0.0003 0
1670630843030 0.0005 0
1670630848266 0.0007 0
1670630853736 0.0001 0
1670630859350 0.0006 0
1670630864984 0.0004 0
1670630870606 0.0009 0
1670630876445 0.0003 0
1670630881886 0.001 0
1670630887051 0.0005 0
1670630892412 0.0008 0
1670630897746 0.0003 0
1670630903332 0.0007 0
1670630908716 0.0005 0
1670630913668 0.0006 0
1670630919031 0.0005 0
1670630924826 0.0006 0
1670630930630 0.0003 0
1670630935624 0.0002 0
1670630940613 0.0006 0
1670630946690 0.0005 0
1670630952531 0.0003 0
1670630957927 0.001 0
1670630963685 0.0007 0
1670630969525 0.0011 0
1670630975491 0.0004 0
1670630981494 0.0007 0
1670630987259 0.0007 0
1670630993150 0.0004 0
1670630999026 0.0005 0
1670631004831 0.0008 0
1670631010525 0.0006 0
1670631016339 0.0004 0
1670631022289 0.0004 0
1670631027999 0.0002 0
1670631033644 0.0001 0
1670631039401 0.0003 0
1670631045104 0.0005 0
1670631051591 0.0005 0
1670631057599 0.0001 0
1670631063443 0.0005 0
1670631069100 0.0008 0
1670631074530 0.0002 0
1670631080980 0.0002 0
1670631086652 0.0005 0
1670631092197 0.0004 0
1670631097706 0.0004 0
1670631103247 0.0008 0
1670631108867 0.0006 0
1670631114625 0.0011 0
1670631119989 0.0004 0
1670631125234 0.0005 0
1670631130588 0.0004 0
1670631136100 0.0005 0
1670631141625 0.0006 0
1670631146706 0.0006 0
1670631151870 0.0006 0
1670631157036 0.0004 0
1670631162221 0.0006 0
1670631167408 0.0005 0
1670631172635 0.0004 0
1670631177506 0.0009 0
1670631182749 0.0004 0
1670631187908 0.0005 0
1670631192749 0.0007 0
1670631198277 0.0008 0
1670631203489 0.0006 0
1670631208801 0.0005 0
1670631213722 0.0006 0
1670631219243 0.0006 0
1670631224854 0.0005 0
1670631230141 0.0004 0
1670631234925 0.0008 0
1670631239717 0.0005 0
1670631244906 0.0003 0
1670631249945 0.0008 0
1670631254910 0.0004 0
1670631260004 0.0002 0
1670631264081 0.0003 0
1670631268432 0.0003 0
1670631273163 0.0005 0
1670631277764 0.0003 0
1670631282133 0.0006 0
1670631286511 0.0005 0
1670631290866 0.0004 0
1670631296134 0.0004 0
1670631300429 0.001 0
1670631304717 0.0012 0
1670631309027 0.0008 0
1670631313333 0.0006 0
1670631317645 0.0004 0
1670631322250 0.0006 0
1670631327164 0.0004 0
1670631331481 0.0003 0
1670631335742 0.0006 0
1670631340261 0.0003 0
1670631345315 0.0002 0
1670631350466 0.0004 0
1670631355528 0.0006 0
1670631360617 0.0005 0
1670631365697 0.0005 0
1670631370808 0.0003 0
1670631375967 0.0001 0
1670631381120 0.0 0
1670631386218 0.0001 0
1670631391259 0.0006 0
1670631396315 0.0002 0
1670631401349 0.0007 0
1670631406435 0.0004 0
1670631411479 0.0005 0
1670631416369 0.0005 0
1670631421312 0.0006 0
1670631425560 0.0006 0
1670631429617 0.0004 0
1670631434056 0.001 0
1670631438673 0.0001 0
1670631443319 0.0011 0
1670631447964 0.0004 0
1670631452688 0.0009 0
1670631457426 0.0005 0
1670631462179 0.0003 0
1670631467120 0.0004 0
1670631471989 0.0005 0
1670631477005 0.0005 0
1670631481687 0.0005 0
