1670599101541 0.004235401578810698 0
1670599102372 0.002342067495261268 0
1670599103401 0.0015002195754857174 0
1670599104237 0.0013851341782447593 0
1670599105076 0.0013992475203938994 0
1670599106024 0.0012331276632381086 0
1670599106925 0.0015263583907001793 0
1670599107839 0.0014494143656233914 0
1670599108538 0.0021381075337441285 0
1670599109301 0.002083275880627336 0
1670599110232 0.00197165662897432 0
1670599111286 0.0020049947897376745 0
1670599112173 0.0020159241389072482 0
1670599112940 0.0020131170017467317 0
1670599113866 0.002007586492986959 0
1670599114790 0.0020055697584811486 0
1670599115780 0.0019457031195774578 0
1670599116762 0.0018938127885290382 0
1670599117612 0.0018927439732820766 0
1670599118450 0.0018494536063585966 0
1670599119191 0.0018056781329693228 0
1670599119933 0.0017648862092724702 0
1670599120905 0.0017267520872884241 0
1670599122039 0.001690997937139329 0
1670599122786 0.0016632638749959313 0
1670599123641 0.001632033041842439 0
1670599124796 0.0016025010766470055 0
1670599125637 0.0015745190741247648 0
1670599126445 0.0014891650426141214 0
1670599127216 0.001498541156604604 0
1670599128134 0.0014829593665552578 0
1670599129075 0.001467696499569644 0
1670599129911 0.0014527605210082608 0
1670599130757 0.001434273473589015 0
1670599131866 0.0014568072744497317 0
1670599132766 0.0014680031144771958 0
1670599133499 0.0014769691379531913 0
1670599134428 0.001484026740316099 0
1670599135192 0.0014894436776699072 0
1670599136024 0.001511695200742833 0
1670599136778 0.0014997732506278583 0
1670599137773 0.0014836843027673306 0
1670599138640 0.001489269002285189 0
1670599139414 0.0015620451457930029 0
1670599140194 0.0015664163600154113 0
1670599140970 0.001569705320784594 0
1670599141927 0.0015542625923295268 0
1670599142976 0.0015438772118265185 0
1670599143747 0.0015336222439974116 0
1670599144612 0.0015235011417746797 0
1670599145421 0.0015381381177750407 0
1670599146446 0.0015510252118115006 0
1670599147354 0.0015623524748999223 0
1670599148056 0.0015513248184124931 0
1670599148891 0.0015573730646687076 0
1670599149670 0.001562505587405265 0
1670599150406 0.0015503676052140184 0
1670599151150 0.0015407334136384584 0
1670599151998 0.001589002589613827 0
1670599152764 0.0015937677612977855 0
1670599153646 0.001597804066756621 0
1670599154759 0.0015863324766839364 0
1670599155488 0.0017428148137672572 0
1670599156540 0.0017308911849646025 0
1670599157279 0.0017355408183483577 0
1670599158385 0.0017685754007628037 0
1670599159380 0.001757336507601825 0
1670599160337 0.001746302062697142 0
1670599161120 0.0017355666278535333 0
1670599162089 0.001725019793581197 0
1670599162883 0.0017281446502752282 0
1670599163685 0.0017177651476638317 0
1670599164621 0.0018381444992311533 0
1670599165731 0.0018272245058492754 0
1670599166516 0.0018282523468935883 0
1670599167513 0.0018308071377949736 0
1670599168602 0.0018317801305992038 0
1670599169501 0.0018219302053945107 0
1670599170297 0.0018117155262082959 0
1670599171338 0.0018022453024464946 0
1670599172101 0.0017929155439659744 0
1670599172846 0.001783723053201321 0
1670599173904 0.0017743238258006726 0
1670599174918 0.0017770765651271495 0
1670599175729 0.001778874987463954 0
1670599176759 0.0018332880752584828 0
1670599177695 0.0018334986792759894 0
1670599178568 0.0018362877159163677 0
1670599179463 0.0018269937811175208 0
1670599180282 0.0018186314436251863 0
1670599181368 0.0018103767346531947 0
1670599182424 0.0018022275731917712 0
1670599183471 0.0018029912048627783 0
1670599184344 0.0017943741518004278 0
1670599185590 0.001785877747643134 0
1670599186506 0.0017888962051232768 0
1670599187333 0.0017896660332960925 0
1670599188412 0.0017814432266103806 0
1670599189206 0.0017844644196791139 0
1670599190024 0.001777139043069762 0
1670599190999 0.0017698980435224309 0
