1670603602271 0.0 0
1670603602638 0.0 0
1670603603078 0.0 0
1670603603343 0.0 0
1670603603738 0.0 0
1670603604181 0.0 0
1670603604372 0.0 0
1670603604626 0.0 0
1670603604948 0.0 0
1670603605204 0.0 0
1670603605441 0.0 0
1670603605603 0.0 0
1670603605876 0.0 0
1670603606058 0.0 0
1670603606379 0.0 0
1670603606612 0.0 0
1670603606914 0.0 0
1670603607042 0.0 0
1670603607428 0.0 0
1670603607604 0.0 0
1670603607889 0.0 0
1670603608242 0.0 0
1670603608369 0.0 0
1670603608501 0.0 0
1670603608714 0.0 0
1670603609000 0.0 0
1670603609174 0.0 0
1670603609523 0.0 0
1670603609889 0.0 0
1670603610237 0.0 0
1670603610406 0.0 0
1670603610762 0.0 0
1670603611108 0.0 0
1670603611249 0.0 0
1670603611462 0.0 0
1670603611832 0.0 0
1670603612055 0.0 0
1670603612346 0.0 0
1670603612612 0.0 0
1670603612923 0.0 0
1670603613047 0.0 0
1670603613292 0.0 0
1670603613457 0.0 0
1670603613723 0.0 0
1670603614087 0.0 0
1670603614498 0.0 0
1670603614768 0.0 0
1670603615026 0.0 0
1670603615495 0.0 0
1670603615696 0.0 0
1670603616120 0.0 0
1670603616321 0.0 0
1670603616711 0.0 0
1670603616886 0.0 0
1670603617122 0.0 0
1670603617448 0.0 0
1670603617892 0.0 0
1670603618383 0.0 0
1670603618794 0.0 0
1670603618945 0.0 0
1670603619277 0.0 0
1670603619603 0.0 0
1670603619839 0.0 0
1670603620112 0.0 0
1670603620526 0.0 0
1670603620729 0.0 0
1670603621198 0.0 0
1670603621532 0.0 0
1670603621786 0.0 0
1670603622115 0.0 0
1670603622288 0.0 0
1670603622582 0.0 0
1670603622807 0.0 0
1670603623202 0.0 0
1670603623478 0.0 0
1670603623784 0.0 0
1670603624010 0.0 0
1670603624229 0.0 0
1670603624579 0.0 0
1670603624761 0.0 0
1670603624918 0.0 0
1670603625201 0.0 0
1670603625419 0.0 0
1670603625684 0.0 0
1670603626133 0.0 0
1670603626372 0.0 0
1670603626624 0.0 0
1670603626800 0.0 0
1670603627051 0.0 0
1670603627246 0.0 0
1670603627396 0.0 0
1670603627838 0.0 0
1670603627969 0.0 0
1670603628492 0.0 0
1670603628707 0.0 0
1670603628984 0.0 0
1670603629192 0.0 0
1670603629334 0.0 0
1670603629575 0.0 0
1670603629780 0.0 0
1670603629931 0.0 0
1670603630182 0.0 0
