1670606617008 0.0 0
1670606617591 0.0003333333333333333 0
1670606618201 0.0003333333333333333 0
1670606618690 0.0006666666666666666 0
1670606619336 0.0 0
1670606619883 0.0003333333333333333 0
1670606620536 0.0006666666666666666 0
1670606621071 0.0 0
1670606621658 0.0006666666666666666 0
1670606622318 0.0003333333333333333 0
1670606623144 0.0 0
1670606623723 0.0003333333333333333 0
1670606624262 0.0003333333333333333 0
1670606624837 0.0006666666666666666 0
1670606625471 0.0 0
1670606625964 0.0003333333333333333 0
1670606626699 0.001 0
1670606627286 0.0 0
1670606627835 0.0 0
1670606628640 0.0 0
1670606629060 0.0003333333333333333 0
1670606629684 0.0 0
1670606630436 0.0006666666666666666 0
1670606631079 0.0 0
1670606631581 0.0003333333333333333 0
1670606632255 0.0003333333333333333 0
1670606632821 0.0006666666666666666 0
1670606633535 0.0006666666666666666 0
1670606634095 0.0006666666666666666 0
1670606634648 0.0006666666666666666 0
1670606635321 0.0 0
1670606635990 0.0003333333333333333 0
1670606636671 0.0 0
1670606637252 0.0 0
1670606637858 0.0006666666666666666 0
1670606638490 0.001 0
1670606638980 0.0006666666666666666 0
1670606639631 0.001 0
1670606640236 0.0 0
1670606640907 0.0 0
1670606641604 0.0003333333333333333 0
1670606642083 0.0006666666666666666 0
1670606642823 0.0003333333333333333 0
1670606643445 0.0006666666666666666 0
1670606644027 0.0 0
1670606644506 0.001 0
1670606645078 0.0 0
1670606645645 0.0006666666666666666 0
1670606646112 0.0 0
1670606646694 0.0 0
1670606647151 0.0 0
1670606647885 0.0006666666666666666 0
1670606648495 0.0003333333333333333 0
1670606649241 0.0 0
1670606649951 0.0003333333333333333 0
1670606650740 0.0003333333333333333 0
1670606651529 0.0 0
1670606651925 0.0 0
1670606652526 0.0006666666666666666 0
1670606653507 0.0003333333333333333 0
1670606654077 0.0003333333333333333 0
1670606654556 0.0006666666666666666 0
1670606655183 0.0006666666666666666 0
1670606655845 0.0006666666666666666 0
1670606656249 0.0003333333333333333 0
1670606657116 0.0006666666666666666 0
1670606657676 0.0006666666666666666 0
1670606658313 0.0 0
1670606658978 0.0003333333333333333 0
1670606659486 0.0003333333333333333 0
1670606660076 0.0003333333333333333 0
1670606660550 0.0003333333333333333 0
1670606661301 0.0006666666666666666 0
1670606661749 0.0003333333333333333 0
1670606662558 0.0003333333333333333 0
1670606663102 0.0003333333333333333 0
1670606663545 0.0 0
1670606664171 0.0 0
1670606664886 0.0003333333333333333 0
1670606665482 0.0 0
1670606666026 0.0003333333333333333 0
1670606666665 0.0003333333333333333 0
1670606667304 0.0006666666666666666 0
1670606667940 0.0003333333333333333 0
1670606668518 0.0006666666666666666 0
1670606669193 0.0 0
1670606669788 0.0006666666666666666 0
1670606670410 0.0 0
1670606671145 0.0 0
1670606671533 0.0003333333333333333 0
1670606672384 0.0 0
1670606673162 0.0 0
1670606673796 0.0003333333333333333 0
1670606674685 0.0 0
1670606675219 0.0 0
1670606675743 0.0003333333333333333 0
1670606676411 0.0 0
1670606677011 0.0006666666666666666 0
1670606677680 0.0006666666666666666 0
1670606678144 0.0003333333333333333 0
1670606678723 0.0003333333333333333 0
1670606679215 0.0 0
1670606679756 0.0 0
1670606680390 0.0 0
1670606680917 0.001 0
1670606681517 0.0003333333333333333 0
1670606682141 0.0006666666666666666 0
1670606682732 0.0 0
1670606683445 0.0006666666666666666 0
1670606683947 0.0013333333333333333 0
1670606684653 0.0006666666666666666 0
1670606685424 0.001 0
1670606686234 0.0 0
1670606686845 0.0006666666666666666 0
