1670612229421 0.354 0
1670612230298 0.358 0
1670612231108 0.3526666666666667 0
1670612231941 0.357 0
1670612232798 0.3566666666666667 0
1670612233273 0.35433333333333333 0
1670612233769 0.3586666666666667 0
1670612234381 0.355 0
1670612235085 0.355 0
1670612235752 0.35633333333333334 0
1670612236453 0.3486666666666667 0
1670612237309 0.35333333333333333 0
1670612237808 0.353 0
1670612238579 0.3576666666666667 0
1670612239184 0.355 0
1670612240022 0.35133333333333333 0
1670612240681 0.35733333333333334 0
1670612241398 0.35933333333333334 0
1670612242011 0.36 0
1670612242450 0.3516666666666667 0
1670612243263 0.3586666666666667 0
1670612244000 0.353 0
1670612244569 0.357 0
1670612245108 0.3566666666666667 0
1670612246038 0.35533333333333333 0
1670612246933 0.353 0
1670612247696 0.3546666666666667 0
1670612248210 0.35533333333333333 0
1670612248967 0.356 0
1670612249827 0.35333333333333333 0
1670612250535 0.356 0
1670612251136 0.3596666666666667 0
1670612251671 0.357 0
1670612252240 0.35133333333333333 0
1670612252852 0.3566666666666667 0
1670612253648 0.35533333333333333 0
1670612254272 0.3566666666666667 0
1670612254980 0.3586666666666667 0
1670612255589 0.3546666666666667 0
1670612256097 0.355 0
1670612256775 0.35233333333333333 0
1670612257353 0.3526666666666667 0
1670612258102 0.35033333333333333 0
1670612258680 0.35333333333333333 0
1670612259380 0.357 0
1670612260164 0.3506666666666667 0
1670612260811 0.359 0
1670612261296 0.35133333333333333 0
1670612262186 0.353 0
1670612262916 0.3576666666666667 0
1670612263654 0.3526666666666667 0
1670612264633 0.3526666666666667 0
1670612265319 0.357 0
1670612266031 0.353 0
1670612266698 0.356 0
1670612267321 0.3576666666666667 0
1670612267920 0.358 0
1670612268520 0.354 0
1670612269054 0.35933333333333334 0
1670612269892 0.35533333333333333 0
1670612270485 0.3536666666666667 0
1670612271116 0.3566666666666667 0
1670612271859 0.3526666666666667 0
1670612272501 0.3556666666666667 0
1670612273198 0.354 0
1670612273774 0.3526666666666667 0
1670612274515 0.3526666666666667 0
1670612275224 0.35133333333333333 0
1670612275824 0.35633333333333334 0
1670612276388 0.3576666666666667 0
1670612276984 0.35533333333333333 0
1670612277450 0.3566666666666667 0
1670612278353 0.359 0
1670612279080 0.3576666666666667 0
1670612280190 0.359 0
1670612280793 0.355 0
1670612281522 0.35833333333333334 0
1670612282195 0.35133333333333333 0
1670612283055 0.3586666666666667 0
1670612283720 0.3556666666666667 0
1670612284265 0.3556666666666667 0
1670612284852 0.3566666666666667 0
1670612285569 0.35133333333333333 0
1670612286329 0.35633333333333334 0
1670612287264 0.35733333333333334 0
1670612287732 0.3516666666666667 0
1670612288764 0.357 0
1670612289339 0.354 0
1670612290012 0.35433333333333333 0
1670612290537 0.35633333333333334 0
1670612291164 0.35833333333333334 0
1670612291911 0.35 0
1670612292453 0.3546666666666667 0
1670612293135 0.355 0
1670612293674 0.3556666666666667 0
1670612294567 0.356 0
1670612295313 0.35733333333333334 0
1670612295971 0.3506666666666667 0
1670612296468 0.36033333333333334 0
1670612296998 0.35233333333333333 0
1670612297572 0.3516666666666667 0
1670612298078 0.35533333333333333 0
1670612299290 0.35633333333333334 0
1670612299778 0.35333333333333333 0
1670612300641 0.35333333333333333 0
1670612301214 0.358 0
1670612301850 0.3606666666666667 0
1670612302640 0.35633333333333334 0
1670612303331 0.35533333333333333 0
1670612303846 0.3546666666666667 0
1670612304590 0.35733333333333334 0
1670612305351 0.357 0
1670612305953 0.356 0
1670612306571 0.3536666666666667 0
1670612307324 0.3566666666666667 0
1670612308159 0.359 0
1670612309146 0.354 0
1670612309956 0.357 0
1670612310644 0.354 0
1670612311469 0.351 0
1670612312112 0.362 0
1670612312951 0.3536666666666667 0
1670612313782 0.34833333333333333 0
1670612314531 0.356 0
1670612315073 0.3536666666666667 0
