1670566707035 0.0148239055258374 0
1670566708302 0.007619222288339986 0
1670566709686 0.007831376099369264 0
1670566710860 0.012353014138415417 0
1670566712490 0.01044370578863607 0
1670566713642 0.009398446178084371 0
1670566715178 0.009321518721226302 0
1670566716509 0.008729972979908782 0
1670566717859 0.009634181248290588 0
1670566718992 0.009048097987945147 0
1670566720233 0.010310492475541652 0
1670566721372 0.0099276767314848 0
1670566722379 0.009590134721978352 0
1670566723620 0.009488913802977436 0
1670566725291 0.009392093214981218 0
1670566726542 0.009068417624344335 0
1670566727914 0.008985572019804752 0
1670566729385 0.009174232818213876 0
1670566730957 0.009025319379621005 0
1670566732368 0.00877947439374377 0
1670566733789 0.008611037036303601 0
1670566734947 0.00858669536001172 0
1670566737069 0.008442130876809853 0
1670566738695 0.008303794628027036 0
1670566740241 0.00826742625701557 0
1670566741446 0.00867756634481616 0
1670566742976 0.008527456506327705 0
1670566744530 0.008555197719184546 0
1670566746020 0.008068687389001572 0
1670566747784 0.008694199666897315 0
1670566749305 0.008574234783109064 0
1670566750781 0.009062854734569345 0
1670566752542 0.00921046062109225 0
1670566754290 0.009420189146916752 0
1670566755844 0.009369528837697372 0
1670566757201 0.00926288283565406 0
1670566758604 0.009196341095820265 0
1670566760282 0.009277640175180332 0
1670566761170 0.009161419483059818 0
1670566762697 0.009314272628884387 0
1670566764255 0.009224537254218484 0
1670566765454 0.009183272737966167 0
1670566767402 0.009120078345254343 0
1670566768985 0.009025402881075784 0
1670566770790 0.009184264920184662 0
1670566772457 0.009087665518589666 0
1670566773888 0.009038759537539603 0
1670566775150 0.008979773125441612 0
1670566776869 0.008943785249186986 0
1670566778337 0.008865210536168358 0
1670566779475 0.008780519511752238 0
1670566780869 0.008737531375749077 0
1670566782603 0.00870315912034375 0
1670566783535 0.008645640443486272 0
1670566785113 0.008814651315497482 0
1670566786411 0.009096002068881975 0
1670566787681 0.009018823255034156 0
1670566789152 0.008948591676253212 0
1670566790158 0.008912902281854346 0
1670566791886 0.008976324145061887 0
1670566793058 0.008945412159792443 0
1670566794755 0.009118460838466028 0
1670566796185 0.009110608525464164 0
1670566797645 0.009068774910799007 0
1670566799056 0.009172542304102582 0
1670566800413 0.009109728246117901 0
1670566801168 0.009084342169286747 0
1670566801896 0.009114430082659192 0
1670566802644 0.00917664360185079 0
1670566803330 0.009126007857031701 0
1670566803970 0.009223947043741298 0
1670566805046 0.009323214409659747 0
1670566806175 0.009261957160838136 0
1670566807608 0.009201931374134387 0
1670566808794 0.009204533628583311 0
1670566810240 0.00916723817854348 0
1670566811505 0.0091695914151365 0
1670566812870 0.00923693801006431 0
1670566814193 0.009266690005014663 0
1670566815657 0.009233717168734931 0
1670566816797 0.009225814147118663 0
1670566818072 0.00917033220257589 0
1670566819346 0.009204024963082258 0
1670566820742 0.009334713138530862 0
1670566822228 0.009318635731480243 0
1670566823590 0.009332364612641891 0
1670566824816 0.009283110576040532 0
1670566826169 0.00924051353089142 0
1670566827533 0.009189975941665943 0
1670566828541 0.009176423730561475 0
1670566829978 0.009162349800786007 0
1670566830956 0.009128243536654007 0
1670566832041 0.009129638260814976 0
1670566833246 0.009100846072072344 0
1670566834605 0.009053481381555026 0
1670566836105 0.009010187229526082 0
1670566837042 0.009115962272070469 0
1670566838343 0.009115669391801987 0
1670566839281 0.009072304698714118 0
1670566840302 0.009035262511956868 0
1670566841527 0.009030852263185979 0
1670566842757 0.009005623013796288 0
1670566843794 0.008967823719293541 0
1670566845364 0.008932927546145955 0
1670566846927 0.008892893285140119 0
1670566847912 0.008990820735430047 0
1670566849054 0.00897152452494522 0
1670566850133 0.009124165535840945 0
1670566851574 0.009286855713272216 0
1670566852630 0.009279450794550614 0
1670566853765 0.009253885184269298 0
