1670570674536 0.03283333333333333 0
1670570675863 0.031 0
1670570677193 0.028333333333333332 0
1670570678699 0.029 0
1670570679982 0.027333333333333334 0
1670570681031 0.027666666666666666 0
1670570681985 0.027833333333333335 0
1670570683028 0.027833333333333335 0
1670570684167 0.0295 0
1670570685214 0.02666666666666667 0
1670570686313 0.0265 0
1670570687777 0.027 0
1670570689055 0.027333333333333334 0
1670570690226 0.029333333333333333 0
1670570691525 0.0285 0
1670570692713 0.02666666666666667 0
1670570693687 0.027333333333333334 0
1670570694649 0.031166666666666665 0
1670570696151 0.029666666666666668 0
1670570697147 0.03 0
1670570698329 0.03166666666666667 0
1670570699453 0.029333333333333333 0
1670570700767 0.030166666666666668 0
1670570701931 0.0325 0
1670570703384 0.026166666666666668 0
1670570704677 0.027 0
1670570705779 0.027 0
1670570707269 0.03333333333333333 0
1670570708553 0.028833333333333332 0
1670570709780 0.026 0
1670570711181 0.0285 0
1670570712549 0.030833333333333334 0
1670570713732 0.028833333333333332 0
1670570715003 0.0275 0
1670570716378 0.031 0
1670570717910 0.029833333333333333 0
1670570719427 0.026833333333333334 0
1670570720928 0.0285 0
1670570722117 0.02666666666666667 0
1670570723327 0.0275 0
1670570724776 0.030166666666666668 0
1670570725970 0.03333333333333333 0
1670570727429 0.029333333333333333 0
1670570728706 0.029 0
1670570730230 0.029833333333333333 0
1670570731352 0.022833333333333334 0
1670570732513 0.030833333333333334 0
1670570733640 0.0275 0
1670570734854 0.026 0
1670570736182 0.029666666666666668 0
1670570737275 0.028833333333333332 0
1670570738361 0.0295 0
1670570739482 0.0295 0
1670570740538 0.027333333333333334 0
1670570741823 0.030166666666666668 0
1670570742871 0.028166666666666666 0
1670570743958 0.03 0
1670570745455 0.0285 0
1670570746388 0.026166666666666668 0
1670570747552 0.030166666666666668 0
1670570748755 0.033166666666666664 0
1670570749727 0.027833333333333335 0
1670570750901 0.025 0
1670570752339 0.0295 0
1670570753390 0.0255 0
1670570754455 0.0305 0
1670570755722 0.028166666666666666 0
1670570756959 0.03 0
1670570757984 0.028166666666666666 0
1670570758816 0.023166666666666665 0
1670570759930 0.029 0
1670570761170 0.028333333333333332 0
1670570762392 0.028333333333333332 0
1670570763508 0.031 0
1670570764627 0.03266666666666666 0
1670570765705 0.025333333333333333 0
1670570766934 0.029166666666666667 0
1670570768164 0.0275 0
1670570769164 0.028666666666666667 0
1670570770190 0.029166666666666667 0
1670570771211 0.028 0
1670570772919 0.028166666666666666 0
1670570773928 0.0275 0
1670570775324 0.028 0
1670570776604 0.030333333333333334 0
1670570777666 0.029666666666666668 0
1670570779124 0.0245 0
1670570780520 0.030333333333333334 0
1670570781798 0.031166666666666665 0
1670570783110 0.028166666666666666 0
1670570784141 0.027833333333333335 0
1670570785259 0.0285 0
1670570786575 0.032 0
1670570787626 0.029666666666666668 0
1670570788810 0.031166666666666665 0
1670570790328 0.028 0
1670570791626 0.027166666666666665 0
1670570792821 0.030833333333333334 0
1670570794179 0.0285 0
1670570795652 0.0305 0
1670570797035 0.033 0
1670570798175 0.0305 0
1670570799124 0.025 0
