1670569656424 0.012706204736432108 0
1670569659346 0.004273872121081407 0
1670569662443 0.004084828208225366 0
1670569665785 0.003522476244169126 0
1670569668633 0.0030942042301820016 0
1670569671643 0.00415842807170963 0
1670569675678 0.0037829369327505025 0
1670569678674 0.003498917500326021 0
1670569681168 0.003493989432874711 0
1670569684247 0.003415491993007974 0
1670569686812 0.0032933158543622387 0
1670569689979 0.0031337351111405676 0
1670569692531 0.0030734063506497877 0
1670569695819 0.003143866796571554 0
1670569698930 0.0030254901474310036 0
1670569702235 0.002939332100646702 0
1670569705923 0.002940315640326402 0
1670569709167 0.0031123234089135976 0
1670569712510 0.0032941698594448066 0
1670569715595 0.003309874146108255 0
1670569718125 0.0034416465481995895 0
1670569720035 0.003551856545589982 0
1670569722174 0.003563017112005046 0
1670569724760 0.003702926221093611 0
1670569728037 0.0036456238645118655 0
1670569730858 0.0035925311554503014 0
1670569733690 0.0036040484046405974 0
1670569736826 0.0035771591506626177 0
1670569740436 0.0034384569011516875 0
1670569743917 0.0034055026243045294 0
1670569747173 0.003427289124536853 0
1670569750486 0.0034090460027084157 0
1670569753650 0.003361310502788928 0
1670569757474 0.003323226366462151 0
1670569761058 0.0033802495890439543 0
1670569764300 0.0034007528662728936 0
1670569767872 0.0033639770779236022 0
1670569771332 0.003337024870626343 0
1670569774693 0.0033080888518785267 0
1670569778107 0.0032690666489662568 0
1670569781432 0.003261976778225678 0
1670569784390 0.0032273352480501893 0
1670569787639 0.003190590207914429 0
1670569791474 0.0031656367935094243 0
1670569794640 0.003198137552992808 0
1670569797827 0.003165657985665038 0
1670569801549 0.0031325271668559973 0
1670569803499 0.0031258856177655003 0
1670569806240 0.003096336190240717 0
1670569808908 0.0030958996808398143 0
1670569811752 0.0031603110018713354 0
1670569814490 0.003130844697932955 0
1670569817105 0.0031088472510205356 0
1670569820061 0.003205201723954526 0
1670569822992 0.003206246745665914 0
1670569825323 0.003180106108216757 0
1670569828528 0.0033331723479729514 0
1670569830803 0.0033615476497980967 0
1670569834122 0.0033348518258370097 0
1670569836796 0.0034699097608241747 0
1670569839290 0.003442377243018796 0
1670569841507 0.0035560312813877615 0
1670569843923 0.003533709745405317 0
1670569846051 0.0035184124356842372 0
1670569848184 0.003538024528482231 0
1670569850389 0.0036539944114181433 0
1670569853047 0.0036713940158703273 0
1670569855240 0.0036497937914617418 0
1670569858076 0.0036247559045526623 0
1670569860344 0.003604083710521372 0
1670569862612 0.003589635907089217 0
1670569865552 0.00356748812097607 0
1670569868424 0.003544570994045121 0
1670569871500 0.00353463044407179 0
1670569874422 0.003511499760091269 0
1670569877234 0.0034982016029992125 0
1670569879852 0.0034820198645371114 0
1670569882982 0.0034650575584632415 0
1670569885866 0.0034524168914514264 0
1670569888152 0.003449910547491969 0
1670569890690 0.003430892087132764 0
1670569892994 0.0034642344508277745 0
1670569895422 0.0034438608354913913 0
1670569897988 0.003473792128222436 0
1670569899861 0.0034571583587717503 0
1670569901960 0.0034719469408738546 0
1670569904667 0.0034594839557121615 0
1670569907188 0.0034470944255509672 0
1670569909769 0.0034510211145646064 0
1670569912304 0.0036100471103710785 0
1670569914467 0.0036054326307655704 0
1670569917692 0.003585996221591753 0
1670569920372 0.0035725583303993502 0
1670569922851 0.003561688502509708 0
1670569925566 0.0035649066603707924 0
1670569927935 0.003615772736936168 0
1670569930461 0.0036262284449797566 0
1670569932906 0.003610459917392339 0
1670569935192 0.0036723574828454453 0
1670569937413 0.00365527033669924 0
1670569939848 0.003638418137087762 0
