1670611479139 0.001270620473643213 0
1670611480987 0.0018589584438567786 0
1670611483309 0.0014496732841742723 0
1670611485509 0.00154685621821929 0
1670611487338 0.0013521032396910243 0
1670611489257 0.0016306086035692876 0
1670611491249 0.001490838864453581 0
1670611493155 0.001375035200621392 0
1670611495300 0.0012924026777464276 0
1670611497302 0.0012234239586276015 0
1670611499314 0.0014301699807536625 0
1670611501497 0.0013607713937775854 0
1670611503796 0.001498337396194955 0
1670611505811 0.0014395479895214511 0
1670611507704 0.00139666880749721 0
1670611509740 0.0013573444198748362 0
1670611511892 0.0013211198929414204 0
1670611514007 0.0012876154555332934 0
1670611516089 0.0015145166023866584 0
1670611518214 0.0014762693258629275 0
1670611520254 0.0014478515089769914 0
1670611522532 0.0014121648732014238 0
1670611524349 0.0013875906321487406 0
1670611526167 0.0013906694922366418 0
1670611528135 0.0014804148648311435 0
1670611530160 0.0015505269196382932 0
1670611532492 0.0015199127438235384 0
1670611534587 0.00150582905142065 0
1670611536735 0.001419437377476824 0
1670611538779 0.0013964490685777096 0
1670611540961 0.00139195394776106 0
1670611543022 0.0013781188616859372 0
1670611544941 0.0014359756179247347 0
1670611546975 0.0014153456041948913 0
1670611548886 0.001430195181950972 0
1670611551658 0.001421308935449432 0
1670611553784 0.0014324947912023132 0
1670611555772 0.0014541127880774727 0
1670611557520 0.001439439769984105 0
1670611559863 0.0014306100668883357 0
1670611562387 0.0014217380370965486 0
1670611565126 0.0014921490211903827 0
1670611567285 0.001490828513315192 0
1670611569797 0.0014870999260408852 0
1670611572107 0.0015524489879264148 0
1670611573817 0.0015485529768267858 0
1670611576244 0.00155359258934769 0
1670611578663 0.0015437850922994918 0
1670611581360 0.0015284502389846417 0
1670611583650 0.0015323381871120336 0
1670611586271 0.0015201827876954281 0
1670611588642 0.0015561697828033877 0
1670611590779 0.0015486456550706362 0
1670611593328 0.0015440751542883432 0
1670611595782 0.0015639034859737727 0
1670611598009 0.0015901943303598747 0
1670611600880 0.0015951197203006732 0
1670611603473 0.0015829331371977227 0
1670611606034 0.001572035567378837 0
1670611608666 0.0015594677696139118 0
1670611611295 0.0015780851043458366 0
1670611613750 0.001566662023165361 0
1670611615975 0.0015621705252747064 0
1670611617811 0.0015535940575215458 0
1670611620044 0.0015427170799393404 0
1670611622904 0.0016163441860522411 0
1670611625420 0.001607982433972273 0
1670611627816 0.0015963259187759538 0
1670611630154 0.0015859181457472471 0
1670611632646 0.0015757087478876176 0
1670611634532 0.0015656916017298434 0
1670611636924 0.0015802259430452948 0
1670611639038 0.0015700457449387964 0
1670611640222 0.0015749765648699118 0
1670611642133 0.0015793651746859655 0
1670611645719 0.0016110963399546523 0
1670611648204 0.0016234000266196263 0
1670611650477 0.0016186252027708715 0
1670611652683 0.0016090516488532379 0
1670611654964 0.0016085512429246341 0
1670611657326 0.0015987132696734779 0
1670611659677 0.0016453264976246421 0
1670611661693 0.001644968117922214 0
1670611664218 0.0016357102906379367 0
1670611666180 0.0016462912537057895 0
1670611668764 0.0016414846925754635 0
1670611671321 0.0016366683733527359 0
1670611673726 0.0016362499698361526 0
1670611676128 0.0016293262848043524 0
1670611678605 0.0016527318652497696 0
1670611681172 0.001661003776787233 0
1670611683111 0.0016900530819123748 0
1670611685556 0.0016862052599113742 0
1670611688021 0.0017473737173671925 0
1670611690409 0.0017382550965418942 0
1670611692710 0.0017821757278715315 0
1670611695198 0.0017737182349600227 0
1670611697477 0.0017746793241850299 0
1670611699604 0.0017679874650470594 0
1670611702258 0.0017624715048269847 0
1670611704625 0.0017569834920715044 0
