1670634350361 0.0 0
1670634350825 0.0 0
1670634351309 0.0 0
1670634351809 0.0 0
1670634352297 0.0 0
1670634352787 0.0 0
1670634353274 0.0 0
1670634353763 0.0 0
1670634354244 0.0 0
1670634354727 0.0 0
1670634355215 0.0 0
1670634355694 0.0 0
1670634356182 0.0 0
1670634356663 0.0 0
1670634357146 0.0 0
1670634357629 0.0 0
1670634358116 0.0 0
1670634358602 0.0 0
1670634359148 0.0 0
1670634359676 0.0 0
1670634360192 0.0 0
1670634360724 0.0 0
1670634361247 0.0 0
1670634361766 0.0 0
1670634362288 0.0 0
1670634362756 0.0 0
1670634363243 0.0 0
1670634363726 0.0 0
1670634364211 0.0 0
1670634364695 0.0 0
1670634365170 0.0 0
1670634365629 0.0 0
1670634366148 0.0 0
1670634366679 0.0 0
1670634367207 0.0 0
1670634367740 0.0 0
1670634368268 0.0 0
1670634368798 0.0 0
1670634369327 0.0 0
1670634369856 0.0 0
1670634370382 0.0 0
1670634370908 0.0 0
1670634371431 0.0 0
1670634371955 0.0 0
1670634372481 0.0 0
1670634373003 0.0 0
1670634373521 0.0 0
1670634374047 0.0 0
1670634374569 0.0 0
1670634375089 0.0 0
1670634375610 0.0 0
1670634376121 0.0 0
1670634376630 0.0 0
1670634377142 0.0 0
1670634377660 0.0 0
1670634378169 0.0 0
1670634378676 0.0 0
1670634379186 0.0 0
1670634379702 0.0 0
1670634380222 0.0 0
1670634380742 0.0 0
1670634381262 0.0 0
1670634381784 0.0 0
1670634382309 0.0 0
1670634382830 0.0 0
1670634383354 0.0 0
1670634383879 0.0 0
1670634384403 0.0 0
1670634384923 0.0 0
1670634385448 0.0 0
1670634385968 0.0 0
1670634386500 0.0 0
1670634387118 0.0 0
1670634387646 0.0 0
1670634388169 0.0 0
1670634388699 0.0 0
1670634389222 0.0 0
1670634389735 0.0 0
1670634390265 0.0 0
1670634390789 0.0 0
1670634391314 0.0 0
1670634391852 0.0 0
1670634392376 0.0 0
1670634392901 0.0 0
1670634393432 0.0 0
1670634393960 0.0 0
1670634394501 0.0 0
1670634395026 0.0 0
1670634395551 0.0 0
1670634396073 0.0 0
1670634396598 0.0 0
1670634397128 0.0 0
1670634397652 0.0 0
1670634398166 0.0 0
1670634398692 0.0 0
1670634399220 0.0 0
1670634399732 0.0 0
1670634400249 0.0 0
1670634400776 0.0 0
1670634401290 0.0 0
1670634401804 0.0 0
1670634402310 0.0 0
