1670608134585 0.0148239055258374 0
1670608135603 0.018379386171726887 0
1670608136620 0.015716545438489105 0
1670608172291 0.016795899350629077 0
1670608173600 0.020153941250774923 0
1670608174717 0.01776532455211864 0
1670608175710 0.01618917572089784 0
1670608176782 0.01598513786462845 0
1670608177724 0.015647450090499365 0
1670608178957 0.01489165449539144 0
1670608179982 0.014283261938557584 0
1670608181073 0.014193515739206616 0
1670608181988 0.014615450007077556 0
1670608183140 0.01414764625574113 0
1670608184449 0.013614303753469413 0
1670608186003 0.01315258274063514 0
1670608187161 0.01353560106802889 0
1670608188327 0.013482676714883832 0
1670608189687 0.013195276816783674 0
1670608190816 0.012993173097108929 0
1670608192411 0.012709033378268599 0
1670608193560 0.012431108403437467 0
1670608194705 0.01228274697230862 0
1670608195487 0.012007593997216008 0
1670608196241 0.012074638761950265 0
1670608197377 0.01186320852384469 0
1670608198869 0.013011903906981828 0
1670608200125 0.012832947774056747 0
1670608201388 0.012080380699118862 0
1670608202491 0.012268441410821715 0
1670608203648 0.012085823789767997 0
1670608205160 0.011961332282303797 0
1670608206462 0.0118005302008483 0
1670608207701 0.011676885831657387 0
1670608208789 0.011879654298125417 0
1670608209962 0.012670782221744906 0
1670608211158 0.012504258398879572 0
1670608212383 0.012362191461410876 0
1670608213504 0.012215263588917454 0
1670608214955 0.012089823781839162 0
1670608215998 0.01243115221347163 0
1670608217158 0.012296673734544537 0
1670608218293 0.012283770631304515 0
1670608219293 0.01239663179562283 0
1670608220438 0.012304599956525955 0
1670608221590 0.012198675841492194 0
1670608222933 0.01207465960659209 0
1670608224294 0.012051799118773632 0
1670608225348 0.011962340279787056 0
1670608226663 0.0120313698910684 0
1670608227511 0.012075514807535326 0
1670608228812 0.011961853778139866 0
1670608229883 0.011852577825530591 0
1670608231049 0.011745136547966925 0
1670608232156 0.011748800971001117 0
1670608233467 0.011697528906882332 0
1670608234625 0.011765053361284264 0
1670608235694 0.011972024333605079 0
1670608236330 0.01207553133631483 0
1670608237031 0.012231454101190586 0
1670608237707 0.012227323176143681 0
1670608238882 0.01216204148399569 0
1670608240057 0.012068152630766125 0
1670608241137 0.012000269436539757 0
1670608242147 0.011917211091368167 0
1670608243470 0.011869621317992317 0
1670608244546 0.011790372486954172 0
1670608245794 0.011860652783769528 0
1670608247119 0.011811093250168846 0
1670608248172 0.011767852434759883 0
1670608249657 0.01169624895714208 0
1670608251102 0.011643923974111368 0
1670608252110 0.011763193584827747 0
1670608253368 0.011737579054957911 0
1670608254246 0.011696119359345704 0
1670608255261 0.011706010280343786 0
1670608256542 0.011649906439408102 0
1670608257616 0.011576883430631908 0
1670608258657 0.011537227362280168 0
1670608259920 0.011468040474627184 0
1670608261502 0.01147164577753873 0
1670608262539 0.011428721354069492 0
1670608263836 0.01146927705518861 0
1670608264910 0.011419131732441981 0
1670608266241 0.011352550924586279 0
1670608267570 0.011301301368730456 0
1670608268650 0.011244673100253823 0
1670608269879 0.011739990461790424 0
1670608271188 0.011675111908463182 0
1670608272261 0.011740974557517832 0
1670608273520 0.011683331293174906 0
1670608274462 0.011642358362097288 0
1670608275174 0.011639480467959144 0
1670608276455 0.011730900953152268 0
1670608277746 0.011672642575671834 0
1670608279070 0.011621640094172561 0
1670608280322 0.011562388164692794 0
1670608281598 0.011563856633965731 0
1670608282628 0.011523615983727482 0
1670608283891 0.011527167361344043 0
1670608285075 0.011543184815690943 0
1670608286315 0.011493213009810072 0
1670608287792 0.011442562959667009 0
1670608288900 0.01139061154826599 0
1670608290005 0.011540120069196837 0
1670608291111 0.011492614209468982 0
1670608292664 0.011522660338188564 0
1670608293748 0.011544686458775967 0
1670608294850 0.011539765956805163 0
1670608295892 0.011521319329426523 0
1670608297215 0.01147034767388947 0
1670608298405 0.011433175504059215 0
1670608299351 0.011454164538579212 0
1670608300506 0.011491090662029732 0
1670608302039 0.011493235413150553 0
1670608303048 0.011512755283660844 0
1670608304052 0.011512823486320295 0
1670608305405 0.011681124223532437 0
1670608306565 0.011655057129427812 0
1670608307705 0.011612478951498056 0
1670608308757 0.011682570468556676 0
1670608309918 0.011635495496477417 0
1670608310750 0.011588679547001872 0
1670608311922 0.011588915956539214 0
1670608313016 0.011555387876723285 0
1670608314305 0.01152097969247659 0
1670608315519 0.011619991094777266 0
1670608316448 0.011666943294552187 0
1670608317552 0.011652096320994752 0
1670608318532 0.011607828750175742 0
1670608319737 0.011606506457438541 0
1670608320799 0.01159144139973213 0
1670608322190 0.011554209220007862 0
1670608323369 0.011579367400096956 0
1670608324780 0.01157472941241701 0
1670608326504 0.011579049915976705 0
1670608327626 0.011537874236116824 0
1670608328810 0.011516947015328113 0
1670608330140 0.01149598830057249 0
1670608331541 0.011462152702920406 0
1670608332769 0.011428597402411159 0
1670608333793 0.011389584247510437 0
1670608334678 0.011353506049526882 0
1670608335854 0.011332300256507208 0
1670608337073 0.01130321930359797 0
1670608338467 0.011317482328314261 0
1670608339701 0.01131500576083476 0
1670608340781 0.011287887797568036 0
1670608341936 0.011283287857546613 0
1670608343107 0.011475784178933565 0
1670608344488 0.01145507694644559 0
1670608345767 0.011426911209292186 0
1670608346968 0.011503207030358481 0
1670608348669 0.011479218497948696 0
1670608350029 0.011443868051437878 0
1670608351440 0.011408085536408888 0
1670608352399 0.01161319634678079 0
1670608353724 0.01174323313420126 0
1670608354848 0.01175134214345689 0
1670608356319 0.011715672016993112 0
1670608357491 0.01174268927445217 0
