1670604330416 0.07200182683978174 0
1670604331044 0.02019255204257364 0
1670604331757 0.02297345169233922 0
1670604332248 0.018112979718639455 0
1670604332883 0.015542043809555817 0
1670604333520 0.013771021058445299 0
1670604334233 0.012537217065210715 0
1670604335135 0.011529704346529224 0
1670604335670 0.011132428616473233 0
1670604336346 0.01185729148857817 0
1670604337082 0.011220201465850344 0
1670604337584 0.010727626994023742 0
1670604338151 0.010326488183265203 0
1670604338914 0.010201879198915798 0
1670604339799 0.012311056091853345 0
1670604340625 0.011913938524105161 0
1670604341286 0.012570069918610982 0
1670604342019 0.013593462107192145 0
1670604342898 0.016000192015104053 0
1670604343420 0.015709333174788953 0
1670604344101 0.015478990059241582 0
1670604345049 0.015110553797205606 0
1670604345808 0.01479282614275712 0
1670604346557 0.0145410991445869 0
1670604347008 0.014300918384304251 0
1670604347970 0.014098784489882554 0
1670604348701 0.01405102340783726 0
1670604349582 0.014324131702833198 0
1670604350287 0.013577911147378052 0
1670604350812 0.013391159508328365 0
1670604351612 0.013229189764281002 0
1670604352550 0.013294567176883931 0
1670604353364 0.013384469259003828 0
1670604353954 0.013443071084801028 0
1670604354449 0.013255410310238025 0
1670604355195 0.013108925937412197 0
1670604355771 0.013247772352429688 0
1670604356359 0.013085569760310944 0
1670604356946 0.012921855246091574 0
1670604357851 0.012883884936692236 0
1670604358668 0.01309812826384249 0
1670604359451 0.01294609098102617 0
1670604360212 0.01355026057750608 0
1670604361131 0.01340864105376438 0
1670604362271 0.013304953251238594 0
1670604363311 0.013179389627584803 0
1670604364080 0.013138704493021458 0
1670604364999 0.013236634548156934 0
1670604365889 0.013164215633495457 0
1670604366885 0.013091921662603534 0
1670604367835 0.012973996803063104 0
1670604368556 0.01286541859371182 0
1670604369269 0.013029720902899666 0
1670604369917 0.012941078746953827 0
1670604370697 0.012881792115416846 0
1670604371411 0.012858377814971234 0
1670604372022 0.012976958603456046 0
1670604372804 0.012893553880039321 0
1670604373711 0.012994289499264622 0
1670604374528 0.013001618459664632 0
1670604375387 0.012907070287151767 0
1670604376368 0.012885623399841784 0
1670604376979 0.012845530849565301 0
1670604377681 0.012748342129934254 0
1670604378691 0.012695382383424603 0
1670604379528 0.012690148010654934 0
1670604380600 0.01262754447066139 0
1670604381348 0.012623992297261522 0
1670604382180 0.012636921899332076 0
1670604382907 0.01279486282648179 0
1670604383712 0.012714134116800224 0
1670604384629 0.012684874129725632 0
1670604385459 0.01260205490564903 0
1670604386609 0.012533190913733172 0
1670604387533 0.012481485153007177 0
1670604388489 0.012423745687402454 0
1670604389191 0.012374239377630158 0
1670604390147 0.012296879066561628 0
1670604391085 0.012222686561015217 0
1670604391952 0.012186707931746588 0
1670604392919 0.012156980997699907 0
1670604393775 0.012122540274817961 0
1670604394596 0.012050616349589482 0
1670604395373 0.012103685749314641 0
1670604396448 0.012218310409338518 0
1670604397492 0.012160360570545037 0
1670604398059 0.012371394447286077 0
1670604398849 0.01237391981352276 0
1670604399744 0.012560838677833308 0
1670604400538 0.012530194357375346 0
1670604401350 0.01253342329552265 0
1670604402320 0.012490008397234575 0
1670604402946 0.012570437910220944 0
1670604403860 0.012688186036213356 0
1670604404652 0.012624776116654579 0
1670604405251 0.012694727059147426 0
1670604406410 0.012699848872462338 0
1670604406972 0.012703468556087616 0
1670604408021 0.012751245781127074 0
1670604409042 0.012703214067924962 0
1670604409909 0.012823672198568836 0
1670604410962 0.012796458835970248 0
1670604411788 0.012871433616835404 0
1670604412613 0.01286694602002092 0
1670604413478 0.01306372834004299 0
1670604414220 0.013011106114986237 0
1670604415088 0.013081087821752657 0
1670604415748 0.013045459027013151 0
