1670601903333 0.0 0
1670601905178 0.0 0
1670601906978 0.0 0
1670601908865 0.0 0
1670601910492 0.0 0
1670601912359 0.0 0
1670601914410 0.0 0
1670601916171 0.0 0
1670601917808 0.0 0
1670601919685 0.0 0
1670601921368 0.0 0
1670601923092 0.0 0
1670601925109 0.0 0
1670601926999 0.0 0
1670601928850 0.0 0
1670601930617 0.0 0
1670601932707 0.0 0
1670601934598 0.0 0
1670601936471 0.0 0
1670601938526 0.0 0
1670601940663 0.0 0
1670601942687 0.0 0
1670601944673 0.0 0
1670601946402 0.0 0
1670601948379 0.0 0
1670601950658 0.0 0
1670601952627 0.0 0
1670601954697 0.0 0
1670601956562 0.0 0
1670601958420 0.0 0
1670601960359 0.0 0
1670601962659 0.0 0
1670601964377 0.0 0
1670601966552 0.0 0
1670601968803 0.0 0
1670601970748 0.0 0
1670601972961 0.0 0
1670601974832 0.0 0
1670601977122 0.0 0
1670601978929 0.0 0
1670601980672 0.0 0
1670601982419 0.0 0
1670601984223 0.0 0
1670601986203 0.0 0
1670601988152 0.0 0
1670601990131 0.0 0
1670601992446 0.0 0
1670601994367 0.0 0
1670601996498 0.0 0
1670601998201 0.0 0
1670601999910 0.0 0
1670602002087 0.0 0
1670602004251 0.0 0
1670602006111 0.0 0
1670602008127 0.0 0
1670602009835 0.0 0
1670602011741 0.0 0
1670602013989 0.0 0
1670602015955 0.0 0
1670602017721 0.0 0
1670602019800 0.0 0
1670602021796 0.0 0
1670602023912 0.0 0
1670602026024 0.0 0
1670602028516 0.0 0
1670602030754 0.0 0
1670602032676 0.0 0
1670602034547 0.0 0
1670602036569 0.0 0
1670602038482 0.0 0
1670602040206 0.0 0
1670602041999 0.0 0
1670602043738 0.0 0
1670602045462 0.0 0
1670602047358 0.0 0
1670602049134 0.0 0
1670602050808 0.0 0
1670602052595 0.0 0
1670602054470 0.0 0
1670602056096 0.0 0
1670602057737 0.0 0
1670602059330 0.0 0
1670602061161 0.0 0
1670602063099 0.0 0
1670602064920 0.0 0
1670602066659 0.0 0
1670602068430 0.0 0
1670602070373 0.0 0
1670602072110 0.0 0
1670602074110 0.0 0
1670602075854 0.0 0
1670602077567 0.0 0
1670602079555 0.0 0
1670602081363 0.0 0
1670602083278 0.0 0
1670602085035 0.0 0
1670602086904 0.0 0
1670602088532 0.0 0
1670602090225 0.0 0
1670602092056 0.0 0
1670602093904 0.0 0
