1670599922803 0.004235401578810698 0
1670599923565 0.003577567193243463 0
1670599924315 0.003354592951961941 0
1670599925202 0.002617657548636748 0
1670599926127 0.0023027437033203 0
1670599926992 0.0025950149696550174 0
1670599927883 0.0023563994460868345 0
1670599928628 0.0025104593224799265 0
1670599929452 0.0024550167074961684 0
1670599930242 0.002315431687496583 0
1670599931006 0.002420960160866508 0
1670599931798 0.0023169653570355633 0
1670599932589 0.002218375445046097 0
1670599933365 0.002327151821328289 0
1670599934217 0.0027286624356115787 0
1670599935030 0.002634165979226546 0
1670599935902 0.002752749048605486 0
1670599936859 0.0027364636651571413 0
1670599937864 0.002942665779840133 0
1670599938786 0.0029257421388835083 0
1670599939555 0.0029745847932451646 0
1670599940660 0.002920243582068775 0
1670599941465 0.0028517951127834677 0
1670599942268 0.0028332181652049567 0
1670599943137 0.002869217661849727 0
1670599943935 0.0031278517301608034 0
1670599944677 0.0030742542866143614 0
1670599945716 0.0030232984270217402 0
1670599946488 0.002844428981751413 0
1670599947266 0.0029589013617049697 0
1670599948256 0.002912310811457256 0
1670599949122 0.0028760424078647425 0
1670599950131 0.0029067915484579385 0
1670599951184 0.0028651438735911227 0
1670599952008 0.0028357085566667216 0
1670599953050 0.0028070161975253267 0
1670599953964 0.0027790497620231954 0
1670599954701 0.002743211089450957 0
1670599955438 0.0027087241180167795 0
1670599956298 0.00274076264504788 0
1670599957045 0.002733658865382629 0
1670599957792 0.0027018845093354036 0
1670599958839 0.002675975729122927 0
1670599959732 0.002669148106154935 0
1670599960479 0.0026502289151500496 0
1670599961277 0.0026262662634182333 0
1670599962027 0.00260291481013066 0
1670599962985 0.002596907762774094 0
1670599964040 0.002574318167196581 0
1670599964812 0.0025494594975728323 0
1670599965762 0.0025281806716546925 0
1670599966669 0.002507409218986327 0
1670599967498 0.0024871262019638776 0
1670599968307 0.0024750789185867482 0
1670599969165 0.0024559475415571685 0
1670599969965 0.002437238616975137 0
1670599970800 0.002433058739429033 0
1670599971961 0.002422991527429955 0
1670599972848 0.002412870542971768 0
1670599973816 0.0023958280860629606 0
1670599974728 0.0023769813201472683 0
1670599975726 0.00236767352612092 0
1670599976514 0.00236547209822989 0
1670599977460 0.002356676919854611 0
1670599978359 0.0024866310095595905 0
1670599979213 0.0024711591092823246 0
1670599980143 0.0024914811739927723 0
1670599980970 0.002476024831459687 0
1670599982350 0.0024608417029450803 0
1670599983376 0.0024438463730421817 0
1670599984416 0.002427198128823686 0
1670599985204 0.002435214276842425 0
1670599986104 0.0024260044890481278 0
1670599986957 0.002410022791639418 0
1670599987786 0.0023968821705831114 0
1670599988530 0.0023955098671017173 0
1670599989310 0.002382590668230378 0
1670599990104 0.0023809242334160772 0
1670599990844 0.002373409474108941 0
1670599991866 0.002381443522368313 0
1670599992620 0.0023671428507030874 0
1670599993399 0.0023553073544277693 0
1670599994275 0.0023629166404264546 0
1670599995020 0.002351504612496189 0
1670599995853 0.0023441881899141136 0
1670599996619 0.002343811766532024 0
1670599997426 0.002330696363678178 0
1670599998319 0.0023199364930902066 0
1670599999100 0.0023792221076450177 0
1670600000047 0.0023717530081170373 0
1670600000755 0.0023643019465697346 0
1670600001913 0.0023516730801493558 0
1670600002780 0.0023696502762811386 0
1670600003524 0.0023595455070764054 0
1670600004388 0.002359198457430398 0
1670600005266 0.002347201022363404 0
1670600006412 0.0023634191906966723 0
1670600007169 0.0023624786426277365 0
1670600008051 0.002356453141522051 0
1670600008821 0.002355539140587816 0
1670600009623 0.002344235647307182 0
1670600010460 0.002358817934256416 0
1670600011273 0.00235330405872649 0
1670600012050 0.002342357119757882 0
1670600012781 0.0023330272936332055 0
1670600013602 0.0023399185204394644 0
1670600014451 0.002334485922887755 0
1670600015352 0.0023239770435514603 0
1670600016131 0.0023152243296446417 0
1670600017086 0.0023050016181332036 0
1670600017844 0.002311459562523607 0
1670600018782 0.002311253868016493 0
1670600019532 0.0023028762307515075 0
1670600020454 0.002326764844864593 0
1670600021501 0.0023185572524089485 0
1670600022344 0.0023243158445023964 0
1670600023281 0.0023242206550936175 0
1670600024031 0.0023297676785967495 0
1670600024843 0.0023245501738829435 0
1670600025661 0.0023383611018835612 0
1670600026589 0.002351489505617032 0
1670600027371 0.0023728330203034794 0
1670600028218 0.0023649688957167996 0
1670600029160 0.0023571775576421866 0
1670600029984 0.002356656161108949 0
1670600030749 0.002348940300284247 0
1670600031546 0.0023541453749784742 0
1670600032616 0.002349319665832868 0
1670600033546 0.002344492520813086 0
1670600034289 0.002349170936788939 0
1670600035097 0.0023490645178353246 0
1670600035893 0.0023403481672507357 0
1670600036656 0.0023332567758269983 0
1670600037558 0.0023262248625416366 0
1670600038458 0.0023381989300830406 0
1670600039322 0.002331142777502624 0
1670600040297 0.0023228538093647173 0
1670600041345 0.0023186195637510602 0
1670600042242 0.0023118187220696495 0
1670600043041 0.0023050735994274534 0
1670600043869 0.0023010344445412835 0
1670600044750 0.0023200622068663143 0
1670600045657 0.0023200119714235014 0
1670600046518 0.002338331268006094 0
1670600047444 0.002333977952549062 0
1670600048201 0.0023275904784848794 0
1670600049132 0.002319823499328773 0
1670600050047 0.0023311140732283266 0
1670600050957 0.002323457391191142 0
1670600051793 0.002407940391358166 0
1670600052767 0.0024110837640788614 0
1670600053742 0.0024047758954997486 0
1670600054568 0.002397027015741977 0
1670600055360 0.0023924437229229075 0
