1670562383219 0.0 0
1670562383596 0.0 0
1670562383819 0.0 0
1670562384059 0.0 0
1670562384299 0.0 0
1670562384670 0.0 0
1670562384927 0.0 0
1670562385177 0.0 0
1670562385561 0.0 0
1670562385942 0.0 0
1670562386124 0.0 0
1670562386333 0.0 0
1670562386648 0.0 0
1670562386859 0.0 0
1670562387028 0.0 0
1670562387341 0.0 0
1670562387611 0.0 0
1670562387951 0.0 0
1670562388268 0.0 0
1670562388549 0.0 0
1670562388919 0.0 0
1670562389253 0.0 0
1670562389471 0.0 0
1670562389625 0.0 0
1670562389854 0.0 0
1670562390043 0.0 0
1670562390246 0.0 0
1670562390727 0.0 0
1670562390999 0.0 0
1670562391371 0.0 0
1670562391608 0.0 0
1670562391869 0.0 0
1670562392109 0.0 0
1670562392285 0.0 0
1670562392462 0.0 0
1670562392689 0.0 0
1670562393155 0.0 0
1670562393413 0.0 0
1670562393649 0.0 0
1670562393965 0.0 0
1670562394246 0.0 0
1670562394560 0.0 0
1670562394929 0.0 0
1670562395179 0.0 0
1670562395409 0.0 0
1670562395558 0.0 0
1670562395735 0.0 0
1670562395955 0.0 0
1670562396395 0.0 0
1670562396649 0.0 0
1670562396824 0.0 0
1670562397251 0.0 0
1670562397540 0.0 0
1670562397973 0.0 0
1670562398371 0.0 0
1670562398742 0.0 0
1670562399008 0.0 0
1670562399402 0.0 0
1670562399748 0.0 0
1670562399898 0.0 0
1670562400158 0.0 0
1670562400369 0.0 0
1670562400703 0.0 0
1670562401137 0.0 0
1670562401351 0.0 0
1670562401618 0.0 0
1670562401866 0.0 0
1670562402042 0.0 0
1670562402269 0.0 0
1670562402505 0.0 0
1670562402872 0.0 0
1670562403157 0.0 0
1670562403429 0.0 0
1670562403645 0.0 0
1670562403885 0.0 0
1670562404056 0.0 0
1670562404350 0.0 0
1670562404520 0.0 0
1670562404706 0.0 0
1670562404930 0.0 0
1670562405147 0.0 0
1670562405316 0.0 0
1670562405599 0.0 0
1670562405892 0.0 0
1670562406219 0.0 0
1670562406610 0.0 0
1670562406802 0.0 0
1670562407068 0.0 0
1670562407286 0.0 0
1670562407520 0.0 0
1670562407712 0.0 0
1670562407989 0.0 0
1670562408219 0.0 0
1670562408482 0.0 0
1670562408732 0.0 0
1670562409155 0.0 0
1670562409750 0.0 0
1670562410046 0.0 0
1670562410165 0.0 0
1670562410410 0.0 0
1670562410648 0.0 0
