1670622083513 0.0 0
1670622092559 0.0 0
1670622101470 0.0 0
1670622111837 0.0 0
1670622122825 0.0 0
1670622133406 0.0 0
1670622142946 0.0 0
1670622152203 0.0 0
1670622161438 0.0 0
1670622170995 0.0 0
1670622180922 0.0 0
1670622190978 0.0 0
1670622200833 0.0 0
1670622211077 0.0 0
1670622221223 0.0 0
1670622231181 0.0 0
1670622241756 0.0 0
1670622251881 0.0 0
1670622261496 0.0 0
1670622270815 0.0 0
1670622280211 0.0 0
1670622289648 0.0 0
1670622299542 0.0 0
1670622309461 0.0 0
1670622319242 0.0 0
1670622329471 0.0 0
1670622339441 0.0 0
1670622349440 0.0 0
1670622359593 0.0 0
1670622369442 0.0 0
1670622378938 0.0 0
1670622388390 0.0 0
1670622398491 0.0 0
1670622408618 0.0 0
1670622418345 0.0 0
1670622428573 0.0 0
1670622438784 0.0 0
1670622449049 0.0 0
1670622458804 0.0 0
1670622468146 0.0 0
1670622478370 0.0 0
1670622488313 0.0 0
1670622497606 0.0 0
1670622507704 0.0 0
1670622517625 0.0 0
1670622527201 0.0 0
1670622536983 0.0 0
1670622546408 0.0 0
1670622554664 0.0 0
1670622564888 0.0 0
1670622575034 0.0 0
1670622584264 0.0 0
1670622593606 0.0 0
1670622603017 0.0 0
1670622612059 0.0 0
1670622621891 0.0 0
1670622632120 0.0 0
1670622641259 0.0 0
1670622650327 0.0 0
1670622659741 0.0 0
1670622669488 0.0 0
1670622678898 0.0 0
1670622688431 0.0 0
1670622697888 0.0 0
1670622707102 0.0 0
1670622716565 0.0 0
1670622725979 0.0 0
1670622735613 0.0 0
1670622745067 0.0 0
1670622754801 0.0 0
1670622765045 0.0 0
1670622775610 0.0 0
1670622785424 0.0 0
1670622794968 0.0 0
1670622804534 0.0 0
1670622814049 0.0 0
1670622823267 0.0 0
1670622832690 0.0 0
1670622842312 0.0 0
1670622852084 0.0 0
1670622861181 0.0 0
1670622870636 0.0 0
1670622880255 0.0 0
1670622889382 0.0 0
1670622899083 0.0 0
1670622908643 0.0 0
1670622917141 0.0 0
1670622926556 0.0 0
1670622935516 0.0 0
1670622944810 0.0 0
1670622954464 0.0 0
1670622963970 0.0 0
1670622973574 0.0 0
1670622982883 0.0 0
1670622992587 0.0 0
1670623002352 0.0 0
1670623011985 0.0 0
1670623021479 0.0 0
1670623030635 0.0 0
1670623039932 0.0 0
1670623050486 0.0 0
