1670622074308 0.0 0
1670622083452 0.0 0
1670622092516 0.0 0
1670622101436 0.0 0
1670622111788 0.0 0
1670622122788 0.0 0
1670622133369 0.0 0
1670622142900 0.0 0
1670622152154 0.0 0
1670622161398 0.0 0
1670622170955 0.0 0
1670622180879 0.0 0
1670622190939 0.0 0
1670622200796 0.0 0
1670622211019 0.0 0
1670622221185 0.0 0
1670622231134 0.0 0
1670622241716 0.0 0
1670622251852 0.0 0
1670622261460 0.0 0
1670622270779 0.0 0
1670622280173 0.0 0
1670622289613 0.0 0
1670622299505 0.0 0
1670622309418 0.0 0
1670622319204 0.0 0
1670622329430 0.0 0
1670622339398 0.0 0
1670622349398 0.0 0
1670622359555 0.0 0
1670622369405 0.0 0
1670622378899 0.0 0
1670622388351 0.0 0
1670622398460 0.0 0
1670622408579 0.0 0
1670622418306 0.0 0
1670622428535 0.0 0
1670622438745 0.0 0
1670622449013 0.0 0
1670622458766 0.0 0
1670622468109 0.0 0
1670622478330 0.0 0
1670622488274 0.0 0
1670622497566 0.0 0
1670622507668 0.0 0
1670622517587 0.0 0
1670622527149 0.0 0
1670622536925 0.0 0
1670622546386 0.0 0
1670622554618 0.0 0
1670622564838 0.0 0
1670622574997 0.0 0
1670622584234 0.0 0
1670622593572 0.0 0
1670622602960 0.0 0
1670622612028 0.0 0
1670622621848 0.0 0
1670622632079 0.0 0
1670622641220 0.0 0
1670622650292 0.0 0
1670622659708 0.0 0
1670622669437 0.0 0
1670622678859 0.0 0
1670622688394 0.0 0
1670622697860 0.0 0
1670622707067 0.0 0
1670622716527 0.0 0
1670622725929 0.0 0
1670622735567 0.0 0
1670622745023 0.0 0
1670622754740 0.0 0
1670622765007 0.0 0
1670622775570 0.0 0
1670622785368 0.0 0
1670622794940 0.0 0
1670622804496 0.0 0
1670622814013 0.0 0
1670622823231 0.0 0
1670622832633 0.0 0
1670622842260 0.0 0
1670622852046 0.0 0
1670622861140 0.0 0
1670622870598 0.0 0
1670622880226 0.0 0
1670622889347 0.0 0
1670622899046 0.0 0
1670622908609 0.0 0
1670622917101 0.0 0
1670622926511 0.0 0
1670622935463 0.0 0
1670622944769 0.0 0
1670622954426 0.0 0
1670622963932 0.0 0
1670622973538 0.0 0
1670622982847 0.0 0
1670622992547 0.0 0
1670623002319 0.0 0
1670623011947 0.0 0
1670623021438 0.0 0
1670623030592 0.0 0
1670623039881 0.0 0
1670623050445 0.0 0
