1670626501786 0.0 0
1670626509029 0.0 0
1670626516148 0.0 0
1670626523310 0.0 0
1670626530417 0.0 0
1670626537748 0.0 0
1670626545100 0.0 0
1670626552490 0.0 0
1670626559604 0.0 0
1670626566656 0.0 0
1670626573608 0.0 0
1670626580801 0.0 0
1670626587799 0.0 0
1670626594831 0.0 0
1670626601918 0.0 0
1670626608930 0.0 0
1670626615966 0.0 0
1670626622975 0.0 0
1670626630012 0.0 0
1670626637091 0.0 0
1670626644149 0.0 0
1670626651271 0.0 0
1670626658129 0.0 0
1670626665629 0.0 0
1670626672949 0.0 0
1670626680183 0.0 0
1670626687498 0.0 0
1670626694521 0.0 0
1670626701373 0.0 0
1670626708138 0.0 0
1670626714824 0.0 0
1670626721570 0.0 0
1670626728309 0.0 0
1670626735102 0.0 0
1670626741973 0.0 0
1670626748934 0.0 0
1670626756065 0.0 0
1670626762934 0.0 0
1670626769693 0.0 0
1670626776315 0.0 0
1670626783349 0.0 0
1670626790334 0.0 0
1670626797054 0.0 0
1670626804552 0.0 0
1670626811384 0.0 0
1670626818246 0.0 0
1670626825046 0.0 0
1670626831743 0.0 0
1670626838520 0.0 0
1670626845448 0.0 0
1670626852339 0.0 0
1670626859233 0.0 0
1670626866471 0.0 0
1670626873839 0.0 0
1670626881308 0.0 0
1670626888607 0.0 0
1670626896004 0.0 0
1670626903226 0.0 0
1670626910466 0.0 0
1670626917266 0.0 0
1670626924114 0.0 0
1670626930947 0.0 0
1670626937632 0.0 0
1670626944194 0.0 0
1670626951282 0.0 0
1670626958321 0.0 0
1670626965320 0.0 0
1670626972384 0.0 0
1670626979528 0.0 0
1670626986627 0.0 0
1670626993418 0.0 0
1670626999997 0.0 0
1670627006995 0.0 0
1670627014181 0.0 0
1670627021431 0.0 0
1670627028656 0.0 0
1670627035185 0.0 0
1670627041669 0.0 0
1670627048386 0.0 0
1670627055348 0.0 0
1670627062366 0.0 0
1670627069110 0.0 0
1670627075974 0.0 0
1670627082622 0.0 0
1670627089207 0.0 0
1670627095591 0.0 0
1670627102011 0.0 0
1670627108853 0.0 0
1670627115812 0.0 0
1670627122757 0.0 0
1670627129319 0.0 0
1670627136032 0.0 0
1670627142770 0.0 0
1670627150223 0.0 0
1670627158047 0.0 0
1670627166178 0.0 0
1670627174599 0.0 0
1670627183014 0.0 0
1670627190234 0.0 0
1670627197454 0.0 0
1670627203843 0.0 0
