1670578781353 0.10033333333333333 0
1670578782230 0.09866666666666667 0
1670578783200 0.09566666666666666 0
1670578784088 0.098 0
1670578784576 0.1 0
1670578785345 0.095 0
1670578786243 0.08 0
1670578787248 0.09 0
1670578787951 0.09466666666666666 0
1670578788445 0.09833333333333333 0
1670578789056 0.09433333333333334 0
1670578789871 0.09633333333333334 0
1670578790424 0.08933333333333333 0
1670578791190 0.08566666666666667 0
1670578791735 0.09866666666666667 0
1670578792597 0.09233333333333334 0
1670578793353 0.094 0
1670578793930 0.08966666666666667 0
1670578794532 0.085 0
1670578795026 0.09566666666666666 0
1670578795739 0.09566666666666666 0
1670578796328 0.08666666666666667 0
1670578797044 0.09033333333333333 0
1670578797690 0.09866666666666667 0
1670578798509 0.08833333333333333 0
1670578799115 0.099 0
1670578799889 0.09633333333333334 0
1670578800376 0.097 0
1670578801109 0.099 0
1670578801786 0.099 0
1670578802434 0.08933333333333333 0
1670578803172 0.099 0
1670578804076 0.094 0
1670578804546 0.092 0
1670578805402 0.09466666666666666 0
1670578806299 0.09833333333333333 0
1670578806954 0.09133333333333334 0
1670578807571 0.09833333333333333 0
1670578808147 0.10166666666666667 0
1670578808915 0.097 0
1670578809619 0.08966666666666667 0
1670578810181 0.09233333333333334 0
1670578810709 0.096 0
1670578811228 0.09866666666666667 0
1670578811727 0.09066666666666667 0
1670578812420 0.09033333333333333 0
1670578813115 0.09566666666666666 0
1670578814105 0.092 0
1670578814714 0.09266666666666666 0
1670578815449 0.093 0
1670578816160 0.099 0
1670578816917 0.09733333333333333 0
1670578817526 0.09933333333333333 0
1670578818517 0.09066666666666667 0
1670578819120 0.09466666666666666 0
1670578819815 0.10033333333333333 0
1670578820542 0.10166666666666667 0
1670578821310 0.09666666666666666 0
1670578822195 0.09366666666666666 0
1670578822923 0.09333333333333334 0
1670578823979 0.096 0
1670578824842 0.09466666666666666 0
1670578825442 0.09433333333333334 0
1670578826137 0.089 0
1670578826990 0.095 0
1670578827711 0.09533333333333334 0
1670578828441 0.094 0
1670578829109 0.08666666666666667 0
1670578830012 0.09566666666666666 0
1670578830838 0.09133333333333334 0
1670578831448 0.10133333333333333 0
1670578832071 0.09666666666666666 0
1670578832884 0.106 0
1670578833800 0.09433333333333334 0
1670578834615 0.08066666666666666 0
1670578835420 0.106 0
1670578836113 0.08866666666666667 0
1670578836700 0.10033333333333333 0
1670578837258 0.08866666666666667 0
1670578838200 0.105 0
1670578838948 0.098 0
1670578839773 0.09366666666666666 0
1670578840716 0.093 0
1670578841469 0.09233333333333334 0
1670578842401 0.102 0
1670578843071 0.09666666666666666 0
1670578843927 0.09666666666666666 0
1670578844830 0.085 0
1670578845752 0.101 0
1670578846473 0.09333333333333334 0
1670578847184 0.09533333333333334 0
1670578848011 0.099 0
1670578848589 0.09733333333333333 0
1670578849430 0.09466666666666666 0
1670578850138 0.091 0
1670578850766 0.09566666666666666 0
1670578851471 0.086 0
1670578852092 0.097 0
1670578852849 0.09633333333333334 0
1670578853636 0.09333333333333334 0
1670578854345 0.09966666666666667 0
1670578854933 0.09633333333333334 0
1670578855522 0.093 0
1670578856139 0.09566666666666666 0
1670578856950 0.088 0
1670578857603 0.093 0
1670578858259 0.093 0
1670578858774 0.097 0
1670578859608 0.092 0
1670578860366 0.09133333333333334 0
1670578861003 0.092 0
1670578861826 0.08633333333333333 0
1670578862472 0.09166666666666666 0
1670578863233 0.096 0
1670578863883 0.09166666666666666 0
1670578864506 0.095 0
1670578865285 0.09366666666666666 0
1670578865966 0.09233333333333334 0
1670578866518 0.09133333333333334 0
1670578867091 0.09233333333333334 0
1670578867695 0.09933333333333333 0
1670578868319 0.109 0
1670578868939 0.09666666666666666 0
1670578869509 0.09566666666666666 0
1670578870115 0.09133333333333334 0
1670578870707 0.09266666666666666 0
1670578871526 0.09 0
1670578872095 0.09233333333333334 0
1670578872773 0.10266666666666667 0
