1670637594738 0.0005 0
1670637600183 0.0009 0
1670637604881 0.0003 0
1670637610103 0.0003 0
1670637615692 0.0001 0
1670637621584 0.0002 0
1670637627708 0.0008 0
1670637634083 0.0005 0
1670637640599 0.0002 0
1670637646578 0.0004 0
1670637652234 0.0004 0
1670637658003 0.0004 0
1670637664112 0.0009 0
1670637670554 0.0005 0
1670637677039 0.0002 0
1670637683476 0.0006 0
1670637689899 0.0004 0
1670637696320 0.0004 0
1670637702805 0.0002 0
1670637709298 0.0004 0
1670637715672 0.0006 0
1670637722122 0.0003 0
1670637728520 0.0005 0
1670637734261 0.0003 0
1670637739590 0.0004 0
1670637745040 0.0003 0
1670637750542 0.0004 0
1670637756130 0.0006 0
1670637762050 0.0003 0
1670637768017 0.0007 0
1670637773398 0.0005 0
1670637778928 0.0005 0
1670637784329 0.0002 0
1670637789891 0.0002 0
1670637795071 0.0003 0
1670637800570 0.0008 0
1670637806386 0.0003 0
1670637811988 0.0006 0
1670637817590 0.0 0
1670637823153 0.0007 0
1670637829150 0.0003 0
1670637835877 0.0003 0
1670637842219 0.0004 0
1670637848649 0.0005 0
1670637854777 0.0003 0
1670637860425 0.0006 0
1670637866171 0.0004 0
1670637872580 0.0001 0
1670637878991 0.0006 0
1670637884896 0.0006 0
1670637890727 0.0005 0
1670637896633 0.0003 0
1670637902500 0.0004 0
1670637908418 0.0007 0
1670637914605 0.0004 0
1670637920570 0.0001 0
1670637926717 0.0013 0
1670637932411 0.0006 0
1670637938269 0.0003 0
1670637944198 0.0004 0
1670637949956 0.0004 0
1670637955656 0.0003 0
1670637960789 0.0004 0
1670637966133 0.0009 0
1670637971701 0.0004 0
1670637977346 0.0001 0
1670637982628 0.0003 0
1670637987887 0.0002 0
1670637993725 0.0002 0
1670637999012 0.0005 0
1670638004726 0.0003 0
1670638010373 0.0006 0
1670638015482 0.0003 0
1670638021092 0.0003 0
1670638026642 0.0003 0
1670638032208 0.0007 0
1670638038012 0.0002 0
1670638043242 0.0004 0
1670638048589 0.0006 0
1670638053981 0.0006 0
1670638059579 0.0005 0
1670638064820 0.0004 0
1670638070060 0.0005 0
1670638075559 0.0005 0
1670638080713 0.0005 0
1670638085797 0.0003 0
1670638091249 0.0004 0
1670638096679 0.0005 0
1670638101950 0.0011 0
1670638107246 0.0004 0
1670638112220 0.0003 0
1670638117412 0.0006 0
1670638122426 0.0006 0
1670638127836 0.0006 0
1670638133518 0.0003 0
1670638138886 0.0008 0
1670638144688 0.0004 0
1670638150173 0.0003 0
1670638155756 0.0007 0
1670638161637 0.0005 0
1670638166910 0.0004 0
1670638171957 0.0002 0
1670638177798 0.0009 0
1670638183548 0.0004 0
1670638189182 0.001 0
1670638195118 0.0003 0
1670638200930 0.0005 0
1670638206411 0.0004 0
1670638212050 0.0002 0
1670638217471 0.0005 0
