1670597422428 0.0012706204736432096 0
1670597426091 0.0004056579896548098 0
1670597430083 0.0003182446305284263 0
1670597434181 0.0004155402534734279 0
1670597437830 0.0003532926810552271 0
1670597441585 0.0003424963128634197 0
1670597445243 0.00031281038561428124 0
1670597448739 0.0003399177991517217 0
1670597452118 0.0003385686823205364 0
1670597455762 0.0003340673394615969 0
1670597459298 0.0003518518004356433 0
1670597462715 0.000335201973794372 0
1670597466345 0.00033382799849037553 0
1670597469370 0.0003310360118746932 0
1670597472384 0.00032739613141876333 0
1670597475408 0.00045715889410909616 0
1670597478422 0.00045031370876456774 0
1670597481666 0.00044997304881268344 0
1670597484707 0.00044841544451325565 0
1670597487550 0.00043615505872062106 0
1670597490698 0.0004248500795669568 0
1670597493820 0.0004221575984824341 0
1670597497268 0.0005889016853886519 0
1670597500500 0.0005757648166307517 0
1670597503599 0.0005634713466513407 0
1670597506537 0.000558614831740356 0
1670597509185 0.0005536374193085585 0
1670597512213 0.0005431071197611366 0
1670597515341 0.0005109290247226698 0
1670597518754 0.0005026259839873581 0
1670597522044 0.0004947150117330856 0
1670597525150 0.0004920653549547878 0
1670597528171 0.0004847750948224457 0
1670597531173 0.00048224186170187983 0
1670597534166 0.0004755004501777574 0
1670597537368 0.0004735590106411669 0
1670597540153 0.0004672864289169779 0
1670597543269 0.00046539945477699543 0
1670597546229 0.0004638121321816313 0
1670597548892 0.0004581209702409488 0
1670597551908 0.0004565624032602464 0
1670597554699 0.00045122450095105794 0
1670597557746 0.00044970231372957385 0
1670597560937 0.00044468530555036615 0
1670597564002 0.00044320422287629445 0
1670597566983 0.0004416408462639659 0
1670597570091 0.0004370421823349195 0
1670597572952 0.0004367069853058059 0
1670597575986 0.0004353767840024672 0
1670597579124 0.00043397735339338785 0
1670597582524 0.00042981664292997626 0
1670597585615 0.00042846287062277245 0
1670597588532 0.0004270562935882235 0
1670597591422 0.0004232106140268987 0
1670597594629 0.00043370968042687137 0
1670597597802 0.0004324357231865779 0
1670597601031 0.00043238534462186623 0
1670597604154 0.0004311915647382839 0
1670597607362 0.00042995294513116023 0
1670597610580 0.00043002162528908656 0
1670597613553 0.0004265672644872676 0
1670597616418 0.00042319482803967085 0
1670597619353 0.0004199011283510119 0
1670597622468 0.0004166831487895184 0
1670597625529 0.00041353803207637473 0
1670597628607 0.00041370263413423216 0
1670597631578 0.0004129642890695663 0
1670597635110 0.00041311857180415727 0
1670597638456 0.0004101709606038008 0
1670597641502 0.0004072855542875815 0
1670597644650 0.0004066892470532936 0
1670597647863 0.0004060479311607405 0
1670597650630 0.0004053656093438976 0
1670597653640 0.00040572464316251884 0
1670597656908 0.0004050761530780727 0
1670597660121 0.0004043915210966079 0
1670597663105 0.0004036738933475935 0
1670597666217 0.00040292616176620813 0
1670597669381 0.00040044587230529715 0
1670597672761 0.0003980108096036434 0
1670597675710 0.0003985833160758846 0
1670597678952 0.00039620926376615997 0
1670597681974 0.000393877122074629 0
1670597685399 0.00040166647055876037 0
1670597688523 0.0003993439584128773 0
1670597691645 0.0003988467409730565 0
1670597694474 0.00039659738254447385 0
1670597697676 0.00039610347396160816 0
1670597700753 0.00040334619414006276 0
1670597704205 0.0004028482031453014 0
1670597707402 0.0004031348060477229 0
1670597710320 0.00040265710833947764 0
1670597713147 0.00040293097489477403 0
1670597716280 0.00040314863753201035 0
1670597719411 0.0004033134908960607 0
1670597722521 0.0004012368011272383 0
1670597725627 0.00039919186301703963 0
1670597728556 0.0003988716055936012 0
1670597731664 0.00039852386814691283 0
1670597734939 0.0003981503782117625 0
1670597738000 0.00039620880112806845 0
1670597740858 0.00039649322482214906 0
1670597744115 0.0003945935885550174 0
1670597746767 0.0003927209960211346 0
1670597749866 0.00039242864484547113 0
1670597752784 0.000392112612188339 0
1670597756112 0.0003903088265954747 0
1670597759219 0.00038852970485544656 0
1670597762486 0.0003867746900356262 0
1670597766061 0.0003850432426505588 0
1670597769068 0.0003833348399655306 0
1670597771932 0.000383096647131938 0
1670597775393 0.0003828371011918949 0
1670597778917 0.00038255736930619267 0
1670597781794 0.00038092687368990966 0
1670597784897 0.00038064637943540237 0
1670597788171 0.0003803477584431288 0
1670597791412 0.00038003198756108875 0
1670597794454 0.00038059822608231856 0
1670597798065 0.0003802921187976455 0
1670597801613 0.0003808386020006403 0
1670597805298 0.0003793120101467704 0
1670597809054 0.00037780362411897993 0
1670597813153 0.0003763130850316904 0
1670597816777 0.00037683583989896885 0
1670597820676 0.0003753690426498173 0
1670597824865 0.0003758580489873318 0
1670597828045 0.0003744146815265547 0
1670597831356 0.0003748722465863621 0
1670597834602 0.00037472055427570383 0
1670597838262 0.0003745518501206992 0
1670597841323 0.00037436692483479897 0
1670597844966 0.0003797172731803434 0
1670597848455 0.0003783223524161316 0
1670597852120 0.000376942690574258 0
1670597855271 0.0003773395115170353 0
1670597858867 0.00037719167950276344 0
1670597863089 0.00037584538272690646 0
1670597866719 0.0003756942542399773 0
1670597871274 0.0003743740862423719 0
1670597875106 0.00037422004785051704 0
1670597879085 0.0003740519193393278 0
1670597883064 0.00037387030903241044 0
1670597887042 0.00037367579843577313 0
1670597890265 0.00037346894359857277 0
1670597893705 0.0003722200922196129 0
1670597897248 0.0003720128152679943 0
1670597901088 0.00037078757408609303 0
1670597904863 0.00037058007483844546 0
1670597908572 0.000370361662130573 0
1670597911998 0.00036917023018290143 0
1670597915629 0.00036973416910388533 0
1670597919013 0.0003685571146096422 0
1670597922169 0.0003690933242522143 0
1670597925611 0.0003679305747239591 0
1670597929124 0.00036844060621850307 0
1670597932370 0.0003689223892355461 0
1670597935997 0.00036878410060954303 0
1670597939431 0.00036764837817372084 0
1670597943217 0.0003675083378814679 0
1670597946734 0.00036799464607443946 0
1670597949503 0.0003684546420192373 0
1670597952719 0.00036888925122590386 0
1670597956126 0.00036778322775990685 0
1670597959148 0.0003676818027047589 0
1670597962165 0.00036659397347498245 0
1670597965490 0.0003655157405695039 0
1670597968482 0.00036541996413756456 0
1670597971551 0.00036531375603065033 0
1670597974672 0.0003657726055260968 0
1670597977621 0.0003647227954099022 0
1670597980843 0.0003690352623564371 0
1670597984098 0.0003689421082755946 0
1670597987618 0.00036789917544634325 0
1670597990526 0.000367803578685331 0
1670597993388 0.00036769836286833766 0
1670597996702 0.00036811122180463457 0
1670597999975 0.00036709478564009805 0
1670598003693 0.00036699889075035574 0
1670598006836 0.000365997916714362 0
1670598009596 0.0003650050864231388 0
1670598012362 0.0003640202900755202 0
1670598015554 0.00036443467087528665 0
1670598018326 0.00036346049542451507 0
1670598021485 0.000362494089099425 0
1670598024615 0.0003664846460788393 0
1670598027754 0.0003655178442954055 0
1670598030988 0.00036546608822388745 0
1670598034139 0.00036540528365857 0
1670598037208 0.00036445844921822947 0
1670598040325 0.00036351893582301095 0
1670598043428 0.0003634616269106351 0
1670598046504 0.00036253533015907 0
1670598049815 0.00036247551537495144 0
1670598052882 0.00036287072180414326 0
1670598055968 0.0003619597204308467 0
1670598059154 0.00036190670204450727 0
1670598062242 0.00036229569308018943 0
1670598065265 0.0003613995018031987 0
1670598068456 0.00036135293056687297 0
1670598071440 0.00036129841409232073 0
1670598074840 0.0003616900819323472 0
1670598078435 0.00036163645028286224 0
1670598081908 0.0003607653549589518 0
1670598085461 0.00036115093951487017 0
1670598088526 0.00036028819215435574 0
1670598091300 0.00036912774779351723 0
1670598094674 0.0003694146218418113 0
1670598098034 0.0003727894301628812 0
1670598101170 0.00037190996525703025 0
1670598104602 0.00037214537537097177 0
1670598107693 0.00037537558938071486 0
1670598111258 0.00037534624818770176 0
1670598114778 0.0003744758376708545 0
