1670563482665 0.0 0
1670563484770 0.0 0
1670563486463 0.0 0
1670563488492 0.0 0
1670563490332 0.0 0
1670563492705 0.0 0
1670563494578 0.0 0
1670563496673 0.0 0
1670563498462 0.0 0
1670563500436 0.0 0
1670563502762 0.0 0
1670563504662 0.0 0
1670563507023 0.0 0
1670563509006 0.0 0
1670563511101 0.0 0
1670563513041 0.0 0
1670563515866 0.0 0
1670563517494 0.0 0
1670563519618 0.0 0
1670563521456 0.0 0
1670563523554 0.0 0
1670563525881 0.0 0
1670563528364 0.0 0
1670563530759 0.0 0
1670563532540 0.0 0
1670563534638 0.0 0
1670563537175 0.0 0
1670563539561 0.0 0
1670563541881 0.0 0
1670563543882 0.0 0
1670563545989 0.0 0
1670563548750 0.0 0
1670563551286 0.0 0
1670563553754 0.0 0
1670563555770 0.0 0
1670563557949 0.0 0
1670563559542 0.0 0
1670563561654 0.0 0
1670563564202 0.0 0
1670563566605 0.0 0
1670563568811 0.0 0
1670563570864 0.0 0
1670563572617 0.0 0
1670563574680 0.0 0
1670563576246 0.0 0
1670563578908 0.0 0
1670563581010 0.0 0
1670563583332 0.0 0
1670563585469 0.0 0
1670563587512 0.0 0
1670563590140 0.0 0
1670563592904 0.0 0
1670563595330 0.0 0
1670563597472 0.0 0
1670563599548 0.0 0
1670563601673 0.0 0
1670563603786 0.0 0
1670563606388 0.0 0
1670563608525 0.0 0
1670563610684 0.0 0
1670563613542 0.0 0
1670563615404 0.0 0
1670563617493 0.0 0
1670563619893 0.0 0
1670563622056 0.0 0
1670563623691 0.0 0
1670563625865 0.0 0
1670563627997 0.0 0
1670563630121 0.0 0
1670563631976 0.0 0
1670563634010 0.0 0
1670563636185 0.0 0
1670563638708 0.0 0
1670563640566 0.0 0
1670563642290 0.0 0
1670563644296 0.0 0
1670563645941 0.0 0
1670563648224 0.0 0
1670563650276 0.0 0
1670563652563 0.0 0
1670563654822 0.0 0
1670563657695 0.0 0
1670563659580 0.0 0
1670563661747 0.0 0
1670563664136 0.0 0
1670563666178 0.0 0
1670563668624 0.0 0
1670563671295 0.0 0
1670563673751 0.0 0
1670563676117 0.0 0
1670563678410 0.0 0
1670563680611 0.0 0
1670563683138 0.0 0
1670563685706 0.0 0
1670563687808 0.0 0
1670563690236 0.0 0
1670563693269 0.0 0
1670563696242 0.0 0
1670563698966 0.0 0
1670563701458 0.0 0
1670563704329 0.0 0
