1670611251330 0.0002 0
1670611254487 0.0001 0
1670611256330 0.0001 0
1670611259081 0.0001 0
1670611261986 0.0002 0
1670611265014 0.0003 0
1670611268105 0.0 0
1670611271411 0.0001 0
1670611274581 0.0002 0
1670611276860 0.0001 0
1670611278595 0.0 0
1670611282417 0.0002 0
1670611285822 0.0002 0
1670611289228 0.0002 0
1670611293202 0.0004 0
1670611295918 0.0001 0
1670611299474 0.0003 0
1670611302377 0.0001 0
1670611304460 0.0002 0
1670611308157 0.0002 0
1670611310764 0.0001 0
1670611313797 0.0007 0
1670611317398 0.0003 0
1670611320314 0.0002 0
1670611323127 0.0002 0
1670611326284 0.0001 0
1670611329441 0.0002 0
1670611332094 0.0001 0
1670611335725 0.0004 0
1670611339066 0.0002 0
1670611343029 0.0 0
1670611346541 0.0002 0
1670611350146 0.0 0
1670611353807 0.0001 0
1670611356768 0.0002 0
1670611359506 0.0 0
1670611362752 0.0003 0
1670611366032 0.0002 0
1670611369919 0.0001 0
1670611373989 0.0 0
1670611376459 0.0003 0
1670611378977 0.0003 0
1670611381579 0.0003 0
1670611383932 0.0004 0
1670611386503 0.0002 0
1670611390045 0.0001 0
1670611393276 0.0002 0
1670611396799 0.0002 0
1670611399158 0.0002 0
1670611401899 0.0001 0
1670611404038 0.0001 0
1670611406757 0.0 0
1670611409337 0.0001 0
1670611412456 0.0003 0
1670611415727 0.0001 0
1670611418793 0.0002 0
1670611421801 0.0002 0
1670611424974 0.0001 0
1670611428202 0.0 0
1670611431521 0.0003 0
1670611433983 0.0001 0
1670611436998 0.0004 0
1670611439223 0.0 0
1670611442954 0.0004 0
1670611446320 0.0005 0
1670611449252 0.0001 0
1670611452482 0.0002 0
1670611455156 0.0001 0
1670611457695 0.0001 0
1670611460413 0.0001 0
1670611462946 0.0003 0
1670611465265 0.0001 0
1670611467635 0.0001 0
1670611469951 0.0 0
1670611472355 0.0001 0
1670611474838 0.0001 0
1670611477378 0.0002 0
1670611480027 0.0001 0
1670611482798 0.0004 0
1670611485193 0.0003 0
1670611487347 0.0001 0
1670611489254 0.0 0
1670611491466 0.0002 0
1670611493970 0.0 0
1670611496188 0.0002 0
1670611498497 0.0001 0
1670611501137 0.0001 0
1670611503678 0.0001 0
1670611505960 0.0001 0
1670611507974 0.0003 0
1670611510138 0.0 0
1670611512550 0.0002 0
1670611514726 0.0002 0
1670611517158 0.0001 0
1670611519408 0.0001 0
1670611521459 0.0003 0
1670611523252 0.0 0
1670611525272 0.0004 0
1670611527402 0.0004 0
1670611529649 0.0002 0
1670611532320 0.0 0
1670611534758 0.0003 0
