1670697350049 0.0013 0
1670697353811 0.0009 0
1670697357554 0.0013 0
1670697361598 0.0011 0
1670697365688 0.0012 0
1670697370454 0.0011 0
1670697375268 0.0016 0
1670697379586 0.0022 0
1670697384096 0.0012 0
1670697387735 0.001 0
1670697392244 0.0014 0
1670697397298 0.0009 0
1670697402315 0.0018 0
1670697407325 0.0019 0
1670697412446 0.0016 0
1670697417485 0.0005 0
1670697422090 0.0011 0
1670697427098 0.0009 0
1670697432063 0.0012 0
1670697437014 0.0014 0
1670697441834 0.0007 0
1670697446744 0.0012 0
1670697451586 0.001 0
1670697456445 0.0008 0
1670697461401 0.001 0
1670697466230 0.0009 0
1670697471111 0.0005 0
1670697475490 0.0018 0
1670697480342 0.0014 0
1670697485715 0.0013 0
1670697490881 0.0012 0
1670697495600 0.0011 0
1670697500419 0.001 0
1670697504864 0.0016 0
1670697509109 0.0021 0
1670697513760 0.0017 0
1670697517953 0.0012 0
1670697522432 0.002 0
1670697527109 0.0009 0
1670697531824 0.0021 0
1670697536078 0.0012 0
1670697540391 0.0008 0
1670697544745 0.0016 0
1670697549116 0.0017 0
1670697553443 0.0012 0
1670697557735 0.0015 0
1670697561584 0.0012 0
1670697565727 0.0015 0
1670697569853 0.0009 0
1670697573749 0.0014 0
1670697577547 0.0013 0
1670697581049 0.0014 0
1670697584986 0.0013 0
1670697588667 0.0004 0
1670697592650 0.0008 0
1670697596646 0.0008 0
1670697600299 0.0013 0
1670697604554 0.0014 0
1670697608235 0.001 0
1670697612090 0.0012 0
1670697615867 0.0014 0
1670697619566 0.0011 0
1670697623549 0.0018 0
1670697627790 0.0009 0
1670697631291 0.0006 0
1670697635694 0.0009 0
1670697640033 0.0021 0
1670697643172 0.0006 0
1670697646332 0.0009 0
1670697649165 0.0016 0
1670697651892 0.0013 0
1670697655279 0.0012 0
1670697658465 0.0016 0
1670697661792 0.0013 0
1670697665183 0.001 0
1670697668661 0.0018 0
1670697672107 0.0018 0
1670697675113 0.001 0
1670697678269 0.0012 0
1670697681065 0.0013 0
1670697684120 0.0018 0
1670697686827 0.0012 0
1670697689561 0.0009 0
1670697691723 0.0015 0
1670697693768 0.001 0
1670697696057 0.0013 0
1670697698299 0.0009 0
1670697700217 0.0013 0
1670697701938 0.0011 0
1670697703744 0.0007 0
1670697705764 0.0011 0
1670697707241 0.001 0
1670697709063 0.0011 0
1670697710676 0.0005 0
1670697713279 0.0015 0
1670697715459 0.0012 0
1670697717785 0.0008 0
1670697720102 0.0011 0
1670697722359 0.001 0
1670697724000 0.0013 0
1670697726119 0.0014 0
1670697728584 0.0014 0
1670697730677 0.0011 0
1670697732563 0.001 0
1670697734672 0.0016 0
1670697736351 0.0013 0
1670697738277 0.0015 0
1670697739986 0.0015 0
1670697742061 0.0015 0
