1670564680611 0.11266666666666666 0
1670564681010 0.11 0
1670564681757 0.10033333333333333 0
1670564682176 0.10966666666666666 0
1670564682984 0.106 0
1670564683665 0.116 0
1670564684374 0.113 0
1670564684848 0.107 0
1670564685210 0.09733333333333333 0
1670564685893 0.11066666666666666 0
1670564686608 0.112 0
1670564687197 0.11633333333333333 0
1670564687729 0.109 0
1670564688405 0.11 0
1670564689037 0.107 0
1670564689545 0.10633333333333334 0
1670564689928 0.11466666666666667 0
1670564690387 0.11833333333333333 0
1670564691026 0.10733333333333334 0
1670564691524 0.10833333333333334 0
1670564692058 0.10233333333333333 0
1670564692735 0.10566666666666667 0
1670564693291 0.10233333333333333 0
1670564693873 0.11866666666666667 0
1670564694823 0.112 0
1670564695255 0.112 0
1670564696136 0.11466666666666667 0
1670564696551 0.108 0
1670564697242 0.107 0
1670564697587 0.10733333333333334 0
1670564697969 0.10033333333333333 0
1670564699026 0.10533333333333333 0
1670564699835 0.10666666666666667 0
1670564700295 0.108 0
1670564700931 0.10333333333333333 0
1670564701448 0.10866666666666666 0
1670564701932 0.11433333333333333 0
1670564702627 0.10433333333333333 0
1670564703337 0.109 0
1670564703927 0.11366666666666667 0
1670565622391 0.111 0
1670565622890 0.11233333333333333 0
1670565623482 0.10766666666666666 0
1670565624178 0.116 0
1670565624820 0.11066666666666666 0
1670565625360 0.117 0
1670565625887 0.114 0
1670565626485 0.10666666666666667 0
1670565627019 0.104 0
1670565627353 0.114 0
1670565627892 0.10633333333333334 0
1670565628353 0.108 0
1670565628960 0.10733333333333334 0
1670565629374 0.106 0
1670565630159 0.10633333333333334 0
1670565630697 0.10533333333333333 0
1670565631283 0.125 0
1670565631880 0.11033333333333334 0
1670565632794 0.10666666666666667 0
1670565633393 0.10333333333333333 0
1670565633749 0.10366666666666667 0
1670565634352 0.10466666666666667 0
1670565635067 0.112 0
1670565635571 0.106 0
1670565636181 0.106 0
1670565636697 0.116 0
1670565637160 0.113 0
1670565637649 0.11566666666666667 0
1670565638106 0.108 0
1670565638715 0.10833333333333334 0
1670565639395 0.11033333333333334 0
1670565639960 0.11133333333333334 0
1670565640743 0.10066666666666667 0
1670565641332 0.10733333333333334 0
1670565641987 0.10933333333333334 0
1670565642823 0.11066666666666666 0
1670565643322 0.115 0
1670565643877 0.10666666666666667 0
1670565644502 0.101 0
1670565644885 0.105 0
1670565645615 0.10666666666666667 0
1670565646206 0.11733333333333333 0
1670565646945 0.11466666666666667 0
1670565647797 0.105 0
1670565648196 0.105 0
1670565648837 0.10866666666666666 0
1670565649584 0.10466666666666667 0
1670565650183 0.11033333333333334 0
1670565650890 0.10366666666666667 0
1670565651312 0.11133333333333334 0
1670565651967 0.11133333333333334 0
1670565652522 0.11366666666666667 0
1670565653147 0.11166666666666666 0
1670565653682 0.10366666666666667 0
1670565654344 0.09766666666666667 0
1670565655070 0.11566666666666667 0
1670565655615 0.11466666666666667 0
1670565656193 0.109 0
1670565656864 0.11233333333333333 0
1670565657442 0.11633333333333333 0
1670565658181 0.09933333333333333 0
1670565658636 0.10466666666666667 0
1670565659501 0.10533333333333333 0
1670565659951 0.11033333333333334 0
1670565660705 0.11366666666666667 0
1670565661432 0.11033333333333334 0
1670565661931 0.11533333333333333 0
1670565662400 0.10733333333333334 0
1670565663027 0.11066666666666666 0
1670565663696 0.104 0
1670565664370 0.10066666666666667 0
1670565664817 0.10333333333333333 0
1670565665463 0.10666666666666667 0
1670565665989 0.11266666666666666 0
1670565666618 0.11433333333333333 0
1670565667316 0.1 0
1670565668064 0.112 0
1670565668645 0.107 0
1670565669269 0.10466666666666667 0
1670565669901 0.113 0
1670565670588 0.109 0
1670565671309 0.113 0
1670565672047 0.11833333333333333 0
