1670626508422 0.0 0
1670626515022 0.0 0
1670626521617 0.0 0
1670626528462 0.0 0
1670626535208 0.0 0
1670626542187 0.0 0
1670626549186 0.0 0
1670626556224 0.0 0
1670626562854 0.0 0
1670626569623 0.0 0
1670626576517 0.0 0
1670626583411 0.0 0
1670626590343 0.0 0
1670626597327 0.0 0
1670626604091 0.0 0
1670626611129 0.0 0
1670626618223 0.0 0
1670626625310 0.0 0
1670626632433 0.0 0
1670626639658 0.0 0
1670626646889 0.0 0
1670626653794 0.0 0
1670626660503 0.0 0
1670626667075 0.0 0
1670626673589 0.0 0
1670626680604 0.0 0
1670626687812 0.0 0
1670626694874 0.0 0
1670626701945 0.0 0
1670626709000 0.0 0
1670626716044 0.0 0
1670626723046 0.0 0
1670626730241 0.0 0
1670626736922 0.0 0
1670626743666 0.0 0
1670626750601 0.0 0
1670626757580 0.0 0
1670626764181 0.0 0
1670626770969 0.0 0
1670626777755 0.0 0
1670626784438 0.0 0
1670626791259 0.0 0
1670626798666 0.0 0
1670626805752 0.0 0
1670626812999 0.0 0
1670626820093 0.0 0
1670626827237 0.0 0
1670626834741 0.0 0
1670626842042 0.0 0
1670626849156 0.0 0
1670626856262 0.0 0
1670626863444 0.0 0
1670626870704 0.0 0
1670626877856 0.0 0
1670626885100 0.0 0
1670626892253 0.0 0
1670626899335 0.0 0
1670626906544 0.0 0
1670626913608 0.0 0
1670626920695 0.0 0
1670626927821 0.0 0
1670626935189 0.0 0
1670626942797 0.0 0
1670626950155 0.0 0
1670626957056 0.0 0
1670626963886 0.0 0
1670626971028 0.0 0
1670626978128 0.0 0
1670626985130 0.0 0
1670626991991 0.0 0
1670626998788 0.0 0
1670627005586 0.0 0
1670627012489 0.0 0
1670627019510 0.0 0
1670627026774 0.0 0
1670627034023 0.0 0
1670627041232 0.0 0
1670627048810 0.0 0
1670627056088 0.0 0
1670627063529 0.0 0
1670627070726 0.0 0
1670627077988 0.0 0
1670627085269 0.0 0
1670627092500 0.0 0
1670627099702 0.0 0
1670627106857 0.0 0
1670627113979 0.0 0
1670627121187 0.0 0
1670627128174 0.0 0
1670627135294 0.0 0
1670627142322 0.0 0
1670627149333 0.0 0
1670627156834 0.0 0
1670627164808 0.0 0
1670627173346 0.0 0
1670627181863 0.0 0
1670627189365 0.0 0
1670627196777 0.0 0
1670627203375 0.0 0
1670627209863 0.0 0
1670627216211 0.0 0
