1670576762109 0.0 0
1670576762531 0.0 0
1670576762849 0.0 0
1670576763185 0.0 0
1670576763441 0.0 0
1670576763837 0.0 0
1670576764078 0.0 0
1670576764378 0.0 0
1670576764698 0.0 0
1670576764878 0.0 0
1670576765145 0.0 0
1670576765558 0.0 0
1670576765851 0.0 0
1670576766113 0.0 0
1670576766514 0.0 0
1670576766889 0.0 0
1670576767266 0.0 0
1670576767645 0.0 0
1670576767897 0.0 0
1670576768257 0.0 0
1670576768586 0.0 0
1670576768899 0.0 0
1670576769157 0.0 0
1670576769414 0.0 0
1670576769856 0.0 0
1670576770096 0.0 0
1670576770588 0.0 0
1670576770995 0.0 0
1670576771276 0.0 0
1670576771644 0.0 0
1670576771995 0.0 0
1670576772306 0.0 0
1670576772686 0.0 0
1670576772978 0.0 0
1670576773254 0.0 0
1670576773520 0.0 0
1670576773922 0.0 0
1670576774256 0.0 0
1670576774696 0.0 0
1670576775200 0.0 0
1670576775483 0.0 0
1670576775927 0.0 0
1670576776244 0.0 0
1670576776596 0.0 0
1670576776986 0.0 0
1670576777318 0.0 0
1670576777678 0.0 0
1670576778049 0.0 0
1670576778349 0.0 0
1670576778727 0.0 0
1670576778913 0.0 0
1670576779241 0.0 0
1670576779395 0.0 0
1670576779557 0.0 0
1670576779731 0.0 0
1670576780009 0.0 0
1670576780199 0.0 0
1670576780357 0.0 0
1670576780538 0.0 0
1670576780779 0.0 0
1670576780940 0.0 0
1670576781370 0.0 0
1670576781553 0.0 0
1670576781772 0.0 0
1670576782131 0.0 0
1670576782339 0.0 0
1670576782493 0.0 0
1670576782639 0.0 0
1670576782833 0.0 0
1670576783009 0.0 0
1670576783267 0.0 0
1670576783563 0.0 0
1670576783703 0.0 0
1670576783940 0.0 0
1670576784255 0.0 0
1670576784537 0.0 0
1670576784793 0.0 0
1670576784919 0.0 0
1670576785141 0.0 0
1670576785375 0.0 0
1670576785642 0.0 0
1670576785785 0.0 0
1670576785950 0.0 0
1670576786203 0.0 0
1670576786445 0.0 0
1670576786753 0.0 0
1670576786943 0.0 0
1670576787165 0.0 0
1670576787348 0.0 0
1670576787682 0.0 0
1670576787903 0.0 0
1670576788256 0.0 0
1670576788569 0.0 0
1670576788790 0.0 0
1670576789091 0.0 0
1670576789388 0.0 0
1670576789657 0.0 0
1670576789999 0.0 0
1670576790282 0.0 0
1670576790735 0.0 0
1670576791085 0.0 0
1670576791466 0.0 0
