1670562960906 0.0 0
1670562962267 0.0 0
1670562963992 0.0 0
1670562965426 0.0 0
1670562966993 0.0 0
1670562968442 0.0 0
1670562970014 0.0 0
1670562971050 0.0 0
1670562972932 0.0 0
1670562974723 0.0 0
1670562976258 0.0 0
1670562977778 0.0 0
1670562978939 0.0 0
1670562979858 0.0 0
1670562981420 0.0 0
1670562983208 0.0 0
1670562984657 0.0 0
1670562986476 0.0 0
1670562988126 0.0 0
1670562989504 0.0 0
1670562991187 0.0 0
1670562992807 0.0 0
1670562994407 0.0 0
1670562996100 0.0 0
1670562997632 0.0 0
1670562999326 0.0 0
1670563001230 0.0 0
1670563002914 0.0 0
1670563004542 0.0 0
1670563006455 0.0 0
1670563007568 0.0 0
1670563009601 0.0 0
1670563011368 0.0 0
1670563013138 0.0 0
1670563014951 0.0 0
1670563016701 0.0 0
1670563018402 0.0 0
1670563019743 0.0 0
1670563021234 0.0 0
1670563022691 0.0 0
1670563023935 0.0 0
1670563025150 0.0 0
1670563026901 0.0 0
1670563028159 0.0 0
1670563029500 0.0 0
1670563030881 0.0 0
1670563032430 0.0 0
1670563033506 0.0 0
1670563035188 0.0 0
1670563037025 0.0 0
1670563038107 0.0 0
1670563039285 0.0 0
1670563040263 0.0 0
1670563041325 0.0 0
1670563042701 0.0 0
1670563044456 0.0 0
1670563046104 0.0 0
1670563047494 0.0 0
1670563049227 0.0 0
1670563050870 0.0 0
1670563052315 0.0 0
1670563053945 0.0 0
1670563055659 0.0 0
1670563057430 0.0 0
1670563059030 0.0 0
1670563060187 0.0 0
1670563061529 0.0 0
1670563063065 0.0 0
1670563064751 0.0 0
1670563066504 0.0 0
1670563068256 0.0 0
1670563070414 0.0 0
1670563072254 0.0 0
1670563073980 0.0 0
1670563075718 0.0 0
1670563077894 0.0 0
1670563079709 0.0 0
1670563081468 0.0 0
1670563083042 0.0 0
1670563084891 0.0 0
1670563086471 0.0 0
1670563088306 0.0 0
1670563089502 0.0 0
1670563090549 0.0 0
1670563092767 0.0 0
1670563094631 0.0 0
1670563095616 0.0 0
1670563097149 0.0 0
1670563098660 0.0 0
1670563099762 0.0 0
1670563101045 0.0 0
1670563102513 0.0 0
1670563104581 0.0 0
1670563106038 0.0 0
1670563107122 0.0 0
1670563108705 0.0 0
1670563110185 0.0 0
1670563111777 0.0 0
1670563113415 0.0 0
1670563115080 0.0 0
1670563116316 0.0 0
