1670638279317 0.0034060491099090653 0
1670638292521 0.0031565354335011796 0
1670638305644 0.0038402496684929732 0
1670638318831 0.003327946074080997 0
1670638332088 0.0037012884115725326 0
1670638345368 0.002990340390490504 0
1670638358702 0.0034060491099090653 0
1670638373203 0.004117339953447669 0
1670638386093 0.0031565354335011796 0
1670638398395 0.004105102839744408 0
1670638410301 0.005140535029915546 0
1670638422248 0.0038278427065400046 0
1670638440169 0.0036062316808843213 0
1670638452173 0.004038273665841459 0
1670638468150 0.0038063961291258993 0
1670638480066 0.0038427123383677946 0
1670638497530 0.0033303356222913628 0
1670638515993 0.003870474547509955 0
1670638527900 0.003404066104595122 0
1670638548394 0.0033148066722030346 0
1670638560326 0.003627748106423097 0
1670638572287 0.0032282297438221536 0
1670638584265 0.003474605865294003 0
1670638596682 0.0039017788192460072 0
1670638616659 0.0033155465328781036 0
1670638632427 0.003445826171912777 0
1670638644264 0.002582890366849758 0
1670638656077 0.002990340390490504 0
1670638667905 0.003766726757876691 0
1670638679767 0.004416539858511804 0
