1670641208446 0.0 0
1670641209763 0.0 0
1670641211104 0.0 0
1670641212416 0.0 0
1670641213709 0.0 0
1670641215018 0.0 0
1670641216419 0.0 0
1670641217708 0.0 0
1670641219031 0.0 0
1670641220354 0.0 0
1670641221651 0.0 0
1670641223022 0.0 0
1670641224529 0.0 0
1670641226037 0.0 0
1670641227563 0.0 0
1670641229079 0.0 0
1670641230598 0.0 0
1670641232181 0.0 0
1670641233786 0.0 0
1670641235430 0.0 0
1670641237051 0.0 0
1670641238397 0.0 0
1670641239915 0.0 0
1670641241454 0.0 0
1670641242986 0.0 0
1670641244508 0.0 0
1670641246027 0.0 0
