1670641209777 0.0 0
1670641211114 0.0 0
1670641212438 0.0 0
1670641213730 0.0 0
1670641215038 0.0 0
1670641216432 0.0 0
1670641217729 0.0 0
1670641219048 0.0 0
1670641220366 0.0 0
1670641221661 0.0 0
1670641223035 0.0 0
1670641224550 0.0 0
1670641226056 0.0 0
1670641227585 0.0 0
1670641229095 0.0 0
1670641230617 0.0 0
1670641232202 0.0 0
1670641233807 0.0 0
1670641235450 0.0 0
1670641237071 0.0 0
1670641238417 0.0 0
1670641239934 0.0 0
1670641241474 0.0 0
1670641243007 0.0 0
1670641244527 0.0 0
1670641246048 0.0 0
