1670610329974 0.0 0
1670610331608 0.0 0
1670610332923 0.0 0
1670610334303 0.0 0
1670610335904 0.0 0
1670610337081 0.0 0
1670610338548 0.0 0
1670610340140 0.0 0
1670610341739 0.0 0
1670610342959 0.0 0
1670610344132 0.0 0
1670610345469 0.0 0
1670610346890 0.0 0
1670610348145 0.0 0
1670610349511 0.0 0
1670610350793 0.0 0
1670610352058 0.0 0
1670610353398 0.0 0
1670610354749 0.0 0
1670610355886 0.0 0
1670610356973 0.0 0
1670610358375 0.0 0
1670610359854 0.0 0
1670610361337 0.0 0
1670610362742 0.0 0
1670610364267 0.0 0
1670610365522 0.0 0
1670610366985 0.0 0
1670610368549 0.0 0
1670610369714 0.0 0
1670610371104 0.0 0
1670610372476 0.0 0
1670610373970 0.0 0
1670610375391 0.0 0
1670610376763 0.0 0
1670610378019 0.0 0
1670610379340 0.0 0
1670610380578 0.0 0
1670610382053 0.0 0
1670610383155 0.0 0
1670610384382 0.0 0
1670610385603 0.0 0
1670610386894 0.0 0
1670610388713 0.0 0
1670610390097 0.0 0
1670610391624 0.0 0
1670610392904 0.0 0
1670610394281 0.0 0
1670610395649 0.0 0
1670610397140 0.0 0
1670610398415 0.0 0
1670610399999 0.0 0
1670610401032 0.0 0
1670610402046 0.0 0
1670610403291 0.0 0
1670610404999 0.0 0
1670610406051 0.0 0
1670610407217 0.0 0
1670610408481 0.0 0
1670610410112 0.0 0
1670610411695 0.0 0
1670610412882 0.0 0
1670610414221 0.0 0
1670610415491 0.0 0
1670610416704 0.0 0
1670610417978 0.0 0
1670610419096 0.0 0
1670610420305 0.0 0
1670610421793 0.0 0
1670610423152 0.0 0
1670610424266 0.0 0
1670610425592 0.0 0
1670610426717 0.0 0
1670610428093 0.0 0
1670610429246 0.0 0
1670610430480 0.0 0
1670610431875 0.0 0
1670610433026 0.0 0
1670610434513 0.0 0
1670610435807 0.0 0
1670610437044 0.0 0
1670610438354 0.0 0
1670610439656 0.0 0
1670610441149 0.0 0
1670610442712 0.0 0
1670610444380 0.0 0
1670610445820 0.0 0
1670610447280 0.0 0
1670610448902 0.0 0
1670610450375 0.0 0
1670610451919 0.0 0
1670610452973 0.0 0
1670610454418 0.0 0
1670610456083 0.0 0
1670610457471 0.0 0
1670610458868 0.0 0
1670610460296 0.0 0
1670610462005 0.0 0
1670610463387 0.0 0
1670610464722 0.0 0
1670610465903 0.0 0
