1670587213927 0.0 0
1670587214210 0.0 0
1670587214529 0.0 0
1670587214901 0.0 0
1670587215203 0.0 0
1670587215464 0.0 0
1670587215722 0.0 0
1670587215990 0.0 0
1670587216281 0.0 0
1670587216705 0.0 0
1670587217139 0.0 0
1670587217429 0.0 0
1670587217693 0.0 0
1670587217980 0.0 0
1670587218455 0.0 0
1670587218718 0.0 0
1670587219023 0.0 0
1670587219378 0.0 0
1670587219656 0.0 0
1670587219960 0.0 0
1670587220266 0.0 0
1670587220513 0.0 0
1670587220825 0.0 0
1670587221189 0.0 0
1670587221484 0.0 0
1670587221815 0.0 0
1670587222088 0.0 0
1670587222654 0.0 0
1670587222969 0.0 0
1670587223380 0.0 0
1670587223648 0.0 0
1670587223919 0.0 0
1670587224199 0.0 0
1670587224739 0.0 0
1670587225003 0.0 0
1670587225293 0.0 0
1670587225578 0.0 0
1670587225877 0.0 0
1670587226413 0.0 0
1670587226732 0.0 0
1670587227213 0.0 0
1670587227683 0.0 0
1670587228076 0.0 0
1670587228356 0.0 0
1670587228637 0.0 0
1670587228882 0.0 0
1670587229174 0.0 0
1670587229446 0.0 0
1670587229742 0.0 0
1670587230048 0.0 0
1670587230297 0.0 0
1670587230597 0.0 0
1670587230877 0.0 0
1670587231152 0.0 0
1670587231454 0.0 0
1670587231770 0.0 0
1670587232051 0.0 0
1670587232307 0.0 0
1670587232587 0.0 0
1670587232900 0.0 0
1670587233372 0.0 0
1670587233667 0.0 0
1670587233986 0.0 0
1670587234263 0.0 0
1670587234639 0.0 0
1670587234919 0.0 0
1670587235176 0.0 0
1670587235684 0.0 0
1670587235910 0.0 0
1670587236203 0.0 0
1670587236471 0.0 0
1670587236742 0.0 0
1670587237029 0.0 0
1670587237459 0.0 0
1670587237733 0.0 0
1670587238001 0.0 0
1670587238252 0.0 0
1670587238535 0.0 0
1670587238883 0.0 0
1670587239246 0.0 0
1670587239552 0.0 0
1670587239817 0.0 0
1670587240127 0.0 0
1670587240493 0.0 0
1670587240843 0.0 0
1670587241116 0.0 0
1670587241399 0.0 0
1670587241697 0.0 0
1670587241955 0.0 0
1670587242235 0.0 0
1670587242510 0.0 0
1670587242900 0.0 0
1670587243176 0.0 0
1670587243436 0.0 0
1670587243694 0.0 0
1670587243970 0.0 0
1670587244453 0.0 0
1670587244782 0.0 0
1670587245042 0.0 0
1670587245344 0.0 0
1670587245771 0.0 0
1670587246044 0.0 0
