1670642593504 0.06788875116746601 0
1670642620670 0.06261210002295699 0
1670642647058 0.06723728413663528 0
1670642673698 0.06569477080965838 0
1670642700017 0.06606370717243379 0
1670642726608 0.06425193287073011 0
1670642752935 0.06358501196049465 0
1670642779826 0.06214325068590715 0
1670642806103 0.06755194019310122 0
1670642832444 0.06398527070212745 0
1670642858796 0.06772773882954511 0
1670642885248 0.06530170975335146 0
1670642912000 0.06336209522581004 0
1670642940912 0.06609590168218805 0
1670643021743 0.0648599718002396 0
1670643048171 0.0615426432624499 0
1670643081426 0.06590227233361562 0
1670643107779 0.06615282255778278 0
1670643139326 0.062307527444509264 0
1670643187375 0.06454931825046137 0
1670643216806 0.06718602979803243 0
1670643244706 0.0649940897623132 0
1670643270994 0.06679677135598724 0
1670643316706 0.06816401635620589 0
1670643350041 0.06508545113940534 0
1670643376550 0.06383547885777352 0
1670643414200 0.06678989079712294 0
1670643440725 0.06357232806090884 0
1670643477140 0.0649023946336976 0
1670643503765 0.06612478313702995 0
