1670608500310 0.0 0
1670608502155 0.0 0
1670608503890 0.0 0
1670608505323 0.0 0
1670608507372 0.0 0
1670608509267 0.0 0
1670608511181 0.0 0
1670608512522 0.0 0
1670608514623 0.0 0
1670608516263 0.0 0
1670608517878 0.0 0
1670608519524 0.0 0
1670608521530 0.0 0
1670608523097 0.0 0
1670608524823 0.0 0
1670608526703 0.0 0
1670608528175 0.0 0
1670608529735 0.0 0
1670608531049 0.0 0
1670608532368 0.0 0
1670608534091 0.0 0
1670608535451 0.0 0
1670608537176 0.0 0
1670608538733 0.0 0
1670608540360 0.0 0
1670608541655 0.0 0
1670608543052 0.0 0
1670608544675 0.0 0
1670608546098 0.0 0
1670608547294 0.0 0
1670608549488 0.0 0
1670608551029 0.0 0
1670608552803 0.0 0
1670608554632 0.0 0
1670608556046 0.0 0
1670608557267 0.0 0
1670608558653 0.0 0
1670608560170 0.0 0
1670608561854 0.0 0
1670608563915 0.0 0
1670608566001 0.0 0
1670608567207 0.0 0
1670608568873 0.0 0
1670608570667 0.0 0
1670608572106 0.0 0
1670608573202 0.0 0
1670608574530 0.0 0
1670608576001 0.0 0
1670608577425 0.0 0
1670608579034 0.0 0
1670608580709 0.0 0
1670608582236 0.0 0
1670608584457 0.0 0
1670608586353 0.0 0
1670608588205 0.0 0
1670608589809 0.0 0
1670608591427 0.0 0
1670608592698 0.0 0
1670608593877 0.0 0
1670608595391 0.0 0
1670608596809 0.0 0
1670608598721 0.0 0
1670608600359 0.0 0
1670608601949 0.0 0
1670608603629 0.0 0
1670608605350 0.0 0
1670608607051 0.0 0
1670608608717 0.0 0
1670608610014 0.0 0
1670608611696 0.0 0
1670608613016 0.0 0
1670608614664 0.0 0
1670608616233 0.0 0
1670608617485 0.0 0
1670608618565 0.0 0
1670608620135 0.0 0
1670608622005 0.0 0
1670608623823 0.0 0
1670608625443 0.0 0
1670608626802 0.0 0
1670608629032 0.0 0
1670608630756 0.0 0
1670608632572 0.0 0
1670608634124 0.0 0
1670608635734 0.0 0
1670608636848 0.0 0
1670608638283 0.0 0
1670608640017 0.0 0
1670608641240 0.0 0
1670608642741 0.0 0
1670608644501 0.0 0
1670608645852 0.0 0
1670608647412 0.0 0
1670608649383 0.0 0
1670608651120 0.0 0
1670608652982 0.0 0
1670608654521 0.0 0
1670608655891 0.0 0
1670608657889 0.0 0
1670608659602 0.0 0
1670608661454 0.0 0
