1670608498427 0.0 0
1670608500307 0.0 0
1670608502152 0.0 0
1670608503887 0.0 0
1670608505320 0.0 0
1670608507365 0.0 0
1670608509264 0.0 0
1670608511178 0.0 0
1670608512520 0.0 0
1670608514619 0.0 0
1670608516260 0.0 0
1670608517875 0.0 0
1670608519521 0.0 0
1670608521526 0.0 0
1670608523094 0.0 0
1670608524820 0.0 0
1670608526700 0.0 0
1670608528172 0.0 0
1670608529732 0.0 0
1670608531046 0.0 0
1670608532365 0.0 0
1670608534088 0.0 0
1670608535449 0.0 0
1670608537174 0.0 0
1670608538729 0.0 0
1670608540357 0.0 0
1670608541652 0.0 0
1670608543049 0.0 0
1670608544644 0.0 0
1670608546095 0.0 0
1670608547291 0.0 0
1670608549485 0.0 0
1670608551026 0.0 0
1670608552800 0.0 0
1670608554629 0.0 0
1670608556040 0.0 0
1670608557264 0.0 0
1670608558650 0.0 0
1670608560167 0.0 0
1670608561851 0.0 0
1670608563912 0.0 0
1670608565998 0.0 0
1670608567204 0.0 0
1670608568870 0.0 0
1670608570664 0.0 0
1670608572103 0.0 0
1670608573199 0.0 0
1670608574527 0.0 0
1670608575995 0.0 0
1670608577423 0.0 0
1670608579013 0.0 0
1670608580706 0.0 0
1670608582233 0.0 0
1670608584454 0.0 0
1670608586350 0.0 0
1670608588202 0.0 0
1670608589806 0.0 0
1670608591424 0.0 0
1670608592695 0.0 0
1670608593874 0.0 0
1670608595388 0.0 0
1670608596806 0.0 0
1670608598718 0.0 0
1670608600356 0.0 0
1670608601946 0.0 0
1670608603626 0.0 0
1670608605347 0.0 0
1670608607048 0.0 0
1670608608714 0.0 0
1670608610011 0.0 0
1670608611693 0.0 0
1670608613013 0.0 0
1670608614662 0.0 0
1670608616229 0.0 0
1670608617482 0.0 0
1670608618562 0.0 0
1670608620132 0.0 0
1670608622002 0.0 0
1670608623820 0.0 0
1670608625440 0.0 0
1670608626799 0.0 0
1670608629029 0.0 0
1670608630753 0.0 0
1670608632570 0.0 0
1670608634121 0.0 0
1670608635709 0.0 0
1670608636839 0.0 0
1670608638280 0.0 0
1670608640015 0.0 0
1670608641237 0.0 0
1670608642738 0.0 0
1670608644498 0.0 0
1670608645850 0.0 0
1670608647409 0.0 0
1670608649380 0.0 0
1670608651117 0.0 0
1670608652979 0.0 0
1670608654518 0.0 0
1670608655888 0.0 0
1670608657886 0.0 0
1670608659599 0.0 0
1670608661451 0.0 0
