1670579942765 0.0002 0
1670579944609 0.0 0
1670579946512 0.0002 0
1670579948102 0.0 0
1670579950090 0.0 0
1670579952158 0.0 0
1670579953734 0.0 0
1670579955769 0.0 0
1670579957694 0.0 0
1670579959683 0.0002 0
1670579961823 0.0 0
1670579964066 0.0 0
1670579966185 0.0001 0
1670579968231 0.0 0
1670579970099 0.0 0
1670579971978 0.0 0
1670579973507 0.0002 0
1670579975136 0.0001 0
1670579977034 0.0 0
1670579978737 0.0001 0
1670579980513 0.0 0
1670579982367 0.0 0
1670579984620 0.0 0
1670579986845 0.0003 0
1670579988936 0.0001 0
1670579990774 0.0 0
1670579992534 0.0 0
1670579994921 0.0 0
1670579996825 0.0001 0
1670579999279 0.0 0
1670580001118 0.0001 0
1670580002998 0.0 0
1670580005208 0.0001 0
1670580007393 0.0 0
1670580009395 0.0 0
1670580011102 0.0 0
1670580012840 0.0 0
1670580014943 0.0 0
1670580016575 0.0001 0
1670580018969 0.0 0
1670580021054 0.0 0
1670580023209 0.0 0
1670580025117 0.0 0
1670580027017 0.0 0
1670580029537 0.0001 0
1670580031596 0.0 0
1670580033258 0.0 0
1670580034890 0.0001 0
1670580036793 0.0001 0
1670580039119 0.0 0
1670580041056 0.0001 0
1670580043289 0.0 0
1670580045762 0.0 0
1670580047734 0.0 0
1670580050949 0.0 0
1670580053040 0.0 0
1670580055659 0.0 0
1670580057527 0.0 0
1670580059924 0.0 0
1670580062073 0.0 0
1670580064357 0.0002 0
1670580066583 0.0 0
1670580068606 0.0001 0
1670580070941 0.0001 0
1670580073236 0.0002 0
1670580075606 0.0 0
1670580077787 0.0 0
1670580079944 0.0 0
1670580082264 0.0 0
1670580084001 0.0001 0
1670580085396 0.0 0
1670580087399 0.0001 0
1670580089474 0.0 0
1670580091896 0.0002 0
1670580093727 0.0 0
1670580095605 0.0001 0
1670580097736 0.0001 0
1670580099846 0.0004 0
1670580102250 0.0 0
1670580104399 0.0001 0
1670580106649 0.0 0
1670580108996 0.0 0
1670580111172 0.0 0
1670580113516 0.0001 0
1670580115592 0.0 0
1670580117849 0.0001 0
1670580120072 0.0 0
1670580122174 0.0001 0
1670580124215 0.0 0
1670580126416 0.0001 0
1670580128348 0.0001 0
1670580130242 0.0 0
1670580132001 0.0002 0
1670580134246 0.0 0
1670580136400 0.0001 0
1670580138698 0.0 0
1670580141039 0.0001 0
1670580143452 0.0001 0
1670580145844 0.0001 0
1670580147875 0.0001 0
1670580150011 0.0 0
1670580151976 0.0001 0
1670580153991 0.0 0
1670580156050 0.0 0
1670580158301 0.0002 0
1670580160822 0.0002 0
1670580163486 0.0 0
1670580165558 0.0003 0
1670580168290 0.0 0
1670580170946 0.0002 0
1670580173200 0.0001 0
