1670635288741 0.0 0
1670635289269 0.0 0
1670635289927 0.0 0
1670635290550 0.0 0
1670635291180 0.0 0
1670635291756 0.0 0
1670635292416 0.0 0
1670635293046 0.0 0
1670635293581 0.0 0
1670635294143 0.0 0
1670635294678 0.0 0
1670635295230 0.0 0
1670635295862 0.0 0
1670635296546 0.0 0
1670635297141 0.0 0
1670635297762 0.0 0
1670635298365 0.0 0
1670635299014 0.0 0
1670635299632 0.0 0
1670635300155 0.0 0
1670635300651 0.0 0
1670635301123 0.0 0
1670635301645 0.0 0
1670635302297 0.0 0
1670635302940 0.0 0
1670635303592 0.0 0
1670635304135 0.0 0
1670635304688 0.0 0
1670635305258 0.0 0
1670635305872 0.0 0
1670635306470 0.0 0
1670635306998 0.0 0
1670635307526 0.0 0
1670635308117 0.0 0
1670635308644 0.0 0
1670635309173 0.0 0
1670635309696 0.0 0
1670635310193 0.0 0
1670635310685 0.0 0
1670635311296 0.0 0
1670635311925 0.0 0
1670635312547 0.0 0
1670635313181 0.0 0
1670635313843 0.0 0
1670635314460 0.0 0
1670635315054 0.0 0
1670635315558 0.0 0
1670635316071 0.0 0
1670635316572 0.0 0
1670635317098 0.0 0
1670635317662 0.0 0
1670635318160 0.0 0
1670635318663 0.0 0
1670635319316 0.0 0
1670635319948 0.0 0
1670635320437 0.0 0
1670635321025 0.0 0
1670635321645 0.0 0
1670635322282 0.0 0
1670635322938 0.0 0
1670635323559 0.0 0
1670635324195 0.0 0
1670635324823 0.0 0
1670635325359 0.0 0
1670635325982 0.0 0
1670635326615 0.0 0
1670635327192 0.0 0
1670635327734 0.0 0
1670635328310 0.0 0
1670635328896 0.0 0
1670635329452 0.0 0
1670635330072 0.0 0
1670635330709 0.0 0
1670635331339 0.0 0
1670635331975 0.0 0
1670635332607 0.0 0
1670635333177 0.0 0
1670635333753 0.0 0
1670635334283 0.0 0
1670635334821 0.0 0
1670635335390 0.0 0
1670635336028 0.0 0
1670635336677 0.0 0
1670635337287 0.0 0
1670635337829 0.0 0
1670635338450 0.0 0
1670635338969 0.0 0
1670635339647 0.0 0
1670635340233 0.0 0
1670635340813 0.0 0
1670635341378 0.0 0
1670635341998 0.0 0
1670635342606 0.0 0
1670635343228 0.0 0
1670635343858 0.0 0
1670635344484 0.0 0
1670635345051 0.0 0
1670635345521 0.0 0
1670635346065 0.0 0
1670635346702 0.0 0
1670635347326 0.0 0
1670635347900 0.0 0
