1670640524255 0.005927869056343902 0
1670640555266 0.006365382879692699 0
1670640566830 0.007419693374130227 0
1670640581194 0.005781186981442055 0
1670640592867 0.005846746060355215 0
1670640604418 0.006022828446330857 0
1670640615974 0.005028790668332714 0
1670640627478 0.005778287003629592 0
1670640638976 0.00678013571662597 0
1670640652963 0.00642620811948405 0
1670640675946 0.006430465116938108 0
1670640687414 0.006549504297661981 0
1670640704496 0.006204679137459492 0
1670640715991 0.005866116073208181 0
1670640733557 0.00672872202094272 0
1670640745029 0.006250131612002275 0
1670640756527 0.006580054575768235 0
1670640768051 0.006184772134878093 0
1670640779718 0.005996598920134648 0
1670640791829 0.006105427782964447 0
1670640812908 0.005746359467984917 0
1670640824399 0.005249086500346929 0
1670640835856 0.005438414845179082 0
1670640848708 0.006741494137854335 0
1670640860260 0.0075725360484695066 0
1670640876822 0.006208173155448331 0
1670640900155 0.006591787772314474 0
1670640918858 0.00583491927935418 0
1670640938492 0.007319408186921856 0
1670640951256 0.005727452721690774 0
