1670609663299 0.0 0
1670609663644 0.0 0
1670609663861 0.0 0
1670609664091 0.0 0
1670609664253 0.0 0
1670609664665 0.0 0
1670609664786 0.0 0
1670609665183 0.0 0
1670609665394 0.0 0
1670609665891 0.0 0
1670609666306 0.0 0
1670609666537 0.0 0
1670609666727 0.0 0
1670609666919 0.0 0
1670609667291 0.0 0
1670609667468 0.0 0
1670609667716 0.0 0
1670609667876 0.0 0
1670609668029 0.0 0
1670609668210 0.0 0
1670609668769 0.0 0
1670609668916 0.0 0
1670609669424 0.0 0
1670609669549 0.0 0
1670609669915 0.0 0
1670609670067 0.0 0
1670609670257 0.0 0
1670609670506 0.0 0
1670609670667 0.0 0
1670609670960 0.0 0
1670609671296 0.0 0
1670609671600 0.0 0
1670609672046 0.0 0
1670609672210 0.0 0
1670609672468 0.0 0
1670609672644 0.0 0
1670609672990 0.0 0
1670609673204 0.0 0
1670609673563 0.0 0
1670609673892 0.0 0
1670609674138 0.0 0
1670609674460 0.0 0
1670609674761 0.0 0
1670609675063 0.0 0
1670609675384 0.0 0
1670609675640 0.0 0
1670609675815 0.0 0
1670609676163 0.0 0
1670609676428 0.0 0
1670609676609 0.0 0
1670609676771 0.0 0
1670609676940 0.0 0
1670609677087 0.0 0
1670609677245 0.0 0
1670609677385 0.0 0
1670609677537 0.0 0
1670609677746 0.0 0
1670609678167 0.0 0
1670609678416 0.0 0
1670609678752 0.0 0
1670609679104 0.0 0
1670609679411 0.0 0
1670609679637 0.0 0
1670609679927 0.0 0
1670609680229 0.0 0
1670609680567 0.0 0
1670609680910 0.0 0
1670609681251 0.0 0
1670609681699 0.0 0
1670609682097 0.0 0
1670609682370 0.0 0
1670609682710 0.0 0
1670609683044 0.0 0
1670609683474 0.0 0
1670609683839 0.0 0
1670609684019 0.0 0
1670609684312 0.0 0
1670609684495 0.0 0
1670609684783 0.0 0
1670609685019 0.0 0
1670609685297 0.0 0
1670609685598 0.0 0
1670609685755 0.0 0
1670609686060 0.0 0
1670609686373 0.0 0
1670609686602 0.0 0
1670609686753 0.0 0
1670609686993 0.0 0
1670609687234 0.0 0
1670609687385 0.0 0
1670609687523 0.0 0
1670609687681 0.0 0
1670609687844 0.0 0
1670609687984 0.0 0
1670609688220 0.0 0
1670609688562 0.0 0
1670609688852 0.0 0
1670609689004 0.0 0
1670609689209 0.0 0
1670609689365 0.0 0
1670609689498 0.0 0
