1670581337969 0.0 0
1670581338226 0.0 0
1670581338615 0.0 0
1670581339055 0.0 0
1670581339243 0.0 0
1670581339573 0.0 0
1670581339944 0.0 0
1670581340187 0.0 0
1670581340655 0.0 0
1670581340803 0.0 0
1670581341384 0.0 0
1670581341589 0.0 0
1670581341738 0.0 0
1670581342066 0.0 0
1670581342324 0.0 0
1670581342605 0.0 0
1670581342861 0.0 0
1670581343087 0.0 0
1670581343535 0.0 0
1670581343775 0.0 0
1670581343884 0.0 0
1670581344474 0.0 0
1670581345027 0.0 0
1670581345133 0.0 0
1670581345577 0.0 0
1670581345961 0.0 0
1670581346206 0.0 0
1670581346595 0.0 0
1670581346694 0.0 0
1670581346982 0.0 0
1670581347258 0.0 0
1670581347664 0.0 0
1670581347831 0.0 0
1670581348052 0.0 0
1670581348224 0.0 0
1670581348562 0.0 0
1670581348688 0.0 0
1670581348869 0.0 0
1670581349224 0.0 0
1670581349474 0.0 0
1670581349857 0.0 0
1670581350084 0.0 0
1670581350384 0.0 0
1670581350737 0.0 0
1670581351041 0.0 0
1670581351132 0.0 0
1670581351606 0.0 0
1670581351889 0.0 0
1670581352081 0.0 0
1670581352327 0.0 0
1670581352773 0.0 0
1670581353083 0.0 0
1670581353358 0.0 0
1670581353746 0.0 0
1670581353980 0.0 0
1670581354158 0.0 0
1670581354373 0.0 0
1670581354551 0.0 0
1670581354698 0.0 0
1670581354862 0.0 0
1670581355024 0.0 0
1670581355184 0.0 0
1670581355576 0.0 0
1670581356074 0.0 0
1670581356178 0.0 0
1670581356561 0.0 0
1670581356894 0.0 0
1670581357035 0.0 0
1670581357182 0.0 0
1670581357345 0.0 0
1670581357728 0.0 0
1670581357882 0.0 0
1670581357994 0.0 0
1670581358466 0.0 0
1670581358659 0.0 0
1670581358836 0.0 0
1670581359018 0.0 0
1670581359356 0.0 0
1670581359698 0.0 0
1670581359899 0.0 0
1670581360135 0.0 0
1670581360601 0.0 0
1670581360808 0.0 0
1670581360951 0.0 0
1670581361420 0.0 0
1670581361681 0.0 0
1670581361887 0.0 0
1670581362168 0.0 0
1670581362274 0.0 0
1670581362519 0.0 0
1670581362783 0.0 0
1670581362901 0.0 0
1670581363099 0.0 0
1670581363326 0.0 0
1670581363463 0.0 0
1670581363675 0.0 0
1670581363843 0.0 0
1670581364087 0.0 0
1670581364226 0.0 0
1670581364402 0.0 0
1670581364815 0.0 0
1670581365030 0.0 0
