1670625123268 0.0 0
1670625131394 0.0 0
1670625139803 0.0 0
1670625147850 0.0 0
1670625155827 0.0 0
1670625163936 0.0 0
1670625171645 0.0 0
1670625179297 0.0 0
1670625187003 0.0 0
1670625194814 0.0 0
1670625202623 0.0 0
1670625210385 0.0 0
1670625218353 0.0 0
1670625226507 0.0 0
1670625234393 0.0 0
1670625242169 0.0 0
1670625249989 0.0 0
1670625257888 0.0 0
1670625265931 0.0 0
1670625274056 0.0 0
1670625282159 0.0 0
1670625289675 0.0 0
1670625297216 0.0 0
1670625304804 0.0 0
1670625312398 0.0 0
1670625320173 0.0 0
1670625328272 0.0 0
1670625336077 0.0 0
1670625343702 0.0 0
1670625351852 0.0 0
1670625359500 0.0 0
1670625367126 0.0 0
1670625374988 0.0 0
1670625382985 0.0 0
1670625390976 0.0 0
1670625398970 0.0 0
1670625406682 0.0 0
1670625414446 0.0 0
1670625422444 0.0 0
1670625430500 0.0 0
1670625438425 0.0 0
1670625446336 0.0 0
1670625454766 0.0 0
1670625462734 0.0 0
1670625470512 0.0 0
1670625478405 0.0 0
1670625486269 0.0 0
1670625494098 0.0 0
1670625502400 0.0 0
1670625510285 0.0 0
1670625518153 0.0 0
1670625526005 0.0 0
1670625533816 0.0 0
1670625541793 0.0 0
1670625549491 0.0 0
1670625557090 0.0 0
1670625564761 0.0 0
1670625572558 0.0 0
1670625580619 0.0 0
1670625588401 0.0 0
1670625596461 0.0 0
1670625604349 0.0 0
1670625612216 0.0 0
1670625620432 0.0 0
1670625628642 0.0 0
1670625636660 0.0 0
1670625644764 0.0 0
1670625652640 0.0 0
1670625660937 0.0 0
1670625669041 0.0 0
