1670634464146 0.0 0
1670634467969 0.0 0
1670634472020 0.0 0
1670634475924 0.0 0
1670634479901 0.0 0
1670634483400 0.0 0
1670634487362 0.0 0
1670634491204 0.0 0
1670634495091 0.0 0
1670634499156 0.0 0
1670634502894 0.0 0
1670634506909 0.0 0
1670634510931 0.0 0
1670634515100 0.0 0
1670634518242 0.0 0
1670634522324 0.0 0
1670634526163 0.0 0
1670634530231 0.0 0
1670634534146 0.0 0
1670634538089 0.0 0
1670634542526 0.0 0
1670634546933 0.0 0
1670634551247 0.0 0
1670634555389 0.0 0
1670634558996 0.0 0
1670634562790 0.0 0
1670634566982 0.0 0
1670634571236 0.0 0
1670634575237 0.0 0
1670634579084 0.0 0
1670634583283 0.0 0
1670634587427 0.0 0
1670634592160 0.0 0
1670634596423 0.0 0
1670634600683 0.0 0
1670634604197 0.0 0
1670634608434 0.0 0
1670634612524 0.0 0
1670634616420 0.0 0
1670634620581 0.0 0
1670634624707 0.0 0
1670634628876 0.0 0
1670634632923 0.0 0
1670634637161 0.0 0
1670634641307 0.0 0
1670634645383 0.0 0
1670634649410 0.0 0
1670634653570 0.0 0
1670634657781 0.0 0
1670634661708 0.0 0
1670634666024 0.0 0
1670634669867 0.0 0
1670634673659 0.0 0
1670634677296 0.0 0
1670634681330 0.0 0
1670634685127 0.0 0
1670634688665 0.0 0
1670634692428 0.0 0
1670634696169 0.0 0
1670634699774 0.0 0
1670634703484 0.0 0
1670634707406 0.0 0
1670634711260 0.0 0
1670634714897 0.0 0
1670634718801 0.0 0
1670634722755 0.0 0
1670634726640 0.0 0
1670634730121 0.0 0
1670634733997 0.0 0
1670634738061 0.0 0
1670634742021 0.0 0
1670634746472 0.0 0
1670634750708 0.0 0
1670634754959 0.0 0
1670634758936 0.0 0
1670634762753 0.0 0
1670634766948 0.0 0
1670634771068 0.0 0
1670634774942 0.0 0
1670634778867 0.0 0
1670634782847 0.0 0
1670634787013 0.0 0
1670634790943 0.0 0
1670634794901 0.0 0
1670634799102 0.0 0
1670634803313 0.0 0
1670634807382 0.0 0
1670634811689 0.0 0
1670634815593 0.0 0
1670634819175 0.0 0
1670634823073 0.0 0
1670634827218 0.0 0
1670634831018 0.0 0
1670634834972 0.0 0
1670634839014 0.0 0
1670634843338 0.0 0
1670634847394 0.0 0
1670634851584 0.0 0
1670634855644 0.0 0
1670634859971 0.0 0
1670634864085 0.0 0
