1670630700214 0.0 0
1670630704119 0.0 0
1670630707859 0.0 0
1670630712092 0.0 0
1670630716160 0.0 0
1670630720216 0.0 0
1670630724293 0.0 0
1670630728017 0.0 0
1670630731842 0.0 0
1670630735810 0.0 0
1670630739651 0.0 0
1670630743420 0.0 0
1670630747292 0.0 0
1670630750942 0.0 0
1670630754896 0.0 0
1670630758443 0.0 0
1670630761796 0.0 0
1670630765541 0.0 0
1670630769054 0.0 0
1670630772180 0.0 0
1670630775830 0.0 0
1670630779179 0.0 0
1670630782781 0.0 0
1670630786794 0.0 0
1670630790005 0.0 0
1670630793888 0.0 0
1670630797930 0.0 0
1670630801595 0.0 0
1670630805527 0.0 0
1670630808512 0.0 0
1670630810776 0.0 0
1670630814779 0.0 0
1670630818685 0.0 0
1670630822377 0.0 0
1670630826597 0.0 0
1670630830593 0.0 0
1670630834877 0.0 0
1670630838742 0.0 0
1670630842200 0.0 0
1670630845961 0.0 0
1670630849787 0.0 0
1670630853489 0.0 0
1670630857385 0.0 0
1670630861033 0.0 0
1670630864643 0.0 0
1670630868596 0.0 0
1670630872622 0.0 0
1670630876564 0.0 0
1670630880189 0.0 0
1670630884181 0.0 0
1670630887957 0.0 0
1670630891785 0.0 0
1670630895588 0.0 0
1670630899424 0.0 0
1670630903399 0.0 0
1670630907318 0.0 0
1670630911020 0.0 0
1670630914783 0.0 0
1670630918790 0.0 0
1670630922497 0.0 0
1670630926032 0.0 0
1670630929504 0.0 0
1670630933538 0.0 0
1670630937501 0.0 0
1670630941371 0.0 0
1670630945379 0.0 0
1670630948977 0.0 0
1670630952713 0.0 0
1670630956639 0.0 0
1670630960829 0.0 0
1670630965431 0.0 0
1670630969709 0.0 0
1670630974014 0.0 0
1670630978327 0.0 0
1670630982557 0.0 0
1670630986748 0.0 0
1670630990942 0.0 0
1670630995153 0.0 0
1670630999310 0.0 0
1670631003507 0.0 0
1670631007729 0.0 0
1670631011894 0.0 0
1670631016068 0.0 0
1670631020183 0.0 0
1670631024718 0.0 0
1670631028570 0.0 0
1670631032264 0.0 0
1670631036291 0.0 0
1670631040441 0.0 0
1670631044553 0.0 0
1670631048695 0.0 0
1670631052680 0.0 0
1670631056678 0.0 0
1670631060704 0.0 0
1670631064659 0.0 0
1670631068734 0.0 0
1670631072693 0.0 0
1670631077188 0.0 0
1670631081641 0.0 0
1670631085852 0.0 0
1670631090091 0.0 0
