1670605531415 0.02266666666666667 0
1670605532419 0.026333333333333334 0
1670605533408 0.026 0
1670605534480 0.026333333333333334 0
1670605535515 0.024333333333333332 0
1670605536487 0.021666666666666667 0
1670605537432 0.023666666666666666 0
1670605538698 0.021 0
1670605539835 0.025 0
1670605540944 0.023 0
1670605542042 0.02033333333333333 0
1670605543301 0.023666666666666666 0
1670605544414 0.02266666666666667 0
1670605545278 0.024 0
1670605545805 0.021 0
1670605546671 0.025 0
1670605547809 0.025333333333333333 0
1670605548557 0.025666666666666667 0
1670605549678 0.024666666666666667 0
1670605550538 0.022333333333333334 0
1670605551257 0.023333333333333334 0
1670605551825 0.022333333333333334 0
1670605552678 0.020666666666666667 0
1670605553783 0.026333333333333334 0
1670605554992 0.021333333333333333 0
1670605555901 0.023 0
1670605556860 0.03133333333333333 0
1670605557975 0.025 0
1670605559032 0.024 0
1670605559881 0.021666666666666667 0
1670605560780 0.029333333333333333 0
1670605561812 0.024 0
1670605562717 0.025666666666666667 0
1670605563723 0.024 0
1670605564809 0.025333333333333333 0
1670605565661 0.022333333333333334 0
1670605566690 0.023666666666666666 0
1670605567304 0.027333333333333334 0
1670605568135 0.031 0
1670605568958 0.024666666666666667 0
1670605569787 0.022333333333333334 0
1670605570599 0.028666666666666667 0
1670605571400 0.024 0
1670605572289 0.028666666666666667 0
1670605573290 0.025 0
1670605573909 0.025 0
1670605574563 0.026333333333333334 0
1670605575185 0.019 0
1670605575967 0.025 0
1670605577071 0.02266666666666667 0
1670605577939 0.024333333333333332 0
1670605579056 0.021 0
1670605580087 0.024 0
1670605581058 0.026333333333333334 0
1670605582101 0.024666666666666667 0
1670605583014 0.023333333333333334 0
1670605584013 0.025666666666666667 0
1670605584992 0.028 0
1670605585785 0.030333333333333334 0
1670605586618 0.02266666666666667 0
1670605587213 0.024 0
1670605587763 0.030666666666666665 0
1670605588342 0.026 0
1670605589099 0.024 0
1670605589981 0.023333333333333334 0
1670605591164 0.024 0
1670605592259 0.026333333333333334 0
1670605593380 0.024 0
1670605594346 0.024666666666666667 0
1670605595236 0.026 0
1670605596025 0.026 0
1670605596716 0.024333333333333332 0
1670605597666 0.027 0
1670605598736 0.025 0
1670605599643 0.023 0
1670605600488 0.029333333333333333 0
1670605601384 0.025666666666666667 0
1670605602358 0.028333333333333332 0
1670605603431 0.026 0
1670605604570 0.029 0
1670605605521 0.023666666666666666 0
1670605606457 0.024333333333333332 0
1670605607204 0.024666666666666667 0
1670605608201 0.027 0
1670605609363 0.02 0
1670605610252 0.024333333333333332 0
1670605611257 0.024333333333333332 0
1670605612321 0.027 0
1670605613081 0.029333333333333333 0
1670605613963 0.023333333333333334 0
1670605614769 0.029 0
1670605615784 0.028333333333333332 0
1670605616900 0.026 0
1670605617783 0.025333333333333333 0
1670605618477 0.027 0
1670605619097 0.027666666666666666 0
1670605619668 0.022 0
1670605620711 0.025 0
1670605621755 0.029333333333333333 0
1670605622641 0.023333333333333334 0
1670605623514 0.026333333333333334 0
1670605624250 0.024 0
