1670574569325 0.0 0
1670574569910 0.0 0
1670574570490 0.0 0
1670574571480 0.0 0
1670574572424 0.0 0
1670574573211 0.0006666666666666666 0
1670574573766 0.0 0
1670574574425 0.0003333333333333333 0
1670574575181 0.0 0
1670574575886 0.0003333333333333333 0
1670574576596 0.0003333333333333333 0
1670574577232 0.0003333333333333333 0
1670574578101 0.0006666666666666666 0
1670574578818 0.0003333333333333333 0
1670574579404 0.0 0
1670574580259 0.0003333333333333333 0
1670574580980 0.0 0
1670574581475 0.0003333333333333333 0
1670574582237 0.0003333333333333333 0
1670574582901 0.0003333333333333333 0
1670574583825 0.0 0
1670574584404 0.0 0
1670574585238 0.0003333333333333333 0
1670574585980 0.0006666666666666666 0
1670574586658 0.0003333333333333333 0
1670574587052 0.0006666666666666666 0
1670574587488 0.0 0
1670574588277 0.0003333333333333333 0
1670574588984 0.0 0
1670574589664 0.0 0
1670574590550 0.0 0
1670574591112 0.0 0
1670574591904 0.0 0
1670574592547 0.0006666666666666666 0
1670574593238 0.0 0
1670574593891 0.0 0
1670574594627 0.0003333333333333333 0
1670574595234 0.0003333333333333333 0
1670574595979 0.0 0
1670574596654 0.0 0
1670574597312 0.0 0
1670574598072 0.0 0
1670574598685 0.0 0
1670574599273 0.0003333333333333333 0
1670574600164 0.0003333333333333333 0
1670574600914 0.0003333333333333333 0
1670574601331 0.0 0
1670574601851 0.0 0
1670574602721 0.0 0
1670574603329 0.0006666666666666666 0
1670574603850 0.0003333333333333333 0
1670574604482 0.0 0
1670574605091 0.0003333333333333333 0
1670574605664 0.0 0
1670574606334 0.0003333333333333333 0
1670574606901 0.0 0
1670574607701 0.0 0
1670574608206 0.0003333333333333333 0
1670574608899 0.0006666666666666666 0
1670574609649 0.0 0
1670574610259 0.0 0
1670574610966 0.0006666666666666666 0
1670574611654 0.0 0
1670574612480 0.0 0
1670574613113 0.0006666666666666666 0
1670574613697 0.0003333333333333333 0
1670574614369 0.0 0
1670574615086 0.0 0
1670574615601 0.0 0
1670574615984 0.0 0
1670574616579 0.0 0
1670574617387 0.0003333333333333333 0
1670574617904 0.0 0
1670574618642 0.0 0
1670574619206 0.0003333333333333333 0
1670574619635 0.0 0
1670574620402 0.0 0
1670574620908 0.0 0
1670574621359 0.001 0
1670574622188 0.0003333333333333333 0
1670574622634 0.0 0
1670574623117 0.0 0
1670574623856 0.0 0
1670574624357 0.0003333333333333333 0
1670574624895 0.0 0
1670574625587 0.0003333333333333333 0
1670574626193 0.0003333333333333333 0
1670574626895 0.0 0
1670574627527 0.0 0
1670574627884 0.0 0
1670574628665 0.0 0
1670574629286 0.0 0
1670574629771 0.0003333333333333333 0
1670574630358 0.0 0
1670574630918 0.0003333333333333333 0
1670574631399 0.0003333333333333333 0
1670574631975 0.0 0
1670574632578 0.0003333333333333333 0
1670574633096 0.0003333333333333333 0
1670574633733 0.0 0
1670574634314 0.0003333333333333333 0
1670574634813 0.0 0
