1670599162090 0.1567098584159955 0
1670599162947 0.04873526757874225 0
1670599163790 0.04481552882703299 0
1670599164752 0.041728450011670803 0
1670599165874 0.03539040642071545 0
1670599166646 0.03191191173271546 0
1670599167707 0.028927746746358673 0
1670599168843 0.027783592729906714 0
1670599169801 0.02682392329375305 0
1670599170856 0.02564100447420936 0
1670599171743 0.024254952135346897 0
1670599172530 0.023617933462539598 0
1670599173496 0.023248771318055694 0
1670599174382 0.025382649656874645 0
1670599175374 0.024423989664198675 0
1670599176466 0.025308668224336528 0
1670599177466 0.02451446449773642 0
1670599178348 0.02442589159654751 0
1670599179324 0.023724529984169074 0
1670599180134 0.023254626922651567 0
1670599181214 0.022760099441652915 0
1670599182350 0.022302540647163305 0
1670599183357 0.022628856606675685 0
1670599184326 0.023880986078110733 0
1670599185581 0.024512615585879804 0
1670599186642 0.024929992044114724 0
1670599187618 0.025379694817568743 0
1670599188542 0.025662007397880604 0
1670599189385 0.024146349335108508 0
1670599190229 0.023771943252017036 0
1670599191198 0.024072807671315144 0
1670599192010 0.023770795636494424 0
1670599192881 0.02342140243227253 0
1670599193721 0.025286523971775 0
1670599194615 0.02502409265469341 0
1670599195833 0.024829098771272817 0
1670599196635 0.02506624744424546 0
1670599197492 0.024748886957016603 0
1670599198373 0.024529671180748336 0
1670599199215 0.024260371508066148 0
1670599200142 0.0240887201260519 0
1670599200977 0.023950307350515287 0
1670599202162 0.02369677878611498 0
1670599203234 0.023743694140583194 0
1670599204105 0.023516497237079936 0
1670599205129 0.023309929547870256 0
1670599206130 0.02308875468722915 0
1670599207225 0.022917775427754083 0
1670599208170 0.022712200818878037 0
1670599208933 0.023332109684652713 0
1670599209684 0.023196309899607526 0
1670599210499 0.02300008421275035 0
1670599211357 0.022987741324142386 0
1670599212138 0.022907180114407955 0
1670599212914 0.022981845014208524 0
1670599213716 0.02278121665666355 0
1670599214663 0.02293990532702661 0
1670599215721 0.023487326958992916 0
1670599216689 0.02366775176779512 0
1670599217673 0.02396997945100432 0
1670599218714 0.023860721786010064 0
1670599219858 0.0237653752631668 0
1670599220832 0.02358692310935584 0
1670599221861 0.023920462984323487 0
1670599222615 0.02457196006736373 0
1670599223365 0.0244518128314557 0
1670599224266 0.02443618536812797 0
1670599225443 0.02454033118060761 0
1670599226218 0.024568994994822346 0
1670599227183 0.024506111517668905 0
1670599228259 0.02435820750775053 0
1670599229149 0.024286668391110378 0
1670599230184 0.024123898116617415 0
1670599231196 0.024041934510236507 0
1670599232332 0.024811180197233274 0
1670599233564 0.024649677697755723 0
1670599234590 0.024530558293208493 0
1670599235635 0.024388858331008456 0
1670599236514 0.0257735884994148 0
1670599237285 0.025616242285499302 0
1670599238171 0.025460271376313237 0
1670599239382 0.025523573975675284 0
1670599240260 0.025385552036196968 0
1670599241132 0.025659283067415828 0
1670599242092 0.02553701569327782 0
1670599242924 0.02539253559397381 0
1670599243916 0.025424978036144963 0
1670599244907 0.025507989363665273 0
1670599245763 0.025518362317243692 0
1670599246848 0.02540180479738574 0
1670599247751 0.025344745027434556 0
1670599248871 0.02531426952911786 0
1670599249785 0.02525941950076782 0
1670599250639 0.025147867018862846 0
1670599251413 0.025021512545831626 0
1670599252424 0.02495796790812521 0
1670599253595 0.02497689967143557 0
1670599254408 0.024931416962727826 0
1670599255370 0.02482941153897744 0
1670599256300 0.024898432260512915 0
1670599257105 0.02481387310476213 0
1670599257919 0.025042364771667103 0
1670599258929 0.02536938773223174 0
