1670582477593 0.024141788999220988 0
1670582480827 0.006751494506115409 0
1670582483363 0.0044211957045593095 0
1670582486148 0.0036598559754141193 0
1670582488739 0.0030953904308122 0
1670582491682 0.002946264686013933 0
1670582494399 0.003055196106968089 0
1670582497175 0.0028577732218868146 0
1670582499838 0.0028141817003861213 0
1670582502821 0.002656524280976167 0
1670582505466 0.0026194394866047234 0
1670582508198 0.00249224414527677 0
1670582510850 0.002705350290469339 0
1670582513138 0.002818525001951521 0
1670582515807 0.002717075706261365 0
1670582518207 0.0026448227648398527 0
1670582520783 0.0025589820082618456 0
1670582523379 0.0025578903747344103 0
1670582525716 0.002740103446530283 0
1670582528090 0.0026787872400261797 0
1670582530478 0.002615537683838704 0
1670582532710 0.002550984828256324 0
1670582534915 0.002525059572354154 0
1670582536958 0.0025287465999831193 0
1670582539153 0.0026109553886826484 0
1670582541243 0.002566949058109965 0
1670582543658 0.0025280952131873976 0
1670582545849 0.0024808783194419986 0
1670582548115 0.0024030860080891184 0
1670582550316 0.0023647707541902055 0
1670582552856 0.002409938910955406 0
1670582555219 0.00237315865399505 0
1670582557481 0.0023413077244128656 0
1670582559805 0.002323680658066557 0
1670582562161 0.00229962817565762 0
1670582564475 0.0022692799042774627 0
1670582566678 0.00225324440294814 0
1670582569115 0.002384971009822814 0
1670582571400 0.0023600888232301696 0
1670582573724 0.0023361242858415733 0
1670582576494 0.002317407355842374 0
1670582579093 0.002334116233386566 0
1670582581466 0.0023609833707947227 0
1670582584281 0.002357209748747045 0
1670582586853 0.0023400706319252227 0
1670582589395 0.002335365595249243 0
1670582591706 0.002310979909187023 0
1670582594785 0.0022946334109958865 0
1670582597148 0.002273612289395564 0
1670582600296 0.002263197571478948 0
1670582602620 0.0023075642827767077 0
1670582604996 0.002285691141896475 0
1670582607570 0.0023663525601012383 0
1670582610422 0.002345078751469434 0
1670582612737 0.0023345174459535115 0
1670582615358 0.0023222908003300404 0
1670582617676 0.002310140708364954 0
1670582620049 0.0022980754180229853 0
1670582622523 0.0022798855081519374 0
1670582624850 0.002262611840307318 0
1670582627506 0.0023020456907924683 0
1670582630478 0.0022891100247203907 0
1670582632782 0.002290806165050334 0
1670582635576 0.002298511701742689 0
1670582638056 0.002281033342250651 0
1670582640833 0.0022644919804891495 0
1670582643700 0.002249819307562125 0
1670582646684 0.0022457060341604007 0
1670582649195 0.00223708004242366 0
1670582651593 0.002223445145302352 0
1670582654701 0.002215941806805178 0
1670582657302 0.0022126687198005257 0
1670582660034 0.002201934583646119 0
1670582662830 0.002198666130980837 0
1670582665830 0.0022201977438465713 0
1670582668471 0.002212180491703462 0
1670582671144 0.002207926640487039 0
1670582673564 0.002202014464327268 0
1670582675849 0.0021927904589233342 0
1670582678180 0.0021813159896775618 0
1670582680872 0.002172301269552479 0
1670582683188 0.002220783135322882 0
1670582685599 0.002209161574099293 0
1670582688028 0.002199727835803496 0
1670582690404 0.0021869027221645054 0
1670582692790 0.0021884267231820262 0
1670582695779 0.0021895988215048004 0
1670582698715 0.0021863022127943236 0
1670582701413 0.0021753147682766726 0
1670582704266 0.002166211241398904 0
1670582707305 0.0021550507732100615 0
1670582709677 0.002148695540788393 0
1670582712109 0.0021454975556767517 0
1670582715165 0.0021421902436956353 0
1670582717997 0.002158182602814988 0
1670582720681 0.0021478390899327742 0
1670582723304 0.002169553643524895 0
1670582726357 0.0021609204430382317 0
1670582729084 0.00215016178244926 0
1670582731667 0.002143922738094471 0
1670582734291 0.00217924921906787 0
1670582736892 0.00217929259762581 0
1670582740083 0.0021757433797267105 0
1670582742809 0.002184103450872739 0
1670582745446 0.0021806680212151965 0
1670582748215 0.0021886734412113855 0
1670582750642 0.0021822579246451182 0
1670582753252 0.0022018360631554518 0
1670582755860 0.0021955790364059234 0
1670582758185 0.002186442766916481 0
1670582761482 0.0021858884686629778 0
1670582764490 0.0021940415035436507 0
1670582767082 0.002239118923657514 0
1670582769759 0.002229397135062675 0
1670582772377 0.0022328521850185274 0
1670582775028 0.0022233356530398816 0
1670582777802 0.002235391547899566 0
1670582780188 0.0022265974344161344 0
1670582783133 0.0022335469189010385 0
1670582785942 0.0022361663946251628 0
1670582788645 0.002228638071711111 0
1670582791051 0.002228265846448854 0
1670582793824 0.0022193448847826398 0
1670582796371 0.0022137487712648365 0
1670582799097 0.0022130267436486937 0
1670582801935 0.00220500346493755 0
1670582804773 0.0021964170065338225 0
1670582807560 0.0021879849420653307 0
1670582809857 0.002198470714164985 0
1670582812503 0.00219194522439498 0
1670582815162 0.0021854711964709745 0
1670582817738 0.002184844679026374 0
1670582820430 0.002178528375061173 0
1670582823471 0.0021818956900881174 0
1670582826077 0.0021743701186212718 0
1670582828680 0.002166513343156367 0
1670582830880 0.0021766467659206593 0
1670582833293 0.002170188650740872 0
1670582835620 0.002162865561477987 0
1670582838200 0.002160686823447775 0
1670582840499 0.0021535183674749186 0
1670582842893 0.0021605209000615075 0
1670582845423 0.002153642541015256 0
1670582847856 0.0021725739682647138 0
1670582850332 0.0021831856501820894 0
1670582852957 0.00217737129659038 0
1670582855577 0.002170604844807792 0
1670582858284 0.0021679267977736173 0
1670582861062 0.002168088342652341 0
1670582863318 0.0021737598540168867 0
1670582865997 0.002169239690547672 0
1670582868597 0.0021634185900076385 0
1670582871334 0.0021656020571221048 0
1670582873843 0.0021602690736722257 0
1670582876522 0.00216346222524026 0
1670582878731 0.002166482365192795 0
1670582881400 0.0021846038563810262 0
1670582883950 0.0022233997988008237 0
1670582886338 0.0022179211191024027 0
1670582888779 0.002211439046788801 0
1670582891375 0.0022046838874579173 0
1670582893926 0.0021979902445500915 0
1670582896482 0.0021918277186511737 0
1670582899076 0.002185716199043312 0
