1670615501546 0.0 0
1670615502573 0.0 0
1670615503149 0.0 0
1670615503563 0.0 0
1670615503895 0.0 0
1670615504228 0.0 0
1670615504708 0.0 0
1670615505377 0.0 0
1670615506562 0.0 0
1670615507894 0.0 0
1670615509764 0.0 0
1670615511473 0.0 0
1670615512613 0.0 0
1670615513913 0.0 0
1670615515039 0.0 0
1670615516090 0.0 0
1670615516987 0.0 0
1670615518327 0.0 0
1670615518860 0.0 0
1670615519896 0.0 0
1670615521982 0.0 0
1670615522393 0.0 0
1670615522951 0.0 0
1670615523340 0.0 0
1670615523772 0.0 0
1670615524136 0.0 0
1670615524766 0.0 0
1670615525339 0.0 0
1670615526018 0.0 0
1670615527635 0.0 0
1670615529243 0.0 0
1670615530195 0.0 0
1670615530865 0.0 0
1670615531087 0.0 0
1670615531314 0.0 0
1670615531542 0.0 0
1670615532441 0.0 0
1670615533781 0.0 0
1670615535193 0.0 0
1670615536604 0.0 0
1670615537852 0.0 0
1670615539131 0.0 0
1670615540434 0.0 0
1670615541814 0.0 0
1670615543176 0.0 0
1670615544556 0.0 0
1670615545830 0.0 0
1670615546886 0.0 0
1670615548361 0.0 0
1670615549290 0.0 0
1670615550438 0.0 0
1670615551589 0.0 0
1670615552735 0.0 0
1670615553863 0.0 0
1670615554964 0.0 0
1670615556105 0.0 0
1670615557287 0.0 0
1670615558418 0.0 0
1670615559572 0.0 0
1670615560709 0.0 0
1670615561863 0.0 0
1670615563026 0.0 0
1670615564156 0.0 0
1670615565276 0.0 0
1670615566443 0.0 0
1670615567590 0.0 0
1670615568797 0.0 0
1670615569987 0.0 0
1670615571230 0.0 0
1670615572487 0.0 0
1670615573673 0.0 0
1670615574825 0.0 0
1670615576027 0.0 0
1670615577313 0.0 0
1670615578762 0.0 0
1670615580093 0.0 0
1670615581268 0.0 0
1670615582411 0.0 0
1670615583584 0.0 0
1670615584745 0.0 0
1670615585895 0.0 0
1670615587047 0.0 0
1670615588192 0.0 0
1670615589362 0.0 0
1670615590498 0.0 0
1670615591658 0.0 0
1670615592809 0.0 0
1670615593942 0.0 0
1670615595151 0.0 0
1670615596273 0.0 0
1670615597433 0.0 0
1670615598613 0.0 0
1670615599808 0.0 0
1670615601000 0.0 0
1670615602193 0.0 0
1670615603392 0.0 0
1670615604615 0.0 0
1670615605835 0.0 0
1670615607035 0.0 0
1670615608240 0.0 0
1670615609428 0.0 0
