1670587938235 0.0804726299974029 0
1670587939228 0.050467795844599816 0
1670587940294 0.03242001924384286 0
1670587941164 0.025685076926446948 0
1670587942336 0.02285675571521062 0
1670587943322 0.020465037055041102 0
1670587944182 0.01859298333057935 0
1670587945220 0.017438207762672242 0
1670587946288 0.01872966559188638 0
1670587947252 0.032644754799724396 0
1670587948004 0.03087462805062069 0
1670587949200 0.029964715034534017 0
1670587950199 0.0292981649140297 0
1670587951443 0.028260910070469936 0
1670587952603 0.02812458578932442 0
1670587953440 0.028538426083525748 0
1670587954268 0.029940261664676004 0
1670587955264 0.029302310537832055 0
1670587956250 0.028483247234491693 0
1670587957186 0.027704315474434194 0
1670587958241 0.028729917030466567 0
1670587959252 0.02809860906546635 0
1670587960315 0.0274510023866239 0
1670587961231 0.028441770276280587 0
1670587962179 0.028127551283420704 0
1670587963202 0.027642988816416247 0
1670587964037 0.028044024151006375 0
1670587965036 0.027745375908620806 0
1670587965890 0.026439171457281585 0
1670587967058 0.026020848246144812 0
1670587967965 0.025612642517432338 0
1670587969121 0.025281733925404115 0
1670587970154 0.02661225832975256 0
1670587971097 0.02663244180793345 0
1670587972127 0.026261662418023857 0
1670587972985 0.026065046900759503 0
1670587974138 0.027665666305281444 0
1670587975298 0.0275761767375734 0
1670587976324 0.028489529614391773 0
1670587977505 0.028226371636831393 0
1670587978708 0.02788865087534198 0
1670587979697 0.02777302178096752 0
1670587980803 0.027456202970528865 0
1670587982291 0.02850467862865791 0
1670587983204 0.028359335064017 0
1670587984521 0.028327228626244372 0
1670587985614 0.02840715492829371 0
1670587986615 0.02817871805424743 0
1670587987580 0.027967720787555383 0
1670587988399 0.027820971314845067 0
1670587989413 0.027594060894433836 0
1670587990270 0.02734522696269659 0
1670587991176 0.02719663150884133 0
1670587992023 0.026960469945102705 0
1670587993027 0.026819638708805216 0
1670587993896 0.02658513810752028 0
1670587994892 0.026383617614957444 0
1670587996043 0.026159077923762264 0
1670587997280 0.026019036248650873 0
1670587998209 0.02592622509843978 0
1670587999356 0.025716986364271 0
1670588000335 0.025565637753811377 0
1670588001315 0.026178972390634936 0
1670588002344 0.026020239216036467 0
1670588003295 0.02582475127561712 0
1670588004407 0.025688709156337253 0
1670588005502 0.02553274588681409 0
1670588006458 0.025353974281513647 0
1670588007475 0.025172982205809546 0
1670588008523 0.02519858692636967 0
1670588009441 0.025512781098389503 0
1670588010309 0.02551736272178562 0
1670588011056 0.02558813218108502 0
1670588012197 0.0254699866803203 0
1670588013082 0.025528852075910602 0
1670588013846 0.025900163031347456 0
1670588014700 0.02574040484571316 0
1670588015619 0.026026573051964208 0
1670588016602 0.0258685496268527 0
1670588017490 0.025725406222382063 0
1670588018543 0.025678555684741533 0
1670588019785 0.025632993646876878 0
1670588020668 0.02581857557484979 0
1670588021703 0.026033803658264132 0
1670588022456 0.026331280648293487 0
1670588023525 0.02618493573388536 0
1670588024608 0.02606701623824703 0
1670588025432 0.026244933568810302 0
1670588026652 0.02633046161467678 0
1670588027591 0.02688813372182075 0
1670588028866 0.026756819305456037 0
1670588029679 0.026950861619014277 0
1670588030749 0.02680764410816394 0
1670588031810 0.026668728764699723 0
1670588032793 0.026740323045850167 0
1670588033831 0.02677477016323848 0
1670588035194 0.02665976600762121 0
1670588036115 0.026630612146533617 0
1670588036993 0.026517684169308886 0
1670588038060 0.026584350054535077 0
1670588038894 0.02645391512259898 0
1670588039777 0.026349285217108553 0
1670588040742 0.026251505642595707 0
1670588041790 0.026244523587768853 0
1670588042885 0.026289576268308745 0
1670588043762 0.026166567388833828 0
1670588045004 0.02630296453222314 0
1670588046252 0.02619240407731227 0
1670588047191 0.026240480808846223 0
1670588048301 0.026212698189429284 0
1670588049314 0.026121600911447218 0
1670588050396 0.02601424526433227 0
1670588051386 0.02592510203280385 0
1670588052339 0.025941133032885477 0
1670588053169 0.02583008148706789 0
1670588054277 0.0258416821002162 0
1670588055392 0.025858203416475045 0
1670588056286 0.026127343997207952 0
1670588057180 0.026151357346907433 0
1670588058040 0.026043338345770772 0
1670588059100 0.026102970425677996 0
1670588060250 0.026074983783423877 0
1670588061368 0.02623629559970453 0
1670588062600 0.026134015490657414 0
1670588063592 0.026147032147566862 0
1670588064522 0.026155125988141292 0
1670588065537 0.026097641208415623 0
1670588066461 0.0264214596122313 0
1670588067307 0.026392139591495667 0
1670588068438 0.026326653794247923 0
1670588069581 0.026378226479537803 0
1670588070584 0.026295457821233215 0
1670588071423 0.026211797555364402 0
1670588072271 0.026446260050065895 0
1670588073193 0.026377487744774775 0
1670588074180 0.02629979073235922 0
1670588075074 0.02623883723493503 0
1670588075978 0.02616783064617445 0
1670588076931 0.02613341811071135 0
1670588078016 0.026084916675932046 0
1670588079033 0.026019510556494208 0
1670588080243 0.025945633357914555 0
1670588081287 0.025865392107493834 0
1670588082184 0.025838350363014517 0
1670588083158 0.026099743124919805 0
1670588084169 0.026269800916290165 0
1670588085237 0.026188706340244616 0
1670588086175 0.02613788181390342 0
1670588087366 0.026054116728677634 0
1670588088497 0.02596770151937633 0
1670588089404 0.025908179060777914 0
1670588090681 0.025848961538011306 0
1670588091679 0.025765182494763894 0
1670588092824 0.025698643854745074 0
1670588093995 0.025627144779927113 0
1670588095027 0.025700866729529204 0
1670588096077 0.02569479248905615 0
1670588097181 0.025643149008736654 0
1670588098194 0.025578894959094045 0
1670588099215 0.025499666300659696 0
1670588100376 0.025536674414036953 0
1670588101291 0.025458292340954425 0
1670588102442 0.025533253418984048 0
1670588103429 0.02546791177906027 0
1670588104217 0.025513698282463415 0
1670588105026 0.025521495145887974 0
1670588106037 0.025449332833406335 0
1670588107098 0.02537525396062157 0
1670588108204 0.02535369129996823 0
1670588109281 0.025279470302640328 0
1670588110150 0.02521014986515613 0
1670588111455 0.02513726384494097 0
1670588112478 0.025064951240204802 0
1670588113451 0.024995810768181026 0
1670588114633 0.024926029866851773 0
1670588115665 0.025010566236355114 0
1670588116796 0.02494363665270405 0
1670588117933 0.024912321194798692 0
1670588119091 0.024854783734308605 0
1670588120260 0.024795761287266127 0
1670588121293 0.025014758114201507 0
1670588122231 0.024946474734881652 0
1670588123427 0.024909498055681767 0
1670588124606 0.0250782970264406 0
1670588125956 0.025237854815565508 0
1670588126947 0.025174506724874535 0
1670588128105 0.025128487430181923 0
1670588129206 0.02515859671846421 0
1670588130414 0.025092305178461727 0
1670588131341 0.025031190832065175 0
1670588132412 0.025030427969904845 0
1670588133471 0.024979753777673808 0
1670588134463 0.024923770663357936 0
1670588135558 0.024859782761431415 0
1670588136650 0.024922534542198838 0
1670588137681 0.024889510811683224 0
1670588138768 0.02486118600511944 0
1670588139921 0.024832767833688707 0
1670588140903 0.024779044005437734 0
1670588141849 0.024779100737248316 0
1670588142646 0.024717886695986513 0
1670588143724 0.024677715602763994 0
1670588144909 0.02461866407535518 0
1670588146025 0.024681512760871827 0
1670588146825 0.02465970536202089 0
1670588147985 0.02464807068235264 0
1670588148984 0.024594951765440798 0
1670588150230 0.02466634209975027 0
1670588151306 0.02461156642841167 0
1670588152770 0.024561036432293237 0
1670588154083 0.024526156633271068 0
1670588154916 0.02451467563644605 0
1670588155755 0.02450286745090713 0
1670588156910 0.0244493545431671 0
1670588157965 0.02441343832478815 0
1670588159193 0.024396758043018107 0
1670588160110 0.02464377120129957 0
1670588161300 0.02458944721020251 0
1670588162386 0.024562379586832828 0
1670588163395 0.02451334613863354 0
1670588164435 0.024461303581191585 0
1670588165770 0.02442711809863496 0
1670588166843 0.024458135007141002 0
1670588167769 0.024410533767776577 0
1670588168938 0.024404271125600063 0
1670588170196 0.02452213248250623 0
1670588171222 0.024473201030734026 0
1670588172124 0.02446542104504157 0
1670588173217 0.024420188004944166 0
1670588174385 0.024374165447776264 0
1670588175319 0.024383408383256144 0
1670588176417 0.024423176972468652 0
1670588177243 0.02440768493694201 0
1670588178341 0.02438751264992922 0
1670588179414 0.024335838911669128 0
1670588180545 0.024284469725533553 0
1670588181849 0.024343976663139033 0
1670588182917 0.024329026518670083 0
1670588183997 0.024304363216642533 0
1670588185208 0.02433282846249374 0
1670588186325 0.02430409532846589 0
1670588187480 0.02425423260846782 0
1670588188449 0.024206597742079006 0
1670588189666 0.02415734613367304 0
1670588190660 0.024112035441607227 0
1670588191614 0.02409906517294158 0
1670588192491 0.02406005570993952 0
1670588193381 0.024029479097587347 0
1670588194621 0.023981862313346647 0
1670588195777 0.024016432220951622 0
1670588196919 0.02396888893148874 0
1670588197899 0.02398363072795695 0
1670588199116 0.02397230761669955 0
1670588200180 0.023928702705358407 0
1670588201078 0.02389092588445474 0
1670588202370 0.023884395213382148 0
1670588203481 0.023844679416404113 0
1670588204632 0.023801903364073618 0
1670588205525 0.023767553445458778 0
1670588206343 0.023722091199575357 0
1670588207368 0.023678866276081068 0
1670588208590 0.02377445941183276 0
1670588209530 0.023736018547846016 0
1670588210549 0.023876291900893354 0
1670588211300 0.02388442824750059 0
1670588212090 0.023861619431070347 0
1670588213433 0.023825113588024305 0
1670588214452 0.02381804268458887 0
1670588215445 0.02381358967274594 0
1670588216405 0.023791060467583502 0
1670588217189 0.023759675465440555 0
1670588217975 0.023760238160516534 0
1670588218891 0.023770542742274192 0
1670588219879 0.024040667935829152 0
1670588220858 0.024000305523023346 0
1670588222143 0.023965153698508157 0
1670588223095 0.023924084348371677 0
1670588224329 0.02388232837619575 0
1670588225202 0.023872243033998153 0
1670588226369 0.023951046281338262 0
1670588227410 0.023959800822153987 0
1670588228208 0.023918635940015198 0
1670588229036 0.023954235778229527 0
1670588229980 0.02392680285153448 0
1670588230895 0.023926197400864768 0
1670588231682 0.023885487961596175 0
1670588232428 0.023859398925765052 0
1670588233502 0.02412651575199487 0
1670588234527 0.024087860102729675 0
1670588235855 0.02421294844452504 0
1670588236896 0.024195251160625375 0
1670588237849 0.02430068183339884 0
1670588238725 0.024267194675505643 0
1670588239637 0.02423588194066917 0
1670588240657 0.024269443644483135 0
1670588241885 0.02429110741873064 0
1670588242885 0.024292509693273234 0
