1670591633733 0.004235401578810694 0
1670591634542 0.015594253859074706 0
1670591635333 0.010870123535185955 0
1670591636191 0.008869186228815652 0
1670591636991 0.009765538143711856 0
1670591637945 0.01038005987862007 0
1670591638661 0.010122798413627 0
1670591639539 0.009842271820849055 0
1670591640356 0.009168483259263432 0
1670591641251 0.00866144697389559 0
1670591642232 0.009140560088900455 0
1670591643053 0.00870521813397224 0
1670591643865 0.008617559908329013 0
1670591644756 0.008570669331858493 0
1670591645430 0.008253157476505256 0
1670591646261 0.007994663533613196 0
1670591647171 0.007839097110577977 0
1670591647863 0.007618170767575202 0
1670591648553 0.008079482527699345 0
1670591649459 0.007903366515547893 0
1670591650198 0.007980504094412925 0
1670591650909 0.00796254938958045 0
1670591651632 0.008105094564152347 0
1670591652608 0.007994628883778342 0
1670591653289 0.007868316232800425 0
1670591653990 0.00792084765617379 0
1670591654758 0.008519371268416486 0
1670591655536 0.008357613847677043 0
1670591656254 0.008743664568718803 0
1670591657131 0.008786380730577978 0
1670591657827 0.008666421157775828 0
1670591658946 0.008625582964610789 0
1670591659783 0.008498740065973065 0
1670591660577 0.008872769480661244 0
1670591661702 0.008758609913419639 0
1670591662654 0.008642646840292822 0
1670591663631 0.00872981239328037 0
1670591664389 0.008650693766369379 0
1670591665210 0.008570159017181476 0
1670591666103 0.008469211557603544 0
1670591666858 0.00844466352963119 0
1670591667784 0.008509347455782718 0
1670591668597 0.008419132608949557 0
1670591669423 0.008514481209532368 0
1670591670257 0.008681425385142102 0
1670591671210 0.008725765595692343 0
1670591672004 0.008636410389333937 0
1670591672746 0.008675323281474242 0
1670591673529 0.008617068087260836 0
1670591674368 0.008584416496248685 0
1670591675141 0.008508181185577255 0
1670591675881 0.008551293757707868 0
1670591676590 0.00847906781396714 0
1670591677431 0.008515865764251201 0
1670591678390 0.008465311551679382 0
1670591679539 0.008590982770822563 0
1670591680263 0.008527736034457264 0
1670591681074 0.00845555028269564 0
1670591682137 0.008395002530094911 0
1670591683112 0.008326437550415764 0
1670591683860 0.008293012754267276 0
1670591684703 0.0082305001615651 0
1670591685722 0.00825684403651599 0
1670591686684 0.008226097105318582 0
1670591687467 0.008275711342219211 0
1670591688258 0.008301999364164803 0
1670591689040 0.008241115679743397 0
1670591689796 0.00819048867862724 0
1670591690772 0.00813209268073254 0
1670591691767 0.008236182251404572 0
1670591692746 0.00824092643901713 0
1670591693748 0.008184620104002997 0
1670591694599 0.008157171958300409 0
1670591695596 0.008118793299644926 0
1670591696396 0.008094569597693222 0
1670591697210 0.008083877399290765 0
1670591697979 0.00803223557914216 0
1670591698869 0.007981570925743694 0
1670591699618 0.007947845950366846 0
1670591700395 0.007937857323424367 0
1670591701438 0.007927156283600603 0
1670591702489 0.007882856524061418 0
1670591703246 0.00784479256476751 0
1670591704291 0.00783527306040881 0
1670591705092 0.007796348294493497 0
1670591706031 0.007751517936059514 0
1670591707153 0.007707452130628829 0
1670591707980 0.007879374065699572 0
1670591708953 0.007896180690055769 0
1670591709785 0.00791127162088083 0
1670591710581 0.00786927379107481 0
1670591711357 0.007845091436564172 0
1670591712176 0.007813093785466203 0
1670591713101 0.007811500099918534 0
1670591713834 0.007787315878398315 0
1670591714783 0.0077487124332437755 0
1670591715523 0.007824478327333746 0
1670591716419 0.007837011320126135 0
1670591717202 0.007802790330800637 0
1670591718004 0.007772877813473977 0
1670591718918 0.007745429379399597 0
1670591719886 0.0077357899369169085 0
1670591720628 0.007703108407635892 0
1670591721574 0.0077186245228645645 0
1670591722709 0.007785280683313618 0
1670591723768 0.0080086588668975 0
1670591724668 0.008070227057414657 0
1670591725593 0.008221255362711523 0
1670591726401 0.008187911038290393 0
1670591727288 0.008261837500052972 0
1670591728220 0.008240835397303348 0
1670591729072 0.008217920086981146 0
1670591730161 0.008197543210975678 0
1670591730999 0.008185530940821431 0
1670591731871 0.008150178879211677 0
1670591732859 0.008224099762748429 0
