1670567196937 0.0003333333333333333 0
1670567197595 0.0003333333333333333 0
1670567198819 0.0003333333333333333 0
1670567199739 0.0 0
1670567200355 0.001 0
1670567200971 0.0 0
1670567201472 0.0006666666666666666 0
1670567202184 0.0003333333333333333 0
1670567202696 0.0003333333333333333 0
1670567203760 0.0003333333333333333 0
1670567204621 0.0 0
1670567205421 0.001 0
1670567206088 0.0 0
1670567207093 0.0003333333333333333 0
1670567207730 0.0 0
1670567208265 0.0003333333333333333 0
1670567209078 0.0006666666666666666 0
1670567210247 0.0003333333333333333 0
1670567211170 0.0006666666666666666 0
1670567211994 0.0003333333333333333 0
1670567213018 0.0003333333333333333 0
1670567213752 0.0003333333333333333 0
1670567214716 0.0003333333333333333 0
1670567215431 0.0003333333333333333 0
1670567216351 0.0003333333333333333 0
1670567216949 0.0003333333333333333 0
1670567217885 0.0 0
1670567218737 0.0 0
1670567219501 0.0003333333333333333 0
1670567220111 0.0006666666666666666 0
1670567220898 0.0003333333333333333 0
1670567221937 0.0003333333333333333 0
1670567222690 0.0 0
1670567223173 0.001 0
1670567224150 0.0 0
1670567225056 0.0003333333333333333 0
1670567226073 0.0 0
1670567227120 0.0006666666666666666 0
1670567227990 0.0 0
1670567229192 0.0003333333333333333 0
1670567229951 0.0 0
1670567231084 0.0003333333333333333 0
1670567231622 0.0 0
1670567232606 0.0 0
1670567233573 0.0006666666666666666 0
1670567234436 0.0 0
1670567235121 0.0003333333333333333 0
1670567235785 0.0003333333333333333 0
1670567236317 0.0003333333333333333 0
1670567237382 0.0003333333333333333 0
1670567238248 0.0006666666666666666 0
1670567238922 0.0 0
1670567239563 0.0 0
1670567240091 0.0003333333333333333 0
1670567240893 0.0003333333333333333 0
1670567241817 0.0 0
1670567242839 0.0 0
1670567243833 0.0 0
1670567244414 0.0 0
1670567245372 0.0006666666666666666 0
1670567246420 0.0 0
1670567247046 0.0 0
1670567247700 0.0003333333333333333 0
1670567248822 0.0003333333333333333 0
1670567249702 0.0006666666666666666 0
1670567250382 0.0 0
1670567251095 0.0003333333333333333 0
1670567251828 0.0 0
1670567252616 0.0006666666666666666 0
1670567253175 0.0006666666666666666 0
1670567254071 0.0 0
1670567254832 0.0 0
1670567255488 0.0003333333333333333 0
1670567255939 0.0006666666666666666 0
1670567257023 0.0 0
1670567257917 0.0006666666666666666 0
1670567258823 0.0003333333333333333 0
1670567259631 0.0 0
1670567260697 0.0003333333333333333 0
1670567261741 0.001 0
1670567262684 0.0003333333333333333 0
1670567263503 0.0003333333333333333 0
1670567264873 0.0003333333333333333 0
1670567265834 0.0 0
1670567266671 0.0 0
1670567267856 0.0003333333333333333 0
1670567269017 0.0003333333333333333 0
1670567270290 0.0003333333333333333 0
1670567271362 0.0 0
1670567272003 0.0003333333333333333 0
1670567272845 0.0 0
1670567273508 0.0 0
1670567274356 0.0003333333333333333 0
1670567275068 0.0003333333333333333 0
1670567276280 0.0013333333333333333 0
1670567277394 0.0 0
1670567278321 0.0 0
1670567279403 0.0006666666666666666 0
1670567280593 0.0 0
1670567281925 0.0006666666666666666 0
1670567282836 0.0 0
1670567283637 0.0 0
1670567284577 0.0006666666666666666 0
1670567285736 0.0003333333333333333 0
1670567286488 0.0003333333333333333 0
