1670591495241 0.0 0
1670591495494 0.0 0
1670591495764 0.0 0
1670591496027 0.0 0
1670591496285 0.0 0
1670591496569 0.0 0
1670591496852 0.0 0
1670591497108 0.0 0
1670591497344 0.0 0
1670591497600 0.0 0
1670591497893 0.0 0
1670591498228 0.0 0
1670591498479 0.0 0
1670591498738 0.0 0
1670591499008 0.0 0
1670591499333 0.0 0
1670591499595 0.0 0
1670591499865 0.0 0
1670591500195 0.0 0
1670591500527 0.0 0
1670591500780 0.0 0
1670591501147 0.0 0
1670591501388 0.0 0
1670591501659 0.0 0
1670591501911 0.0 0
1670591502152 0.0 0
1670591502421 0.0 0
1670591502681 0.0 0
1670591503023 0.0 0
1670591503402 0.0 0
1670591503660 0.0 0
1670591503891 0.0 0
1670591504158 0.0 0
1670591504396 0.0 0
1670591504653 0.0 0
1670591504932 0.0 0
1670591505183 0.0 0
1670591505432 0.0 0
1670591505692 0.0 0
1670591506042 0.0 0
1670591506293 0.0 0
1670591506629 0.0 0
1670591506919 0.0 0
1670591507234 0.0 0
1670591507453 0.0 0
1670591507773 0.0 0
1670591508015 0.0 0
1670591508245 0.0 0
1670591508582 0.0 0
1670591508794 0.0 0
1670591509020 0.0 0
1670591509258 0.0 0
1670591509516 0.0 0
1670591509790 0.0 0
1670591510031 0.0 0
1670591510266 0.0 0
1670591510481 0.0 0
1670591510720 0.0 0
1670591510941 0.0 0
1670591511164 0.0 0
1670591511435 0.0 0
1670591511667 0.0 0
1670591511907 0.0 0
1670591512127 0.0 0
1670591512357 0.0 0
1670591512690 0.0 0
1670591512922 0.0 0
1670591513159 0.0 0
1670591513374 0.0 0
1670591513597 0.0 0
1670591513870 0.0 0
1670591514164 0.0 0
1670591514505 0.0 0
1670591514725 0.0 0
1670591514959 0.0 0
1670591515189 0.0 0
1670591515414 0.0 0
1670591515652 0.0 0
1670591515888 0.0 0
1670591516138 0.0 0
1670591516360 0.0 0
1670591516589 0.0 0
1670591516788 0.0 0
1670591517015 0.0 0
1670591517237 0.0 0
1670591517462 0.0 0
1670591518016 0.0 0
1670591518262 0.0 0
1670591518536 0.0 0
1670591518781 0.0 0
1670591519126 0.0 0
1670591519381 0.0 0
1670591519725 0.0 0
1670591519980 0.0 0
1670591520350 0.0 0
1670591520606 0.0 0
1670591520872 0.0 0
1670591521216 0.0 0
1670591521481 0.0 0
1670591521822 0.0 0
1670591522290 0.0 0
1670591522592 0.0 0
