1670566366071 0.0 0
1670566366353 0.0 0
1670566366620 0.0 0
1670566367033 0.0 0
1670566367368 0.0 0
1670566367827 0.0 0
1670566368118 0.0 0
1670566368498 0.0 0
1670566368639 0.0 0
1670566369041 0.0 0
1670566369201 0.0 0
1670566369648 0.0 0
1670566370013 0.0 0
1670566370362 0.0 0
1670566370741 0.0 0
1670566371126 0.0 0
1670566371418 0.0 0
1670566371744 0.0 0
1670566371973 0.0 0
1670566372335 0.0 0
1670566372581 0.0 0
1670566372780 0.0 0
1670566373011 0.0 0
1670566373285 0.0 0
1670566373486 0.0 0
1670566373652 0.0 0
1670566373834 0.0 0
1670566374024 0.0 0
1670566374456 0.0 0
1670566374680 0.0 0
1670566374928 0.0 0
1670566375151 0.0 0
1670566375638 0.0 0
1670566375907 0.0 0
1670566376119 0.0 0
1670566376311 0.0 0
1670566376499 0.0 0
1670566376798 0.0 0
1670566377328 0.0 0
1670566377614 0.0 0
1670566377858 0.0 0
1670566378271 0.0 0
1670566378576 0.0 0
1670566378815 0.0 0
1670566379230 0.0 0
1670566379482 0.0 0
1670566379622 0.0 0
1670566379790 0.0 0
1670566379950 0.0 0
1670566380162 0.0 0
1670566380395 0.0 0
1670566380677 0.0 0
1670566380950 0.0 0
1670566381128 0.0 0
1670566381392 0.0 0
1670566381554 0.0 0
1670566381747 0.0 0
1670566382070 0.0 0
1670566382260 0.0 0
1670566382594 0.0 0
1670566382799 0.0 0
1670566382989 0.0 0
1670566383230 0.0 0
1670566383370 0.0 0
1670566383549 0.0 0
1670566383772 0.0 0
1670566383904 0.0 0
1670566384140 0.0 0
1670566384331 0.0 0
1670566384695 0.0 0
1670566384943 0.0 0
1670566385099 0.0 0
1670566385292 0.0 0
1670566385480 0.0 0
1670566385686 0.0 0
1670566385924 0.0 0
1670566386459 0.0 0
1670566386650 0.0 0
1670566386992 0.0 0
1670566387381 0.0 0
1670566387658 0.0 0
1670566387872 0.0 0
1670566388059 0.0 0
1670566388452 0.0 0
1670566388698 0.0 0
1670566388848 0.0 0
1670566389158 0.0 0
1670566389515 0.0 0
1670566389698 0.0 0
1670566390079 0.0 0
1670566390411 0.0 0
1670566390620 0.0 0
1670566390787 0.0 0
1670566391362 0.0 0
1670566391614 0.0 0
1670566391980 0.0 0
1670566392194 0.0 0
1670566392383 0.0 0
1670566392588 0.0 0
1670566392854 0.0 0
1670566393136 0.0 0
1670566393376 0.0 0
