1670563296021 0.0 0
1670563296570 0.0 0
1670563297200 0.0 0
1670563297784 0.0 0
1670563298472 0.0 0
1670563299134 0.0 0
1670563299710 0.0 0
1670563300519 0.0 0
1670563301322 0.0 0
1670563301846 0.0 0
1670563302774 0.0 0
1670563303425 0.0 0
1670563303939 0.0 0
1670563304694 0.0 0
1670563305192 0.0 0
1670563305667 0.0 0
1670563306034 0.0 0
1670563306597 0.0 0
1670563307216 0.0 0
1670563307704 0.0 0
1670563308267 0.0 0
1670563308843 0.0 0
1670563309246 0.0 0
1670563310074 0.0 0
1670563310582 0.0 0
1670563311405 0.0 0
1670563311794 0.0 0
1670563312270 0.0 0
1670563312897 0.0 0
1670563313571 0.0 0
1670563314063 0.0 0
1670563314603 0.0 0
1670563315111 0.0 0
1670563315787 0.0 0
1670563316352 0.0 0
1670563317108 0.0 0
1670563317743 0.0 0
1670563318264 0.0 0
1670563318952 0.0 0
1670563319599 0.0 0
1670563320247 0.0 0
1670563320882 0.0 0
1670563321540 0.0 0
1670563322096 0.0 0
1670563322653 0.0 0
1670563323290 0.0 0
1670563323984 0.0 0
1670563324654 0.0 0
1670563325488 0.0 0
1670563325830 0.0 0
1670563326396 0.0 0
1670563326883 0.0 0
1670563327560 0.0 0
1670563328174 0.0 0
1670563328803 0.0 0
1670563329480 0.0 0
1670563329943 0.0 0
1670563330558 0.0 0
1670563331132 0.0 0
1670563331586 0.0 0
1670563332198 0.0 0
1670563332738 0.0 0
1670563333473 0.0 0
1670563333927 0.0 0
1670563334511 0.0 0
1670563335038 0.0 0
1670563335511 0.0 0
1670563336125 0.0 0
1670563336632 0.0 0
1670563337274 0.0 0
1670563337994 0.0 0
1670563338743 0.0 0
1670563339309 0.0 0
1670563339940 0.0 0
1670563340465 0.0 0
1670563341053 0.0 0
1670563341720 0.0 0
1670563342167 0.0 0
1670563342914 0.0 0
1670563343258 0.0 0
1670563343830 0.0 0
1670563344410 0.0 0
1670563344894 0.0 0
1670563345489 0.0 0
1670563346355 0.0 0
1670563346811 0.0 0
1670563347645 0.0 0
1670563348182 0.0 0
1670563348813 0.0 0
1670563349508 0.0 0
1670563350114 0.0 0
1670563350760 0.0 0
1670563351254 0.0 0
1670563351920 0.0 0
1670563352364 0.0 0
1670563352943 0.0 0
1670563353610 0.0 0
1670563354113 0.0 0
1670563354586 0.0 0
1670563355195 0.0 0
1670563355866 0.0 0
