1670634402369 0.019059307104648142 0
1670634404761 0.005366350789865195 0
1670634407153 0.006890198366390248 0
1670634409495 0.005377359295877996 0
1670634411871 0.004598840079519634 0
1670634414537 0.004132752048072154 0
1670634417664 0.003737500802197657 0
1670634420815 0.0034375880015534814 0
1670634423769 0.0036037077952359342 0
1670634426466 0.00342955809967211 0
1670634429559 0.003786639081241726 0
1670634432629 0.00360504489305233 0
1670634435704 0.0038091432057860593 0
1670634438708 0.0036887990966733924 0
1670634441332 0.0040773065419838755 0
1670634443958 0.003934158142896681 0
1670634446861 0.003971393617847378 0
1670634450224 0.0038495294470992183 0
1670634453272 0.003746714429215779 0
1670634456046 0.003765294868730602 0
1670634459104 0.00366755266132111 0
1670634462052 0.0038401339546354028 0
1670634465131 0.0037653425470257906 0
1670634468412 0.0036854445608630396 0
1670634471638 0.003810375958412496 0
1670634475224 0.0038390487667043886 0
1670634478765 0.0037787018134013643 0
1670634482068 0.003750963495459822 0
1670634485526 0.003532771274746974 0
1670634488695 0.003608054190177619 0
1670634491893 0.003582113835853492 0
1670634494936 0.0035345259991186265 0
1670634498069 0.003498510124583011 0
1670634501451 0.003530650126987599 0
1670634505021 0.0035667266382182587 0
1670634508382 0.0035582921864997525 0
1670634511767 0.0036983419875960648 0
1670634514993 0.003699689868582075 0
1670634518498 0.0036537838570181898 0
1670634521866 0.0036903807025975566 0
1670634525481 0.003654429148205627 0
1670634528812 0.0037052878724564866 0
1670634532250 0.003838628964901666 0
1670634535780 0.003796016183472025 0
1670634539375 0.003862830222441901 0
1670634543396 0.0038298209814568475 0
1670634546801 0.003822859344535034 0
1670634550330 0.003785470178232912 0
1670634553836 0.0037530452980495447 0
1670634557325 0.0037458018255720656 0
1670634560677 0.0037187362360220806 0
1670634564071 0.0036921647954198666 0
1670634567136 0.003706421807339608 0
1670634570621 0.0037618512868308977 0
1670634574069 0.0037454763063934447 0
1670634577220 0.0038085540117330542 0
1670634580641 0.0037970081037957235 0
1670634584067 0.0037947794837218493 0
1670634587381 0.003863014610761677 0
1670634590826 0.0038312835833664415 0
1670634594497 0.0038016802364174065 0
1670634597729 0.0038174658823981345 0
1670634601109 0.00379467137206102 0
1670634604977 0.003788263793927703 0
1670634608527 0.003858923055488739 0
1670634611817 0.003867080931389313 0
1670634615353 0.0039240232170980344 0
1670634618800 0.003899290108678814 0
1670634622280 0.0038750047078056505 0
1670634625708 0.0038502747176999124 0
1670634628957 0.003831112854811988 0
1670634632410 0.0038227501148683073 0
1670634635609 0.0038099762655498266 0
1670634639041 0.003787871698114676 0
1670634642385 0.003769969952997141 0
1670634645625 0.003865669142000379 0
1670634648803 0.0038829930039208684 0
1670634652177 0.0038586460610401455 0
1670634655579 0.003874536650712036 0
1670634658777 0.003925218548699398 0
1670634662034 0.0039215874788996255 0
1670634665589 0.0038980547923770023 0
1670634668843 0.0038788102931117015 0
1670634672089 0.0038639622287055825 0
1670634675439 0.003854305669247401 0
1670634678669 0.003836229146173537 0
1670634681858 0.003896205913143361 0
1670634685117 0.003907095123978761 0
1670634688616 0.0038962576223171303 0
1670634692083 0.0038794435162351707 0
1670634695364 0.0038612894410402945 0
1670634697969 0.003846587678917574 0
1670634701309 0.0038396717037665756 0
1670634704560 0.003854348904239236 0
1670634707641 0.003838353299736799 0
1670634711062 0.003829260958897518 0
1670634714372 0.0038320569302877274 0
1670634717472 0.003855415932741798 0
1670634720337 0.0038580491411358826 0
1670634723766 0.003846517668388564 0
1670634727037 0.003856329020035949 0
1670634730370 0.0038451733157222993 0
