1670563590794 0.042354015788106894 0
1670563591460 0.015942123877513453 0
1670563592020 0.02374426295034171 0
1670563592629 0.020390863434994896 0
1670563593522 0.017551123327876936 0
1670563594228 0.015802052791613647 0
1670563595161 0.01428457269119597 0
1670563596132 0.015522574485356946 0
1670563596993 0.014450288197157005 0
1670563597717 0.016677145030737056 0
1670563598434 0.016052779975100698 0
1670563599005 0.01658713586215768 0
1670563600147 0.018641621958838978 0
1670563600962 0.017888404218672035 0
1670563601479 0.018127766408307752 0
1670563602020 0.02038789715844133 0
1670563602999 0.01986096521825642 0
1670563603433 0.019249764571978523 0
1670563604322 0.018779116532264037 0
1670563604922 0.019081550414461163 0
1670563605484 0.01884414247310777 0
1670563606364 0.0184273256858163 0
1670563607084 0.018020126723338026 0
1670563607806 0.018452191952359892 0
1670563608721 0.018067130137651655 0
1670563609358 0.017698313906721025 0
1670563610220 0.017834529310065544 0
1670563610888 0.019256109051251247 0
1670563611425 0.018326203476551117 0
1670563612443 0.01807178159180721 0
1670563613272 0.0187974959026624 0
1670563614101 0.018622223156957454 0
1670563614959 0.01878029243923432 0
1670563615620 0.018713676063020795 0
1670563616431 0.018931293678602634 0
1670563617357 0.018677753115945078 0
1670563618066 0.018985188363954242 0
1670563619030 0.018937777751002624 0
1670563619935 0.018786936103521445 0
1670563620740 0.0185686936534446 0
1670563621381 0.018565173679939803 0
1670563622244 0.018352563794367296 0
1670563623189 0.0181593329289505 0
1670563623677 0.017957710025824664 0
1670563624430 0.01786156586905613 0
1670563625312 0.017785238160302336 0
1670563626230 0.017752152981003175 0
1670563626945 0.017596403624400778 0
1670563627576 0.017724567899598337 0
1670563628131 0.017801471100780827 0
1670563629171 0.017837512316696183 0
1670563630083 0.0177141471591703 0
1670563630892 0.017549361128032556 0
1670563631698 0.018317570865415272 0
1670563632580 0.018373280847031895 0
1670563633229 0.018249943312830696 0
1670563633763 0.018095838439936604 0
1670563634405 0.017982564549211988 0
1670563635004 0.01827654008858537 0
1670563635719 0.018355896047092396 0
1670563636281 0.01824199918470583 0
1670563637005 0.01810045299848531 0
1670563637807 0.01795891088440807 0
1670563638551 0.017863760786826652 0
1670563639034 0.01811607353237643 0
1670563639758 0.01799791901834212 0
1670563640245 0.01796353107278119 0
1670563640797 0.017961959184154067 0
1670563641425 0.017993067662631673 0
1670563641902 0.017942926429287936 0
1670563642464 0.01812238992132599 0
1670563643068 0.01811713536768972 0
1670563643661 0.017998323355404716 0
1670563644200 0.01787809752606237 0
1670563644896 0.017778913100597205 0
1670563645478 0.01805899794574814 0
1670563646408 0.018062022063325023 0
1670563647262 0.018378412821149825 0
1670563648041 0.01827910154160818 0
1670563648710 0.01825082773020728 0
1670563649239 0.018220153710152426 0
1670563649958 0.01815362719528807 0
1670563650713 0.0180874212149095 0
1670563651864 0.018311886282075 0
1670563652494 0.018348041358399722 0
1670563653074 0.0182606125758632 0
1670563653638 0.018305117606573232 0
1670563654363 0.018223227746403614 0
1670563654985 0.018121947941886124 0
1670563655489 0.018113238708768867 0
1670563656026 0.018200905855957322 0
1670563656673 0.01820038072527279 0
1670563657436 0.01814511377353309 0
1670563658122 0.01882425867163548 0
1670563658956 0.018840893033045453 0
1670563659690 0.018752930968858078 0
1670563660282 0.018690731065901675 0
1670563661078 0.018601585468247167 0
1670563661643 0.018548854497736897 0
1670563662490 0.01915704121275358 0
1670563663230 0.01922377326454533 0
