1670633571096 0.021782065262455047 0
1670633575098 0.008357832468583189 0
1670633579021 0.014295728551114086 0
1670633583080 0.011921241319506608 0
1670633586948 0.01114456726017684 0
1670633590738 0.010092706469434769 0
1670633594524 0.01007623059094475 0
1670633598298 0.009328010993499516 0
1670633602234 0.008692846466409804 0
1670633605855 0.009848402820653808 0
1670633609912 0.009332546915654556 0
1670633613355 0.012026155873844702 0
1670633616580 0.01167064200677971 0
1670633620360 0.014272524936323416 0
1670633623809 0.014773196705942536 0
1670633627781 0.014406055768231715 0
1670633631398 0.014432108159771327 0
1670633635226 0.013988304238021061 0
1670633639212 0.013603046239871679 0
1670633643199 0.013298658497492843 0
1670633646857 0.012975299875556366 0
1670633650601 0.013275061651501371 0
1670633654362 0.012966909836105753 0
1670633658151 0.01273226571063002 0
1670633661836 0.012510335797437953 0
1670633665353 0.013018021471988113 0
1670633669202 0.013353880406967444 0
1670633672703 0.01440496158005599 0
1670633676404 0.013570507167566685 0
1670633680180 0.01336744747788026 0
1670633684096 0.013198238448017818 0
1670633687586 0.012998726247756616 0
1670633691286 0.012810918037198193 0
1670633694973 0.012798524759714346 0
1670633698460 0.012630687442666544 0
1670633702200 0.012462633492593585 0
1670633705808 0.012358748017339417 0
1670633709286 0.012199412602486255 0
1670633713072 0.012051981656041967 0
1670633716565 0.01237752696783296 0
1670633720193 0.012322370698238404 0
1670633723942 0.012363816211182162 0
1670633727972 0.012228796995469998 0
1670633731846 0.012664238176977621 0
1670633735327 0.01252587450367449 0
1670633738562 0.012523564373236998 0
1670633742096 0.012401515608073163 0
1670633745657 0.012330222214466273 0
1670633749231 0.012207857875182831 0
1670633752756 0.012155770021569354 0
1670633756476 0.01203908520877496 0
1670633760230 0.012276264464798799 0
1670633764094 0.012618497691609727 0
1670633767236 0.012861298399837559 0
1670633770792 0.012752581039462516 0
1670633774460 0.012644447640686826 0
1670633778286 0.013001833689157083 0
1670633781507 0.01296073782378182 0
1670633784715 0.012862746117401971 0
1670633787964 0.013171631477693804 0
1670633791494 0.013162225193398304 0
1670633794939 0.013063493559659106 0
1670633798510 0.013235854915215506 0
1670633801982 0.013192311251767008 0
1670633805414 0.013145034391851954 0
1670633808581 0.013116950067968633 0
1670633812157 0.013287090915635236 0
1670633815397 0.013388303545199376 0
1670633818629 0.013344666023994034 0
1670633822119 0.01355792078008581 0
1670633825595 0.013635008028914555 0
1670633829093 0.013584106801688985 0
1670633832688 0.01353845108191934 0
1670633836299 0.013453239947700889 0
1670633839948 0.013376302250516899 0
1670633843580 0.013290270390431347 0
1670633846871 0.013205877088112446 0
1670633850325 0.013217716262217544 0
1670633853938 0.013167790689190405 0
1670633857445 0.013129530452394608 0
1670633860955 0.013049367952579334 0
1670633864434 0.013046575394404243 0
1670633867880 0.012971256890647306 0
1670633871330 0.01306479032051254 0
1670633874917 0.012991281447568837 0
1670633878430 0.012921941102035983 0
1670633881888 0.012854529765364782 0
1670633885334 0.012827870274648726 0
1670633888775 0.012951320183269693 0
1670633892211 0.01301232723439566 0
1670633895680 0.013284204867485883 0
1670633899182 0.013263370879914499 0
1670633902470 0.013313378793152933 0
1670633905755 0.013321151005438965 0
1670633909057 0.013251728986584853 0
1670633912356 0.013190887374795388 0
1670633915680 0.013175796745667365 0
1670633918993 0.013137258676292993 0
1670633922313 0.013085246131290654 0
1670633925509 0.013161600850470065 0
1670633928294 0.013269431748249245 0
