1670623093831 0.0 0
1670623105329 0.0 0
1670623116857 0.0 0
1670623128934 0.0 0
1670623140472 0.0 0
1670623152214 0.0 0
1670623163111 0.0 0
1670623173899 0.0 0
1670623186126 0.0 0
1670623198079 0.0 0
1670623209623 0.0 0
1670623221455 0.0 0
1670623233277 0.0 0
1670623245026 0.0 0
1670623256705 0.0 0
1670623268533 0.0 0
1670623279768 0.0 0
1670623291260 0.0 0
1670623302456 0.0 0
1670623313764 0.0 0
1670623325675 0.0 0
1670623338096 0.0 0
1670623348682 0.0 0
1670623360607 0.0 0
1670623372041 0.0 0
1670623383717 0.0 0
1670623394990 0.0 0
1670623406954 0.0 0
1670623418625 0.0 0
1670623429638 0.0 0
1670623441100 0.0 0
1670623451910 0.0 0
1670623462832 0.0 0
1670623473948 0.0 0
1670623485576 0.0 0
1670623496720 0.0 0
1670623507807 0.0 0
1670623519257 0.0 0
1670623530548 0.0 0
1670623542205 0.0 0
1670623553967 0.0 0
1670623565432 0.0 0
1670623577549 0.0 0
1670623589232 0.0 0
1670623600461 0.0 0
1670623611666 0.0 0
1670623623515 0.0 0
1670623635405 0.0 0
1670623646962 0.0 0
1670623658701 0.0 0
1670623670438 0.0 0
1670623681933 0.0 0
1670623693336 0.0 0
1670623704817 0.0 0
1670623716726 0.0 0
1670623728469 0.0 0
1670623740367 0.0 0
1670623752044 0.0 0
1670623763779 0.0 0
1670623775049 0.0 0
1670623786679 0.0 0
1670623798691 0.0 0
1670623810460 0.0 0
1670623821447 0.0 0
1670623833007 0.0 0
1670623844788 0.0 0
1670623856799 0.0 0
1670623868484 0.0 0
1670623880075 0.0 0
1670623891865 0.0 0
1670623903410 0.0 0
1670623915302 0.0 0
1670623927102 0.0 0
1670623938510 0.0 0
1670623950150 0.0 0
1670623961099 0.0 0
1670623972437 0.0 0
1670623984059 0.0 0
1670623996157 0.0 0
1670624008248 0.0 0
1670624019868 0.0 0
1670624031636 0.0 0
1670624043602 0.0 0
1670624055120 0.0 0
1670624067208 0.0 0
1670624079266 0.0 0
1670624091489 0.0 0
1670624103545 0.0 0
1670624115010 0.0 0
1670624126665 0.0 0
1670624137435 0.0 0
1670624148642 0.0 0
1670624159849 0.0 0
1670624170731 0.0 0
1670624182533 0.0 0
1670624194424 0.0 0
1670624206208 0.0 0
1670624217609 0.0 0
1670624229244 0.0 0
1670624240194 0.0 0
1670624250146 0.0 0
1670624259822 0.0 0
