1670631648227 0.0 0
1670631652068 0.0 0
1670631655857 0.0 0
1670631659440 0.0 0
1670631663122 0.0 0
1670631667047 0.0 0
1670631671086 0.0 0
1670631674804 0.0 0
1670631678620 0.0 0
1670631682303 0.0 0
1670631686104 0.0 0
1670631689840 0.0 0
1670631693696 0.0 0
1670631697667 0.0 0
1670631701632 0.0 0
1670631705345 0.0 0
1670631709155 0.0 0
1670631713037 0.0 0
1670631716996 0.0 0
1670631721002 0.0 0
1670631724916 0.0 0
1670631728989 0.0 0
1670631733373 0.0 0
1670631737142 0.0 0
1670631741187 0.0 0
1670631745366 0.0 0
1670631749467 0.0 0
1670631753684 0.0 0
1670631757418 0.0 0
1670631761276 0.0 0
1670631765083 0.0 0
1670631768960 0.0 0
1670631772905 0.0 0
1670631777024 0.0 0
1670631781105 0.0 0
1670631784853 0.0 0
1670631788616 0.0 0
1670631791919 0.0 0
1670631795825 0.0 0
1670631799797 0.0 0
1670631804126 0.0 0
1670631808492 0.0 0
1670631812847 0.0 0
1670631817200 0.0 0
1670631821611 0.0 0
1670631826096 0.0 0
1670631830570 0.0 0
1670631834693 0.0 0
1670631839225 0.0 0
1670631843892 0.0 0
1670631848097 0.0 0
1670631852181 0.0 0
1670631856293 0.0 0
1670631860332 0.0 0
1670631864353 0.0 0
1670631868890 0.0 0
1670631873523 0.0 0
1670631878088 0.0 0
1670631882670 0.0 0
1670631887208 0.0 0
1670631891763 0.0 0
1670631896312 0.0 0
1670631900886 0.0 0
1670631904983 0.0 0
1670631909188 0.0 0
1670631913465 0.0 0
1670631917570 0.0 0
1670631921701 0.0 0
1670631925797 0.0 0
1670631929935 0.0 0
1670631934213 0.0 0
1670631938742 0.0 0
1670631943189 0.0 0
1670631947711 0.0 0
1670631952195 0.0 0
1670631956828 0.0 0
1670631961265 0.0 0
1670631965744 0.0 0
1670631970400 0.0 0
1670631975184 0.0 0
1670631979814 0.0 0
1670631984461 0.0 0
1670631989054 0.0 0
1670631993762 0.0 0
1670631998414 0.0 0
1670632002861 0.0 0
1670632007302 0.0 0
1670632011756 0.0 0
1670632016246 0.0 0
1670632020758 0.0 0
1670632025524 0.0 0
1670632030040 0.0 0
1670632034093 0.0 0
1670632038202 0.0 0
1670632042284 0.0 0
1670632046365 0.0 0
1670632050442 0.0 0
1670632054521 0.0 0
1670632058413 0.0 0
1670632062891 0.0 0
1670632067360 0.0 0
