1670591996097 0.1048 0
1670591999607 0.1043 0
1670592003999 0.1041 0
1670592007951 0.1057 0
1670592011339 0.1049 0
1670592014903 0.1052 0
1670592018499 0.1048 0
1670592022501 0.1053 0
1670592026135 0.1061 0
1670592029675 0.1058 0
1670592033170 0.1047 0
1670592036521 0.1049 0
1670592040091 0.1056 0
1670592043668 0.1053 0
1670592046929 0.1062 0
1670592049971 0.1045 0
1670592053647 0.106 0
1670592056980 0.1049 0
1670592060586 0.1057 0
1670592063702 0.1051 0
1670592067007 0.1047 0
1670592069961 0.1051 0
1670592073402 0.1039 0
1670592076708 0.1041 0
1670592079904 0.1055 0
1670592083050 0.1048 0
1670592086142 0.1055 0
1670592089363 0.1054 0
1670592092422 0.1059 0
1670592095478 0.1058 0
1670592098855 0.105 0
1670592101946 0.1048 0
1670592105476 0.1048 0
1670592109052 0.1047 0
1670592112534 0.1044 0
1670592116124 0.1058 0
1670592119715 0.1056 0
1670592123290 0.1039 0
1670592126912 0.1041 0
1670592130590 0.1047 0
1670592134250 0.1052 0
1670592138195 0.105 0
1670592141949 0.1047 0
1670592146187 0.1044 0
1670592150480 0.1047 0
1670592155181 0.1042 0
1670592159277 0.105 0
1670592163617 0.1046 0
1670592167446 0.1049 0
1670592171442 0.1052 0
1670592176499 0.1047 0
1670592181037 0.1063 0
1670592185709 0.105 0
1670592189359 0.1048 0
1670592193010 0.1049 0
1670592197376 0.1053 0
1670592201468 0.1043 0
1670592205430 0.1056 0
1670592209588 0.105 0
1670592213820 0.1047 0
1670592217857 0.1044 0
1670592221854 0.104 0
1670592225848 0.1056 0
1670592229547 0.1059 0
1670592233795 0.1056 0
1670592237868 0.1051 0
1670592241797 0.1058 0
1670592245613 0.1055 0
1670592249369 0.1048 0
1670592253079 0.1055 0
1670592257156 0.1045 0
1670592260973 0.1043 0
1670592265197 0.1056 0
1670592269132 0.1052 0
1670592273690 0.1043 0
1670592277708 0.1044 0
1670592281398 0.1047 0
1670592285414 0.1047 0
1670592289554 0.1055 0
1670592293689 0.1049 0
1670592297167 0.105 0
1670592301241 0.104 0
1670592305080 0.1045 0
1670592308998 0.1048 0
1670592312454 0.1044 0
1670592316573 0.1048 0
1670592320500 0.1051 0
1670592324385 0.1057 0
1670592328272 0.1039 0
1670592332445 0.105 0
1670592336702 0.1058 0
1670592340866 0.1057 0
1670592345410 0.1054 0
1670592348774 0.1051 0
1670592353228 0.1044 0
1670592356755 0.1043 0
1670592360619 0.1045 0
1670592364555 0.1048 0
1670592368296 0.1053 0
1670592371931 0.1055 0
1670592375661 0.1055 0
1670592379683 0.1043 0
1670592383935 0.1048 0
1670592387756 0.1049 0
1670592392014 0.1054 0
1670592396104 0.1046 0
1670592399784 0.1054 0
1670592403951 0.1052 0
1670592407877 0.105 0
1670592411886 0.1049 0
1670592415606 0.1048 0
1670592419444 0.105 0
1670592423242 0.1054 0
1670592427142 0.1048 0
1670592431236 0.1064 0
1670592435015 0.1054 0
1670592439111 0.1051 0
1670592442713 0.1048 0
1670592446691 0.1048 0
1670592450870 0.104 0
1670592454783 0.1049 0
1670592458460 0.1056 0
1670592462127 0.105 0
1670592465928 0.1055 0
1670592469869 0.1048 0
1670592474121 0.1061 0
1670592478144 0.106 0
1670592481947 0.104 0
1670592486309 0.1047 0
1670592490194 0.1041 0
1670592493850 0.1051 0
1670592498126 0.1044 0
1670592502435 0.1044 0
1670592506911 0.1042 0
1670592511146 0.1046 0
1670592515151 0.1044 0
1670592519374 0.1046 0
1670592522957 0.1047 0
1670592526587 0.106 0
1670592530206 0.1056 0
1670592533989 0.1052 0
1670592537618 0.1047 0
1670592541722 0.1062 0
1670592545692 0.1053 0
1670592549382 0.1041 0
1670592553044 0.1053 0
1670592557038 0.1046 0
1670592561067 0.1052 0
1670592564976 0.1052 0
