1670593412435 0.004235401578810698 0
1670593413251 0.0013521932988493658 0
1670593413866 0.0009186931155186995 0
1670593414655 0.0007403853613860797 0
1670593415568 0.0006386661920440906 0
1670593416240 0.0005708271881056993 0
1670593417216 0.0005213506426904687 0
1670593417835 0.0006391316596873232 0
1670593418805 0.0006911004288098086 0
1670593419494 0.0006615519107133094 0
1670593420346 0.0006353696873281309 0
1670593420998 0.0006119922745581102 0
1670593421756 0.0006506367181004415 0
1670593422416 0.0006323069065928471 0
1670593423161 0.0006152964844463903 0
1670593423980 0.0008313354114592203 0
1670593424749 0.0008120683945349685 0
1670593425859 0.0007939516795536026 0
1670593426511 0.0007768976493786887 0
1670593427210 0.0007835381700732825 0
1670593427932 0.0007692400622702424 0
1670593428896 0.0007744923290890333 0
1670593429622 0.0007773411515381047 0
1670593430595 0.0007665808141620505 0
1670593431409 0.0007561052428523285 0
1670593432136 0.0007596135217609275 0
1670593432844 0.0007504956784290274 0
1670593433630 0.0007415712167208174 0
1670593434309 0.0007022993253664066 0
1670593434961 0.0006951517015625896 0
1670593435938 0.0007833047551345663 0
1670593436855 0.000783945597611939 0
1670593437713 0.000783834870832063 0
1670593438491 0.0007777385970988156 0
1670593439311 0.0007716556645692286 0
1670593439926 0.0007656037233377444 0
1670593440589 0.0007595968347343764 0
1670593441226 0.0007610568088391434 0
1670593442065 0.0007555683050730307 0
1670593442743 0.0007568547262017071 0
1670593443479 0.0007575911422354105 0
1670593444301 0.0007529611381404972 0
1670593445043 0.0007483263160445726 0
1670593445724 0.0007493443425201092 0
1670593446393 0.0007450633819401393 0
1670593447137 0.0007407781235275058 0
1670593448001 0.0007364972594024178 0
1670593448661 0.0007322281565016731 0
1670593449362 0.0007340494696653826 0
1670593450129 0.0007300702818897288 0
1670593450853 0.0007261004837067099 0
1670593451787 0.0007221453286849914 0
1670593452531 0.0007182093031380802 0
1670593453264 0.0007142962295885412 0
1670593453920 0.0007104093553779676 0
1670593454527 0.0007065514287493322 0
1670593455333 0.0007027247643301593 0
1670593456151 0.0006989312996208951 0
1670593456985 0.0006951726438280125 0
1670593457884 0.0006914501201640518 0
1670593458708 0.0006877648025577693 0
1670593459649 0.0006841175475695326 0
1670593460560 0.0007324300116943101 0
1670593461194 0.0007347620283722187 0
1670593461931 0.0007367799232516725 0
1670593462596 0.0007333422960941647 0
1670593463305 0.0007299297837874927 0
1670593464058 0.0007265435409943803 0
1670593464736 0.0007231845478416317 0
1670593465405 0.0007254775713771793 0
1670593466195 0.0007222739043699212 0
1670593466850 0.0007190941191314927 0
1670593467614 0.0007159389967898902 0
1670593468366 0.0007541892917570173 0
1670593469149 0.0007509870098149313 0
1670593470220 0.0007478090549719724 0
1670593470883 0.000744656010723894 0
1670593471661 0.000836200004241317 0
1670593472373 0.0008326643762888849 0
1670593473180 0.000829159764891957 0
1670593474124 0.0008256863872064822 0
1670593475100 0.0008258533872107567 0
1670593475728 0.0009694315653062068 0
1670593476575 0.0010307445745816087 0
1670593477392 0.0010265468428453603 0
1670593478375 0.0010223876483898818 0
1670593479206 0.0010182669526582068 0
1670593479898 0.0010141846727432175 0
1670593480780 0.0010101406861497578 0
1670593481652 0.0010061348350974661 0
1670593482403 0.0010236742537618347 0
1670593483202 0.0010211112989697132 0
1670593484098 0.0010185343504973403 0
1670593484927 0.0010148276346720175 0
1670593485617 0.0010111504883827996 0
1670593486408 0.0010075029552734937 0
1670593487203 0.001003885045522067 0
1670593488184 0.0010016889410982813 0
1670593488946 0.00101750471008878 0
1670593489795 0.0010140539514413855 0
1670593490541 0.001010628292648271 0
