1670568918947 nan 0
1670568919459 0.0027043865976987317 0
1670568920124 0.0017591633850134558 0
1670568920892 0.0013851341782447596 0
1670568922005 0.0012773323840881811 0
1670568922681 0.0013588405029744063 0
1670568923478 0.0013652164478531136 0
1670568924276 0.0012552296612399632 0
1670568925109 0.0012527259113130243 0
1670568925783 0.0011772402530778059 0
1670568926724 0.0011139960616454439 0
1670568927412 0.0011173399126479064 0
1670568928317 0.0011127599949679187 0
1670568928827 0.001103453372915644 0
1670568929204 0.0010913204380625444 0
1670568929957 0.0010581172323899815 0
1670568930555 0.0010483757893384423 0
1670568931231 0.0010214466572459249 0
1670568932222 0.0010134310178146581 0
1670568933232 0.0009911061004447812 0
1670568934087 0.0011772846286091058 0
1670568935037 0.0011687159647389143 0
1670568935767 0.001192956889349613 0
1670568936258 0.0011855396159546393 0
1670568937024 0.0011617909784762174 0
1670568937823 0.0011551371669188102 0
1670568938421 0.0011341919927610384 0
1670568939140 0.0011143485130236056 0
1670568939779 0.0010633070836499202 0
1670568940314 0.0010596286137222477 0
1670568940796 0.00104502698155015 0
1670568941495 0.0010309978010851974 0
1670568941918 0.0010175058712944313 0
1670568942615 0.0010045188035735799 0
1670568943321 0.0010032311548210295 0
1670568943852 0.001001343613516942 0
1670568944477 0.0009989516272294803 0
1670568945365 0.0009961353619295983 0
1670568945715 0.000992962451779938 0
1670568946462 0.0009894901884350464 0
1670568947031 0.0009857672781779453 0
1670568947568 0.0011800191277704568 0
1670568948176 0.0011744175427157797 0
1670568948910 0.0011686967207687753 0
1670568949518 0.0011628829618324705 0
1670568949966 0.00131224995721281 0
1670568950427 0.001305507925224277 0
1670568951262 0.0012932408389441964 0
1670568951826 0.0012868937720251128 0
1670568952414 0.001280509700710045 0
1670568953012 0.0012741029658242394 0
1670568953384 0.0012633634934821987 0
1670568954087 0.0012573174823068574 0
1670568955215 0.0012471932424438098 0
1670568956004 0.0012414771759591834 0
1670568956431 0.001231914510533047 0
1670568956895 0.0012265010887350122 0
1670568957369 0.0012174525686662473 0
1670568958238 0.0012123174871076672 0
1670568958936 0.0012071666917224208 0
1670568959395 0.001202007490658163 0
1670568960369 0.0012132667202314755 0
1670568961035 0.0012083616308150066 0
1670568961593 0.001203448405426081 0
1670568962220 0.0011957497844340176 0
1670568962725 0.0011910676939398315 0
1670568963290 0.0011837331481973931 0
1670568963934 0.0011765256328937588 0
1670568964476 0.0011722689045066642 0
1670568965055 0.0011653883426937046 0
1670568965573 0.0011759727895333254 0
1670568966327 0.0011690804482138762 0
1670568966943 0.0011653839908075997 0
1670568967432 0.0011751715443918424 0
1670568968096 0.0011841741594602044 0
1670568968697 0.0011773867654349987 0
1670568969270 0.00117071196479424 0
1670568969783 0.0011676663303205087 0
1670568970232 0.0011612545400763064 0
1670568970816 0.001154944497284916 0
1670568971371 0.0011521546290114652 0
1670568971820 0.0011918780738920855 0
1670568972326 0.0011987654252304922 0
1670568972966 0.0011960769321876104 0
1670568973643 0.001193344307679975 0
1670568974157 0.0011905720081643526 0
1670568974750 0.001187764155376945 0
1670568975495 0.0011849245633218418 0
1670568976053 0.0011820567628199883 0
1670568976592 0.0011791640238664844 0
1670568977037 0.0011762493760159333 0
1670568977721 0.0011707892859552061 0
1670568978131 0.0011654019757297942 0
1670568978613 0.0011727364726032976 0
1670568979105 0.001167364438429432 0
1670568979940 0.0011648709856988337 0
1670568980503 0.001159672136444229 0
1670568980887 0.001154540356326525 0
1670568981412 0.0011613693963685684 0
1670568981901 0.00115625729632227 0
1670568982557 0.0011541292110825326 0
1670568983043 0.001149172867569479 0
1670568983587 0.0011442783678539364 0
1670568984094 0.001142294959138274 0
1670568984760 0.0011487773868349435 0
1670568985186 0.0011548855555566914 0
1670568985544 0.0011606406777136516 0
1670568986123 0.0011588926871017007 0
1670568986600 0.001154117812590611 0
1670568987164 0.0011524106302104964 0
1670568987757 0.0011477678463462804 0
1670568988316 0.0011461001394704913 0
1670568988945 0.0011443998142110314 0
1670568989539 0.00113995433551197 0
1670568990096 0.0011382934735256396 0
1670568990577 0.0011366033285880376 0
1670568991158 0.0011348858500772293 0
1670568991604 0.0011331428804694965 0
1670568992354 0.001139104658878588 0
1670568992916 0.001134942818359906 0
1670568993433 0.0011308252085960291 0
1670568994064 0.0011292521920525298 0
1670568994632 0.001127653874606141 0
1670568995282 0.0011260318609941562 0
1670568995667 0.0011318232974768694 0
1670568996183 0.001127896400939305 0
1670568996629 0.001126370706507144 0
1670568997045 0.001122539593719759 0
1670568997537 0.0011187462848903985 0
1670568998045 0.0011173076989092637 0
1670568998564 0.001115846397677513 0
1670568999070 0.0011143637201964558 0
1670568999563 0.0011128609402252054 0
1670569000055 0.0011113392697656489 0
1670569000563 0.001117095256336807 0
1670569001012 0.0011156065561683287 0
1670569001510 0.0011141001317901958 0
1670569001973 0.001110669231334209 0
1670569002537 0.0011091943551692443 0
1670569003093 0.0011148129275906312 0
1670569003711 0.0011133687463207452 0
1670569004283 0.0011100295685247303 0
1670569004907 0.001108614631917985 0
1670569005446 0.001107183929056729 0
1670569006070 0.0011057383707121715 0
1670569006593 0.0011042788267853047 0
1670569007181 0.0011028061282983964 0
1670569007692 0.0011084206023841067 0
1670569008469 0.0011138101463730348 0
1670569008972 0.0011371717269342406 0
1670569009566 0.0011339016521300074 0
1670569010297 0.0011325279673566693 0
1670569010942 0.0011311403155452066 0
1670569011550 0.00112973946448683 0
1670569012103 0.0011283261494526365 0
1670569012792 0.0011331531710539434 0
1670569013358 0.0011317670343631758 0
1670569013984 0.0011303690912457286 0
1670569014682 0.0011350870542742846 0
1670569015270 0.001132029474661951 0
1670569015891 0.001130694280010755 0
1670569016468 0.0011276962199178269 0
1670569017044 0.0011247210961392207 0
1670569017570 0.0011234444987110641 0
1670569018081 0.0011205262834807586 0
1670569018768 0.0011192719611141505 0
1670569019437 0.0011164089792303886 0
1670569020131 0.0011135670689060816 0
1670569020527 0.001112366991124815 0
1670569021151 0.0011095779627617864 0
1670569021670 0.0011068090333055977 0
1670569022300 0.0011040599761784561 0
1670569022973 0.0011029422908659244 0
1670569023540 0.0011002432175232773 0
1670569024031 0.0010991438455030032 0
1670569024658 0.0010980329949860604 0
1670569025088 0.0010969111890047588 0
1670569025967 0.0010943191248998787 0
1670569026510 0.0010917445363191527 0
1670569027060 0.001090669487624378 0
1670569027679 0.001088140181740978 0
1670569028189 0.0010870823838050776 0
1670569028693 0.0010845971368455035 0
1670569029358 0.0010821280477321742 0
1670569029798 0.0010866685242835762 0
1670569030249 0.0010841949816465357 0
1670569030806 0.0010817375652433122 0
1670569031340 0.0010808007280812084 0
1670569031965 0.001078384568332742 0
1670569032618 0.0010774616824927312 0
1670569033169 0.0010750857161112464 0
1670569033804 0.0011166880529964295 0
1670569034275 0.0011156992870348518 0
1670569034772 0.001114700481960988 0
1670569035413 0.0011185499623330365 0
1670569035993 0.0011222801455649618 0
1670569036569 0.0011197861723654464 0
1670569037216 0.0011188507296263745 0
1670569037932 0.0011163959749731795 0
1670569038493 0.0011154732990094056 0
1670569039135 0.001113056813546337 0
1670569039711 0.0011121466507296976 0
1670569040276 0.001111226777159509 0
1670569040894 0.0011088696190388067 0
1670569041582 0.0011065269468213087 0
1670569042254 0.001104198619273659 0
1670569042964 0.001101884496946868 0
1670569043482 0.0011010408695491056 0
1670569044236 0.0011046826439688967 0
1670569044836 0.001102390586999276 0
1670569045391 0.001101578927692918 0
1670569046008 0.0011007575591720177 0
1670569046619 0.0011043242459017344 0
1670569047266 0.0011035139956924519 0
1670569047889 0.001139256278577505 0
1670569048333 0.0011383780767048807 0
1670569048909 0.001137491282997764 0
