1670625141902 0.007260688420818338 0
1670625149964 0.006132972331274508 0
1670625158012 0.004034487053034063 0
1670625165782 0.003149192100782865 0
1670625173395 0.002681839348241813 0
1670625181222 0.002363449097087896 0
1670625189121 0.002239142692365767 0
1670625197084 0.0020783421661978484 0
1670625205079 0.0021832202555167775 0
1670625213119 0.0021592411070328445 0
1670625220287 0.002055829690507342 0
1670625227850 0.001955719429592798 0
1670625235375 0.001872621711234499 0
1670625243156 0.0018297437247119961 0
1670625250871 0.0017884901978452812 0
1670625258725 0.0017778665884967152 0
1670625266709 0.0018136771298468872 0
1670625274759 0.0017770781590808844 0
1670625282627 0.002098143566469781 0
1670625290026 0.0021486834845012926 0
1670625297528 0.002149298417208862 0
1670625305089 0.0021134589820453065 0
1670625312733 0.002068071173097428 0
1670625320114 0.0021403545817501295 0
1670625328043 0.002098466289903805 0
1670625335745 0.0020685792755863195 0
1670625343499 0.002074670057288174 0
1670625351171 0.002303681565127013 0
1670625358880 0.0021707578139253877 0
1670625366707 0.0021428721772389237 0
1670625374512 0.0023128723273052273 0
1670625382139 0.0022779463957216615 0
1670625389626 0.0022558880654075407 0
1670625397304 0.002260209780812229 0
1670625405194 0.0024031759023230353 0
1670625413015 0.002391690539954243 0
1670625420788 0.002369840445451335 0
1670625428335 0.0024905637646185684 0
1670625435619 0.0025982255288906314 0
1670625443241 0.0026298496040528287 0
1670625451042 0.0026071898804895435 0
1670625458922 0.002617464335393783 0
1670625466502 0.0026126103068163367 0
1670625474253 0.002613285312720072 0
1670625481898 0.0025938815580050997 0
1670625489344 0.0025747829761627442 0
1670625496876 0.002635869599700643 0
1670625504399 0.002662685587505059 0
1670625512030 0.0026363325905559513 0
1670625519541 0.002617111737416464 0
1670625527058 0.002592274209766931 0
1670625534885 0.0025916702697100086 0
1670625542641 0.002569964064265137 0
1670625550455 0.0025487858321069016 0
1670625558203 0.0025398549016086517 0
1670625566056 0.0025177264249791275 0
1670625573608 0.0025401445957852543 0
1670625581359 0.0025601676835925705 0
1670625588897 0.0025393061872371918 0
1670625596520 0.0025407987438892023 0
1670625604288 0.002520342141548704 0
1670625612329 0.002502014409583461 0
1670625620492 0.002485139186424754 0
1670625628381 0.0024766940143015536 0
1670625636263 0.002556709745529328 0
1670625644218 0.002571538802845624 0
1670625652053 0.002595259227559238 0
1670625660142 0.0025775277829394577 0
1670625668149 0.0025674917202834187 0
