1670571725954 0.0 0
1670571727665 0.0 0
1670571729129 0.0 0
1670571730469 0.0 0
1670571731929 0.0 0
1670571733150 0.0 0
1670571734443 0.0 0
1670571735560 0.0 0
1670571737117 0.0 0
1670571738601 0.0 0
1670571740228 0.0 0
1670571741469 0.0 0
1670571743231 0.0 0
1670571744485 0.0 0
1670571745831 0.0 0
1670571747578 0.0 0
1670571748695 0.0 0
1670571749820 0.0 0
1670571751142 0.0 0
1670571752887 0.0 0
1670571754073 0.0 0
1670571755700 0.0 0
1670571757415 0.0 0
1670571758720 0.0 0
1670571760023 0.0 0
1670571761057 0.0 0
1670571762333 0.0 0
1670571763477 0.0 0
1670571764685 0.0 0
1670571766282 0.0 0
1670571767512 0.0 0
1670571769057 0.0 0
1670571770313 0.0 0
1670571771427 0.0 0
1670571773306 0.0 0
1670571774842 0.0 0
1670571775970 0.0 0
1670571777553 0.0 0
1670571778576 0.0 0
1670571780287 0.0 0
1670571782008 0.0 0
1670571783258 0.0 0
1670571784858 0.0 0
1670571786158 0.0 0
1670571787652 0.0 0
1670571788885 0.0 0
1670571790310 0.0 0
1670571792006 0.0 0
1670571793180 0.0 0
1670571794680 0.0 0
1670571796313 0.0 0
1670571798083 0.0 0
1670571799708 0.0 0
1670571801116 0.0 0
1670571802718 0.0 0
1670571804296 0.0 0
1670571805971 0.0 0
1670571807320 0.0 0
1670571808663 0.0 0
1670571810593 0.0 0
1670571812021 0.0 0
1670571813562 0.0 0
1670571815239 0.0 0
1670571816924 0.0 0
1670571818239 0.0 0
1670571819723 0.0 0
1670571821009 0.0 0
1670571822584 0.0 0
1670571824127 0.0 0
1670571825653 0.0 0
1670571827164 0.0 0
1670571828344 0.0 0
1670571829942 0.0 0
1670571831174 0.0 0
1670571832709 0.0 0
1670571834404 0.0 0
1670571836066 0.0 0
1670571837379 0.0 0
1670571838665 0.0 0
1670571840112 0.0 0
1670571841693 0.0 0
1670571843404 0.0 0
1670571844640 0.0 0
1670571845865 0.0 0
1670571847297 0.0 0
1670571848789 0.0 0
1670571850581 0.0 0
1670571851513 0.0 0
1670571852475 0.0 0
1670571853679 0.0 0
1670571855008 0.0 0
1670571856574 0.0 0
1670571857981 0.0 0
1670571859188 0.0 0
1670571860558 0.0 0
1670571862120 0.0 0
1670571863814 0.0 0
1670571865379 0.0 0
1670571866814 0.0 0
1670571868103 0.0 0
1670571869472 0.0 0
1670571870800 0.0 0
