1670595693677 0.0 0
1670595696659 0.0001 0
1670595699639 0.0 0
1670595702753 0.0001 0
1670595705824 0.0 0
1670595708486 0.0001 0
1670595711668 0.0002 0
1670595715126 0.0 0
1670595718237 0.0002 0
1670595721373 0.0 0
1670595724782 0.0002 0
1670595727876 0.0004 0
1670595730533 0.0 0
1670595733915 0.0002 0
1670595736630 0.0001 0
1670595739806 0.0001 0
1670595742860 0.0001 0
1670595746075 0.0001 0
1670595748936 0.0001 0
1670595751841 0.0 0
1670595754942 0.0001 0
1670595758187 0.0001 0
1670595761476 0.0002 0
1670595764441 0.0 0
1670595767129 0.0001 0
1670595770205 0.0001 0
1670595772978 0.0001 0
1670595776617 0.0001 0
1670595779846 0.0001 0
1670595783003 0.0 0
1670595786258 0.0 0
1670595789458 0.0001 0
1670595792125 0.0002 0
1670595795117 0.0 0
1670595798770 0.0 0
1670595801495 0.0 0
1670595804567 0.0 0
1670595807644 0.0 0
1670595810694 0.0 0
1670595813568 0.0001 0
1670595816948 0.0002 0
1670595820024 0.0001 0
1670595823258 0.0001 0
1670595826910 0.0 0
1670595830208 0.0001 0
1670595833635 0.0001 0
1670595836748 0.0 0
1670595840021 0.0 0
1670595843030 0.0 0
1670595846408 0.0001 0
1670595849381 0.0001 0
1670595852515 0.0001 0
1670595856150 0.0001 0
1670595859916 0.0001 0
1670595863445 0.0001 0
1670595867378 0.0002 0
1670595870979 0.0001 0
1670595874153 0.0 0
1670595877639 0.0003 0
1670595881078 0.0002 0
1670595883978 0.0 0
1670595887349 0.0001 0
1670595890630 0.0 0
1670595893945 0.0002 0
1670595897044 0.0004 0
1670595900135 0.0 0
1670595903407 0.0 0
1670595906898 0.0001 0
1670595910154 0.0 0
1670595913061 0.0 0
1670595916756 0.0001 0
1670595920403 0.0 0
1670595923536 0.0001 0
1670595927354 0.0002 0
1670595930787 0.0 0
1670595934211 0.0001 0
1670595937750 0.0002 0
1670595941531 0.0 0
1670595944773 0.0001 0
1670595948456 0.0001 0
1670595952124 0.0 0
1670595955479 0.0 0
1670595959237 0.0001 0
1670595962666 0.0002 0
1670595966644 0.0001 0
1670595970293 0.0 0
1670595973737 0.0001 0
1670595976977 0.0001 0
1670595980243 0.0 0
1670595983956 0.0001 0
1670595987475 0.0001 0
1670595991349 0.0002 0
1670595994825 0.0001 0
1670595999116 0.0003 0
1670596003116 0.0001 0
1670596006654 0.0 0
1670596010449 0.0001 0
1670596014178 0.0002 0
1670596018535 0.0001 0
1670596022930 0.0001 0
1670596026864 0.0002 0
1670596030472 0.0002 0
1670596034208 0.0001 0
1670596037521 0.0001 0
1670596041127 0.0 0
1670596044595 0.0 0
1670596047909 0.0 0
1670596051572 0.0001 0
1670596055182 0.0001 0
1670596058594 0.0002 0
1670596061507 0.0001 0
1670596064738 0.0 0
1670596067980 0.0 0
1670596071842 0.0001 0
1670596075613 0.0001 0
1670596079727 0.0001 0
1670596083420 0.0002 0
1670596086869 0.0001 0
1670596090838 0.0001 0
1670596094155 0.0 0
1670596097758 0.0002 0
1670596101440 0.0 0
1670596105332 0.0001 0
1670596108429 0.0003 0
1670596112219 0.0 0
1670596115574 0.0001 0
1670596119164 0.0002 0
1670596122574 0.0 0
1670596126064 0.0001 0
1670596129173 0.0 0
1670596132754 0.0 0
1670596136087 0.0 0
1670596139247 0.0003 0
1670596142319 0.0001 0
1670596145488 0.0 0
1670596148643 0.0 0
