1670595696668 0.0012706204736432096 0
1670595699648 0.0004056579896548098 0
1670595702759 0.0003182446305284263 0
1670595705835 0.0002720349522633028 0
1670595708492 0.00025705818366147395 0
1670595711675 0.0003424963128634197 0
1670595715131 0.0003291417659064694 0
1670595718242 0.00036235359140584784 0
1670595721378 0.00035336024494295485 0
1670595724787 0.0003712950890182304 0
1670595727882 0.0005226535239647 0
1670595730539 0.000512760421611696 0
1670595733921 0.0005024036254280827 0
1670595736636 0.0004819278363707438 0
1670595739811 0.00046377398540993747 0
1670595742867 0.00044753341833553766 0
1670595746080 0.0004328916159524296 0
1670595748943 0.00041960203159638066 0
1670595751848 0.0004186048108816526 0
1670595754948 0.0004071383760709408 0
1670595758192 0.0003965668002050036 0
1670595761486 0.00039592037348964754 0
1670595764449 0.00039611777457632797 0
1670595767136 0.00038722169360547913 0
1670595770211 0.00037889998498913207 0
1670595772996 0.000371093335586544 0
1670595776623 0.00036375067266293114 0
1670595779852 0.00035682774750671824 0
1670595783010 0.0003429781416720477 0
1670595786291 0.0003439792559213569 0
1670595789463 0.00033859051475209744 0
1670595792130 0.00034097909413264226 0
1670595795123 0.00034201133969195146 0
1670595798775 0.0003426478149637304 0
1670595801510 0.0003429504854899544 0
1670595804589 0.00034297068744952044 0
1670595807650 0.0003427512337776927 0
1670595810704 0.0003423280405746994 0
1670595813573 0.00033820029034015863 0
1670595816960 0.000341522693642154 0
1670595820030 0.00033754576871045084 0
1670595823263 0.0003337044747496375 0
1670595826916 0.0003336984932686847 0
1670595830215 0.0003300979238629089 0
1670595833641 0.0003266112598755568 0
1670595836754 0.0003266577065332605 0
1670595840026 0.00032655856667726676 0
1670595843035 0.0003263312523464099 0
1670595846415 0.0003232455412266041 0
1670595849390 0.00032024530468774756 0
1670595852521 0.00031732669011356703 0
1670595856156 0.00031448608216406304 0
1670595859924 0.00031172008444670655 0
1670595863452 0.0003090255028745077 0
1670595867384 0.00031233862184158897 0
1670595870986 0.00030969714827347856 0
1670595874159 0.00031000804252427345 0
1670595877646 0.0003264334897769863 0
1670595881096 0.0003286797204165112 0
1670595883983 0.0003289265253403751 0
1670595887360 0.0003263273749684345 0
1670595890635 0.0003265273059852107 0
1670595893951 0.00032869595271621814 0
1670595897054 0.0003593179444673319 0
1670595900142 0.00035931445903987687 0
1670595903413 0.00035923112559348223 0
1670595906905 0.0003566140134053378 0
1670595910160 0.0003565060069097967 0
1670595913069 0.00035633126945548753 0
1670595916763 0.0003538628373263269 0
1670595920410 0.00035367292624719843 0
1670595923542 0.00035129915978088737 0
1670595927361 0.0003526916944760006 0
1670595930796 0.00035255146331755266 0
1670595934216 0.00035027500158948423 0
1670595937756 0.00035159812550706834 0
1670595941536 0.0003515011159616132 0
1670595944778 0.0003493145247135277 0
1670595948463 0.0003471682164301309 0
1670595952130 0.0003470911559371699 0
1670595955486 0.0003469661582571257 0
1670595959247 0.0003449264510567399 0
1670595962693 0.0003463030678044345 0
1670595966652 0.0003443044558124584 0
1670595970300 0.0003442463893775145 0
1670595973743 0.0003423118986037898 0
1670595976982 0.0003404096304337068 0
1670595980253 0.00034036741754733075 0
1670595983962 0.0003385244141007965 0
1670595987483 0.00033671099605606873 0
1670595991355 0.0003380824438264693 0
1670595994831 0.0003363012296524297 0
1670595999121 0.00034529130126356863 0
1670596003122 0.0003434955370076891 0
1670596006659 0.00034355225999241053 0
1670596010454 0.0003418068959227 0
1670596014184 0.00034287560333234293 0
1670596018540 0.00034116295992876657 0
1670596022936 0.0003394757202228515 0
1670596026870 0.00034047814677419324 0
1670596030478 0.00034140623890767255 0
1670596034215 0.0003397582590893219 0
1670596037526 0.0003381339137060557 0
1670596041134 0.00033834996576218376 0
1670596044601 0.00033852771570721727 0
1670596047915 0.0003386692400543232 0
1670596051577 0.00033711977640360263 0
1670596055188 0.0003355913814804808 0
1670596058599 0.0003365641303230894 0
1670596061513 0.00033506156464529287 0
1670596064744 0.0003352456107317247 0
1670596067987 0.0003353968620508149 0
1670596071847 0.00033394514304295404 0
1670596075619 0.0003325121070904637 0
1670596079733 0.00033109735699002134 0
1670596083426 0.00033207516861580907 0
1670596086875 0.0003306823334735705 0
1670596090843 0.0003293068751461922 0
1670596094160 0.0003295227397286677 0
1670596097766 0.00033047196831883813 0
1670596101445 0.0003306794769829156 0
1670596105345 0.0003293507081641724 0
1670596108436 0.0003361625282997887 0
1670596112224 0.0003363508350213494 0
1670596115579 0.0003350274332979413 0
1670596119170 0.00033582539446183374 0
1670596122579 0.0003360186048255478 0
1670596126069 0.0003347267121538752 0
1670596129178 0.00033490521846343623 0
1670596132760 0.0003350587190135842 0
1670596136093 0.0003351883143794214 0
1670596139253 0.0003414562472663714 0
1670596142333 0.00034019338874950104 0
1670596145493 0.00034030980273122005 0
1670596148648 0.0003404043863714204 0
