1670563106773 0.10164963789145678 0
1670563107796 0.02811294094574802 0
1670563109096 0.021952728990408704 0
1670563110484 0.018314251677388177 0
1670563111785 0.015804891482586167 0
1670563112915 0.014237342511131082 0
1670563113914 0.013003940476530543 0
1670563115019 0.012317061346873659 0
1670563116119 0.013790090602510782 0
1670563117480 0.013315529777163784 0
1670563118858 0.01291744754293657 0
1670563120129 0.012360122998824177 0
1670563121411 0.011968002164543703 0
1670563122286 0.011686020115908954 0
1670563123558 0.011684475244469583 0
1670563124669 0.011440456026514806 0
1670563125646 0.011570787326719553 0
1670563127118 0.011230712901474565 0
1670563128455 0.010908015963889586 0
1670563129646 0.010723621283110732 0
1670563130980 0.010509615378887963 0
1670563132004 0.011181042478767056 0
1670563133289 0.010983648188558362 0
1670563134688 0.011366367397272759 0
1670563136309 0.011265250235026905 0
1670563138268 0.011141184572948104 0
1670563139974 0.010925416173223415 0
1670563141698 0.010783620039496983 0
1670563143729 0.010170967949246087 0
1670563145380 0.010352808992635548 0
1670563146990 0.010190081768418374 0
1670563148397 0.010351181209232313 0
1670563149969 0.010200211257837419 0
1670563151556 0.010111497734793987 0
1670563152852 0.009988554557521498 0
1670563154078 0.01058433045124206 0
1670563155891 0.010683122347572946 0
1670563157958 0.010557507100095453 0
1670563159516 0.010441446381942651 0
1670563161011 0.010314666092631805 0
1670563162712 0.0105820317379193 0
1670563164018 0.010474540442626246 0
1670563165254 0.010355113670291613 0
1670563166593 0.010645156014210885 0
1670563168300 0.010529855033377111 0
1670563169561 0.010455488537376767 0
1670563170675 0.01034668970393346 0
1670563171762 0.010731885538340091 0
1670563173069 0.010630194522940353 0
1670563174343 0.010529254514867664 0
1670563175379 0.010667163614621111 0
1670563176483 0.010769237187204017 0
1670563177551 0.010799249312860734 0
1670563178820 0.011143427899164629 0
1670563179756 0.01109203558169404 0
1670563181055 0.011093212714693795 0
1670563182180 0.011024184196934739 0
1670563183397 0.011099853099096266 0
1670563184901 0.011338147533425463 0
1670563186068 0.011275491037519805 0
1670563187243 0.011492870296134286 0
1670563188294 0.011499552198375076 0
1670563189355 0.011451260216492842 0
1670563190644 0.011372700069236866 0
1670563191663 0.011768900108944533 0
1670563192826 0.011819963626406763 0
1670563194000 0.011804331225243103 0
1670563195265 0.011740785970376033 0
1670563196151 0.01166878161358538 0
1670563197282 0.011634723048260076 0
1670563198729 0.011567573522249755 0
1670563199823 0.011488095969219458 0
1670563201041 0.011447962135444523 0
1670563202202 0.01138399661341609 0
1670563203380 0.011333593038080098 0
1670563204583 0.011322395453836856 0
1670563205773 0.011249763649161137 0
1670563207044 0.011256587447493985 0
1670563208173 0.011214931883386486 0
1670563209151 0.011149131146119734 0
1670563210391 0.011091984488074566 0
1670563212146 0.011024970530257139 0
1670563213276 0.01100511697119684 0
1670563214454 0.010945831002169809 0
1670563215703 0.010925651142812048 0
1670563217061 0.010953676809926247 0
1670563218132 0.011050579159206916 0
1670563219577 0.010997983930512531 0
1670563220557 0.01094839114101899 0
1670563221864 0.010917191145497399 0
1670563222791 0.011004310914372387 0
1670563224397 0.010962306269186373 0
1670563225533 0.010911147899617557 0
1670563226862 0.010855283546870376 0
1670563227779 0.010897972131611991 0
1670563228869 0.010841653250389813 0
1670563229768 0.01079927685300311 0
1670563231013 0.010831742733077895 0
1670563232420 0.010955043515641152 0
1670563233992 0.010901383201211381 0
1670563235235 0.0109406871783954 0
1670563236215 0.010936296255296407 0
1670563237714 0.010920331969401328 0
1670563238816 0.01088352144959491 0
1670563240221 0.010873357092962513 0
1670563241505 0.010848030773790401 0
1670563242516 0.011246407680054027 0
1670563243785 0.0112127278078549 0
1670563244907 0.011162411374418868 0
1670563246309 0.011114885685265544 0
1670563247364 0.0111546521839435 0
