1670631831896 0.0 0
1670631833857 0.0 0
1670631835867 0.0 0
1670631837879 0.0003333333333333333 0
1670631839880 0.0 0
1670631841865 0.0003333333333333333 0
1670631843881 0.0 0
1670631845850 0.0003333333333333333 0
1670631847846 0.0 0
1670631849851 0.0 0
1670631851857 0.0 0
1670631853834 0.0003333333333333333 0
1670631855828 0.0006666666666666666 0
1670631857820 0.0003333333333333333 0
1670631859820 0.0003333333333333333 0
1670631861821 0.0 0
1670631863802 0.0 0
1670631865753 0.0 0
1670631867725 0.0 0
1670631869694 0.0 0
1670631871681 0.0003333333333333333 0
1670631873645 0.0 0
1670631875599 0.0 0
1670631877532 0.0 0
1670631879427 0.0 0
1670631881328 0.0 0
1670631883249 0.0 0
1670631885162 0.0 0
1670631887054 0.0 0
1670631888999 0.0003333333333333333 0
1670631890990 0.0 0
1670631892928 0.0 0
1670631894981 0.0003333333333333333 0
1670631896807 0.0 0
1670631898578 0.0 0
1670631900272 0.0 0
1670631902146 0.0003333333333333333 0
1670631904050 0.0003333333333333333 0
1670631905949 0.0 0
1670631907860 0.0 0
1670631909764 0.0 0
1670631911688 0.0003333333333333333 0
1670631913643 0.0 0
1670631915571 0.0 0
1670631917483 0.0006666666666666666 0
1670631919392 0.0003333333333333333 0
1670631921334 0.0 0
1670631923353 0.0003333333333333333 0
1670631925207 0.0 0
1670631927041 0.0 0
1670631928885 0.0 0
1670631930871 0.0 0
1670631932952 0.0 0
1670631934997 0.0 0
1670631937048 0.0 0
1670631939068 0.0003333333333333333 0
1670631941122 0.0 0
1670631943140 0.0 0
1670631945192 0.0 0
1670631947245 0.0 0
1670631949295 0.0003333333333333333 0
1670631951343 0.0003333333333333333 0
1670631953376 0.0 0
1670631955398 0.001 0
1670631957373 0.0 0
1670631959331 0.0 0
1670631961371 0.0 0
1670631963436 0.0 0
1670631965326 0.0 0
1670631967216 0.0 0
1670631969369 0.0 0
1670631971524 0.0 0
1670631973489 0.0003333333333333333 0
1670631975204 0.0 0
1670631977125 0.0 0
1670631979318 0.0 0
1670631981402 0.0003333333333333333 0
1670631983469 0.0 0
1670631985434 0.0 0
1670631987620 0.0 0
1670631989530 0.0003333333333333333 0
1670631991396 0.0006666666666666666 0
1670631993365 0.0 0
1670631995302 0.0 0
1670631997233 0.0 0
1670631999273 0.0006666666666666666 0
1670632000931 0.0 0
1670632002572 0.0 0
1670632004311 0.0 0
1670632005984 0.0 0
1670632007701 0.0 0
1670632009407 0.0003333333333333333 0
1670632011167 0.0 0
1670632012913 0.0003333333333333333 0
1670632014619 0.0 0
1670632016391 0.0 0
1670632018302 0.0 0
1670632020205 0.0 0
1670632022114 0.0003333333333333333 0
1670632023926 0.0 0
1670632025738 0.0003333333333333333 0
1670632027489 0.0 0
