1670583217643 0.0 0
1670583217965 0.0 0
1670583218321 0.0 0
1670583218635 0.0 0
1670583218907 0.0 0
1670583219361 0.0 0
1670583219811 0.0 0
1670583220035 0.0 0
1670583220331 0.0 0
1670583220868 0.0 0
1670583221139 0.0 0
1670583221350 0.0 0
1670583221853 0.0 0
1670583222307 0.0 0
1670583222533 0.0 0
1670583222802 0.0 0
1670583223016 0.0 0
1670583223243 0.0 0
1670583223655 0.0 0
1670583223919 0.0 0
1670583224189 0.0 0
1670583224418 0.0 0
1670583224889 0.0 0
1670583225093 0.0 0
1670583225393 0.0 0
1670583225659 0.0 0
1670583225951 0.0 0
1670583226194 0.0 0
1670583226535 0.0 0
1670583226841 0.0 0
1670583227329 0.0 0
1670583227737 0.0 0
1670583227945 0.0 0
1670583228216 0.0 0
1670583228539 0.0 0
1670583229035 0.0 0
1670583229208 0.0 0
1670583229508 0.0 0
1670583229759 0.0 0
1670583230139 0.0 0
1670583230407 0.0 0
1670583230667 0.0 0
1670583231113 0.0 0
1670583231358 0.0 0
1670583231785 0.0 0
1670583232103 0.0 0
1670583232475 0.0 0
1670583232807 0.0 0
1670583233144 0.0 0
1670583233471 0.0 0
1670583233732 0.0 0
1670583233984 0.0 0
1670583234261 0.0 0
1670583234504 0.0 0
1670583234722 0.0 0
1670583234978 0.0 0
1670583235226 0.0 0
1670583235675 0.0 0
1670583235940 0.0 0
1670583236189 0.0 0
1670583236375 0.0 0
1670583236637 0.0 0
1670583237077 0.0 0
1670583237311 0.0 0
1670583237591 0.0 0
1670583237892 0.0 0
1670583238119 0.0 0
1670583238477 0.0 0
1670583238776 0.0 0
1670583239048 0.0 0
1670583239368 0.0 0
1670583239715 0.0 0
1670583239940 0.0 0
1670583240188 0.0 0
1670583240441 0.0 0
1670583240702 0.0 0
1670583241208 0.0 0
1670583241435 0.0 0
1670583242039 0.0 0
1670583242353 0.0 0
1670583242849 0.0 0
1670583243096 0.0 0
1670583243326 0.0 0
1670583243617 0.0 0
1670583243915 0.0 0
1670583244113 0.0 0
1670583244364 0.0 0
1670583244632 0.0 0
1670583245106 0.0 0
1670583245376 0.0 0
1670583245610 0.0 0
1670583245902 0.0 0
1670583246138 0.0 0
1670583246657 0.0 0
1670583246942 0.0 0
1670583247211 0.0 0
1670583247529 0.0 0
1670583247811 0.0 0
1670583248164 0.0 0
1670583248417 0.0 0
1670583248715 0.0 0
1670583248970 0.0 0
