1670572810126 0.0 0
1670572812220 0.0 0
1670572815290 0.0 0
1670572818042 0.0 0
1670572821187 0.0 0
1670572823907 0.0 0
1670572826389 0.0 0
1670572829220 0.0 0
1670572832562 0.0 0
1670572834831 0.0 0
1670572836977 0.0 0
1670572839575 0.0 0
1670572842754 0.0 0
1670572846175 0.0 0
1670572848111 0.0 0
1670572850923 0.0 0
1670572854040 0.0 0
1670572856956 0.0 0
1670572860092 0.0 0
1670572862553 0.0 0
1670572865833 0.0 0
1670572868896 0.0 0
1670572871910 0.0 0
1670572875385 0.0 0
1670572878660 0.0 0
1670572881606 0.0 0
1670572885165 0.0 0
1670572888009 0.0 0
1670572890470 0.0 0
1670572894004 0.0 0
1670572897500 0.0 0
1670572900815 0.0 0
1670572903775 0.0 0
1670572907481 0.0 0
1670572910380 0.0 0
1670572913711 0.0 0
1670572917278 0.0 0
1670572920637 0.0 0
1670572923891 0.0 0
1670572927297 0.0 0
1670572929945 0.0 0
1670572933366 0.0 0
1670572936695 0.0 0
1670572940131 0.0 0
1670572943598 0.0 0
1670572946524 0.0 0
1670572949799 0.0 0
1670572952771 0.0 0
1670572955769 0.0 0
1670572958732 0.0 0
1670572961050 0.0 0
1670572963804 0.0 0
1670572967278 0.0 0
1670572970698 0.0 0
1670572974357 0.0 0
1670572977891 0.0 0
1670572980583 0.0 0
1670572983714 0.0 0
1670572986679 0.0 0
1670572989418 0.0 0
1670572992860 0.0 0
1670572996056 0.0 0
1670572999390 0.0 0
1670573002406 0.0 0
1670573006115 0.0 0
1670573009056 0.0 0
1670573012942 0.0 0
1670573016983 0.0 0
1670573020192 0.0 0
1670573023463 0.0 0
1670573026065 0.0 0
1670573028904 0.0 0
1670573032609 0.0 0
1670573036009 0.0 0
1670573038871 0.0 0
1670573041509 0.0 0
1670573044824 0.0 0
1670573048394 0.0 0
1670573052299 0.0 0
1670573055881 0.0 0
1670573059621 0.0 0
1670573063315 0.0 0
1670573066590 0.0 0
1670573068623 0.0 0
1670573071719 0.0 0
1670573075078 0.0 0
1670573078505 0.0 0
1670573081125 0.0 0
1670573084501 0.0 0
1670573087798 0.0 0
1670573090909 0.0 0
1670573094668 0.0 0
1670573097903 0.0 0
1670573100880 0.0 0
1670573102332 0.0 0
1670573104618 0.0 0
1670573106763 0.0 0
1670573110528 0.0 0
1670573114277 0.0 0
1670573118398 0.0 0
1670573121764 0.0 0
1670573125564 0.0 0
