1670583571060 0.09317883473383531 0
1670583572073 0.0259042970432571 0
1670583573187 0.01677296475980969 0
1670583573981 0.029031226604434038 0
1670583575055 0.02590340634925961 0
1670583576296 0.023191793784487838 0
1670583577126 0.02411453039643248 0
1670583578316 0.022219101484302478 0
1670583579348 0.0209669957954441 0
1670583580174 0.02423860357729458 0
1670583581354 0.023048800273072143 0
1670583582387 0.022108653261667794 0
1670583583215 0.022171347161093397 0
1670583584232 0.021831867821569692 0
1670583585157 0.022007066031287367 0
1670583586188 0.021296145792316937 0
1670583587070 0.020868999114347447 0
1670583588216 0.021556517905939696 0
1670583589071 0.02093210092722875 0
1670583590173 0.020404255535222512 0
1670583591126 0.019940583199830404 0
1670583592162 0.019600285207064406 0
1670583593221 0.020184303943676957 0
1670583594069 0.019903878380944304 0
1670583594982 0.01950950228159326 0
1670583595982 0.019542656787856494 0
1670583596781 0.019156897571946593 0
1670583597766 0.019126467932041785 0
1670583598639 0.018008772093576084 0
1670583599645 0.01772857317450721 0
1670583600616 0.017483546989031998 0
1670583601706 0.017325436603025504 0
1670583602931 0.01725310086849141 0
1670583603931 0.017017873428594982 0
1670583605005 0.01677985061193657 0
1670583605864 0.0167466005622387 0
1670583606778 0.016554029299664347 0
1670583607727 0.016784897901723994 0
1670583608572 0.016850086725390664 0
1670583609464 0.016730762469222046 0
1670583610342 0.016946308061567855 0
1670583611215 0.01675662649360933 0
1670583612145 0.01676783277805853 0
1670583613166 0.016739588324103466 0
1670583614317 0.01655674264037052 0
1670583615397 0.016414829233937903 0
1670583616501 0.01630433444403391 0
1670583617471 0.016274365649637454 0
1670583618585 0.01611903530108151 0
1670583619543 0.015968053635521465 0
1670583620378 0.015930038073885017 0
1670583621236 0.015791302760141734 0
1670583622321 0.015650278068706128 0
1670583623509 0.015547409570382462 0
1670583624603 0.015510169888726985 0
1670583625660 0.015396576572771228 0
1670583626738 0.015263914675805637 0
1670583627630 0.015135336733690538 0
1670583628563 0.015081191702960364 0
1670583629667 0.014958659912775493 0
1670583630597 0.01487852308557007 0
1670583631447 0.014771650469165606 0
1670583632551 0.014957981724911237 0
1670583633541 0.015087175907801731 0
1670583634932 0.014990194785373237 0
1670583635812 0.014883178662107865 0
1670583636599 0.01497218515315206 0
1670583637667 0.014895153784476117 0
1670583638829 0.014973661317923798 0
1670583640071 0.014983569480387843 0
1670583640923 0.014886695626328078 0
1670583642167 0.01503348619385958 0
1670583643432 0.015035506934237067 0
1670583644696 0.015113577879540527 0
1670583645844 0.015064023688902042 0
1670583647087 0.015023110815812882 0
1670583648249 0.014942753473505613 0
1670583649369 0.014956553181585897 0
1670583650684 0.01486279996218888 0
1670583651823 0.014976899626809592 0
1670583652864 0.015309334020927615 0
1670583653951 0.015216913164017534 0
1670583654931 0.015201183886967562 0
1670583655821 0.015119653749424478 0
1670583656887 0.015035513108035858 0
1670583657934 0.01496171558530307 0
1670583658879 0.01492190640350756 0
1670583659811 0.014881878023160641 0
1670583660695 0.01481618710169369 0
1670583661761 0.014736696529056084 0
1670583663013 0.01470506691134299 0
1670583663911 0.014634420951928476 0
1670583664754 0.014560829847983 0
1670583665741 0.014582040973183288 0
1670583666709 0.014616461488661497 0
1670583667613 0.014548747538790444 0
1670583668613 0.014720677536229132 0
1670583669443 0.014646168742154103 0
1670583670264 0.014595116586812396 0
1670583671123 0.014711281523449984 0
1670583671995 0.014653303940335247 0
1670583673045 0.014877263852922998 0
1670583674128 0.01480558860255364 0
1670583675060 0.014740518962102822 0
1670583676133 0.014672641487645813 0
1670583677003 0.01462900343023156 0
1670583677816 0.014565178736821671 0
1670583678963 0.014606913704011876 0
1670583679881 0.014540378449605054 0
1670583680893 0.014494604528178953 0
1670583681907 0.014438506177017668 0
1670583683050 0.014387216258502575 0
1670583684210 0.014324599414425057 0
1670583685100 0.014376459489324173 0
1670583686180 0.014367466944722143 0
1670583687079 0.014323352524558491 0
1670583688259 0.014304846962525306 0
1670583689363 0.014303804295708863 0
1670583690553 0.014249129712716607 0
1670583691587 0.014190797957896878 0
1670583692611 0.014134187077482 0
1670583693863 0.014077285632168368 0
1670583694906 0.01404537295524752 0
1670583695774 0.014179469374902776 0
1670583696913 0.014124523720518117 0
1670583697813 0.01409020897336441 0
1670583699128 0.014045336511282036 0
1670583700002 0.014041142883439661 0
1670583701042 0.013987805642734663 0
1670583702103 0.013978119841096523 0
1670583703175 0.013987474562269592 0
1670583704100 0.013960068420974747 0
1670583705259 0.013977425792030831 0
1670583706350 0.014017311695301155 0
1670583707374 0.013982739971573205 0
1670583708288 0.013948341471041542 0
1670583709200 0.013918765167533029 0
1670583710120 0.013956293437641945 0
1670583711048 0.013958525940653319 0
1670583712198 0.013983153336440651 0
1670583713223 0.013961027225123976 0
1670583714424 0.013939948235381194 0
1670583715388 0.013891909130864313 0
1670583716260 0.013854565423032275 0
1670583717501 0.013808695840563615 0
1670583718411 0.013763369926512448 0
1670583719613 0.01371722234253027 0
1670583720597 0.013691534985441983 0
1670583721723 0.013647411163473969 0
1670583722955 0.013605730409424269 0
1670583723821 0.013564425538040867 0
1670583725020 0.013588161954473404 0
1670583726114 0.013772820179527565 0
1670583727091 0.01377079657530958 0
1670583728002 0.01378103183492585 0
1670583728911 0.013810267341898996 0
1670583729937 0.013769076666384522 0
1670583730940 0.01377752731903134 0
1670583731767 0.014044803648712231 0
1670583732650 0.014002158456933644 0
1670583733596 0.013958920408876835 0
1670583734711 0.014003839338293647 0
1670583735848 0.014016590921367825 0
1670583736964 0.013977765214676821 0
1670583738031 0.013964249758512279 0
1670583738882 0.014181876336503613 0
1670583739686 0.01414207369989777 0
1670583741061 0.014140226730893712 0
1670583742170 0.014153350243217622 0
1670583743203 0.014217697543155564 0
1670583744095 0.014181135947978332 0
1670583745021 0.014141097376672837 0
1670583746214 0.01414455705374515 0
1670583747340 0.01416425239074627 0
1670583748385 0.014212909488555456 0
1670583749644 0.014258270673402879 0
1670583750617 0.014218171944598165 0
1670583751876 0.01418332451052405 0
1670583752959 0.014144970690572523 0
1670583753907 0.01415520089783913 0
1670583754820 0.01411898655850867 0
1670583755774 0.014083046686565098 0
1670583756805 0.01404495805995222 0
1670583757855 0.014126756456805598 0
1670583758684 0.014172047818855366 0
1670583759947 0.014134104079780732 0
1670583761006 0.014099398227675253 0
1670583762163 0.014073505303830572 0
1670583763224 0.014163745681064849 0
1670583764237 0.014141755578941928 0
1670583765315 0.014243796929827371 0
1670583766437 0.014217954959182877 0
1670583767284 0.014181263931727 0
