1670583570058 0.044 0
1670583571056 0.03666666666666667 0
1670583572069 0.03966666666666667 0
1670583573183 0.041 0
1670583573972 0.028666666666666667 0
1670583575051 0.042333333333333334 0
1670583576291 0.036333333333333336 0
1670583577122 0.046 0
1670583578311 0.03833333333333333 0
1670583579341 0.03666666666666667 0
1670583580170 0.05 0
1670583581350 0.038 0
1670583582383 0.037333333333333336 0
1670583583210 0.04566666666666667 0
1670583584227 0.04466666666666667 0
1670583585153 0.034 0
1670583586184 0.03833333333333333 0
1670583587066 0.043333333333333335 0
1670583588212 0.048 0
1670583589067 0.04033333333333333 0
1670583590168 0.042 0
1670583591120 0.03866666666666667 0
1670583592158 0.043333333333333335 0
1670583593217 0.04833333333333333 0
1670583594065 0.03766666666666667 0
1670583594978 0.03933333333333333 0
1670583595976 0.046 0
1670583596777 0.04066666666666666 0
1670583597761 0.04566666666666667 0
1670583598635 0.04 0
1670583599641 0.042 0
1670583600612 0.042666666666666665 0
1670583601702 0.044 0
1670583602926 0.045 0
1670583603926 0.042333333333333334 0
1670583605001 0.04133333333333333 0
1670583605859 0.037333333333333336 0
1670583606773 0.03966666666666667 0
1670583607721 0.035 0
1670583608567 0.046 0
1670583609456 0.03833333333333333 0
1670583610336 0.04733333333333333 0
1670583611211 0.04033333333333333 0
1670583612141 0.04566666666666667 0
1670583613162 0.037333333333333336 0
1670583614313 0.04133333333333333 0
1670583615393 0.03933333333333333 0
1670583616497 0.03866666666666667 0
1670583617466 0.037333333333333336 0
1670583618581 0.042 0
1670583619539 0.042 0
1670583620373 0.04466666666666667 0
1670583621232 0.04 0
1670583622317 0.04033333333333333 0
1670583623505 0.039 0
1670583624599 0.03766666666666667 0
1670583625656 0.042666666666666665 0
1670583626733 0.04133333333333333 0
1670583627624 0.04066666666666666 0
1670583628559 0.044 0
1670583629642 0.04066666666666666 0
1670583630592 0.043333333333333335 0
1670583631442 0.042333333333333334 0
1670583632546 0.035 0
1670583633537 0.04666666666666667 0
1670583634913 0.042666666666666665 0
1670583635807 0.04033333333333333 0
1670583636595 0.036 0
1670583637663 0.039 0
1670583638825 0.036 0
1670583640067 0.045 0
1670583640919 0.04 0
1670583642163 0.047 0
1670583643428 0.045 0
1670583644692 0.036 0
1670583645840 0.03833333333333333 0
1670583647076 0.044 0
1670583648244 0.042666666666666665 0
1670583649365 0.037 0
1670583650680 0.041 0
1670583651819 0.035333333333333335 0
1670583652856 0.03266666666666666 0
1670583653947 0.041 0
1670583654927 0.037333333333333336 0
1670583655816 0.03966666666666667 0
1670583656883 0.04 0
1670583657926 0.03933333333333333 0
1670583658874 0.038 0
1670583659806 0.038 0
1670583660690 0.039 0
1670583661757 0.04133333333333333 0
1670583663009 0.043666666666666666 0
1670583663896 0.042 0
1670583664749 0.041666666666666664 0
1670583665736 0.045 0
1670583666704 0.04533333333333334 0
1670583667609 0.03966666666666667 0
1670583668602 0.04766666666666667 0
1670583669439 0.041 0
1670583670259 0.043 0
1670583671119 0.047 0
1670583671986 0.03933333333333333 0
1670583673040 0.048666666666666664 0
1670583674124 0.041 0
1670583675056 0.04 0
1670583676129 0.041666666666666664 0
1670583676998 0.043333333333333335 0
1670583677811 0.042 0
1670583678959 0.036333333333333336 0
1670583679876 0.041 0
1670583680888 0.039 0
1670583681898 0.03966666666666667 0
1670583683045 0.042666666666666665 0
1670583684205 0.04066666666666666 0
1670583685095 0.046 0
1670583686175 0.03766666666666667 0
1670583687072 0.043 0
1670583688254 0.038 0
1670583689358 0.04466666666666667 0
1670583690549 0.04 0
1670583691583 0.04066666666666666 0
1670583692607 0.041666666666666664 0
1670583693859 0.04066666666666666 0
1670583694901 0.03866666666666667 0
1670583695769 0.04766666666666667 0
1670583696908 0.041666666666666664 0
1670583697809 0.043333333333333335 0
1670583699124 0.042666666666666665 0
1670583699997 0.03766666666666667 0
1670583701038 0.04066666666666666 0
1670583702099 0.044333333333333336 0
1670583703170 0.045 0
1670583704095 0.03866666666666667 0
1670583705255 0.037 0
1670583706331 0.036333333333333336 0
1670583707370 0.039 0
1670583708283 0.039 0
1670583709196 0.043333333333333335 0
1670583710116 0.036333333333333336 0
1670583711044 0.04466666666666667 0
1670583712193 0.03666666666666667 0
1670583713219 0.043666666666666666 0
1670583714420 0.03833333333333333 0
1670583715383 0.04066666666666666 0
1670583716255 0.03933333333333333 0
1670583717496 0.04033333333333333 0
1670583718407 0.041666666666666664 0
1670583719609 0.04133333333333333 0
1670583720589 0.043333333333333335 0
1670583721719 0.041666666666666664 0
1670583722950 0.042 0
1670583723816 0.042 0
1670583725016 0.04533333333333334 0
1670583726105 0.049 0
1670583727083 0.03766666666666667 0
1670583727997 0.045 0
1670583728906 0.04566666666666667 0
1670583729924 0.042 0
1670583730935 0.045 0
1670583731762 0.03166666666666667 0
1670583732645 0.041666666666666664 0
1670583733591 0.041 0
1670583734706 0.036 0
1670583735837 0.037 0
1670583736959 0.04 0
1670583738027 0.044 0
1670583738878 0.05 0
1670583739681 0.042 0
1670583741055 0.04466666666666667 0
1670583742166 0.037 0
1670583743196 0.035333333333333335 0
1670583744087 0.042333333333333334 0
1670583745016 0.041666666666666664 0
1670583746210 0.037333333333333336 0
1670583747329 0.03666666666666667 0
1670583748381 0.035666666666666666 0
1670583749640 0.04633333333333333 0
1670583750613 0.041 0
1670583751869 0.042333333333333334 0
1670583752955 0.041666666666666664 0
1670583753902 0.037 0
1670583754815 0.042 0
1670583755769 0.042 0
1670583756791 0.04133333333333333 0
1670583757851 0.034666666666666665 0
1670583758679 0.035666666666666666 0
1670583759943 0.041 0
1670583761002 0.042 0
1670583762159 0.039 0
1670583763220 0.04766666666666667 0
1670583764232 0.043333333333333335 0
1670583765310 0.034 0
1670583766432 0.039 0
1670583767279 0.041 0
