1670612351854 0.0 0
1670612352327 0.0 0
1670612352412 0.0 0
1670612352524 0.0 0
1670612352665 0.0 0
1670612352886 0.0 0
1670612353015 0.0 0
1670612353151 0.0 0
1670612353340 0.0 0
1670612353468 0.0 0
1670612353680 0.0 0
1670612353921 0.0 0
1670612354049 0.0 0
1670612354197 0.0 0
1670612354519 0.0 0
1670612354690 0.0 0
1670612354821 0.0 0
1670612355039 0.0 0
1670612355328 0.0 0
1670612355647 0.0 0
1670612355756 0.0 0
1670612355984 0.0 0
1670612356132 0.0 0
1670612356263 0.0 0
1670612356391 0.0 0
1670612356807 0.0 0
1670612357107 0.0 0
1670612357283 0.0 0
1670612357481 0.0 0
1670612357660 0.0 0
1670612357892 0.0 0
1670612358025 0.0 0
1670612358178 0.0 0
1670612358338 0.0 0
1670612358659 0.0 0
1670612358960 0.0 0
1670612359031 0.0 0
1670612359315 0.0 0
1670612359489 0.0 0
1670612359660 0.0 0
1670612359890 0.0 0
1670612360021 0.0 0
1670612360165 0.0 0
1670612360500 0.0 0
1670612360763 0.0 0
1670612361091 0.0 0
1670612361213 0.0 0
1670612361535 0.0 0
1670612361617 0.0 0
1670612362001 0.0 0
1670612362175 0.0 0
1670612362287 0.0 0
1670612362602 0.0 0
1670612362784 0.0 0
1670612363007 0.0 0
1670612363285 0.0 0
1670612363481 0.0 0
1670612363633 0.0 0
1670612363750 0.0 0
1670612363931 0.0 0
1670612364235 0.0 0
1670612364404 0.0 0
1670612364518 0.0 0
1670612364836 0.0 0
1670612364974 0.0 0
1670612365307 0.0 0
1670612365518 0.0 0
1670612365674 0.0 0
1670612365919 0.0 0
1670612366222 0.0 0
1670612366291 0.0 0
1670612366415 0.0 0
1670612366783 0.0 0
1670612367006 0.0 0
1670612367253 0.0 0
1670612367410 0.0 0
1670612367559 0.0 0
1670612367862 0.0 0
1670612367955 0.0 0
1670612368165 0.0 0
1670612368330 0.0 0
1670612368569 0.0 0
1670612368717 0.0 0
1670612369065 0.0 0
1670612369141 0.0 0
1670612369295 0.0 0
1670612369365 0.0 0
1670612369487 0.0 0
1670612369790 0.0 0
1670612370050 0.0 0
1670612370224 0.0 0
1670612370451 0.0 0
1670612370571 0.0 0
1670612370738 0.0 0
1670612370908 0.0 0
1670612371047 0.0 0
1670612371292 0.0 0
1670612371494 0.0 0
1670612371715 0.0 0
1670612371841 0.0 0
1670612372116 0.0 0
