1670609428853 0.004235401578810714 0
1670609430142 0.006861631582533272 0
1670609431324 0.004437709350370668 0
1670609432665 0.004113971763828633 0
1670609433951 0.005464236246334818 0
1670609435516 0.0054577965296803005 0
1670609436785 0.00538568804461579 0
1670609437968 0.0050339769729817185 0
1670609439425 0.005452690410993784 0
1670609440366 0.005273430529222481 0
1670609441653 0.0061049761512613765 0
1670609443176 0.00617879879349624 0
1670609444953 0.006601037380694091 0
1670609446801 0.006334913726448725 0
1670609447508 0.0062947404065980955 0
1670609448662 0.0061183688305082515 0
1670609450107 0.00628685630386408 0
1670609451293 0.006097567435890031 0
1670609452846 0.006422681895273556 0
1670609453966 0.006300578209868679 0
1670609455072 0.006149482215283809 0
1670609456445 0.006288558695460356 0
1670609457779 0.006298657624131364 0
1670609459056 0.006325459082221936 0
1670609460414 0.006348088889202151 0
1670609461635 0.006771308165549994 0
1670609462862 0.006758479161374099 0
1670609464266 0.006778235595502696 0
1670609465368 0.006430229411285043 0
1670609466874 0.006325695122695228 0
1670609468235 0.006279063561313206 0
1670609469570 0.006198898819542567 0
1670609471423 0.006130173155275996 0
1670609472631 0.006189061625884541 0
1670609473947 0.0063687195220547 0
1670609475167 0.006282289571944016 0
1670609476484 0.006201097144395047 0
1670609478018 0.006138899648449381 0
1670609479922 0.006237337108620934 0
1670609481405 0.0062279477653935655 0
1670609482653 0.0062069424618507105 0
1670609483919 0.00628784120399567 0
1670609485688 0.006584357536528029 0
1670609486785 0.006644951640544974 0
1670609488302 0.00666285374073651 0
1670609489888 0.006593681391329494 0
1670609491220 0.006533879612890162 0
1670609492337 0.006601400405586946 0
1670609493489 0.006597976159599277 0
1670609494983 0.006626687166999906 0
1670609496480 0.006578095760648418 0
1670609498052 0.006525067852865135 0
1670609499260 0.006492455204588667 0
1670609500720 0.006459867148559895 0
1670609502290 0.006402023494049003 0
1670609503600 0.006410505760167162 0
1670609505158 0.006358785903374985 0
1670609506635 0.006315904379305626 0
1670609507955 0.006586882773543717 0
1670609509224 0.006595909410572545 0
1670609510533 0.006554432162169006 0
1670609511838 0.0065136452414477145 0
1670609513065 0.006497867666086246 0
1670609514196 0.006447996345734078 0
1670609515099 0.006400519040803021 0
1670609516379 0.006371886118443276 0
1670609517749 0.006371983827522236 0
1670609518944 0.006452535420137247 0
1670609519934 0.006511979164004859 0
1670609521541 0.00649419035949908 0
1670609522979 0.0064491866809923346 0
1670609524539 0.006472218341025689 0
1670609525915 0.006482598372140921 0
1670609527265 0.006537300343093216 0
1670609528424 0.006575531929524758 0
1670609529771 0.006540536866055047 0
1670609530863 0.006565456158027894 0
1670609531933 0.0068688993369169435 0
1670609532937 0.006901740554716158 0
1670609534116 0.006859009709799087 0
1670609535128 0.006848292566508533 0
1670609536527 0.0068162361662414545 0
1670609538030 0.006785022498967348 0
1670609539234 0.0068631446170325655 0
1670609540346 0.0068855857578430935 0
1670609541793 0.006862946702784235 0
1670609543171 0.006827300074694419 0
1670609544689 0.0068485285211628485 0
1670609546212 0.006827442320908608 0
1670609547259 0.006791146398019643 0
1670609548821 0.006876379724589765 0
1670609549878 0.006842607250095639 0
1670609551286 0.006913603486695015 0
1670609553050 0.006897392691388081 0
1670609554566 0.006864571325324746 0
1670609555916 0.00695390599488737 0
1670609557507 0.006985065510545202 0
1670609558885 0.007022887836042602 0
1670609560069 0.0070139179369991395 0
1670609561790 0.0070076642193130576 0
1670609563660 0.007072312949259356 0
