1670609427517 0.02 0
1670609428850 0.019666666666666666 0
1670609430139 0.0215 0
1670609431284 0.020166666666666666 0
1670609432662 0.021333333333333333 0
1670609433947 0.018333333333333333 0
1670609435513 0.021666666666666667 0
1670609436774 0.019 0
1670609437965 0.020833333333333332 0
1670609439421 0.022333333333333334 0
1670609440363 0.0195 0
1670609441650 0.0175 0
1670609443166 0.018333333333333333 0
1670609444938 0.02266666666666667 0
1670609446781 0.02 0
1670609447505 0.018666666666666668 0
1670609448659 0.020833333333333332 0
1670609450104 0.022333333333333334 0
1670609451290 0.0205 0
1670609452842 0.023 0
1670609453962 0.021333333333333333 0
1670609455069 0.02 0
1670609456441 0.02266666666666667 0
1670609457773 0.018833333333333334 0
1670609459052 0.018666666666666668 0
1670609460411 0.022166666666666668 0
1670609461632 0.017 0
1670609462859 0.022 0
1670609464263 0.0185 0
1670609465365 0.0215 0
1670609466805 0.02033333333333333 0
1670609468232 0.019166666666666665 0
1670609469566 0.019666666666666666 0
1670609471420 0.0195 0
1670609472628 0.022333333333333334 0
1670609473944 0.023166666666666665 0
1670609475164 0.0205 0
1670609476480 0.020166666666666666 0
1670609478015 0.021166666666666667 0
1670609479918 0.022833333333333334 0
1670609481402 0.022 0
1670609482650 0.019166666666666665 0
1670609483914 0.022833333333333334 0
1670609485685 0.016833333333333332 0
1670609486782 0.018166666666666668 0
1670609488299 0.0185 0
1670609489885 0.020666666666666667 0
1670609491217 0.021 0
1670609492334 0.018 0
1670609493486 0.022 0
1670609494980 0.018333333333333333 0
1670609496476 0.0195 0
1670609498049 0.019666666666666666 0
1670609499257 0.019166666666666665 0
1670609500717 0.019166666666666665 0
1670609502287 0.02033333333333333 0
1670609503597 0.0185 0
1670609505155 0.020666666666666667 0
1670609506632 0.0195 0
1670609507942 0.016166666666666666 0
1670609509221 0.018333333333333333 0
1670609510530 0.019333333333333334 0
1670609511835 0.019333333333333334 0
1670609513062 0.0215 0
1670609514193 0.02 0
1670609515096 0.019833333333333335 0
1670609516376 0.021166666666666667 0
1670609517739 0.0185 0
1670609518940 0.022833333333333334 0
1670609519930 0.02266666666666667 0
1670609521538 0.0215 0
1670609522976 0.02033333333333333 0
1670609524530 0.018166666666666668 0
1670609525912 0.018333333333333333 0
1670609527262 0.02266666666666667 0
1670609528421 0.0225 0
1670609529768 0.0195 0
1670609530859 0.022333333333333334 0
1670609531930 0.015333333333333332 0
1670609532934 0.017833333333333333 0
1670609534113 0.020166666666666666 0
1670609535122 0.021666666666666667 0
1670609536524 0.021 0
1670609538027 0.019333333333333334 0
1670609539231 0.023166666666666665 0
1670609540343 0.018 0
1670609541790 0.021333333333333333 0
1670609543168 0.019666666666666666 0
1670609544686 0.018 0
1670609546209 0.021333333333333333 0
1670609547256 0.0205 0
1670609548817 0.017 0
1670609549875 0.020666666666666667 0
1670609551283 0.023166666666666665 0
1670609553028 0.0215 0
1670609554564 0.019666666666666666 0
1670609555913 0.0235 0
1670609557503 0.02266666666666667 0
1670609558882 0.017666666666666667 0
1670609560066 0.018666666666666668 0
1670609561787 0.021833333333333333 0
1670609563657 0.017166666666666667 0
