1670650328247 0.151094528670432 0
1670650339668 0.15307838143414426 0
1670650356790 0.14785011152960545 0
1670650383542 0.1522807672568835 0
1670650400906 0.15574304764276148 0
1670650414053 0.15090815421860496 0
1670650433361 0.1470522633868162 0
1670650445133 0.15908589182936386 0
1670650456584 0.15270531464992187 0
1670650490873 0.14975333735641794 0
1670650502378 0.1475335705174532 0
1670650513831 0.16013330125249683 0
1670650525332 0.15249661706383058 0
1670650536817 0.15437312041765255 0
1670650548274 0.1498557130546868 0
1670650572295 0.15269967065324186 0
1670650586667 0.15255535786726765 0
1670650598039 0.15702281812652533 0
1670650609473 0.15000261911129034 0
1670650621477 0.14586587874724055 0
1670650633492 0.15236088918804241 0
1670650675303 0.148300573450603 0
1670650710279 0.15549615839826575 0
1670650729195 0.14737626876911483 0
1670650740578 0.15125604805124832 0
1670650764377 0.1530301066673589 0
1670650775827 0.14959068309642498 0
1670650805532 0.15361358426462202 0
1670650816980 0.14336533775556226 0
1670650834071 0.15124055610797427 0
