1670589477582 0.06533333333333333 0
1670589479234 0.06966666666666667 0
1670589481008 0.07066666666666667 0
1670589482886 0.067 0
1670589484769 0.0745 0
1670589486238 0.06483333333333334 0
1670589487712 0.07016666666666667 0
1670589489156 0.06916666666666667 0
1670589490544 0.06483333333333334 0
1670589492114 0.072 0
1670589493511 0.06716666666666667 0
1670589495148 0.0715 0
1670589496545 0.06916666666666667 0
1670589498138 0.06983333333333333 0
1670589499622 0.0635 0
1670589501050 0.066 0
1670589502568 0.0725 0
1670589503974 0.065 0
1670589505466 0.0735 0
1670589507415 0.07016666666666667 0
1670589508981 0.0775 0
1670589510952 0.06716666666666667 0
1670589512666 0.0695 0
1670589514481 0.07366666666666667 0
1670589515986 0.0695 0
1670589517618 0.06966666666666667 0
1670589518992 0.06916666666666667 0
1670589520796 0.06666666666666667 0
1670589522625 0.06383333333333334 0
1670589524190 0.06683333333333333 0
1670589525753 0.06266666666666666 0
1670589527452 0.06633333333333333 0
1670589528997 0.06766666666666667 0
1670589530629 0.06883333333333333 0
1670589532316 0.0645 0
1670589533810 0.07183333333333333 0
1670589535261 0.0675 0
1670589537084 0.06666666666666667 0
1670589538616 0.06766666666666667 0
1670589540229 0.06916666666666667 0
1670589542312 0.06966666666666667 0
1670589543729 0.06333333333333334 0
1670589545221 0.06833333333333333 0
1670589546852 0.06666666666666667 0
1670589548422 0.06733333333333333 0
1670589549837 0.07083333333333333 0
1670589551302 0.07366666666666667 0
1670589552759 0.06583333333333333 0
1670589554631 0.069 0
1670589556387 0.06783333333333333 0
1670589558074 0.06633333333333333 0
1670589559603 0.0705 0
1670589561030 0.0775 0
1670589562467 0.06633333333333333 0
1670589564012 0.06283333333333334 0
1670589565453 0.06333333333333334 0
1670589567116 0.06966666666666667 0
1670589568937 0.072 0
1670589570947 0.0635 0
1670589572831 0.0685 0
1670589574300 0.06633333333333333 0
1670589575975 0.07266666666666667 0
1670589577445 0.07016666666666667 0
1670589578967 0.06416666666666666 0
1670589580506 0.0665 0
1670589582263 0.06583333333333333 0
1670589584074 0.06616666666666667 0
1670589585703 0.0665 0
1670589587430 0.0695 0
1670589588891 0.06533333333333333 0
1670589590406 0.06633333333333333 0
1670589591867 0.06916666666666667 0
1670589593668 0.06416666666666666 0
1670589595095 0.06233333333333333 0
1670589596802 0.0645 0
1670589598638 0.06333333333333334 0
1670589600261 0.06616666666666667 0
1670589601678 0.063 0
1670589603352 0.065 0
1670589604915 0.06783333333333333 0
1670589606390 0.06466666666666666 0
1670589607945 0.07066666666666667 0
1670589609342 0.06766666666666667 0
1670589610916 0.07133333333333333 0
1670589612896 0.06066666666666667 0
1670589614458 0.0675 0
1670589615883 0.07583333333333334 0
1670589617320 0.0695 0
1670589618933 0.06916666666666667 0
1670589620614 0.07066666666666667 0
1670589622095 0.06916666666666667 0
1670589623840 0.064 0
1670589625623 0.0685 0
1670589626983 0.07516666666666667 0
1670589628653 0.06933333333333333 0
1670589630238 0.06316666666666666 0
1670589632259 0.06666666666666667 0
1670589634177 0.06683333333333333 0
1670589635491 0.06533333333333333 0
1670589637034 0.06866666666666667 0
1670589638756 0.07133333333333333 0
1670589640742 0.073 0
