1670598582111 0.008333333333333333 0
1670598582936 0.008333333333333333 0
1670598583889 0.010666666666666666 0
1670598584593 0.011 0
1670598585348 0.01 0
1670598586203 0.01 0
1670598586971 0.01 0
1670598587747 0.012 0
1670598588493 0.012666666666666666 0
1670598589251 0.008666666666666666 0
1670598590202 0.007666666666666666 0
1670598590929 0.01 0
1670598591754 0.009333333333333334 0
1670598592527 0.012333333333333333 0
1670598593439 0.009333333333333334 0
1670598594116 0.009 0
1670598595063 0.008666666666666666 0
1670598595724 0.014333333333333333 0
1670598596484 0.01 0
1670598597151 0.007 0
1670598597877 0.01 0
1670598598585 0.011333333333333334 0
1670598599361 0.010333333333333333 0
1670598600106 0.010333333333333333 0
1670598601047 0.009333333333333334 0
1670598601879 0.008666666666666666 0
1670598602611 0.012333333333333333 0
1670598603292 0.01 0
1670598604082 0.010666666666666666 0
1670598604683 0.012333333333333333 0
1670598605371 0.008333333333333333 0
1670598606299 0.011333333333333334 0
1670598606962 0.01 0
1670598607812 0.008 0
1670598608515 0.007666666666666666 0
1670598609222 0.007666666666666666 0
1670598609884 0.012333333333333333 0
1670598610553 0.006333333333333333 0
1670598611206 0.009666666666666667 0
1670598611990 0.013 0
1670598612851 0.011666666666666667 0
1670598613639 0.011 0
1670598614299 0.008666666666666666 0
1670598615170 0.010333333333333333 0
1670598616182 0.011333333333333334 0
1670598616939 0.007666666666666666 0
1670598617617 0.007666666666666666 0
1670598618259 0.011666666666666667 0
1670598618917 0.008666666666666666 0
1670598619752 0.012 0
1670598620595 0.008 0
1670598621341 0.010333333333333333 0
1670598622121 0.009333333333333334 0
1670598622886 0.011666666666666667 0
1670598623699 0.014 0
1670598624541 0.007666666666666666 0
1670598625129 0.012 0
1670598625855 0.012333333333333333 0
1670598626521 0.010333333333333333 0
1670598627205 0.008666666666666666 0
1670598627942 0.006666666666666667 0
1670598628696 0.013333333333333334 0
1670598629403 0.010333333333333333 0
1670598630081 0.009 0
1670598630939 0.012 0
1670598631694 0.007333333333333333 0
1670598632391 0.010333333333333333 0
1670598633019 0.008666666666666666 0
1670598633801 0.007666666666666666 0
1670598634685 0.010666666666666666 0
1670598635292 0.01 0
1670598636163 0.010333333333333333 0
1670598637112 0.008333333333333333 0
1670598637894 0.012666666666666666 0
1670598638678 0.007666666666666666 0
1670598639410 0.010666666666666666 0
1670598640387 0.011 0
1670598641230 0.009333333333333334 0
1670598641993 0.012666666666666666 0
1670598642900 0.012 0
1670598643607 0.008333333333333333 0
1670598644306 0.009333333333333334 0
1670598645116 0.010333333333333333 0
1670598645788 0.011333333333333334 0
1670598646527 0.010666666666666666 0
1670598647322 0.01 0
1670598647978 0.009 0
1670598648749 0.009666666666666667 0
1670598649505 0.012666666666666666 0
1670598650422 0.006666666666666667 0
1670598651345 0.01 0
1670598652227 0.011333333333333334 0
1670598653108 0.011666666666666667 0
1670598653688 0.007333333333333333 0
1670598654555 0.009 0
1670598655318 0.009 0
1670598656039 0.009 0
1670598657040 0.012333333333333333 0
1670598657790 0.009666666666666667 0
1670598658375 0.012333333333333333 0
1670598659323 0.013 0
1670598660098 0.007666666666666666 0
