1670622074505 0.0 0
1670622083774 0.0 0
1670622092913 0.0 0
1670622101935 0.0 0
1670622111839 0.0 0
1670622123277 0.0 0
1670622134191 0.0 0
1670622144300 0.0 0
1670622153782 0.0 0
1670622163176 0.0 0
1670622173024 0.0 0
1670622183560 0.0 0
1670622193751 0.0 0
1670622204265 0.0 0
1670622215462 0.0 0
1670622226817 0.0 0
1670622237195 0.0 0
1670622248020 0.0 0
1670622258906 0.0 0
1670622269025 0.0 0
1670622279492 0.0 0
1670622289724 0.0 0
1670622299589 0.0 0
1670622309486 0.0 0
1670622320232 0.0 0
1670622330320 0.0 0
1670622340208 0.0 0
1670622350412 0.0 0
1670622360643 0.0 0
1670622371043 0.0 0
1670622381217 0.0 0
1670622392330 0.0 0
1670622403509 0.0 0
1670622415126 0.0 0
1670622425821 0.0 0
1670622436244 0.0 0
1670622446588 0.0 0
1670622457441 0.0 0
1670622467941 0.0 0
1670622478469 0.0 0
1670622488773 0.0 0
1670622499195 0.0 0
1670622509587 0.0 0
1670622519473 0.0 0
1670622529610 0.0 0
1670622539215 0.0 0
1670622549149 0.0 0
1670622559458 0.0 0
1670622569712 0.0 0
1670622579803 0.0 0
1670622589767 0.0 0
1670622599562 0.0 0
1670622609887 0.0 0
1670622620225 0.0 0
1670622629890 0.0 0
1670622640492 0.0 0
1670622650642 0.0 0
1670622660775 0.0 0
1670622670960 0.0 0
1670622681283 0.0 0
1670622690849 0.0 0
1670622700153 0.0 0
1670622709833 0.0 0
1670622719435 0.0 0
1670622728990 0.0 0
1670622738656 0.0 0
1670622748202 0.0 0
1670622757697 0.0 0
1670622767307 0.0 0
1670622776616 0.0 0
1670622786148 0.0 0
1670622794597 0.0 0
1670622804417 0.0 0
1670622813965 0.0 0
1670622823136 0.0 0
1670622832132 0.0 0
1670622841776 0.0 0
1670622851545 0.0 0
1670622861191 0.0 0
1670622870177 0.0 0
1670622880253 0.0 0
1670622889474 0.0 0
1670622898672 0.0 0
1670622908191 0.0 0
1670622917506 0.0 0
1670622926737 0.0 0
1670622935977 0.0 0
1670622945554 0.0 0
1670622955610 0.0 0
1670622965276 0.0 0
1670622974850 0.0 0
1670622984253 0.0 0
1670622993608 0.0 0
1670623003034 0.0 0
1670623012204 0.0 0
1670623021396 0.0 0
1670623031110 0.0 0
1670623040212 0.0 0
1670623050505 0.0 0
1670623062343 0.0 0
1670623074303 0.0 0
1670623086386 0.0 0
