1670596737381 0.44066666666666665 0
1670596738217 0.44033333333333335 0
1670596739197 0.432 0
1670596740371 0.43566666666666665 0
1670596741524 0.43133333333333335 0
1670596742685 0.434 0
1670596743535 0.438 0
1670596744471 0.43066666666666664 0
1670596745316 0.43633333333333335 0
1670596746250 0.443 0
1670596747144 0.44366666666666665 0
1670596747937 0.41933333333333334 0
1670596748934 0.43066666666666664 0
1670596749775 0.433 0
1670596750603 0.43733333333333335 0
1670596751431 0.42333333333333334 0
1670596752339 0.43633333333333335 0
1670596753398 0.43333333333333335 0
1670596754492 0.43166666666666664 0
1670596755558 0.43533333333333335 0
1670596756514 0.42433333333333334 0
1670596757321 0.425 0
1670596758279 0.44466666666666665 0
1670596759229 0.43566666666666665 0
1670596760041 0.43833333333333335 0
1670596761146 0.42233333333333334 0
1670596761963 0.43633333333333335 0
1670596762875 0.439 0
1670596763650 0.444 0
1670596764728 0.432 0
1670596765685 0.432 0
1670596766727 0.44066666666666665 0
1670596767605 0.43233333333333335 0
1670596768463 0.431 0
1670596769406 0.42333333333333334 0
1670596770360 0.43466666666666665 0
1670596771518 0.4266666666666667 0
1670596772583 0.4226666666666667 0
1670596773647 0.43266666666666664 0
1670596774481 0.43266666666666664 0
1670596775395 0.42533333333333334 0
1670596776413 0.42866666666666664 0
1670596777767 0.43166666666666664 0
1670596778856 0.42866666666666664 0
1670596779709 0.435 0
1670596780768 0.431 0
1670596781898 0.43333333333333335 0
1670596782975 0.42533333333333334 0
1670596783843 0.42733333333333334 0
1670596784942 0.442 0
1670596786138 0.44166666666666665 0
1670596787193 0.42333333333333334 0
1670596787982 0.43 0
1670596788803 0.421 0
1670596789541 0.43633333333333335 0
1670596790475 0.43033333333333335 0
1670596791570 0.437 0
1670596792608 0.435 0
1670596793630 0.431 0
1670596794627 0.427 0
1670596795780 0.43166666666666664 0
1670596796943 0.43533333333333335 0
1670596798182 0.438 0
1670596799198 0.43266666666666664 0
1670596800376 0.43966666666666665 0
1670596801650 0.44066666666666665 0
1670596802864 0.43633333333333335 0
1670596804292 0.43333333333333335 0
1670596805565 0.44033333333333335 0
1670596806688 0.43633333333333335 0
1670596807948 0.42933333333333334 0
1670596809037 0.42866666666666664 0
1670596810077 0.44166666666666665 0
1670596811042 0.447 0
1670596812042 0.438 0
1670596813274 0.42933333333333334 0
1670596814601 0.426 0
1670596815660 0.426 0
1670596816637 0.43066666666666664 0
1670596817865 0.42766666666666664 0
1670596818907 0.43766666666666665 0
1670596819951 0.44366666666666665 0
1670596821065 0.42766666666666664 0
1670596821952 0.444 0
1670596823137 0.42933333333333334 0
1670596824098 0.42733333333333334 0
1670596825201 0.43933333333333335 0
1670596826250 0.431 0
1670596827272 0.42933333333333334 0
1670596828115 0.4236666666666667 0
1670596829239 0.43166666666666664 0
1670596830386 0.43966666666666665 0
1670596831528 0.434 0
1670596832637 0.43366666666666664 0
1670596833505 0.433 0
1670596834572 0.4216666666666667 0
1670596835705 0.429 0
1670596836825 0.43266666666666664 0
1670596838113 0.4246666666666667 0
1670596839032 0.4246666666666667 0
1670596839827 0.43666666666666665 0
1670596840905 0.43866666666666665 0
1670596842147 0.4216666666666667 0
1670596842992 0.422 0
1670596843869 0.43666666666666665 0
1670596844756 0.436 0
1670596845822 0.421 0
1670596846908 0.438 0
1670596847979 0.433 0
1670596848837 0.42833333333333334 0
1670596849863 0.42433333333333334 0
1670596851155 0.437 0
1670596852156 0.43933333333333335 0
1670596853170 0.43433333333333335 0
1670596854321 0.442 0
