1670601911091 0.0 0
1670601913779 0.0 0
1670601916372 0.0002 0
1670601918784 0.0 0
1670601921635 0.0001 0
1670601924076 0.0 0
1670601927074 0.0 0
1670601929743 0.0001 0
1670601932487 0.0 0
1670601935180 0.0 0
1670601938117 0.0 0
1670601941270 0.0001 0
1670601944102 0.0001 0
1670601947030 0.0001 0
1670601950075 0.0001 0
1670601953034 0.0003 0
1670601956056 0.0 0
1670601958930 0.0 0
1670601961606 0.0001 0
1670601964543 0.0001 0
1670601967932 0.0001 0
1670601970768 0.0 0
1670601973752 0.0001 0
1670601976902 0.0 0
1670601979385 0.0 0
1670601981847 0.0 0
1670601984492 0.0 0
1670601987503 0.0 0
1670601990236 0.0 0
1670601993425 0.0001 0
1670601996490 0.0 0
1670601999058 0.0 0
1670602002013 0.0 0
1670602005152 0.0 0
1670602008039 0.0002 0
1670602010486 0.0 0
1670602013617 0.0 0
1670602016414 0.0001 0
1670602019405 0.0 0
1670602022352 0.0 0
1670602025478 0.0001 0
1670602028597 0.0001 0
1670602031579 0.0001 0
1670602034448 0.0 0
1670602037342 0.0002 0
1670602039863 0.0 0
1670602042612 0.0001 0
1670602045013 0.0001 0
1670602047699 0.0 0
1670602050264 0.0001 0
1670602052939 0.0 0
1670602055274 0.0 0
1670602057610 0.0 0
1670602060105 0.0 0
1670602062991 0.0 0
1670602065668 0.0002 0
1670602068316 0.0 0
1670602071126 0.0 0
1670602074153 0.0 0
1670602076875 0.0001 0
1670602079692 0.0001 0
1670602082626 0.0001 0
1670602085249 0.0001 0
1670602087948 0.0002 0
1670602090366 0.0 0
1670602092925 0.0001 0
1670602095764 0.0 0
1670602098525 0.0 0
1670602101387 0.0 0
1670602103866 0.0001 0
1670602106282 0.0001 0
1670602108908 0.0 0
1670602111440 0.0 0
1670602114158 0.0 0
1670602116865 0.0 0
1670602119724 0.0 0
1670602122558 0.0001 0
1670602125157 0.0001 0
1670602127903 0.0001 0
1670602130661 0.0002 0
1670602133338 0.0 0
1670602136216 0.0001 0
1670602139049 0.0003 0
1670602141764 0.0 0
1670602144242 0.0 0
1670602147194 0.0 0
1670602150110 0.0002 0
1670602152658 0.0001 0
1670602155222 0.0 0
1670602157924 0.0001 0
1670602160553 0.0001 0
1670602163281 0.0 0
1670602166032 0.0 0
1670602168723 0.0 0
1670602171436 0.0002 0
1670602174231 0.0 0
1670602176982 0.0 0
1670602179311 0.0 0
1670602182284 0.0 0
1670602185211 0.0 0
1670602187754 0.0 0
1670602190347 0.0 0
1670602193181 0.0 0
1670602195930 0.0 0
1670602198594 0.0001 0
1670602201389 0.0 0
1670602204327 0.0 0
1670602207260 0.0001 0
1670602209849 0.0001 0
1670602212859 0.0001 0
1670602215607 0.0001 0
1670602218402 0.0 0
1670602220953 0.0001 0
1670602223917 0.0004 0
1670602226672 0.0 0
1670602229263 0.0 0
