1670630751300 0.0165 0
1670630754524 0.0195 0
1670630757717 0.019666666666666666 0
1670630761074 0.016166666666666666 0
1670630764066 0.016666666666666666 0
1670630767224 0.018166666666666668 0
1670630770233 0.018666666666666668 0
1670630773380 0.019 0
1670630776590 0.016833333333333332 0
1670630779752 0.021 0
1670630782786 0.018666666666666668 0
1670630785878 0.0195 0
1670630789074 0.018333333333333333 0
1670630792144 0.02 0
1670630795563 0.017166666666666667 0
1670630799105 0.02 0
1670630802283 0.02 0
1670630805767 0.018 0
1670630808846 0.019333333333333334 0
1670630812073 0.017166666666666667 0
1670630815495 0.021 0
1670630818913 0.020833333333333332 0
1670630822274 0.017333333333333333 0
1670630825399 0.017666666666666667 0
1670630828482 0.0195 0
1670630831826 0.0185 0
1670630834959 0.018833333333333334 0
1670630838556 0.02033333333333333 0
1670630842183 0.020166666666666666 0
1670630845559 0.017666666666666667 0
1670630848909 0.018833333333333334 0
1670630852078 0.015 0
1670630855379 0.016166666666666666 0
1670630858663 0.017833333333333333 0
1670630861984 0.0185 0
1670630865107 0.017666666666666667 0
1670630868361 0.017166666666666667 0
1670630871674 0.017666666666666667 0
1670630875021 0.019333333333333334 0
1670630878460 0.019166666666666665 0
1670630881905 0.019666666666666666 0
1670630885067 0.018833333333333334 0
1670630888391 0.015666666666666666 0
1670630891719 0.02 0
1670630895041 0.017 0
1670630897960 0.015333333333333332 0
1670630901221 0.014833333333333334 0
1670630904547 0.019666666666666666 0
1670630907654 0.017166666666666667 0
1670630911004 0.014 0
1670630914237 0.019 0
1670630917528 0.019333333333333334 0
1670630920611 0.018666666666666668 0
1670630923708 0.018 0
1670630926969 0.021166666666666667 0
1670630930346 0.018333333333333333 0
1670630933613 0.0175 0
1670630936912 0.016833333333333332 0
1670630940232 0.0185 0
1670630943754 0.02033333333333333 0
1670630947291 0.018 0
1670630950963 0.018666666666666668 0
1670630954660 0.016833333333333332 0
1670630958337 0.0195 0
1670630961409 0.019166666666666665 0
1670630964826 0.017666666666666667 0
1670630968293 0.018166666666666668 0
1670630971691 0.020166666666666666 0
1670630975255 0.017 0
1670630978729 0.018666666666666668 0
1670630982289 0.018333333333333333 0
1670630985867 0.020666666666666667 0
1670630989392 0.019833333333333335 0
1670630993011 0.0175 0
1670630996550 0.019333333333333334 0
1670631000121 0.0155 0
1670631003565 0.017666666666666667 0
1670631007196 0.016 0
1670631010843 0.018166666666666668 0
1670631014458 0.01633333333333333 0
1670631017941 0.018333333333333333 0
1670631021384 0.017 0
1670631024765 0.021166666666666667 0
1670631028436 0.016666666666666666 0
1670631032029 0.015166666666666667 0
1670631035563 0.017166666666666667 0
1670631038992 0.016833333333333332 0
1670631042321 0.017166666666666667 0
1670631045746 0.017166666666666667 0
1670631049082 0.0175 0
1670631052698 0.019 0
1670631055815 0.017666666666666667 0
1670631059188 0.017833333333333333 0
1670631062506 0.018 0
1670631065793 0.018833333333333334 0
1670631069418 0.021166666666666667 0
1670631072951 0.017 0
1670631076545 0.019666666666666666 0
1670631080151 0.018333333333333333 0
1670631083721 0.017166666666666667 0
1670631087260 0.018666666666666668 0
1670631090899 0.015666666666666666 0
1670631094495 0.0205 0
1670631098011 0.0185 0
1670631101409 0.017666666666666667 0
1670631104892 0.018166666666666668 0
1670631108363 0.0195 0
1670631111874 0.021 0
1670631115289 0.018833333333333334 0
1670631118751 0.0165 0
