1670631480583 0.002285714285714286 0
1670631484032 0.002 0
1670631487538 0.0012857142857142856 0
1670631490845 0.0012857142857142856 0
1670631494214 0.002142857142857143 0
1670631497745 0.001142857142857143 0
1670631501275 0.0018571428571428571 0
1670631504799 0.001 0
1670631508402 0.0014285714285714286 0
1670631511928 0.0008571428571428571 0
1670631515511 0.0018571428571428571 0
1670631518716 0.001142857142857143 0
1670631521922 0.002 0
1670631525211 0.001142857142857143 0
1670631528830 0.0018571428571428571 0
1670631532390 0.0017142857142857142 0
1670631535928 0.0005714285714285715 0
1670631539495 0.0014285714285714286 0
1670631543157 0.0014285714285714286 0
1670631546599 0.0017142857142857142 0
1670631549860 0.0018571428571428571 0
1670631553265 0.0018571428571428571 0
1670631556478 0.001 0
1670631559761 0.0018571428571428571 0
1670631563107 0.001142857142857143 0
1670631566466 0.0018571428571428571 0
1670631569791 0.0018571428571428571 0
1670631573223 0.002285714285714286 0
1670631576663 0.0017142857142857142 0
1670631580259 0.0015714285714285715 0
1670631583817 0.0017142857142857142 0
1670631587238 0.002142857142857143 0
1670631590660 0.002 0
1670631594125 0.0017142857142857142 0
1670631597430 0.0014285714285714286 0
1670631600863 0.002 0
1670631604243 0.002142857142857143 0
1670631607540 0.002142857142857143 0
1670631610935 0.0018571428571428571 0
1670631614347 0.0015714285714285715 0
1670631617585 0.0018571428571428571 0
1670631620896 0.002285714285714286 0
1670631624174 0.0015714285714285715 0
1670631627260 0.0014285714285714286 0
1670631630602 0.002 0
1670631634276 0.001142857142857143 0
1670631637694 0.001 0
1670631641263 0.0014285714285714286 0
1670631645193 0.0015714285714285715 0
1670631648890 0.0015714285714285715 0
1670631652530 0.002285714285714286 0
1670631656214 0.002285714285714286 0
1670631660160 0.001142857142857143 0
1670631664004 0.0012857142857142856 0
1670631667952 0.0018571428571428571 0
1670631671651 0.0018571428571428571 0
1670631675259 0.0024285714285714284 0
1670631679239 0.0017142857142857142 0
1670631682855 0.002142857142857143 0
1670631686687 0.0012857142857142856 0
1670631690555 0.0012857142857142856 0
1670631694551 0.0024285714285714284 0
1670631698071 0.0017142857142857142 0
1670631701679 0.0018571428571428571 0
1670631705502 0.002 0
1670631709369 0.0015714285714285715 0
1670631713321 0.002285714285714286 0
1670631717472 0.0024285714285714284 0
1670631721935 0.0017142857142857142 0
1670631726379 0.002142857142857143 0
1670631730836 0.0017142857142857142 0
1670631735312 0.0012857142857142856 0
1670631739827 0.002285714285714286 0
1670631744286 0.002 0
1670631748742 0.002 0
1670631753386 0.0012857142857142856 0
1670631757889 0.0017142857142857142 0
1670631762018 0.0025714285714285713 0
1670631766019 0.002 0
1670631769914 0.0012857142857142856 0
1670631773791 0.0018571428571428571 0
1670631777687 0.001142857142857143 0
1670631781763 0.0017142857142857142 0
1670631785627 0.001 0
1670631789652 0.0017142857142857142 0
1670631793785 0.0017142857142857142 0
1670631797950 0.002285714285714286 0
1670631801784 0.0025714285714285713 0
1670631805764 0.0012857142857142856 0
1670631809769 0.002142857142857143 0
1670631813663 0.0012857142857142856 0
1670631817568 0.0008571428571428571 0
1670631821550 0.0025714285714285713 0
1670631825448 0.0012857142857142856 0
1670631829383 0.001 0
1670631833154 0.0017142857142857142 0
1670631837210 0.0015714285714285715 0
1670631841172 0.001142857142857143 0
1670631845009 0.0014285714285714286 0
1670631848869 0.001142857142857143 0
1670631852972 0.0012857142857142856 0
1670631857000 0.0024285714285714284 0
1670631861113 0.0007142857142857143 0
1670631865213 0.0012857142857142856 0
