1670640033826 0.0 0
1670640036809 0.0 0
1670640039814 0.0 0
1670640042578 0.0 0
1670640045267 0.0 0
1670640048033 0.0 0
1670640050755 0.0 0
1670640053477 0.0 0
1670640056177 0.0 0
1670640059151 0.0 0
1670640062148 0.0 0
1670640065135 0.0 0
1670640068159 0.0 0
1670640071199 0.0 0
1670640074252 0.0 0
1670640077189 0.0 0
1670640080138 0.0 0
1670640083113 0.0 0
1670640086223 0.0 0
1670640089302 0.0 0
1670640092506 0.0 0
1670640095718 0.0 0
1670640098647 0.0 0
1670640101614 0.0 0
1670640104440 0.0 0
1670640107030 0.0 0
1670640109872 0.0 0
1670640112792 0.0 0
1670640115792 0.0 0
1670640118730 0.0 0
1670640121657 0.0 0
1670640124539 0.0 0
1670640127434 0.0 0
1670640130377 0.0 0
1670640133318 0.0 0
1670640136262 0.0 0
1670640139228 0.0 0
1670640142021 0.0 0
1670640144764 0.0 0
1670640147502 0.0 0
1670640150237 0.0 0
1670640152945 0.0 0
1670640155656 0.0 0
1670640158366 0.0 0
1670640161148 0.0 0
1670640163690 0.0 0
1670640165835 0.0 0
1670640168433 0.0 0
1670640171358 0.0 0
1670640174219 0.0 0
1670640177172 0.0 0
1670640180136 0.0 0
1670640183169 0.0 0
1670640186263 0.0 0
1670640189305 0.0 0
1670640192344 0.0 0
1670640195279 0.0 0
1670640197409 0.0 0
1670640199869 0.0 0
1670640202375 0.0 0
1670640205010 0.0 0
1670640207509 0.0 0
1670640210125 0.0 0
1670640212779 0.0 0
1670640215840 0.0 0
1670640218796 0.0 0
1670640221851 0.0 0
1670640224937 0.0 0
1670640228037 0.0 0
1670640231103 0.0 0
1670640234169 0.0 0
1670640237263 0.0 0
1670640240369 0.0 0
1670640243453 0.0 0
1670640246565 0.0 0
1670640249703 0.0 0
1670640252832 0.0 0
1670640255969 0.0 0
1670640259058 0.0 0
1670640262154 0.0 0
1670640265270 0.0 0
1670640268353 0.0 0
1670640271520 0.0 0
1670640274684 0.0 0
1670640277750 0.0 0
1670640280911 0.0 0
1670640284105 0.0 0
1670640287384 0.0 0
1670640290180 0.0 0
1670640293063 0.0 0
1670640295952 0.0 0
1670640298823 0.0 0
1670640301727 0.0 0
1670640304641 0.0 0
1670640307763 0.0 0
1670640311052 0.0 0
1670640313965 0.0 0
1670640317004 0.0 0
1670640320070 0.0 0
1670640323169 0.0 0
1670640325991 0.0 0
