1670640030709 0.0 0
1670640033805 0.0 0
1670640036789 0.0 0
1670640039794 0.0 0
1670640042555 0.0 0
1670640045251 0.0 0
1670640048014 0.0 0
1670640050739 0.0 0
1670640053457 0.0 0
1670640056164 0.0 0
1670640059144 0.0 0
1670640062128 0.0 0
1670640065115 0.0 0
1670640068139 0.0 0
1670640071179 0.0 0
1670640074231 0.0 0
1670640077168 0.0 0
1670640080121 0.0 0
1670640083093 0.0 0
1670640086203 0.0 0
1670640089282 0.0 0
1670640092486 0.0 0
1670640095693 0.0 0
1670640098630 0.0 0
1670640101593 0.0 0
1670640104433 0.0 0
1670640107010 0.0 0
1670640109854 0.0 0
1670640112772 0.0 0
1670640115773 0.0 0
1670640118710 0.0 0
1670640121636 0.0 0
1670640124522 0.0 0
1670640127414 0.0 0
1670640130357 0.0 0
1670640133297 0.0 0
1670640136241 0.0 0
1670640139209 0.0 0
1670640142001 0.0 0
1670640144746 0.0 0
1670640147483 0.0 0
1670640150219 0.0 0
1670640152927 0.0 0
1670640155641 0.0 0
1670640158347 0.0 0
1670640161128 0.0 0
1670640163659 0.0 0
1670640165815 0.0 0
1670640168413 0.0 0
1670640171337 0.0 0
1670640174202 0.0 0
1670640177156 0.0 0
1670640180129 0.0 0
1670640183149 0.0 0
1670640186241 0.0 0
1670640189285 0.0 0
1670640192324 0.0 0
1670640195272 0.0 0
1670640197389 0.0 0
1670640199862 0.0 0
1670640202361 0.0 0
1670640204996 0.0 0
1670640207502 0.0 0
1670640210104 0.0 0
1670640212741 0.0 0
1670640215821 0.0 0
1670640218777 0.0 0
1670640221835 0.0 0
1670640224920 0.0 0
1670640228017 0.0 0
1670640231084 0.0 0
1670640234149 0.0 0
1670640237244 0.0 0
1670640240348 0.0 0
1670640243434 0.0 0
1670640246545 0.0 0
1670640249682 0.0 0
1670640252812 0.0 0
1670640255949 0.0 0
1670640259043 0.0 0
1670640262134 0.0 0
1670640265249 0.0 0
1670640268335 0.0 0
1670640271499 0.0 0
1670640274663 0.0 0
1670640277731 0.0 0
1670640280890 0.0 0
1670640284085 0.0 0
1670640287365 0.0 0
1670640290159 0.0 0
1670640293043 0.0 0
1670640295932 0.0 0
1670640298802 0.0 0
1670640301707 0.0 0
1670640304621 0.0 0
1670640307742 0.0 0
1670640311033 0.0 0
1670640313939 0.0 0
1670640316984 0.0 0
1670640320050 0.0 0
1670640323149 0.0 0
1670640325976 0.0 0
