1670603017947 0.0 0
1670603018304 0.0 0
1670603019021 0.0 0
1670603019461 0.0 0
1670603019808 0.0 0
1670603020423 0.0 0
1670603020960 0.0 0
1670603021334 0.0 0
1670603021686 0.0 0
1670603022336 0.0 0
1670603022700 0.0 0
1670603023303 0.0 0
1670603023676 0.0 0
1670603024168 0.0 0
1670603024680 0.0 0
1670603025073 0.0 0
1670603025484 0.0 0
1670603025953 0.0 0
1670603026429 0.0 0
1670603026894 0.0 0
1670603027508 0.0 0
1670603027900 0.0 0
1670603028450 0.0 0
1670603028932 0.0 0
1670603029454 0.0 0
1670603029813 0.0 0
1670603030490 0.0 0
1670603030974 0.0 0
1670603031549 0.0 0
1670603032120 0.0 0
1670603032657 0.0 0
1670603033132 0.0 0
1670603033814 0.0 0
1670603034408 0.0 0
1670603034948 0.0 0
1670603035358 0.0 0
1670603035880 0.0 0
1670603036563 0.0 0
1670603037136 0.0 0
1670603037614 0.0 0
1670603038004 0.0 0
1670603038359 0.0 0
1670603038802 0.0 0
1670603039135 0.0 0
1670603039760 0.0 0
1670603040089 0.0 0
1670603040497 0.0 0
1670603040941 0.0 0
1670603041414 0.0 0
1670603041854 0.0 0
1670603042259 0.0 0
1670603042892 0.0 0
1670603043378 0.0 0
1670603043722 0.0 0
1670603044206 0.0 0
1670603044676 0.0 0
1670603045259 0.0 0
1670603045632 0.0 0
1670603046047 0.0 0
1670603046461 0.0 0
1670603046880 0.0 0
1670603047336 0.0 0
1670603047655 0.0 0
1670603048055 0.0 0
1670603048582 0.0 0
1670603048968 0.0 0
1670603049434 0.0 0
1670603049867 0.0 0
1670603050205 0.0 0
1670603050593 0.0 0
1670603051121 0.0 0
1670603051418 0.0 0
1670603052026 0.0 0
1670603052531 0.0 0
1670603053129 0.0 0
1670603053480 0.0 0
1670603053917 0.0 0
1670603054611 0.0 0
1670603055132 0.0 0
1670603055782 0.0 0
1670603056245 0.0 0
1670603056755 0.0 0
1670603057233 0.0 0
1670603057736 0.0 0
1670603058252 0.0 0
1670603058606 0.0 0
1670603058923 0.0 0
1670603059484 0.0 0
1670603059986 0.0 0
1670603060446 0.0 0
1670603061008 0.0 0
1670603061543 0.0 0
1670603062001 0.0 0
1670603062479 0.0 0
1670603063125 0.0 0
1670603063542 0.0 0
1670603064088 0.0 0
1670603064552 0.0 0
1670603065002 0.0 0
1670603065710 0.0 0
1670603066168 0.0 0
