1670600238383 0.0003333333333333333 0
1670600239113 0.001 0
1670600239858 0.0003333333333333333 0
1670600240782 0.001 0
1670600241852 0.0006666666666666666 0
1670600242645 0.0003333333333333333 0
1670600243784 0.0003333333333333333 0
1670600244590 0.0006666666666666666 0
1670600245624 0.001 0
1670600246445 0.0 0
1670600247502 0.0006666666666666666 0
1670600248529 0.001 0
1670600249356 0.0013333333333333333 0
1670600250206 0.0 0
1670600250981 0.0003333333333333333 0
1670600251941 0.0003333333333333333 0
1670600252775 0.001 0
1670600253726 0.0003333333333333333 0
1670600254747 0.0006666666666666666 0
1670600255650 0.0 0
1670600256480 0.0003333333333333333 0
1670600257470 0.0006666666666666666 0
1670600258228 0.0013333333333333333 0
1670600259207 0.0003333333333333333 0
1670600259848 0.0 0
1670600260731 0.0003333333333333333 0
1670600261494 0.001 0
1670600262420 0.0 0
1670600263197 0.0 0
1670600263928 0.001 0
1670600264982 0.0006666666666666666 0
1670600265789 0.0003333333333333333 0
1670600266679 0.0006666666666666666 0
1670600267433 0.0013333333333333333 0
1670600268371 0.0016666666666666668 0
1670600269328 0.001 0
1670600270026 0.001 0
1670600270871 0.0 0
1670600271727 0.001 0
1670600272599 0.0006666666666666666 0
1670600273386 0.0006666666666666666 0
1670600274228 0.0006666666666666666 0
1670600274945 0.0 0
1670600275937 0.0003333333333333333 0
1670600276701 0.0006666666666666666 0
1670600277480 0.0003333333333333333 0
1670600278189 0.0003333333333333333 0
1670600279220 0.0006666666666666666 0
1670600279951 0.001 0
1670600280695 0.0013333333333333333 0
1670600281494 0.0003333333333333333 0
1670600282632 0.0013333333333333333 0
1670600283401 0.0 0
1670600284269 0.0006666666666666666 0
1670600285056 0.0006666666666666666 0
1670600286023 0.001 0
1670600287089 0.0003333333333333333 0
1670600287897 0.0 0
1670600288766 0.0 0
1670600289605 0.0006666666666666666 0
1670600290363 0.0 0
1670600291330 0.0003333333333333333 0
1670600292101 0.001 0
1670600292845 0.0006666666666666666 0
1670600293605 0.0006666666666666666 0
1670600294600 0.0 0
1670600295547 0.0006666666666666666 0
1670600296381 0.0013333333333333333 0
1670600297186 0.0006666666666666666 0
1670600297951 0.0 0
1670600298978 0.0 0
1670600299774 0.0 0
1670600300646 0.001 0
1670600301552 0.001 0
1670600302235 0.0003333333333333333 0
1670600302949 0.0006666666666666666 0
1670600303837 0.0006666666666666666 0
1670600304651 0.0003333333333333333 0
1670600305440 0.0003333333333333333 0
1670600306139 0.0006666666666666666 0
1670600306978 0.0013333333333333333 0
1670600307645 0.0003333333333333333 0
1670600308441 0.0003333333333333333 0
1670600309181 0.0003333333333333333 0
1670600310058 0.0006666666666666666 0
1670600310815 0.001 0
1670600311826 0.001 0
1670600312737 0.0003333333333333333 0
1670600313708 0.0013333333333333333 0
1670600314520 0.0003333333333333333 0
1670600315445 0.0006666666666666666 0
1670600316435 0.0003333333333333333 0
1670600317169 0.0013333333333333333 0
1670600317845 0.0003333333333333333 0
1670600318576 0.0006666666666666666 0
1670600319423 0.0006666666666666666 0
1670600320142 0.0003333333333333333 0
1670600320965 0.0006666666666666666 0
1670600321673 0.0023333333333333335 0
1670600322447 0.001 0
1670600323522 0.0003333333333333333 0
1670600324435 0.0013333333333333333 0
