1670581787348 0.3556666666666667 0
1670581788169 0.3473333333333333 0
1670581789197 0.36133333333333334 0
1670581790450 0.354 0
1670581791297 0.35133333333333333 0
1670581792103 0.353 0
1670581793186 0.36 0
1670581794424 0.3546666666666667 0
1670581795382 0.35333333333333333 0
1670581796291 0.35233333333333333 0
1670581797292 0.354 0
1670581798142 0.35833333333333334 0
1670581799339 0.354 0
1670581800314 0.355 0
1670581801114 0.353 0
1670581802093 0.355 0
1670581803270 0.354 0
1670581804225 0.356 0
1670581805251 0.355 0
1670581806302 0.355 0
1670581807641 0.355 0
1670581808546 0.352 0
1670581809529 0.356 0
1670581810455 0.3546666666666667 0
1670581811525 0.3526666666666667 0
1670581812494 0.35733333333333334 0
1670581813471 0.3536666666666667 0
1670581814624 0.357 0
1670581815715 0.35733333333333334 0
1670581816574 0.3556666666666667 0
1670581817391 0.35833333333333334 0
1670581818503 0.3576666666666667 0
1670581819567 0.35133333333333333 0
1670581820701 0.35133333333333333 0
1670581821596 0.347 0
1670581822899 0.3576666666666667 0
1670581824081 0.35433333333333333 0
1670581825342 0.358 0
1670581826472 0.357 0
1670581827517 0.355 0
1670581828724 0.35133333333333333 0
1670581829812 0.35433333333333333 0
1670581830671 0.357 0
1670581831588 0.3606666666666667 0
1670581832432 0.35633333333333334 0
1670581833518 0.355 0
1670581834424 0.352 0
1670581835551 0.3576666666666667 0
1670581836401 0.35333333333333333 0
1670581837266 0.3556666666666667 0
1670581838069 0.356 0
1670581839116 0.35433333333333333 0
1670581839940 0.3536666666666667 0
1670581840715 0.35333333333333333 0
1670581841570 0.353 0
1670581842683 0.353 0
1670581843470 0.35333333333333333 0
1670581844308 0.35533333333333333 0
1670581845111 0.35233333333333333 0
1670581845921 0.35633333333333334 0
1670581846787 0.3546666666666667 0
1670581847994 0.35433333333333333 0
1670581848829 0.351 0
1670581850058 0.3526666666666667 0
1670581850987 0.35633333333333334 0
1670581852101 0.35533333333333333 0
1670581852840 0.357 0
1670581853580 0.36 0
1670581854449 0.35133333333333333 0
1670581855588 0.349 0
1670581856701 0.353 0
1670581857579 0.35833333333333334 0
1670581858539 0.3516666666666667 0
1670581859563 0.3556666666666667 0
1670581860427 0.3576666666666667 0
1670581861535 0.3526666666666667 0
1670581862643 0.35133333333333333 0
1670581863801 0.35033333333333333 0
1670581864789 0.35733333333333334 0
1670581865737 0.35233333333333333 0
1670581866789 0.352 0
1670581867565 0.354 0
1670581868333 0.3566666666666667 0
1670581869091 0.3516666666666667 0
1670581869988 0.35333333333333333 0
1670581870910 0.35433333333333333 0
1670581871706 0.3536666666666667 0
1670581872654 0.3526666666666667 0
1670581873550 0.3566666666666667 0
1670581874324 0.356 0
1670581875285 0.355 0
1670581876153 0.356 0
1670581876982 0.3576666666666667 0
1670581877830 0.357 0
1670581878640 0.358 0
1670581879483 0.35533333333333333 0
1670581880410 0.35333333333333333 0
1670581881226 0.3556666666666667 0
1670581882079 0.35633333333333334 0
1670581882849 0.36 0
1670581883572 0.3526666666666667 0
1670581884509 0.355 0
1670581885309 0.354 0
1670581886144 0.3526666666666667 0
1670581887220 0.3566666666666667 0
1670581888232 0.35533333333333333 0
1670581889172 0.354 0
1670581889922 0.353 0
1670581890997 0.3546666666666667 0
1670581891728 0.355 0
1670581892529 0.35233333333333333 0
1670581893465 0.35433333333333333 0
1670581894365 0.357 0
1670581895344 0.35233333333333333 0
1670581896312 0.356 0
1670581897238 0.35933333333333334 0
1670581898042 0.3546666666666667 0
1670581899095 0.35333333333333333 0
1670581899840 0.35533333333333333 0
1670581900793 0.3526666666666667 0
1670581901837 0.359 0
1670581902692 0.3526666666666667 0
1670581903465 0.353 0
1670581904397 0.356 0
1670581905403 0.35433333333333333 0
1670581906147 0.352 0
1670581906994 0.3556666666666667 0
1670581907960 0.3606666666666667 0
1670581908894 0.3536666666666667 0
1670581909877 0.3556666666666667 0
1670581910794 0.357 0
1670581911586 0.3616666666666667 0
1670581912415 0.3546666666666667 0
1670581913463 0.3516666666666667 0
1670581914215 0.352 0
1670581915338 0.356 0
1670581916360 0.35233333333333333 0
1670581917419 0.35533333333333333 0
1670581918459 0.3556666666666667 0
1670581919255 0.356 0
1670581920201 0.3566666666666667 0
1670581921242 0.354 0
1670581922227 0.35933333333333334 0
1670581923455 0.356 0
1670581924437 0.3556666666666667 0
1670581925181 0.358 0
1670581926215 0.3546666666666667 0
1670581927083 0.356 0
1670581927846 0.34933333333333333 0
1670581928813 0.353 0
1670581929592 0.3526666666666667 0
1670581930414 0.358 0
1670581931186 0.358 0
1670581932002 0.3556666666666667 0
1670581933100 0.35333333333333333 0
1670581933912 0.3576666666666667 0
1670581934708 0.35433333333333333 0
1670581935485 0.35 0
1670581936493 0.35633333333333334 0
1670581937470 0.3546666666666667 0
1670581938514 0.359 0
1670581939565 0.3526666666666667 0
1670581940626 0.35033333333333333 0
1670581941469 0.3546666666666667 0
1670581942413 0.355 0
1670581943531 0.3546666666666667 0
1670581944448 0.3526666666666667 0
1670581945373 0.353 0
1670581946384 0.353 0
1670581947491 0.357 0
1670581948410 0.3506666666666667 0
1670581949380 0.35133333333333333 0
1670581950199 0.3496666666666667 0
1670581951190 0.354 0
1670581952147 0.357 0
1670581953079 0.35233333333333333 0
1670581953882 0.3606666666666667 0
1670581955067 0.3546666666666667 0
1670581955939 0.354 0
1670581956785 0.3566666666666667 0
