1670597287738 0.0 0
1670597288189 0.0 0
1670597288519 0.0 0
1670597288937 0.0 0
1670597289361 0.0 0
1670597289635 0.0 0
1670597289943 0.0 0
1670597290224 0.0 0
1670597290542 0.0 0
1670597290853 0.0 0
1670597291165 0.0 0
1670597291477 0.0 0
1670597291761 0.0 0
1670597292099 0.0 0
1670597292427 0.0 0
1670597292761 0.0 0
1670597293079 0.0 0
1670597293368 0.0 0
1670597293666 0.0 0
1670597294165 0.0 0
1670597294549 0.0 0
1670597294856 0.0 0
1670597295171 0.0 0
1670597295474 0.0 0
1670597295774 0.0 0
1670597296089 0.0 0
1670597296403 0.0 0
1670597296696 0.0 0
1670597296985 0.0 0
1670597297277 0.0 0
1670597297633 0.0 0
1670597297932 0.0 0
1670597298238 0.0 0
1670597298530 0.0 0
1670597298894 0.0 0
1670597299181 0.0 0
1670597299543 0.0 0
1670597299956 0.0 0
1670597300273 0.0 0
1670597300758 0.0 0
1670597301047 0.0 0
1670597301386 0.0 0
1670597301767 0.0 0
1670597302077 0.0 0
1670597302372 0.0 0
1670597302689 0.0 0
1670597303171 0.0 0
1670597303559 0.0 0
1670597303865 0.0 0
1670597304352 0.0 0
1670597304646 0.0 0
1670597304923 0.0 0
1670597305208 0.0 0
1670597305502 0.0 0
1670597305986 0.0 0
1670597306434 0.0 0
1670597306739 0.0 0
1670597307133 0.0 0
1670597307579 0.0 0
1670597307962 0.0 0
1670597308457 0.0 0
1670597308840 0.0 0
1670597309114 0.0 0
1670597309512 0.0 0
1670597309805 0.0 0
1670597310094 0.0 0
1670597310422 0.0 0
1670597310755 0.0 0
1670597311211 0.0 0
1670597311524 0.0 0
1670597311822 0.0 0
1670597312300 0.0 0
1670597312719 0.0 0
1670597313075 0.0 0
1670597313372 0.0 0
1670597313860 0.0 0
1670597314157 0.0 0
1670597314570 0.0 0
1670597314938 0.0 0
1670597315252 0.0 0
1670597315556 0.0 0
1670597315856 0.0 0
1670597316135 0.0 0
1670597316446 0.0 0
1670597316961 0.0 0
1670597317260 0.0 0
1670597317579 0.0 0
1670597317984 0.0 0
1670597318453 0.0 0
1670597318761 0.0 0
1670597319078 0.0 0
1670597319576 0.0 0
1670597319903 0.0 0
1670597320177 0.0 0
1670597320477 0.0 0
1670597320774 0.0 0
1670597321246 0.0 0
1670597321567 0.0 0
1670597321864 0.0 0
1670597322172 0.0 0
1670597322641 0.0 0
