1670578734442 0.113 0
1670578735609 0.10983333333333334 0
1670578736475 0.10716666666666666 0
1670578737473 0.115 0
1670578738313 0.10883333333333334 0
1670578739560 0.10733333333333334 0
1670578740627 0.1075 0
1670578741838 0.11516666666666667 0
1670578742843 0.11516666666666667 0
1670578744011 0.113 0
1670578745100 0.11016666666666666 0
1670578746033 0.1085 0
1670578747106 0.10633333333333334 0
1670578748024 0.1115 0
1670578748876 0.10133333333333333 0
1670578749737 0.10816666666666666 0
1670578750586 0.104 0
1670578751608 0.11416666666666667 0
1670578752620 0.11383333333333333 0
1670578753858 0.1045 0
1670578754898 0.111 0
1670578756107 0.10816666666666666 0
1670578757227 0.11266666666666666 0
1670578757952 0.11033333333333334 0
1670578758944 0.1125 0
1670578760097 0.11116666666666666 0
1670578761339 0.10766666666666666 0
1670578762459 0.11133333333333334 0
1670578763507 0.1125 0
1670578764738 0.10766666666666666 0
1670578766094 0.1165 0
1670578767482 0.10583333333333333 0
1670578768736 0.10533333333333333 0
1670578769942 0.10966666666666666 0
1670578771291 0.10533333333333333 0
1670578772586 0.11316666666666667 0
1670578773743 0.1085 0
1670578774602 0.11516666666666667 0
1670578776156 0.1065 0
1670578777238 0.1165 0
1670578778364 0.11433333333333333 0
1670578779695 0.10833333333333334 0
1670578781200 0.1055 0
1670578782664 0.11933333333333333 0
1670578783664 0.1065 0
1670578784684 0.11116666666666666 0
1670578785758 0.11083333333333334 0
1670578787283 0.11216666666666666 0
1670578788364 0.1035 0
1670578789804 0.10983333333333334 0
1670578790886 0.11066666666666666 0
1670578791836 0.11183333333333334 0
1670578792854 0.10816666666666666 0
1670578794127 0.11216666666666666 0
1670578795116 0.11333333333333333 0
1670578796253 0.1095 0
1670578797721 0.10166666666666667 0
1670578799079 0.11716666666666667 0
1670578800154 0.11716666666666667 0
1670578801440 0.11516666666666667 0
1670578802392 0.1135 0
1670578803553 0.10866666666666666 0
1670578805018 0.1065 0
1670578806364 0.11583333333333333 0
1670578807418 0.10633333333333334 0
1670578808427 0.1085 0
1670578809640 0.10833333333333334 0
1670578810703 0.11133333333333334 0
1670578811720 0.10833333333333334 0
1670578812961 0.113 0
1670578814278 0.11233333333333333 0
1670578815424 0.117 0
1670578816725 0.11483333333333333 0
1670578817942 0.114 0
1670578819383 0.10366666666666667 0
1670578820750 0.10483333333333333 0
1670578821750 0.09733333333333333 0
1670578823309 0.10716666666666666 0
1670578824751 0.10783333333333334 0
1670578825925 0.11083333333333334 0
1670578826930 0.1095 0
1670578828264 0.1145 0
1670578829412 0.10533333333333333 0
1670578830878 0.11216666666666666 0
1670578831789 0.106 0
1670578833003 0.11316666666666667 0
1670578834604 0.10933333333333334 0
1670578835742 0.10166666666666667 0
1670578836988 0.115 0
1670578838314 0.10866666666666666 0
1670578839998 0.10866666666666666 0
1670578841347 0.1125 0
1670578842681 0.11116666666666666 0
1670578843820 0.1135 0
1670578845322 0.112 0
1670578846663 0.111 0
1670578847991 0.1145 0
1670578848953 0.10883333333333334 0
1670578850200 0.1105 0
1670578851259 0.10583333333333333 0
1670578852232 0.11266666666666666 0
1670578853671 0.1165 0
