1670584719499 0.0 0
1670584719774 0.0 0
1670584720074 0.0 0
1670584720591 0.0 0
1670584720974 0.0 0
1670584721512 0.0 0
1670584721858 0.0 0
1670584722102 0.0 0
1670584722634 0.0 0
1670584722965 0.0 0
1670584723358 0.0 0
1670584723864 0.0 0
1670584724176 0.0 0
1670584724752 0.0 0
1670584725012 0.0 0
1670584725349 0.0 0
1670584725654 0.0 0
1670584725970 0.0 0
1670584726253 0.0 0
1670584726519 0.0 0
1670584726826 0.0 0
1670584727142 0.0 0
1670584727680 0.0 0
1670584727960 0.0 0
1670584728505 0.0 0
1670584728966 0.0 0
1670584729307 0.0 0
1670584729712 0.0 0
1670584730021 0.0 0
1670584730282 0.0 0
1670584730602 0.0 0
1670584730889 0.0 0
1670584731220 0.0 0
1670584731707 0.0 0
1670584731990 0.0 0
1670584732292 0.0 0
1670584732753 0.0 0
1670584733065 0.0 0
1670584733396 0.0 0
1670584733706 0.0 0
1670584733950 0.0 0
1670584734491 0.0 0
1670584734786 0.0 0
1670584735192 0.0 0
1670584735611 0.0 0
1670584735962 0.0 0
1670584736284 0.0 0
1670584736538 0.0 0
1670584736855 0.0 0
1670584737183 0.0 0
1670584737660 0.0 0
1670584737990 0.0 0
1670584738328 0.0 0
1670584738626 0.0 0
1670584738907 0.0 0
1670584739175 0.0 0
1670584739737 0.0 0
1670584740083 0.0 0
1670584740386 0.0 0
1670584740640 0.0 0
1670584740933 0.0 0
1670584741185 0.0 0
1670584741483 0.0 0
1670584741784 0.0 0
1670584742186 0.0 0
1670584742461 0.0 0
1670584742958 0.0 0
1670584743287 0.0 0
1670584743566 0.0 0
1670584743907 0.0 0
1670584744336 0.0 0
1670584744708 0.0 0
1670584745025 0.0 0
1670584745368 0.0 0
1670584745645 0.0 0
1670584745936 0.0 0
1670584746216 0.0 0
1670584746507 0.0 0
1670584747022 0.0 0
1670584747396 0.0 0
1670584747739 0.0 0
1670584748059 0.0 0
1670584748348 0.0 0
1670584748689 0.0 0
1670584748992 0.0 0
1670584749340 0.0 0
1670584749606 0.0 0
1670584749915 0.0 0
1670584750175 0.0 0
1670584750541 0.0 0
1670584750851 0.0 0
1670584751211 0.0 0
1670584751491 0.0 0
1670584751829 0.0 0
1670584752122 0.0 0
1670584752513 0.0 0
1670584752805 0.0 0
1670584753029 0.0 0
1670584753383 0.0 0
1670584753703 0.0 0
1670584754174 0.0 0
