1670572293077 0.0025412409472864196 0
1670572294995 0.001073270157973039 0
1670572296949 0.0007116166273358661 0
1670572299709 0.0006475727138834825 0
1670572301890 0.000568377029663584 0
1670572304008 0.0005041409221347882 0
1670572306072 0.0004981169524074438 0
1670572307940 0.0005325488432455627 0
1670572310313 0.0005881608623126578 0
1670572312320 0.0006036094761501169 0
1670572314334 0.000591496988692296 0
1670572316594 0.0005708283922365497 0
1670572318428 0.0005460117598082084 0
1670572320452 0.0005747957185973586 0
1670572322628 0.0005639285429631603 0
1670572325021 0.0006210025442951965 0
1670572327299 0.0006058850218928625 0
1670572329791 0.0006859206344858656 0
1670572332257 0.0007063762382445842 0
1670572334484 0.0006881894615992288 0
1670572337187 0.0006713477815665718 0
1670572340008 0.0006566834836380136 0
1670572342544 0.0006422470265648873 0
1670572344503 0.0006407532553572971 0
1670572346767 0.0007625873390465449 0
1670572348977 0.0007533479992969896 0
1670572350896 0.0007507500406388151 0
1670572352779 0.000763900797185839 0
1670572354713 0.0007569510714335646 0
1670572356667 0.0007782540295812096 0
1670572358655 0.0007761950756808545 0
1670572360468 0.0007644853970649945 0
1670572362253 0.0007549645474647106 0
1670572364208 0.0007484613898014439 0
1670572366201 0.0007470465854920196 0
1670572368474 0.0007384228341437355 0
1670572370575 0.0007763474170258809 0
1670572372386 0.0007909134362133785 0
1670572374239 0.0007897828030605684 0
1670572376235 0.0007992279772651358 0
1670572378084 0.0008004784720658962 0
1670572379986 0.0008126132725699554 0
1670572381900 0.0008354939936280389 0
1670572383736 0.0008329782882938366 0
1670572385922 0.0008439378859028397 0
1670572387624 0.0008415826530561276 0
1670572389622 0.0008328245502590668 0
1670572391714 0.0008243342928536422 0
1670572393458 0.000816098501712057 0
1670572395530 0.0008142223938605742 0
1670572397819 0.000814976046915158 0
1670572400041 0.0008095932428018507 0
1670572401792 0.0008020923490325825 0
1670572403946 0.0007947961484611151 0
1670572406344 0.0007953714543742703 0
1670572408706 0.0007944723576866268 0
1670572410680 0.0007888644962840351 0
1670572412823 0.0007878050046152677 0
1670572415096 0.0007865945381112605 0
1670572417195 0.0007801839171329265 0
1670572418811 0.000776119532890676 0
1670572420626 0.0007750958489126211 0
1670572422575 0.0007690819991044689 0
1670572424373 0.0007680511698415633 0
1670572426562 0.0007696588989386701 0
1670572428458 0.0007648465557976063 0
1670572430094 0.0007705396524275473 0
1670572432308 0.0007757084870105358 0
1670572434344 0.0007892478362689693 0
1670572435906 0.0007932235962765407 0
1670572437711 0.0007882087095221549 0
1670572440054 0.0007829919254888492 0
1670572441877 0.0007781837350919918 0
1670572443939 0.0007818222932922312 0
1670572446097 0.0007768954915149189 0
1670572448238 0.0007744065878060371 0
1670572450358 0.0007839211610570209 0
1670572452335 0.0007791026673616081 0
1670572454461 0.0007878805342858405 0
1670572456385 0.000786401579801449 0
1670572458612 0.0007880123585982129 0
1670572460531 0.0007852364237552036 0
1670572462585 0.0007839300373128291 0
1670572464591 0.0007794148448482783 0
1670572466675 0.0007872251901886291 0
1670572468655 0.0007860286070245361 0
1670572470630 0.0007873067521635994 0
1670572472630 0.0007861600411418592 0
1670572474673 0.000782338461662799 0
1670572477005 0.0007781175868467869 0
1670572478959 0.0007853159623171636 0
1670572480329 0.0007889552981275113 0
1670572481735 0.000784828041039403 0
1670572483559 0.0007992133781337561 0
1670572485353 0.0007999852303690955 0
1670572487579 0.0008006399333133258 0
1670572489393 0.0007965781065510394 0
1670572491586 0.0007925774733297441 0
1670572493454 0.0007886365125364546 0
1670572495483 0.0007878953882981331 0
1670572497775 0.0007840609444427337 0
