1670635672140 0.0 0
1670635675483 0.00014285714285714287 0
1670635678798 0.0 0
1670635682147 0.0 0
1670635685442 0.0 0
1670635688773 0.0 0
1670635692102 0.0 0
1670635695460 0.00014285714285714287 0
1670635698870 0.00014285714285714287 0
1670635702135 0.0 0
1670635705467 0.0 0
1670635708832 0.00014285714285714287 0
1670635712130 0.0 0
1670635715404 0.0 0
1670635718524 0.0 0
1670635721643 0.0 0
1670635724839 0.0 0
1670635728189 0.0 0
1670635731528 0.0 0
1670635734870 0.0 0
1670635738291 0.0 0
1670635741941 0.0 0
1670635745579 0.0 0
1670635749004 0.0 0
1670635752338 0.0 0
1670635755706 0.0 0
1670635759081 0.0 0
1670635762466 0.0 0
1670635765827 0.00014285714285714287 0
1670635769441 0.0 0
1670635773029 0.0 0
1670635776646 0.0 0
1670635780221 0.0 0
1670635783761 0.0 0
1670635787297 0.0 0
1670635790762 0.0 0
1670635794084 0.0 0
1670635797435 0.0 0
1670635801001 0.0 0
1670635804575 0.0 0
1670635808149 0.0 0
1670635812056 0.0 0
1670635815715 0.0 0
1670635819319 0.0 0
1670635822767 0.0 0
1670635826429 0.0 0
1670635829912 0.0 0
1670635833562 0.0 0
1670635837004 0.0 0
1670635840283 0.0 0
1670635843365 0.0 0
1670635846453 0.0 0
1670635849927 0.0 0
1670635853502 0.0 0
1670635857058 0.0 0
1670635860618 0.0 0
1670635864359 0.0 0
1670635867992 0.0 0
1670635871689 0.0 0
1670635875475 0.0 0
1670635879146 0.0 0
1670635882517 0.00014285714285714287 0
1670635886275 0.0 0
1670635889794 0.0 0
1670635893798 0.0 0
