1670571019697 0.0038118614209295687 0
1670571023272 0.0010732701579730108 0
1670571027017 0.0007795369581751754 0
1670571030582 0.0016695648857888434 0
1670571033846 0.003832955031832619 0
1670571037450 0.005124108081226181 0
1670571040172 0.004633321172032467 0
1670571043135 0.004337358866791152 0
1670571045940 0.004036540401401445 0
1670571047787 0.0037929777504107087 0
1670571049764 0.0036046615373894753 0
1670571053142 0.003715453434929711 0
1670571056443 0.003604565587195907 0
1670571059729 0.0034949421744137066 0
1670571062068 0.0033730652047893606 0
1670571064945 0.0033367529281976005 0
1670571068186 0.0034653538000471718 0
1670571070656 0.003470993500279851 0
1670571073799 0.0034122711802036243 0
1670571076342 0.003326525910704592 0
1670571078529 0.003363759156578605 0
1670571080845 0.003280742051600005 0
1670571083295 0.003204750589663269 0
1670571086033 0.003158776352252479 0
1670571088302 0.003091541235232864 0
1670571090356 0.0030382166985448156 0
1670571092840 0.003026937912114086 0
1670571095193 0.0029786088187945814 0
1670571097394 0.002805511188063159 0
1670571099638 0.0029009021362832454 0
1670571102297 0.0028650859179910892 0
1670571105709 0.0029821124739786153 0
1670571108468 0.0029736620558456772 0
1670571110677 0.0029547086401908174 0
1670571113436 0.002913512814771785 0
1670571116191 0.0028779741485693566 0
1670571119207 0.00291318459231249 0
1670571122396 0.002956389802812126 0
1670571125809 0.0029406645424571165 0
1670571128854 0.002906294470949561 0
1670571132018 0.0028795791613488164 0
1670571134884 0.0029004424287895902 0
1670571137918 0.002886863595029876 0
1670571140391 0.002908153321205781 0
1670571143201 0.002876460155319338 0
1670571146481 0.0028971373677899592 0
1670571149786 0.002937040891143272 0
1670571152774 0.0029093959706367467 0
1670571155466 0.0028996870635872585 0
1670571158033 0.0028793367306771123 0
1670571160106 0.0029799935785530807 0
1670571162566 0.0029737434900568016 0
1670571164966 0.0029812656383081393 0
1670571167284 0.002959781069001882 0
1670571170040 0.0029592737548597148 0
1670571172372 0.0029340986769775257 0
1670571175159 0.0029145345189498795 0
1670571178135 0.0028906585401950458 0
1670571180378 0.0028793613515107064 0
1670571182469 0.0028604786765958345 0
1670571184987 0.002935911788065848 0
1670571186977 0.0029189976535963502 0
1670571189106 0.0029165721081139406 0
1670571191617 0.0029341120984410496 0
1670571194030 0.002976215853045555 0
1670571196213 0.0029803592579779326 0
1670571198733 0.002966988692513328 0
1670571200912 0.002952225169577466 0
1670571202966 0.00294337857645971 0
1670571205541 0.0029476174507303554 0
1670571208008 0.0030197565536970727 0
1670571210479 0.0030402826116211756 0
1670571212773 0.003037162426724277 0
1670571214654 0.003018316253750597 0
1670571217030 0.0030388678860237273 0
1670571219686 0.0030240815565260037 0
1670571221829 0.0030050469927334345 0
1670571223887 0.0030388838907218774 0
1670571225860 0.003023204738356128 0
1670571228145 0.0031123134735568936 0
1670571231050 0.0031022143956301595 0
1670571233406 0.003089732379046667 0
1670571235651 0.003071985795582738 0
1670571238060 0.003054540923620147 0
1670571240479 0.003045531745260538 0
1670571242820 0.0030336608170191404 0
1670571245164 0.003028848548650487 0
1670571247603 0.0030323546959341585 0
1670571250282 0.0031091780970862737 0
1670571252574 0.0030958765083314854 0
1670571255050 0.003091115237984138 0
1670571257655 0.0030774292257042535 0
1670571260029 0.0031681317687406174 0
1670571262762 0.0031556699880022354 0
1670571265324 0.0031394707074267614 0
1670571268322 0.003124208340602258 0
1670571271132 0.0031572066234137053 0
1670571274207 0.0031529044538864126 0
1670571276737 0.0031605292865991563 0
1670571279152 0.0031460563568081745 0
1670571281179 0.0031532660342791785 0
