1670641514921 0.09187571844838119 0
1670641553953 0.08944684789623616 0
1670641577331 0.08940403694715983 0
1670641601620 0.09486794489923961 0
1670641625004 0.0875333880977624 0
1670641648358 0.08978679721630894 0
1670641671659 0.08885426779240865 0
1670641695007 0.09288264777670446 0
1670641728307 0.09071756271061741 0
1670641787974 0.09289362039915477 0
1670641811301 0.09396544957037661 0
1670641834627 0.09071871541434741 0
1670641857967 0.09011792423554724 0
1670641882662 0.09307100711814868 0
1670641926938 0.09073770881165433 0
1670641950162 0.09615003886415013 0
1670641978852 0.09377178725732693 0
1670642002241 0.09148345500415164 0
1670642025859 0.0932558438786753 0
1670642049255 0.09394591956794773 0
1670642072665 0.0906869555640562 0
1670642121871 0.08985332545820524 0
1670642157277 0.09065342526822415 0
1670642182083 0.09086732705191165 0
1670642233823 0.08992725757077658 0
1670642257100 0.09110480349029701 0
1670642321576 0.09125004986744872 0
1670642356420 0.08932369539014406 0
1670642384628 0.08888722948939795 0
1670642407782 0.09035910453762526 0
