1670632034220 0.0003 0
1670632040689 0.0003 0
1670632047173 0.0001 0
1670632053674 0.0001 0
1670632060187 0.0002 0
1670632066780 0.0004 0
1670632073336 0.0003 0
1670632079920 0.0001 0
1670632086579 0.0 0
1670632093240 0.0002 0
1670632099135 0.0002 0
1670632105236 0.0001 0
1670632110901 0.0004 0
1670632116758 0.0002 0
1670632123236 0.0001 0
1670632129613 0.0 0
1670632135887 0.0 0
1670632142004 0.0001 0
1670632148406 0.0001 0
1670632154745 0.0 0
1670632160336 0.0003 0
1670632165824 0.0002 0
1670632171138 0.0001 0
1670632176887 0.0001 0
1670632182557 0.0003 0
1670632188138 0.0003 0
1670632193867 0.0003 0
1670632199758 0.0002 0
1670632206144 0.0003 0
1670632212202 0.0001 0
1670632217695 0.0 0
1670632222756 0.0002 0
1670632228329 0.0002 0
1670632234059 0.0004 0
1670632239440 0.0 0
1670632244698 0.0004 0
1670632250842 0.0 0
1670632257196 0.0001 0
1670632263508 0.0001 0
1670632269602 0.0002 0
1670632275575 0.0001 0
1670632281776 0.0001 0
1670632288121 0.0002 0
1670632293848 0.0 0
1670632300043 0.0001 0
1670632306092 0.0001 0
1670632312134 0.0 0
1670632318017 0.0 0
1670632323824 0.0002 0
1670632329254 0.0002 0
1670632334790 0.0002 0
1670632340293 0.0 0
1670632346442 0.0004 0
1670632352062 0.0003 0
1670632357840 0.0003 0
1670632363145 0.0002 0
1670632368916 0.0 0
1670632374556 0.0001 0
1670632380034 0.0002 0
1670632385587 0.0002 0
1670632391323 0.0001 0
1670632396724 0.0002 0
1670632402924 0.0001 0
1670632408554 0.0 0
1670632414278 0.0003 0
1670632419795 0.0001 0
1670632425212 0.0002 0
1670632430863 0.0001 0
1670632436452 0.0 0
1670632442578 0.0 0
1670632448195 0.0001 0
1670632453791 0.0 0
1670632459579 0.0001 0
1670632465616 0.0001 0
1670632471520 0.0001 0
1670632477263 0.0 0
1670632482875 0.0 0
1670632488522 0.0003 0
1670632493954 0.0001 0
1670632499659 0.0 0
1670632504953 0.0001 0
1670632510637 0.0 0
1670632515944 0.0001 0
1670632521412 0.0004 0
1670632526831 0.0001 0
1670632532175 0.0001 0
1670632537621 0.0002 0
1670632543029 0.0001 0
1670632548339 0.0 0
1670632554113 0.0002 0
1670632560102 0.0 0
1670632565772 0.0003 0
1670632570846 0.0 0
1670632576718 0.0003 0
1670632582023 0.0001 0
1670632587356 0.0 0
1670632592963 0.0002 0
1670632598712 0.0003 0
1670632603905 0.0001 0
1670632609444 0.0 0
1670632615194 0.0003 0
1670632620730 0.0001 0
1670632625700 0.0004 0
1670632631383 0.0003 0
1670632636558 0.0001 0
1670632641687 0.0001 0
1670632646907 0.0001 0
