1670632277394 0.0 0
1670632279102 0.0 0
1670632280863 0.0 0
1670632282560 0.0 0
1670632284287 0.0 0
1670632286021 0.0005708271881056994 0
1670632287682 0.0005213506426904687 0
1670632289388 0.0004831381218744638 0
1670632291103 0.0004524314325481983 0
1670632292824 0.0005729207605998607 0
1670632294615 0.0005468391594904145 0
1670632296347 0.0005240788735363475 0
1670632298012 0.0005909701469836896 0
1670632299733 0.0005719431167778473 0
1670632301524 0.0005546207560710478 0
1670632303238 0.0005994844906250343 0
1670632304946 0.0005847560771503889 0
1670632306607 0.0005710060402479542 0
1670632308344 0.0005581397478422036 0
1670632310050 0.0005460728650320365 0
1670632311759 0.0005347305643114028 0
1670632313568 0.00052404655795503 0
1670632315402 0.000513962115452139 0
1670632317210 0.0005044251405531137 0
1670632318993 0.0004953893377332302 0
1670632320805 0.00048681347550324843 0
1670632322639 0.00047866074324266316 0
1670632324304 0.0005158431257544546 0
1670632325945 0.0004869569669869897 0
1670632327571 0.00048058124069934544 0
1670632329278 0.00047443174195562247 0
1670632331052 0.0004684971032137689 0
1670632332808 0.0004981183671381318 0
1670632334455 0.0004924514400318044 0
1670632336097 0.0004869569669869897 0
1670632337733 0.00048162783676947087 0
1670632339488 0.000476457151189967 0
1670632341233 0.00047143825444989716 0
1670632342990 0.0004665647506038153 0
1670632344682 0.00046183051234036646 0
1670632346397 0.0004572296834624104 0
1670632348271 0.0004527566768403921 0
1670632350026 0.00044840616916275655 0
1670632351837 0.0004441730934715023 0
1670632353567 0.0004400526302197077 0
1670632355116 0.0004360401973992206 0
1670632356929 0.00043213144014468555 0
1670632358792 0.0004283222201129742 0
1670632360484 0.0004533880565066984 0
1670632362476 0.00044963697163163756 0
1670632364463 0.0004459732040207993 0
1670632366348 0.0004423936638708533 0
1670632367949 0.00043889539194160625 0
1670632369714 0.0004354755548384026 0
1670632371387 0.0004321314401446855 0
1670632373031 0.0004288604514950397 0
1670632374750 0.00042566010365743736 0
1670632376268 0.00042252801767640995 0
1670632377775 0.00041946191611551433 0
1670632379491 0.0004164596184269627 0
1670632381209 0.00041351903646806294 0
1670632382922 0.00043505345377363696 0
1670632384633 0.00043213144014468555 0
1670632386390 0.0004292654119814819 0
1670632388391 0.00042645369991095805 0
1670632390104 0.00042369469720829334 0
1670632391843 0.0004209868573452135 0
1670632393433 0.000418328691592845 0
1670632395141 0.00041571876668771216 0
1670632396894 0.00041315570256705234 0
1670632398641 0.0004106381701776823 0
1670632400376 0.00040816488936108795 0
1670632402122 0.00040573462681616694 0
1670632403896 0.00040334619414006265 0
1670632405635 0.0004009984459467499 0
1670632407287 0.00039869027806242264 0
1670632408933 0.0003964206257962661 0
1670632410669 0.00039418846228483673 0
1670632412299 0.00039199279690801085 0
1670632413989 0.0003898326737742728 0
1670632415727 0.00038770717027298337 0
1670632417501 0.00038561539569118946 0
1670632419239 0.00038355648989249453 0
1670632420962 0.00038152962205549715 0
1670632422652 0.0003795339894693205 0
1670632424408 0.0003775688163837894 0
1670632426186 0.0003756333529118555 0
1670632427987 0.0003939427148658794 0
1670632429764 0.00039199279690801085 0
1670632431549 0.0003900709612502988 0
1670632433207 0.00038817655866667754 0
1670632435048 0.0003863089599372926 0
1670632436752 0.00040287342565861745 0
1670632438432 0.0004009984459467499 0
1670632440128 0.000399148796874718 0
1670632441871 0.0003973239313763623 0
1670632443636 0.0003955233180111004 0
1670632445386 0.000393746440437956 0
1670632446974 0.0003919927969080108 0
1670632448644 0.0003902618997747877 0
1670632450316 0.00040529728914055427 0
1670632452072 0.00040356162629632126 0
1670632453809 0.00040184753581859673 0
1670632455564 0.00040015458945731597 0
1670632457289 0.0003984823701801417 0
1670632459093 0.00039683047182820496 0
1670632460813 0.00039519849878263513 0
1670632462512 0.00040898447653054217 0
1670632464105 0.00040735008163014753 0
1670632465887 0.0004057346268161669 0
1670632467594 0.00040413776217006127 0
1670632469394 0.0004025591462690373 0
1670632471025 0.0004009984459467499 0
1670632472685 0.0004137430900318967 0
1670632474274 0.000412182103487174 0
1670632475945 0.00041063817017768234 0
1670632477661 0.00040911099394169204 0
1670632479358 0.0004076002853362442 0
1670632481097 0.00040610576146292296 0
1670632482849 0.0004046271457978706 0
1670632484630 0.00040316416802601906 0
1670632486468 0.0004017165638795069 0
1670632488179 0.00040028407498023805 0
1670632489834 0.0003988664486865309 0
1670632491428 0.00039746343794379925 0
1670632493002 0.0003960748011391986 0
1670632494791 0.00039470030196017214 0
1670632496505 0.00039333970925681895 0
1670632498197 0.0003919927969080108 0
1670632499764 0.0003906593436911766 0
1670632501515 0.0003893391331556756 0
1670632503265 0.000388031953499675 0
1670632505075 0.0003867375974504509 0
1670632506581 0.0003854558621480285 0
1670632508306 0.00038418654903207855 0
1670632509681 0.0003829294637319847 0
1670632511146 0.0003816844159600036 0
1670632512819 0.0003804512194074309 0
1670632514433 0.00037922969164369547 0
1670632515997 0.0003907541486421555 0
1670632517602 0.00038952693196140666 0
1670632519365 0.0003883109768928525 0
1670632521177 0.00038710611684332247 0
1670632522709 0.0003979294992660424 0
1670632524163 0.0003967210580438802 0
1670632525701 0.00039552331801110036 0
1670632527492 0.00039433612691905725 0
1670632529123 0.0003931593354011593 0
1670632530803 0.0003919927969080108 0
1670632532506 0.00039083636764409977 0
1670632534284 0.00038968990650600224 0
1670632535817 0.0003885532750220708 0
1670632537501 0.0003874263372935796 0
1670632539242 0.00038630895993729266 0
1670632540733 0.0003852010120294264 0
1670632542547 0.00038410236505097566 0
1670632544111 0.00038301289283437193 0
1670632545784 0.0003819324715114445 0
1670632547367 0.00038086097946265395 0
1670632549059 0.00037979829726756737 0
1670632550622 0.00037874430765654757 0
1670632552044 0.0003887656509709547 0
1670632553654 0.00038770717027298337 0
1670632555344 0.0003866571213272436 0
1670632557026 0.00038561539569118946 0
1670632558455 0.0003845818867929748 0
1670632559886 0.0003835564898924946 0
1670632561623 0.00038253910204331845 0
1670632563307 0.00038152962205549715 0
1670632565010 0.00038052795045922215 0
1670632566592 0.0003795339894693205 0
1670632568403 0.00037854764295056645 0
1670632570095 0.0003775688163837894 0
1670632571864 0.0003765974168327631 0
1670632573693 0.0003756333529118555 0
1670632575491 0.0003746765347544238 0
1670632577217 0.00037372687398193566 0
1670632578911 0.00037278428367380014 0
1670632580642 0.00037184867833789273 0
1670632582454 0.0003709199738817565 0
1670632584173 0.0003699980875844631 0
1670632585782 0.0003690829380691211 0
1670632587427 0.0003681744452760105 0
1670632589183 0.0003672725304363344 0
1670632590666 0.0003765405050130693 0
1670632592168 0.00037563335291185545 0
1670632593957 0.000374732619190659 0
1670632595801 0.0003738382301319549 0
1670632597681 0.00037295011316358103 0
1670632599509 0.00037206819683692553 0
1670632601338 0.0003711924108055863 0
1670632603113 0.0003703226858044918 0
1670632604915 0.0003694589536294715 0
1670632606728 0.0003686011471172693 0
1670632608466 0.00036774920012598485 0
1670632610250 0.00036690304751593777 0
1670632611975 0.00036606262513094246 0
1670632613572 0.0003652278697799849 0
1670632615312 0.0003643987192192918 0
1670632617123 0.0003635751121347846 0
1670632618689 0.00036275698812490774 0
1670632620458 0.0003619442876838225 0
1670632622374 0.00036113695218496056 0
1670632624076 0.00036033492386492583 0
1670632625569 0.0003595381458077383 0
1670632627207 0.00035874656192941225 0
1670632628863 0.00035796011696285964 0
1670632630495 0.00035717875644311224 0
1670632632148 0.00035640242669285593 0
1670632633738 0.0003556310748082677 0
1670632635394 0.00035486464864515 0
1670632637148 0.0003541030968053565 0
1670632639061 0.00035334636862349933 0
1670632640887 0.00035259441415393437 0
1670632642694 0.0003518471841580175 0
1670632644494 0.00035110463009162436 0
1670632646246 0.00035036670409292834 0
1670632647808 0.0003496333589704315 0
1670632649609 0.000348904548191242 0
