1670622074349 0.0 0
1670622083781 0.0 0
1670622093066 0.0 0
1670622102033 0.0 0
1670622111690 0.0 0
1670622122003 0.0 0
1670622131611 0.0 0
1670622141272 0.0 0
1670622151013 0.0 0
1670622160605 0.0 0
1670622170507 0.0 0
1670622180369 0.0 0
1670622190590 0.0 0
1670622200102 0.0 0
1670622209453 0.0 0
1670622218725 0.0 0
1670622228189 0.0 0
1670622237421 0.0 0
1670622246723 0.0 0
1670622255454 0.0 0
1670622264338 0.0 0
1670622273347 0.0 0
1670622283038 0.0 0
1670622293029 0.0 0
1670622303581 0.0 0
1670622314455 0.0 0
1670622324022 0.0 0
1670622333570 0.0 0
1670622343209 0.0 0
1670622352778 0.0 0
1670622362300 0.0 0
1670622371667 0.0 0
1670622381121 0.0 0
1670622391603 0.0 0
1670622402072 0.0 0
1670622412509 0.0 0
1670622422482 0.0 0
1670622431746 0.0 0
1670622441431 0.0 0
1670622451433 0.0 0
1670622461761 0.0 0
1670622471442 0.0 0
1670622480935 0.0 0
1670622490416 0.0 0
1670622499897 0.0 0
1670622509472 0.0 0
1670622519144 0.0 0
1670622528906 0.0 0
1670622538517 0.0 0
1670622548227 0.0 0
1670622557771 0.0 0
1670622567439 0.0 0
1670622577074 0.0 0
1670622586641 0.0 0
1670622596082 0.0 0
1670622605428 0.0 0
1670622614621 0.0 0
1670622623659 0.0 0
1670622632494 0.0 0
1670622641339 0.0 0
1670622650529 0.0 0
1670622659695 0.0 0
1670622669575 0.0 0
1670622679585 0.0 0
1670622689207 0.0 0
1670622698729 0.0 0
1670622708330 0.0 0
1670622718353 0.0 0
1670622728334 0.0 0
1670622737580 0.0 0
1670622746708 0.0 0
1670622755844 0.0 0
1670622765118 0.0 0
1670622774326 0.0 0
1670622783622 0.0 0
1670622793083 0.0 0
1670622801824 0.0 0
1670622811077 0.0 0
1670622820560 0.0 0
1670622830047 0.0 0
1670622840260 0.0 0
1670622849881 0.0 0
1670622859056 0.0 0
1670622868524 0.0 0
1670622877760 0.0 0
1670622887587 0.0 0
1670622897286 0.0 0
1670622906897 0.0 0
1670622916721 0.0 0
1670622926439 0.0 0
1670622936457 0.0 0
1670622946385 0.0 0
1670622955791 0.0 0
1670622965200 0.0 0
1670622974725 0.0 0
1670622984089 0.0 0
1670622993087 0.0 0
1670623002284 0.0 0
1670623011979 0.0 0
1670623021377 0.0 0
1670623030605 0.0 0
1670623040132 0.0 0
