1670591329962 0.0 0
1670591331882 0.0 0
1670591333904 0.0 0
1670591335795 0.0 0
1670591337544 0.0 0
1670591339451 0.0 0
1670591341475 0.0 0
1670591343527 0.0 0
1670591345347 0.0 0
1670591347259 0.0 0
1670591348941 0.0 0
1670591351034 0.0 0
1670591353168 0.0 0
1670591355106 0.0 0
1670591356888 0.0 0
1670591359143 0.0 0
1670591360786 0.0 0
1670591362681 0.0 0
1670591364358 0.0 0
1670591366361 0.0 0
1670591368275 0.0 0
1670591370174 0.0 0
1670591372093 0.0 0
1670591373957 0.0 0
1670591375696 0.0 0
1670591377830 0.0 0
1670591379681 0.0 0
1670591381602 0.0 0
1670591383386 0.0 0
1670591385378 0.0 0
1670591387241 0.0 0
1670591389018 0.0 0
1670591390814 0.0 0
1670591392550 0.0 0
1670591394247 0.0 0
1670591395915 0.0 0
1670591397500 0.0 0
1670591399226 0.0 0
1670591400971 0.0 0
1670591402956 0.0 0
1670591404646 0.0 0
1670591406452 0.0 0
1670591408282 0.0 0
1670591410131 0.0 0
1670591411702 0.0 0
1670591413458 0.0 0
1670591414996 0.0 0
1670591416730 0.0 0
1670591418301 0.0 0
1670591420040 0.0 0
1670591421646 0.0 0
1670591423101 0.0 0
1670591424891 0.0 0
1670591426588 0.0 0
1670591428482 0.0 0
1670591429983 0.0 0
1670591431909 0.0 0
1670591433409 0.0 0
1670591434981 0.0 0
1670591436688 0.0 0
1670591438241 0.0 0
1670591439834 0.0 0
1670591441632 0.0 0
1670591443350 0.0 0
1670591444721 0.0 0
1670591446187 0.0 0
1670591448006 0.0 0
1670591449611 0.0 0
1670591451161 0.0 0
1670591452667 0.0 0
1670591454547 0.0 0
1670591456634 0.0 0
1670591458325 0.0 0
1670591459962 0.0 0
1670591461808 0.0 0
1670591463691 0.0 0
1670591465426 0.0 0
1670591467694 0.0 0
1670591469272 0.0 0
1670591470845 0.0 0
1670591472277 0.0 0
1670591473705 0.0 0
1670591475395 0.0 0
1670591476961 0.0 0
1670591478626 0.0 0
1670591480148 0.0 0
1670591481878 0.0 0
1670591483418 0.0 0
1670591484902 0.0 0
1670591486412 0.0 0
1670591488156 0.0 0
1670591489959 0.0 0
1670591491601 0.0 0
1670591493220 0.0 0
1670591494871 0.0 0
1670591496413 0.0 0
1670591497938 0.0 0
1670591499664 0.0 0
1670591501462 0.0 0
1670591503083 0.0 0
1670591504731 0.0 0
1670591506326 0.0 0
