1670583169776 0.0 0
1670583170073 0.0 0
1670583170352 0.0 0
1670583170738 0.0 0
1670583171039 0.0 0
1670583171372 0.0 0
1670583171795 0.0 0
1670583172296 0.0 0
1670583172683 0.0 0
1670583172989 0.0 0
1670583173451 0.0 0
1670583173943 0.0 0
1670583174277 0.0 0
1670583174559 0.0 0
1670583175030 0.0 0
1670583175494 0.0 0
1670583175924 0.0 0
1670583176224 0.0 0
1670583176746 0.0 0
1670583177144 0.0 0
1670583177413 0.0 0
1670583177708 0.0 0
1670583178020 0.0 0
1670583178536 0.0 0
1670583178924 0.0 0
1670583179251 0.0 0
1670583179546 0.0 0
1670583179897 0.0 0
1670583180401 0.0 0
1670583180808 0.0 0
1670583181127 0.0 0
1670583181434 0.0 0
1670583181854 0.0 0
1670583182215 0.0 0
1670583182546 0.0 0
1670583182862 0.0 0
1670583183353 0.0 0
1670583183897 0.0 0
1670583184327 0.0 0
1670583184631 0.0 0
1670583184987 0.0 0
1670583185351 0.0 0
1670583185661 0.0 0
1670583185922 0.0 0
1670583186339 0.0 0
1670583186654 0.0 0
1670583187234 0.0 0
1670583187588 0.0 0
1670583187928 0.0 0
1670583188255 0.0 0
1670583188538 0.0 0
1670583188830 0.0 0
1670583189133 0.0 0
1670583189466 0.0 0
1670583189774 0.0 0
1670583190105 0.0 0
1670583190404 0.0 0
1670583190803 0.0 0
1670583191456 0.0 0
1670583191924 0.0 0
1670583192282 0.0 0
1670583192610 0.0 0
1670583192945 0.0 0
1670583193310 0.0 0
1670583193680 0.0 0
1670583194183 0.0 0
1670583194566 0.0 0
1670583194829 0.0 0
1670583195356 0.0 0
1670583195833 0.0 0
1670583196279 0.0 0
1670583196628 0.0 0
1670583196961 0.0 0
1670583197244 0.0 0
1670583197579 0.0 0
1670583197907 0.0 0
1670583198224 0.0 0
1670583198542 0.0 0
1670583198835 0.0 0
1670583199150 0.0 0
1670583199441 0.0 0
1670583199766 0.0 0
1670583200190 0.0 0
1670583200481 0.0 0
1670583201034 0.0 0
1670583201369 0.0 0
1670583201691 0.0 0
1670583201989 0.0 0
1670583202539 0.0 0
1670583202930 0.0 0
1670583203266 0.0 0
1670583203569 0.0 0
1670583203979 0.0 0
1670583204301 0.0 0
1670583204584 0.0 0
1670583204909 0.0 0
1670583205206 0.0 0
1670583205514 0.0 0
1670583206097 0.0 0
1670583206423 0.0 0
1670583206709 0.0 0
1670583207049 0.0 0
