1670599525722 0.0 0
1670599529102 0.0 0
1670599532451 0.0 0
1670599535330 0.0 0
1670599538750 0.0001915998576132272 0
1670599541730 0.00017124815643170985 0
1670599545449 0.00015640519280714062 0
1670599548696 0.00014494143656233917 0
1670599551804 0.00013572942976445947 0
1670599554781 0.0001281089766422172 0
1670599557975 0.00012166403241892427 0
1670599561672 0.00011611736988184473 0
1670599565031 0.00011127599949679182 0
1670599568644 0.00010700075938531716 0
1670599571590 0.0001031883574154078 0
1670599575045 9.976024937510641e-05 0
1670599579173 9.665547197755292e-05 0
1670599582769 9.382586661465218e-05 0
1670599586284 9.123280339565395e-05 0
1670599589538 8.884487746030874e-05 0
1670599592633 8.663625327038774e-05 0
1670599595907 8.458545149191615e-05 0
1670599599355 8.267444482490331e-05 0
1670599602489 8.088797370964468e-05 0
1670599605656 7.921302125974207e-05 0
1670599609103 7.763840532151423e-05 0
1670599611875 7.615445792280302e-05 0
1670599615010 7.475277077239774e-05 0
1670599618511 7.036486048530811e-05 0
1670599621769 6.925912814388997e-05 0
1670599624924 6.82038601597028e-05 0
1670599627883 6.719533693816619e-05 0
1670599630636 6.623021114205079e-05 0
1670599633350 6.530546119704216e-05 0
1670599636826 6.441835169189321e-05 0
1670599639926 6.356639949859635e-05 0
1670599643199 6.274734466260129e-05 0
1670599646434 6.195912529032608e-05 0
1670599649286 6.119985580192793e-05 0
1670599652346 6.046780802971333e-05 0
1670599655183 5.976139473287562e-05 0
1670599658469 5.907915517219704e-05 0
1670599661978 5.8419742447579095e-05 0
1670599665395 5.778191234959371e-05 0
1670599668354 5.716451351586401e-05 0
1670599671753 5.656647871570928e-05 0
1670599674729 5.5986817113468266e-05 0
1670599677927 5.542460738332271e-05 0
1670599680990 5.4878991567121514e-05 0
1670599684269 5.43491695823403e-05 0
1670599687792 5.3834394300440267e-05 0
1670599690849 5.3333967126957565e-05 0
1670599694191 5.2847234024013714e-05 0
1670599697467 5.2373581923876126e-05 0
1670599700337 5.1912435488956915e-05 0
1670599703472 5.146325417940479e-05 0
1670599706461 5.102552959438266e-05 0
1670599709735 5.0598783057362746e-05 0
1670599712824 5.0182563419418184e-05 0
1670599716185 4.977644505763907e-05 0
1670599719602 4.938002604852476e-05 0
1670599723092 4.8992926498564935e-05 0
1670599726152 4.861478701627713e-05 0
1670599729485 4.824526731175518e-05 0
1670599732866 4.788404491134591e-05 0
1670599736269 4.7530813976437984e-05 0
1670599740016 4.718528421654443e-05 0
1670599743986 4.684717988791362e-05 0
1670599747216 4.651623886982974e-05 0
1670599750132 4.619221181158067e-05 0
1670599752951 4.5874861343794454e-05 0
1670599756289 4.5563961348482554e-05 0
1670599759400 4.5259296282696465e-05 0
1670599762960 4.496066055120653e-05 0
1670599765954 4.466785792405941e-05 0
1670599769175 4.438070099526967e-05 0
1670599772536 4.4099010679256774e-05 0
1670599775704 4.382261574195658e-05 0
1670599778578 4.355135236382132e-05 0
1670599781812 4.328506373217686e-05 0
1670599784843 4.302359966063534e-05 0
1670599787621 4.276681623346653e-05 0
1670599791268 4.251457547301706e-05 0
1670599794199 4.226674502843319e-05 0
1670599797572 4.2023197884092874e-05 0
1670599800568 4.178381208628988e-05 0
1670599804184 4.1548470486835e-05 0
1670599807423 4.131706050235054e-05 0
1670599810272 4.108947388813634e-05 0
1670599813403 4.086560652557551e-05 0
1670599816364 4.0645358222132893e-05 0
1670599819796 4.042863252307441e-05 0
1670599822787 4.021533653410312e-05 0
1670599826040 4.0005380754173735e-05 0
1670599829293 3.979867891780051e-05 0
1670599832274 3.959514784622936e-05 0
1670599836012 3.939470730689122e-05 0
1670599839403 3.919727988059695e-05 0
1670599842729 3.900279083597573e-05 0
1670599845742 3.8811168010694134e-05 0
1670599849012 3.862234169902755e-05 0
1670599852196 3.843624454538656e-05 0
1670599855298 3.8252811443429016e-05 0
1670599858877 3.8071979440414496e-05 0
1670599862201 3.789368764648289e-05 0
1670599865498 3.7717877148559906e-05 0
1670599868653 3.754449092861323e-05 0
1670599871843 3.737347378600203e-05 0
1670599875055 3.720477226367962e-05 0
1670599878049 3.703833457802588e-05 0
1670599881202 3.6874110552099335e-05 0
1670599884331 3.671205155211488e-05 0
1670599887602 5.146325417940479e-05 0
1670599890723 5.124299038352578e-05 0
1670599893940 5.102552959438266e-05 0
1670599897192 5.081081288750156e-05 0
1670599900662 5.0598783057362746e-05 0
1670599903538 5.0389384553489775e-05 0
1670599906303 5.018256341941818e-05 0
1670599909375 4.997826723439106e-05 0
1670599912494 4.977644505763908e-05 0
1670599915424 4.957704737511043e-05 0
