1670605983582 0.012706204736432095 0
1670605984719 0.024591708700243353 0
1670605986116 0.037047944438463654 0
1670605987247 0.029491371503421168 0
1670605988465 0.027529772697123867 0
1670605989661 0.024295386885785822 0
1670605990937 0.02196732358634157 0
1670605992219 0.02058127286669155 0
1670605993357 0.019815371947570437 0
1670605994467 0.018762122263233982 0
1670605995609 0.01783431476430114 0
1670605997009 0.017492169557200746 0
1670605998230 0.01864928459083759 0
1670605999512 0.017935962475194633 0
1670606000725 0.017342774314444212 0
1670606001848 0.018490626434955207 0
1670606003025 0.01789862660027218 0
1670606003904 0.01775651293180318 0
1670606005146 0.01729670485925859 0
1670606006473 0.016893251158483655 0
1670606007718 0.016544153283658825 0
1670606008761 0.017819661594277267 0
1670606010119 0.017418288128167744 0
1670606011254 0.017030330263003476 0
1670606012422 0.016667247088907475 0
1670606013487 0.016586715809178476 0
1670606014558 0.016309092474103504 0
1670606015723 0.016150812668186368 0
1670606016957 0.015195804058449836 0
1670606018320 0.014960137938066165 0
1670606019458 0.014728228355142925 0
1670606020868 0.014517957769756284 0
1670606022298 0.014325942651968737 0
1670606023377 0.014126029488246886 0
1670606024673 0.015097531220709781 0
1670606026151 0.015112098528426654 0
1670606027470 0.014977684297274418 0
1670606028718 0.014793240312503245 0
1670606029592 0.014861121663756319 0
1670606030896 0.014705841220850557 0
1670606031911 0.015973770018871125 0
1670606033169 0.015797811894036104 0
1670606034452 0.016076568564856397 0
1670606035773 0.01604128197813881 0
1670606036839 0.015868204693247068 0
1670606038119 0.01594689236026048 0
1670606039557 0.01587009466919198 0
1670606040864 0.015774379001040784 0
1670606041931 0.015665245023684715 0
1670606043256 0.01576822307997544 0
1670606044418 0.015736844880400794 0
1670606045638 0.01585656183120876 0
1670606046722 0.016059926226994883 0
1670606047905 0.015913408964851328 0
1670606049138 0.016442845362222777 0
1670606050220 0.016298285152918493 0
1670606051300 0.016178836974752753 0
1670606052555 0.01630026482470741 0
1670606053929 0.016172320345386473 0
1670606055069 0.016612468205149333 0
1670606056228 0.016634958175023903 0
1670606057608 0.016535172853061983 0
1670606059053 0.016407878826720734 0
1670606060266 0.01637190788279279 0
1670606061447 0.01643561070117633 0
1670606062730 0.016353480177004262 0
1670606063859 0.016396487265319726 0
1670606064983 0.016309070116001967 0
1670606066080 0.01627492824911947 0
1670606067144 0.016162617581788663 0
1670606068327 0.01614780271415754 0
1670606069635 0.016130742884500268 0
1670606070991 0.016081548890400102 0
1670606072174 0.0159847352020034 0
1670606073431 0.015892488416107756 0
1670606074806 0.01591112208060924 0
1670606075856 0.015862478327213048 0
1670606077234 0.01577394795614323 0
1670606078174 0.015696799083236235 0
1670606078999 0.015975616024079875 0
1670606080151 0.015877909754698327 0
1670606081048 0.01578208053469858 0
1670606082443 0.015750590110376606 0
1670606083651 0.015795742549779043 0
1670606084886 0.015773911768904844 0
1670606086029 0.015821644562021175 0
1670606087163 0.015734810764086546 0
1670606088318 0.01565055914768504 0
1670606089498 0.015565402543125217 0
1670606090544 0.01550353799269616 0
1670606091905 0.015565954709758023 0
1670606093685 0.015612124067931568 0
1670606095212 0.015529743497778872 0
1670606096389 0.015458314938343487 0
1670606097922 0.015381977208691264 0
1670606099925 0.015501074640554613 0
1670606101607 0.015676990601741825 0
1670606102936 0.015820091490821933 0
1670606104482 0.015742875158256495 0
1670606105857 0.01570843902140219 0
1670606107547 0.015669149566458596 0
1670606108590 0.015597257713818258 0
1670606109807 0.015561231295343647 0
1670606111163 0.015487545219842039 0
1670606112455 0.01544384580789808 0
1670606113697 0.015400294884633278 0
1670606115050 0.015338790188364357 0
1670606116630 0.015320280089397412 0
1670606117799 0.015254924387692978 0
1670606118712 0.015186497343598601 0
1670606119340 0.015120414171078622 0
1670606120692 0.015242954841512599 0
1670606121902 0.015188611365097526 0
1670606123182 0.015124462301086772 0
1670606124517 0.015134324404879537 0
1670606125787 0.015175229830022549 0
1670606127158 0.015111545627157663 0
1670606128370 0.015048656376208988 0
1670606129449 0.014990761825165622 0
1670606130357 0.015148025793361053 0
1670606131695 0.015217670169832997 0
1670606133206 0.015156307499548882 0
1670606134462 0.015192017890526474 0
1670606135842 0.015179994715139714 0
1670606137016 0.01511997466186299 0
1670606138328 0.01520894378726241 0
1670606139690 0.015220584943392124 0
1670606140777 0.015165853684281763 0
1670606142090 0.01529367522635533 0
1670606143039 0.015284760093961902 0
1670606144302 0.015226776053469157 0
1670606145450 0.015227478191096544 0
1670606146529 0.015171932690126733 0
1670606147979 0.01513711077182002 0
1670606149098 0.015110198575904343 0
1670606150296 0.015062538105363454 0
1670606151356 0.015007893510401105 0
1670606152923 0.01499263634983776 0
1670606154168 0.01502624199941116 0
1670606155879 0.01508059940660443 0
1670606157310 0.015034429327756907 0
1670606158789 0.015072622290143056 0
1670606160252 0.015033972142583438 0
1670606161790 0.015025917006841194 0
1670606163160 0.014974452765905796 0
1670606164896 0.01506171005072239 0
1670606166018 0.015014574578177953 0
1670606167298 0.015616007895532635 0
1670606169062 0.015625795784989502 0
1670606170266 0.015586872906119043 0
1670606171670 0.015570984698821955 0
1670606172819 0.01564337414062189 0
1670606174585 0.01559682731619727 0
1670606176214 0.015546801708193003 0
1670606177781 0.01573256901116027 0
1670606179517 0.015743658380930572 0
