1670611565450 0.0932 0
1670611568507 0.0935 0
1670611571699 0.0934 0
1670611573995 0.0928 0
1670611577013 0.0921 0
1670611580537 0.0924 0
1670611584238 0.0943 0
1670611587541 0.092 0
1670611590671 0.0923 0
1670611593775 0.0934 0
1670611596491 0.0925 0
1670611600164 0.0928 0
1670611603441 0.0942 0
1670611606718 0.0921 0
1670611610155 0.0921 0
1670611613618 0.0951 0
1670611616435 0.0947 0
1670611619376 0.0954 0
1670611623394 0.0925 0
1670611626548 0.0933 0
1670611629913 0.0927 0
1670611633012 0.0935 0
1670611635919 0.0928 0
1670611638620 0.0911 0
1670611640194 0.0933 0
1670611643157 0.0932 0
1670611647060 0.0926 0
1670611650043 0.0921 0
1670611653253 0.0944 0
1670611656354 0.0937 0
1670611659709 0.0932 0
1670611662674 0.0922 0
1670611665693 0.092 0
1670611668951 0.0924 0
1670611672210 0.0932 0
1670611675346 0.0935 0
1670611678761 0.0932 0
1670611682101 0.0932 0
1670611685165 0.0926 0
1670611688758 0.0928 0
1670611691674 0.0943 0
1670611695010 0.0923 0
1670611698303 0.0928 0
1670611701992 0.0924 0
1670611704861 0.0935 0
1670611707934 0.0927 0
1670611711600 0.0928 0
1670611715286 0.093 0
1670611719401 0.0938 0
1670611723595 0.0932 0
1670611727144 0.0927 0
1670611729543 0.0935 0
1670611733764 0.0909 0
1670611737991 0.0913 0
1670611741669 0.0919 0
1670611745861 0.0939 0
1670611749205 0.0941 0
1670611752761 0.0941 0
1670611755909 0.0926 0
1670611759496 0.0929 0
1670611763180 0.0939 0
1670611767015 0.0915 0
1670611769687 0.0917 0
1670611771730 0.093 0
1670611775620 0.0933 0
1670611779100 0.0937 0
1670611782637 0.0933 0
1670611785547 0.0932 0
1670611788840 0.0936 0
1670611792051 0.0931 0
1670611795445 0.0941 0
1670611798299 0.0938 0
1670611801513 0.0948 0
1670611805106 0.0925 0
1670611808843 0.0941 0
1670611812325 0.0931 0
1670611816245 0.0916 0
1670611819655 0.093 0
1670611822941 0.0929 0
1670611826317 0.0923 0
1670611828780 0.0939 0
1670611833104 0.0943 0
1670611837001 0.0921 0
1670611840218 0.0918 0
1670611843697 0.0935 0
1670611847071 0.0932 0
1670611850063 0.0923 0
1670611853136 0.0918 0
1670611855996 0.0935 0
1670611858997 0.0925 0
1670611861301 0.0917 0
1670611863853 0.0924 0
1670611866397 0.0925 0
1670611868654 0.0945 0
1670611871339 0.0924 0
1670611873903 0.0928 0
1670611876243 0.0922 0
1670611878756 0.0924 0
1670611881249 0.0932 0
1670611883414 0.0921 0
1670611885772 0.0943 0
1670611888288 0.0931 0
1670611890718 0.0933 0
1670611893429 0.0939 0
1670611896113 0.0933 0
1670611899085 0.0945 0
1670611901689 0.0934 0
1670611904711 0.0925 0
1670611907332 0.0937 0
1670611909901 0.092 0
1670611912387 0.0929 0
1670611914995 0.0931 0
1670611917509 0.0916 0
1670611920686 0.0938 0
1670611924480 0.0929 0
1670611927772 0.0929 0
1670611931181 0.0942 0
1670611934191 0.0922 0
1670611937587 0.092 0
1670611940895 0.0911 0
1670611944255 0.0928 0
1670611947665 0.0925 0
1670611951085 0.0909 0
1670611954725 0.0932 0
1670611957193 0.0923 0
1670611959778 0.0939 0
1670611963105 0.093 0
1670611966326 0.0929 0
1670611969101 0.0926 0
1670611972980 0.0929 0
1670611976359 0.0916 0
1670611979448 0.0947 0
1670611982674 0.0913 0
1670611985996 0.0926 0
