1670605758563 0.04235401578810699 0
1670605759389 0.02579820391331418 0
1670605759969 0.017519520267281735 0
1670605761076 0.013732102762288437 0
1670605761740 0.012347913423599352 0
1670605762488 0.011181026699449967 0
1670605762986 0.010117043008018023 0
1670605763790 0.009641601975031902 0
1670605764451 0.009184593332154989 0
1670605765216 0.008875650257998982 0
1670605765952 0.008594251997061125 0
1670605766720 0.008174164340823811 0
1670605767409 0.00867081757828149 0
1670605767961 0.008361374552094056 0
1670605768612 0.00878639645489121 0
1670605769267 0.009152999104800066 0
1670605770075 0.009154548018330225 0
1670605770787 0.009425347948040827 0
1670605771391 0.009218550674133921 0
1670605772075 0.009115444017062463 0
1670605772797 0.009402451349719107 0
1670605773414 0.009575413654598589 0
1670605773968 0.009465662759295584 0
1670605774593 0.009727131514220125 0
1670605775181 0.010277090309400702 0
1670605775752 0.010452082138469654 0
1670605776570 0.010651770066402971 0
1670605777302 0.010746181539796978 0
1670605777885 0.010314387700739155 0
1670605778716 0.010337610719608717 0
1670605779372 0.011117790845991293 0
1670605780011 0.011226487739940921 0
1670605780951 0.011109919471272434 0
1670605781742 0.010950881599529491 0
1670605782522 0.01103500550049899 0
1670605783428 0.011101731427261008 0
1670605784113 0.011026974768218914 0
1670605784948 0.01103771385091469 0
1670605785493 0.010902394480825708 0
1670605786291 0.010773908717299954 0
1670605787003 0.010703879376918593 0
1670605787640 0.010633987437702816 0
1670605788290 0.01051584716086991 0
1670605789045 0.010401554824228304 0
1670605789610 0.010568174884951945 0
1670605790414 0.010637907487952028 0
1670605791194 0.010526573376875195 0
1670605792183 0.010644715544532501 0
1670605792851 0.01068220129532993 0
1670605793709 0.010860953257685338 0
1670605794415 0.011319093168671829 0
1670605795428 0.011307770736920575 0
1670605796238 0.011601108718141864 0
1670605797112 0.011508758609498765 0
1670605797942 0.011507995750293293 0
1670605799115 0.011646068597577428 0
1670605799753 0.011711000833419416 0
1670605800388 0.01169632210223627 0
1670605801043 0.011604297934880325 0
1670605801565 0.011648310529385225 0
1670605802067 0.011731290744917022 0
1670605802708 0.011696165344772247 0
1670605803258 0.011660240801552146 0
1670605804006 0.011575024557412425 0
1670605805192 0.011496671816034545 0
1670605806091 0.011451287584310632 0
1670605807279 0.011376564545799314 0
1670605808094 0.011424744635600434 0
1670605809152 0.011517424229265993 0
1670605810254 0.011491132914191696 0
1670605811477 0.011411714703526754 0
1670605812355 0.011419249940353135 0
1670605813693 0.011440098829663112 0
1670605814675 0.011430095579373925 0
1670605815758 0.011377999677734674 0
1670605816649 0.011305202554994231 0
1670605817506 0.011281644776514041 0
1670605818679 0.011213580825955999 0
1670605819564 0.011144396120415179 0
1670605820838 0.011110020404240153 0
1670605821916 0.011045793151560429 0
1670605823080 0.011307389317497127 0
1670605823886 0.011432520063719587 0
1670605824394 0.011401103445249125 0
1670605825212 0.011472233922477787 0
1670605826329 0.011988416732013896 0
1670605827288 0.01210445330899683 0
1670605828233 0.012037011174098292 0
1670605829176 0.012032784496166682 0
1670605830259 0.011967483462524728 0
1670605831356 0.011962904472105074 0
1670605832237 0.011904321577308821 0
1670605833061 0.011880619541672993 0
1670605833904 0.011838018748637408 0
1670605834814 0.011795741005183047 0
1670605836033 0.011825264712270661 0
1670605836959 0.011767558971830044 0
1670605838038 0.011710687318960411 0
1670605839220 0.011670769533437222 0
1670605839822 0.011638418903060443 0
1670605840338 0.011813303183809853 0
