1670576474807 0.021177007894053496 0
1670576475438 0.014117312499282261 0
1670576476008 0.010434348001896798 0
1670576476985 0.00860250052327214 0
1670576477855 0.017544149833133293 0
1670576478399 0.01574007021448321 0
1670576479128 0.014891449509372968 0
1670576479843 0.015191986121119577 0
1670576480496 0.014208235989793575 0
1670576481099 0.015029997405025447 0
1670576481690 0.014403270107230054 0
1670576482274 0.013726465118936083 0
1670576482868 0.013195660148310378 0
1670576483448 0.012665523599253626 0
1670576484121 0.012788388900201475 0
1670576485043 0.012348619375403755 0
1670576485585 0.011945402689141694 0
1670576486283 0.011819962956492258 0
1670576487078 0.011497035301181728 0
1670576487881 0.011241598202102132 0
1670576488650 0.011745321646719237 0
1670576489497 0.011468688801370822 0
1670576490248 0.01131519434822844 0
1670576490907 0.011098444867771735 0
1670576491442 0.010917484345631563 0
1670576492141 0.01094753988057083 0
1670576492927 0.010847920256631019 0
1670576493739 0.010713115015651233 0
1670576494239 0.010099539149244004 0
1670576495034 0.010164649366313769 0
1670576495660 0.01043198579152032 0
1670576496579 0.010320009392475717 0
1670576497252 0.010210775654063524 0
1670576498013 0.010173814251659627 0
1670576498651 0.010493643315632913 0
1670576499208 0.010359062444128458 0
1670576499820 0.010254211362882078 0
1670576500440 0.010170112464691003 0
1670576501038 0.010042411654282143 0
1670576501529 0.010135149421981862 0
1670576502266 0.010504357430719348 0
1670576502808 0.010547060483274445 0
1670576503423 0.01078859272610451 0
1670576504305 0.010668060376567812 0
1670576504944 0.010552894225597874 0
1670576505633 0.010468730667372417 0
1670576506189 0.010359108191113964 0
1670576506989 0.010312193570851315 0
1670576507691 0.01024714457731428 0
1670576508335 0.010154297120231519 0
1670576509027 0.010241366627603318 0
1670576509584 0.010311528368268166 0
1670576510460 0.010424676519880952 0
1670576511320 0.010329958183178702 0
1670576511899 0.01034087375559329 0
1670576512685 0.010516291897633034 0
1670576513255 0.01045297131603818 0
1670576513883 0.010366684559142927 0
1670576514551 0.010830080592582204 0
1670576515125 0.0107423109259158 0
1670576516180 0.011015935539844965 0
1670576516801 0.010928260612784388 0
1670576517557 0.01085561308904491 0
1670576518236 0.010818343053738515 0
1670576518890 0.010753750842692686 0
1670576519487 0.0107519184263236 0
1670576520156 0.010691791952432965 0
1670576520868 0.010728623911794813 0
1670576521851 0.010670951307391083 0
1670576522546 0.01060608616813459 0
1670576523115 0.010533348707335556 0
1670576523791 0.010549609329806912 0
1670576524532 0.010545020882394167 0
1670576525335 0.010489605571909845 0
1670576526068 0.010443904594973887 0
1670576526633 0.010375998507647498 0
1670576527432 0.010387376738442804 0
1670576528092 0.01056805256953764 0
1670576529046 0.010542071478532894 0
1670576529941 0.010481879351650104 0
1670576530496 0.010511482474481103 0
1670576531067 0.01045890091691782 0
1670576531607 0.01048669788269739 0
1670576532369 0.01044470570686952 0
1670576533000 0.010389790175625885 0
1670576533803 0.010358390663374767 0
1670576534751 0.01033926112727012 0
1670576535480 0.010320183900608432 0
1670576536252 0.010268633318930166 0
1670576536993 0.01021226378141863 0
1670576537918 0.010183637778527405 0
1670576538645 0.010228728493861153 0
1670576539342 0.010185153796678378 0
1670576540043 0.010180790459733427 0
1670576540895 0.010127907431372658 0
1670576541493 0.010086531646159816 0
1670576542002 0.010045612758464363 0
1670576542659 0.010000128401110059 0
1670576543228 0.010011398486275108 0
1670576543888 0.009961869144506162 0
1670576544522 0.009918454594598898 0
1670576545163 0.009904733593207059 0
1670576545807 0.0098585892017789 0
1670576546615 0.009859133651330537 0
1670576547322 0.009871803106549129 0
1670576547891 0.009830477898385696 0
1670576548527 0.00984182089772754 0
1670576549103 0.009922112529615577 0
1670576549796 0.009900550831415535 0
1670576550582 0.009860826214008696 0
1670576551399 0.00982620059616262 0
1670576552185 0.009941858844843977 0
1670576553051 0.010051475851108618 0
1670576554036 0.010275934043580591 0
1670576554747 0.01023217422483054 0
1670576555469 0.010214471092525913 0
1670576555947 0.010182471495824609 0
1670576556939 0.010157239942326098 0
1670576557995 0.010149192572759091 0
1670576558778 0.010140709198545837 0
1670576559626 0.010115610228958724 0
1670576560301 0.010090591152630266 0
1670576561031 0.010095082750797457 0
1670576561968 0.010098784036349708 0
1670576562621 0.01011213244030467 0
1670576563382 0.010113363499335587 0
1670576563959 0.010073800422616831 0
1670576564606 0.010041259849983518 0
1670576565656 0.010002579195056309 0
1670576566391 0.010132105726763742 0
1670576567185 0.01010393885421041 0
1670576568013 0.010068432752492827 0
1670576568745 0.010061567860085219 0
1670576569469 0.010085912135517718 0
1670576570565 0.010070081306488662 0
1670576571428 0.010070926211127228 0
1670576572432 0.010034404394251323 0
1670576572927 0.010012099123401098 0
1670576573587 0.010022460060172517 0
1670576574592 0.010050864390500382 0
1670576575812 0.010018442646743661 0
1670576576678 0.00999174524435166 0
1670576577486 0.010031749348769096 0
1670576578592 0.010003037550853744 0
1670576579548 0.009970681869890072 0
1670576580302 0.009938636637503932 0
1670576581053 0.009909567701616336 0
1670576581728 0.00988453376085073 0
1670576582315 0.009851866119785405 0
1670576583046 0.009934488191897593 0
1670576583708 0.009928191816258487 0
1670576584211 0.009924614810950055 0
1670576584821 0.009935908299621037 0
1670576585995 0.010058512644886691 0
1670576586776 0.010030146204386137 0
1670576587753 0.010015528017753024 0
1670576588549 0.010000855223171595 0
1670576589354 0.010189605806062853 0
1670576590128 0.010202473347679056 0
1670576590770 0.010172394516186359 0
1670576591843 0.010143502692733238 0
1670576592467 0.01011973106764337 0
1670576593258 0.01010047657572926 0
1670576593935 0.010128531551450652 0
1670576594527 0.010103580232526513 0
1670576595350 0.010080160704645423 0
1670576596034 0.010097008730331238 0
1670576596735 0.010067166267525199 0
1670576597485 0.010048101752760025 0
1670576598204 0.01008298315260913 0
1670576598842 0.010054973589632109 0
1670576599579 0.010078199183727883 0
1670576600488 0.01004943850315674 0
1670576601029 0.010034265586598576 0
1670576601770 0.010007163403180662 0
1670576602647 0.009981349008858158 0
1670576603447 0.009953530477518957 0
1670576604155 0.010036472865200874 0
1670576605006 0.010010803062438109 0
1670576605769 0.010014438601634597 0
1670576606794 0.009987244420674668 0
1670576607706 0.009961544948768074 0
1670576608852 0.009934448029387172 0
1670576609597 0.009907903344147498 0
1670576610714 0.009885804397108996 0
1670576611328 0.009906473630883851 0
1670576611966 0.009896127370576532 0
1670576612851 0.009892873742870019 0
1670576613466 0.009903988327165311 0
1670576614301 0.009882134649591402 0
1670576615013 0.009856819771443641 0
1670576615689 0.009835278115569696 0
1670576616581 0.009811709375359967 0
1670576617409 0.009808268938382582 0
1670576618085 0.009896529159322702 0
1670576618882 0.009878507817146498 0
1670576619581 0.009938245483558143 0
1670576620385 0.009996192583279682 0
1670576621134 0.009997310735357985 0
1670576621847 0.009974461588767747 0
1670576622536 0.009955877855980448 0
1670576623549 0.009953192146355032 0
1670576624584 0.009932119703532694 0
1670576625128 0.009951167487519272 0
1670576625940 0.010089559053293645 0
1670576626440 0.010103980314893991 0
1670576627077 0.010090953777734696 0
1670576628103 0.010097618357342124 0
1670576628997 0.01007358306179338 0
