1670572378305 0.004235401578810698 0
1670572378939 0.0013521932988493658 0
1670572379414 0.0009186931155186995 0
1670572380108 0.0007403853613860797 0
1670572380726 0.0006386661920440906 0
1670572381349 0.0005708271881056993 0
1670572382038 0.0010971392196882314 0
1670572382716 0.001024890726681498 0
1670572383670 0.0009656582238419442 0
1670572384276 0.0009548679343331013 0
1670572385061 0.0009150369313782436 0
1670572386004 0.0008797943270137285 0
1670572386848 0.001049120184366565 0
1670572387645 0.0010266693147182942 0
1670572388661 0.0010047749516146549 0
1670572389403 0.0009836493241417387 0
1670572390292 0.0009665547197755291 0
1670572390970 0.0009497714731093792 0
1670572391918 0.00119014385706962 0
1670572392484 0.0011734402050746875 0
1670572393065 0.001148253563797592 0
1670572393932 0.001124597461413709 0
1670572394661 0.001102325930998711 0
1670572395284 0.001081311278774983 0
1670572396152 0.0010731992111689633 0
1670572397104 0.001064620969344626 0
1670572397956 0.0010557245834506466 0
1670572398552 0.0010466235410903255 0
1670572399303 0.0010389429739872682 0
1670572400261 0.0010255479987866013 0
1670572401116 0.0010199975966987988 0
1670572401874 0.0010141327591033438 0
1670572402486 0.0010080269285072472 0
1670572403465 0.0009975573974314899 0
1670572404548 0.0010285184906802872 0
1670572405551 0.0010235162705921634 0
1670572406193 0.0010182936417495504 0
1670572407073 0.0010128970885422339 0
1670572407726 0.0010036512683883633 0
1670572408582 0.000994609157870622 0
1670572409480 0.0009901757004203776 0
1670572410387 0.00098558990444142 0
1670572410925 0.000977729674899541 0
1670572411697 0.0009734809871048526 0
1670572412855 0.0009691153900397631 0
1670572413507 0.000964655439375954 0
1670572414520 0.0009581891476516905 0
1670572415289 0.0009540381394030819 0
1670572416011 0.0009480140465938694 0
1670572416917 0.0009420522727605653 0
1670572417736 0.0009385136470460621 0
1670572418477 0.0009329373306976276 0
1670572419005 0.0009296216958447319 0
1670572419809 0.0009243939193897396 0
1670572420539 0.0009212804653228304 0
1670572421171 0.0009462737036903164 0
1670572421991 0.0009432347588846512 0
1670572422587 0.0009380285129228445 0
1670572423415 0.0009328753463612421 0
1670572424062 0.000954589425257855 0
1670572424819 0.0009490719059993698 0
1670572425691 0.0009468150221598573 0
1670572426466 0.0009415873233313929 0
1670572427123 0.0009394416103827023 0
1670572427950 0.0009372033335825641 0
1670572428569 0.0009324383824184738 0
1670572429147 0.000927724564332671 0
1670572429728 0.0009257776495888381 0
1670572430344 0.0009212922841112327 0
1670572431179 0.0009398364334874678 0
1670572432090 0.0009380858009256828 0
1670572432765 0.0009362504045577437 0
1670572433559 0.0009318321963956392 0
1670572434430 0.0009300750592932109 0
1670572435002 0.0009282447876696648 0
1670572435768 0.0010510065098972767 0
1670572436306 0.0010484289754578771 0
1670572436877 0.0011523373182651957 0
1670572437561 0.0011612545400763064 0
1670572438228 0.0011583192327254252 0
1670572438924 0.0011553457419698821 0
1670572439684 0.0011523385588485134 0
1670572440283 0.0011493018163387869 0
1670572441187 0.0011435561231373222 0
1670572441909 0.0011406275917285908 0
1670572442771 0.0011376740479747671 0
1670572443678 0.001134698768112356 0
1670572444329 0.0011317047769385813 0
1670572445038 0.0011265452380420614 0
1670572445614 0.0011214511410287673 0
1670572446131 0.001118677489699429 0
1670572447076 0.0011278507931223728 0
1670572447756 0.0011251642446304872 0
1670572448631 0.0011338612456956987 0
1670572449520 0.0011420153161557972 0
1670572450487 0.0011496617074344632 0
1670572451336 0.0011472655724344455 0
1670572451810 0.0011448432577109262 0
1670572452384 0.0011423973083026545 0
1670572453054 0.0011399301003384669 0
1670572454011 0.0011374438529523179 0
