1670625140260 0.0 0
1670625148679 0.0 0
1670625157303 0.0 0
1670625165688 0.0 0
1670625173975 0.0 0
1670625181840 0.0 0
1670625189851 0.0 0
1670625198090 0.0 0
1670625206061 0.0 0
1670625214449 0.0 0
1670625222109 0.0 0
1670625229806 0.0 0
1670625238380 0.0 0
1670625246509 0.0 0
1670625254558 0.0 0
1670625262628 0.0 0
1670625270606 0.0 0
1670625278536 0.0 0
1670625286517 0.0 0
1670625294438 0.0 0
1670625302354 0.0 0
1670625310201 0.0 0
1670625318186 0.0 0
1670625326443 0.0 0
1670625334248 0.0 0
1670625342143 0.0 0
1670625349775 0.0 0
1670625357777 0.0 0
1670625366268 0.0 0
1670625374150 0.0 0
1670625381627 0.0 0
1670625389221 0.0 0
1670625396742 0.0 0
1670625404517 0.0 0
1670625412561 0.0 0
1670625420428 0.0 0
1670625428275 0.0 0
1670625436330 0.0 0
1670625444331 0.0 0
1670625452212 0.0 0
1670625459951 0.0 0
1670625467917 0.0 0
1670625475677 0.0 0
1670625483626 0.0 0
1670625491825 0.0 0
1670625500037 0.0 0
1670625508067 0.0 0
1670625516206 0.0 0
1670625524812 0.0 0
1670625533004 0.0 0
1670625541630 0.0 0
1670625550035 0.0 0
1670625558632 0.0 0
1670625567189 0.0 0
1670625575710 0.0 0
1670625584097 0.0 0
1670625592245 0.0 0
1670625600220 0.0 0
1670625608086 0.0 0
1670625615981 0.0 0
1670625624268 0.0 0
1670625632346 0.0 0
1670625640006 0.0 0
1670625648231 0.0 0
1670625656200 0.0 0
1670625664639 0.0 0
