1670563342745 0.0 0
1670563344801 0.0001 0
1670563347100 0.0001 0
1670563349251 0.0 0
1670563351333 0.0 0
1670563353564 0.0 0
1670563355476 0.0 0
1670563357627 0.0 0
1670563359745 0.0001 0
1670563362282 0.0 0
1670563364571 0.0 0
1670563366368 0.0001 0
1670563368640 0.0002 0
1670563370710 0.0 0
1670563372888 0.0 0
1670563375028 0.0001 0
1670563377505 0.0 0
1670563379530 0.0002 0
1670563381736 0.0001 0
1670563384080 0.0 0
1670563386005 0.0 0
1670563387978 0.0 0
1670563390207 0.0 0
1670563392675 0.0 0
1670563394749 0.0 0
1670563396698 0.0001 0
1670563398720 0.0 0
1670563400632 0.0 0
1670563402621 0.0 0
1670563404371 0.0 0
1670563406734 0.0 0
1670563408866 0.0 0
1670563410811 0.0 0
1670563412818 0.0 0
1670563414936 0.0 0
1670563417237 0.0 0
1670563419252 0.0 0
1670563421532 0.0 0
1670563423480 0.0 0
1670563425706 0.0 0
1670563427746 0.0 0
1670563429878 0.0 0
1670563431989 0.0 0
1670563434222 0.0002 0
1670563436011 0.0 0
1670563438039 0.0001 0
1670563440153 0.0 0
1670563442365 0.0002 0
1670563444701 0.0 0
1670563447083 0.0001 0
1670563449306 0.0 0
1670563451710 0.0 0
1670563453811 0.0 0
1670563456170 0.0001 0
1670563458520 0.0 0
1670563461013 0.0 0
1670563462960 0.0 0
1670563465177 0.0001 0
1670563467132 0.0 0
1670563469396 0.0 0
1670563471241 0.0 0
1670563473411 0.0 0
1670563475812 0.0 0
1670563478025 0.0 0
1670563479873 0.0 0
1670563481876 0.0 0
1670563483808 0.0 0
1670563485780 0.0 0
1670563487985 0.0 0
1670563490041 0.0 0
1670563492334 0.0 0
1670563493990 0.0 0
1670563496049 0.0001 0
1670563498707 0.0001 0
1670563500860 0.0001 0
1670563503049 0.0 0
1670563505198 0.0 0
1670563507317 0.0 0
1670563509277 0.0001 0
1670563511788 0.0001 0
1670563514381 0.0 0
1670563516909 0.0 0
1670563519137 0.0 0
1670563520913 0.0 0
1670563523080 0.0 0
1670563525320 0.0 0
1670563527748 0.0 0
1670563529889 0.0 0
1670563532196 0.0001 0
1670563534528 0.0 0
1670563536614 0.0 0
1670563538714 0.0 0
1670563541084 0.0001 0
1670563543450 0.0 0
1670563545614 0.0 0
1670563548264 0.0 0
1670563550602 0.0 0
1670563553018 0.0 0
1670563555457 0.0 0
1670563557505 0.0 0
1670563559960 0.0 0
1670563561905 0.0 0
1670563563743 0.0 0
1670563565729 0.0001 0
1670563568078 0.0 0
1670563570422 0.0001 0
1670563572393 0.0 0
1670563574853 0.0 0
1670563576755 0.0 0
1670563578628 0.0 0
1670563580383 0.0 0
1670563582117 0.0 0
1670563583971 0.0 0
1670563586168 0.0 0
1670563588067 0.0001 0
1670563590549 0.0 0
1670563592409 0.0001 0
1670563594399 0.0 0
1670563596638 0.0 0
1670563599018 0.0 0
1670563601554 0.0 0
1670563603881 0.0 0
1670563605898 0.0 0
1670563608252 0.0 0
1670563610543 0.0 0
1670563612736 0.0 0
1670563615224 0.0 0
1670563617641 0.0 0
1670563620043 0.0 0
1670563622367 0.0 0
1670563624291 0.0 0
1670563626166 0.0 0
1670563628719 0.0001 0
1670563630794 0.0 0
1670563633039 0.0 0
1670563635402 0.0 0
1670563637997 0.0001 0
1670563640012 0.0 0
1670563641683 0.0002 0
1670563643431 0.0 0
1670563645439 0.0 0
1670563647563 0.0 0
1670563649618 0.0 0
1670563652346 0.0 0
1670563654456 0.0 0
1670563656577 0.0 0
1670563658864 0.0001 0
1670563661116 0.0 0
1670563663115 0.0001 0
1670563665559 0.0 0
1670563667942 0.0 0
1670563670272 0.0001 0
1670563672652 0.0 0
1670563674750 0.0 0
1670563677295 0.0 0
1670563679551 0.0 0
1670563682746 0.0 0
1670563685013 0.0 0
1670563687325 0.0 0
1670563689963 0.0 0
1670563692971 0.0 0
1670563696259 0.0 0
1670563698640 0.0002 0
1670563701034 0.0 0
1670563703405 0.0 0
1670563705591 0.0 0
1670563708330 0.0 0
1670563711029 0.0001 0
1670563713186 0.0001 0
1670563716022 0.0 0
1670563718762 0.0 0
1670563721249 0.0 0
1670563723924 0.0001 0
1670563726575 0.0001 0
1670563728702 0.0 0
1670563730775 0.0 0
1670563732955 0.0 0
1670563735180 0.0 0
1670563737700 0.0 0
1670563739893 0.0 0
1670563742291 0.0 0
1670563744641 0.0001 0
1670563746824 0.0 0
1670563748993 0.0 0
1670563751466 0.0001 0
1670563753719 0.0 0
1670563756449 0.0 0
1670563758896 0.0 0
1670563761036 0.0 0
1670563763435 0.0 0
1670563765520 0.0 0
1670563768007 0.0 0
1670563770071 0.0 0
1670563772507 0.0001 0
1670563774899 0.0 0
1670563776940 0.0001 0
1670563779558 0.0 0
1670563782267 0.0 0
1670563784950 0.0 0
1670563787893 0.0 0
1670563790724 0.0 0
1670563793555 0.0 0
1670563795983 0.0 0
1670563798557 0.0 0
1670563801028 0.0 0
1670563803988 0.0001 0
1670563806565 0.0 0
1670563808922 0.0 0
1670563811837 0.0 0
1670563814436 0.0 0
1670563816789 0.0 0
1670563818943 0.0 0
1670563821056 0.0001 0
1670563823738 0.0001 0
1670563826517 0.0 0
1670563829150 0.0 0
1670563832078 0.0 0
1670563834569 0.0 0
1670563837261 0.0 0
1670563839392 0.0001 0
1670563842406 0.0 0
1670563845208 0.0 0
1670563848017 0.0 0
1670563851319 0.0 0
1670563854037 0.0001 0
1670563857372 0.0001 0
1670563860022 0.0 0
1670563862402 0.0 0
1670563864676 0.0 0
1670563867171 0.0 0
1670563869663 0.0001 0
1670563872485 0.0 0
1670563875499 0.0 0
1670563878107 0.0 0
1670563879947 0.0001 0
1670563882376 0.0001 0
1670563885267 0.0 0
1670563886696 0.0 0
1670563888231 0.0 0
1670563889867 0.0 0
1670563892443 0.0 0
1670563895325 0.0 0
1670563898144 0.0 0
1670563900908 0.0 0
1670563903467 0.0 0
1670563907197 0.0 0
1670563909759 0.0 0
1670563912179 0.0 0
1670563914496 0.0 0
1670563917151 0.0001 0
1670563919925 0.0 0
1670563922197 0.0 0
1670563925023 0.0 0
1670563927826 0.0 0
1670563930090 0.0 0
1670563932853 0.0 0
1670563936051 0.0001 0
1670563938361 0.0 0
1670563940901 0.0001 0
1670563943508 0.0 0
1670563946108 0.0 0
1670563948802 0.0001 0
1670563951620 0.0001 0
1670563954091 0.0 0
1670563956148 0.0001 0
1670563958277 0.0001 0
1670563960072 0.0 0
1670563962803 0.0 0
1670563964568 0.0 0
1670563966855 0.0 0
1670563968869 0.0001 0
1670563970613 0.0 0
1670563973320 0.0 0
1670563975488 0.0001 0
1670563977650 0.0 0
1670563979674 0.0001 0
1670563981850 0.0 0
1670563983904 0.0 0
1670563986757 0.0001 0
1670563989171 0.0 0
1670563991073 0.0 0
1670563993431 0.0002 0
1670563995368 0.0 0
1670563999525 0.0 0
1670564001715 0.0 0
1670564003708 0.0001 0
1670564005666 0.0 0
1670564008751 0.0 0
