1670598318276 nan 0
1670598319220 0.0013521932988493658 0
1670598320234 0.0010608154350947542 0
1670598321026 0.0013851341782447593 0
1670598322210 0.0013992475203938996 0
1670598323258 0.0012331276632381086 0
1670598324275 0.001526358390700179 0
1670598325211 0.0015278168895793247 0
1670598326222 0.0015081047751606606 0
1670598327241 0.0014792750429998315 0
1670598328214 0.0014673234400552993 0
1670598329236 0.0014482380491705543 0
1670598330233 0.0014254736289789668 0
1670598331072 0.0017679940887075011 0
1670598332044 0.0017013624644699956 0
1670598333182 0.0016792152186935326 0
1670598334352 0.001624136789069937 0
1670598335461 0.0015741550193031587 0
1670598336482 0.0015285286506671013 0
1670598337685 0.0015158693910849997 0
1670598338865 0.0014765730324359288 0
1670598339906 0.0014699875910365065 0
1670598340721 0.0014354180707153914 0
1670598341819 0.0015032336689333045 0
1670598342987 0.0014710796222860373 0
1670598344179 0.0014604404265097454 0
1670598345049 0.0014318211597526135 0
1670598346159 0.0014314065823477868 0
1670598347005 0.0013641749830015856 0
1670598348015 0.001357981379193688 0
1670598349032 0.0013511821933887866 0
1670598349890 0.0013555223976214593 0
1670598351020 0.0013983693857847327 0
1670598351924 0.0014018396642725868 0
1670598352846 0.001394432543767098 0
1670598353885 0.0013867471907177268 0
1670598354744 0.0013788475683357807 0
1670598355800 0.0013617495688154626 0
1670598356954 0.0013669099778368132 0
1670598357962 0.0013707518460733701 0
1670598358793 0.00135464877332719 0
1670598359615 0.0013494034981989564 0
1670598360664 0.001398887555131179 0
1670598361899 0.0014419189661450367 0
1670598363116 0.0014729716949501946 0
1670598364237 0.0014668766298819701 0
1670598365205 0.0014606172555209187 0
1670598366316 0.0014610534223661288 0
1670598367457 0.001455250344433179 0
1670598368338 0.0014493111888624081 0
1670598369233 0.001443260235283464 0
1670598370256 0.0014808607651235932 0
1670598371125 0.0015143974089947116 0
1670598371928 0.0015089056662589396 0
1670598372747 0.0014954917529862626 0
1670598373624 0.0015174631828956337 0
1670598374692 0.0015045141192021288 0
1670598375795 0.0015040056565424182 0
1670598376726 0.0014986886850402177 0
1670598377498 0.0014932933517291728 0
1670598378266 0.0014814007814557427 0
1670598379027 0.0015004901252209813 0
1670598380330 0.0015178246102641388 0
1670598381264 0.0015064579889705338 0
1670598382054 0.0015004451084677673 0
1670598383055 0.0015159064112538066 0
1670598383997 0.001545371593314518 0
1670598385003 0.001539136104793041 0
1670598385996 0.0015397171403214952 0
1670598387041 0.0015537542470602243 0
1670598387867 0.0015666095102691326 0
1670598388868 0.0015673826098381706 0
1670598389679 0.0015794185973396694 0
1670598390627 0.00156932563945657 0
1670598391582 0.0015805101548133104 0
1670598392692 0.001581524846605394 0
1670598393529 0.0015751173835587468 0
1670598394638 0.0015656105727650002 0
1670598395432 0.0015666095102691326 0
1670598396464 0.0015573268424443373 0
1670598397297 0.0015680877784183611 0
1670598398297 0.0015780419814565784 0
1670598399446 0.0015718521158031638 0
1670598400250 0.0015657089282117365 0
1670598401196 0.0015596130868935688 0
1670598402408 0.001553565141873652 0
1670598403465 0.0015778277667795814 0
1670598404438 0.0015694661060311156 0
1670598405365 0.0015612353063818988 0
1670598406584 0.0015556521453226999 0
1670598407394 0.0015476965473893859 0
1670598408244 0.0015398610901088193 0
1670598409249 0.0015487002057893288 0
1670598410144 0.0017552559015615744 0
1670598411110 0.001761594591470871 0
1670598412023 0.0017552070810834875 0
1670598412978 0.0017465836808652903 0
1670598413772 0.0017455864886996716 0
1670598414632 0.001737146890171975 0
1670598415601 0.0017288283174876169 0
1670598416345 0.00173506407723573 0
