1670598317367 0.0006666666666666666 0
1670598318270 0.0006666666666666666 0
1670598319210 0.0003333333333333333 0
1670598320228 0.0003333333333333333 0
1670598321020 0.001 0
1670598322205 0.001 0
1670598323253 0.0006666666666666666 0
1670598324270 0.0 0
1670598325200 0.001 0
1670598326211 0.001 0
1670598327234 0.0003333333333333333 0
1670598328208 0.001 0
1670598329215 0.0003333333333333333 0
1670598330228 0.0003333333333333333 0
1670598331066 0.0016666666666666668 0
1670598332032 0.0006666666666666666 0
1670598333176 0.0003333333333333333 0
1670598334346 0.0006666666666666666 0
1670598335452 0.0006666666666666666 0
1670598336476 0.0006666666666666666 0
1670598337677 0.0003333333333333333 0
1670598338859 0.0006666666666666666 0
1670598339900 0.001 0
1670598340716 0.0006666666666666666 0
1670598341814 0.0 0
1670598342976 0.0006666666666666666 0
1670598344173 0.0003333333333333333 0
1670598345044 0.0006666666666666666 0
1670598346154 0.001 0
1670598347000 0.0003333333333333333 0
1670598348007 0.0003333333333333333 0
1670598349027 0.0003333333333333333 0
1670598349884 0.001 0
1670598351013 0.0 0
1670598351919 0.001 0
1670598352840 0.0003333333333333333 0
1670598353880 0.0003333333333333333 0
1670598354738 0.0003333333333333333 0
1670598355794 0.0006666666666666666 0
1670598356949 0.001 0
1670598357950 0.001 0
1670598358788 0.0006666666666666666 0
1670598359608 0.0003333333333333333 0
1670598360658 0.0013333333333333333 0
1670598361894 0.0013333333333333333 0
1670598363111 0.0 0
1670598364231 0.0003333333333333333 0
1670598365200 0.0003333333333333333 0
1670598366310 0.001 0
1670598367451 0.0003333333333333333 0
1670598368332 0.0003333333333333333 0
1670598369228 0.0003333333333333333 0
1670598370250 0.0013333333333333333 0
1670598371106 0.0013333333333333333 0
1670598371921 0.0003333333333333333 0
1670598372742 0.0006666666666666666 0
1670598373618 0.0 0
1670598374686 0.0006666666666666666 0
1670598375790 0.001 0
1670598376720 0.0003333333333333333 0
1670598377493 0.0003333333333333333 0
1670598378260 0.0006666666666666666 0
1670598379021 0.0 0
1670598380323 0.0 0
1670598381258 0.0006666666666666666 0
1670598382043 0.0003333333333333333 0
1670598383050 0.0 0
1670598383992 0.0013333333333333333 0
1670598384998 0.0003333333333333333 0
1670598385990 0.001 0
1670598387035 0.0 0
1670598387861 0.0 0
1670598388862 0.001 0
1670598389672 0.0 0
1670598390618 0.0006666666666666666 0
1670598391576 0.0 0
1670598392687 0.001 0
1670598393523 0.0003333333333333333 0
1670598394633 0.0006666666666666666 0
1670598395426 0.001 0
1670598396458 0.0006666666666666666 0
1670598397291 0.0 0
1670598398292 0.0 0
1670598399440 0.0003333333333333333 0
1670598400244 0.0003333333333333333 0
1670598401190 0.0003333333333333333 0
1670598402402 0.0003333333333333333 0
1670598403460 0.0013333333333333333 0
1670598404432 0.0006666666666666666 0
1670598405360 0.0006666666666666666 0
1670598406578 0.0003333333333333333 0
1670598407389 0.0006666666666666666 0
1670598408237 0.0006666666666666666 0
1670598409243 0.0 0
1670598410138 0.0026666666666666666 0
1670598411092 0.0 0
1670598412018 0.0003333333333333333 0
1670598412968 0.0006666666666666666 0
1670598413766 0.001 0
1670598414627 0.0006666666666666666 0
1670598415595 0.0006666666666666666 0
1670598416339 0.0 0
