1670632248976 0.0 0
1670632249619 0.0 0
1670632250293 0.0 0
1670632250911 0.0 0
1670632251504 0.0 0
1670632252141 0.0 0
1670632252768 0.0 0
1670632253457 0.0 0
1670632254166 0.0 0
1670632254882 0.0 0
1670632255584 0.0 0
1670632256291 0.0 0
1670632256999 0.0 0
1670632257721 0.0 0
1670632258428 0.0 0
1670632259127 0.0 0
1670632259835 0.0 0
1670632260534 0.0 0
1670632261240 0.0 0
1670632261947 0.0 0
1670632262646 0.0 0
1670632263355 0.0 0
1670632264057 0.0 0
1670632264762 0.0 0
1670632265469 0.0 0
1670632266184 0.0 0
1670632266895 0.0 0
1670632267597 0.0 0
1670632268241 0.0 0
1670632268852 0.0 0
1670632269487 0.0 0
1670632270224 0.0 0
1670632270931 0.0 0
1670632271662 0.0 0
1670632272380 0.0 0
1670632273118 0.0 0
1670632273840 0.0 0
1670632274560 0.0 0
1670632275271 0.0 0
1670632275981 0.0 0
1670632276693 0.0 0
1670632277419 0.0 0
1670632278152 0.0 0
1670632278865 0.0 0
1670632279584 0.0 0
1670632280295 0.0 0
1670632281007 0.0 0
1670632281725 0.0 0
1670632282440 0.0 0
1670632283122 0.0 0
1670632283733 0.0 0
1670632284385 0.0 0
1670632285013 0.0 0
1670632285658 0.0 0
1670632286192 0.0 0
1670632286703 0.0 0
1670632287310 0.0 0
1670632287932 0.0 0
1670632288616 0.0 0
1670632289297 0.0 0
1670632289942 0.0 0
1670632290585 0.0 0
1670632291125 0.0 0
1670632291684 0.0 0
1670632292202 0.0 0
1670632292719 0.0 0
1670632293329 0.0 0
1670632294001 0.0 0
1670632294725 0.0 0
1670632295462 0.0 0
1670632296186 0.0 0
1670632296913 0.0 0
1670632297641 0.0 0
1670632298367 0.0 0
1670632299111 0.0 0
1670632299843 0.0 0
1670632300574 0.0 0
1670632301280 0.0 0
1670632302050 0.0 0
1670632302682 0.0 0
1670632303335 0.0 0
1670632303973 0.0 0
1670632304640 0.0 0
1670632305268 0.0 0
1670632305860 0.0 0
1670632306465 0.0 0
1670632307016 0.0 0
1670632307566 0.0 0
1670632308218 0.0 0
1670632308839 0.0 0
1670632309453 0.0 0
1670632310117 0.0 0
1670632310731 0.0 0
1670632311365 0.0 0
1670632312001 0.0 0
1670632312619 0.0 0
1670632313237 0.0 0
1670632313875 0.0 0
1670632314503 0.0 0
1670632315146 0.0 0
1670632315774 0.0 0
