1670568139080 0.0 0
1670568140839 0.0 0
1670568142978 0.0 0
1670568145138 0.0 0
1670568146841 0.0 0
1670568148890 0.0 0
1670568150667 0.0 0
1670568152590 0.0 0
1670568154410 0.0 0
1670568156252 0.0 0
1670568157858 0.0 0
1670568159665 0.0 0
1670568161638 0.0 0
1670568163601 0.0 0
1670568165744 0.0 0
1670568167769 0.0 0
1670568169971 0.0 0
1670568172372 0.0 0
1670568174766 0.0 0
1670568176078 0.0 0
1670568177047 0.0 0
1670568178000 0.0 0
1670568179542 0.0 0
1670568181342 0.0 0
1670568183617 0.0 0
1670568185558 0.0 0
1670568187654 0.0 0
1670568189824 0.0 0
1670568191439 0.0 0
1670568193599 0.0 0
1670568195765 0.0 0
1670568197796 0.0 0
1670568199931 0.0 0
1670568202327 0.0 0
1670568204568 0.0 0
1670568206596 0.0 0
1670568208367 0.0 0
1670568210670 0.0 0
1670568212580 0.0 0
1670568214664 0.0 0
1670568216820 0.0 0
1670568218598 0.0 0
1670568220451 0.0 0
1670568222307 0.0 0
1670568223773 0.0 0
1670568225644 0.0 0
1670568227816 0.0 0
1670568229523 0.0 0
1670568231405 0.0 0
1670568233159 0.0 0
1670568234844 0.0 0
1670568236578 0.0 0
1670568238544 0.0 0
1670568240324 0.0 0
1670568242046 0.0 0
1670568244062 0.0 0
1670568246293 0.0 0
1670568248169 0.0 0
1670568249985 0.0 0
1670568251831 0.0 0
1670568254025 0.0 0
1670568255659 0.0 0
1670568257665 0.0 0
1670568259568 0.0 0
1670568261700 0.0 0
1670568263311 0.0 0
1670568265078 0.0 0
1670568266958 0.0 0
1670568268810 0.0 0
1670568271009 0.0 0
1670568272692 0.0 0
1670568274756 0.0 0
1670568276268 0.0 0
1670568277700 0.0 0
1670568279599 0.0 0
1670568281674 0.0 0
1670568283370 0.0 0
1670568285186 0.0 0
1670568286855 0.0 0
1670568288536 0.0 0
1670568290400 0.0 0
1670568292286 0.0 0
1670568293655 0.0 0
1670568295491 0.0 0
1670568297180 0.0 0
1670568299221 0.0 0
1670568301120 0.0 0
1670568302797 0.0 0
1670568304630 0.0 0
1670568306562 0.0 0
1670568308686 0.0 0
1670568311078 0.0 0
1670568313139 0.0 0
1670568315045 0.0 0
1670568317377 0.0 0
1670568319280 0.0 0
1670568321277 0.0 0
1670568323335 0.0 0
1670568325264 0.0 0
1670568327134 0.0 0
1670568329594 0.0 0
