1670568137416 0.0 0
1670568139079 0.0 0
1670568140838 0.0 0
1670568142977 0.0 0
1670568145137 0.0 0
1670568146840 0.0 0
1670568148889 0.0 0
1670568150666 0.0 0
1670568152589 0.0 0
1670568154409 0.0 0
1670568156251 0.0 0
1670568157857 0.0 0
1670568159664 0.0 0
1670568161637 0.0 0
1670568163600 0.0 0
1670568165743 0.0 0
1670568167768 0.0 0
1670568169970 0.0 0
1670568172348 0.0 0
1670568174765 0.0 0
1670568176072 0.0 0
1670568177046 0.0 0
1670568177999 0.0 0
1670568179542 0.0 0
1670568181341 0.0 0
1670568183616 0.0 0
1670568185557 0.0 0
1670568187653 0.0 0
1670568189823 0.0 0
1670568191438 0.0 0
1670568193598 0.0 0
1670568195764 0.0 0
1670568197795 0.0 0
1670568199930 0.0 0
1670568202326 0.0 0
1670568204567 0.0 0
1670568206595 0.0 0
1670568208366 0.0 0
1670568210669 0.0 0
1670568212546 0.0 0
1670568214663 0.0 0
1670568216819 0.0 0
1670568218597 0.0 0
1670568220450 0.0 0
1670568222306 0.0 0
1670568223772 0.0 0
1670568225643 0.0 0
1670568227811 0.0 0
1670568229522 0.0 0
1670568231404 0.0 0
1670568233158 0.0 0
1670568234843 0.0 0
1670568236577 0.0 0
1670568238544 0.0 0
1670568240323 0.0 0
1670568242045 0.0 0
1670568244061 0.0 0
1670568246292 0.0 0
1670568248168 0.0 0
1670568249984 0.0 0
1670568251830 0.0 0
1670568254024 0.0 0
1670568255658 0.0 0
1670568257664 0.0 0
1670568259567 0.0 0
1670568261699 0.0 0
1670568263310 0.0 0
1670568265077 0.0 0
1670568266956 0.0 0
1670568268809 0.0 0
1670568271008 0.0 0
1670568272691 0.0 0
1670568274755 0.0 0
1670568276267 0.0 0
1670568277699 0.0 0
1670568279583 0.0 0
1670568281673 0.0 0
1670568283367 0.0 0
1670568285185 0.0 0
1670568286851 0.0 0
1670568288535 0.0 0
1670568290399 0.0 0
1670568292285 0.0 0
1670568293649 0.0 0
1670568295489 0.0 0
1670568297179 0.0 0
1670568299220 0.0 0
1670568301120 0.0 0
1670568302796 0.0 0
1670568304629 0.0 0
1670568306561 0.0 0
1670568308684 0.0 0
1670568311077 0.0 0
1670568313139 0.0 0
1670568315044 0.0 0
1670568317376 0.0 0
1670568319279 0.0 0
1670568321276 0.0 0
1670568323334 0.0 0
1670568325263 0.0 0
1670568327133 0.0 0
1670568329593 0.0 0
