1670611364878 0.12666666666666668 0
1670611366130 0.115 0
1670611367191 0.11733333333333333 0
1670611368505 0.11366666666666667 0
1670611369688 0.11333333333333333 0
1670611371489 0.11833333333333333 0
1670611372686 0.114 0
1670611373879 0.12133333333333333 0
1670611374930 0.12433333333333334 0
1670611375837 0.11766666666666667 0
1670611376436 0.11266666666666666 0
1670611376912 0.13366666666666666 0
1670611377791 0.10966666666666666 0
1670611378763 0.124 0
1670611379742 0.12133333333333333 0
1670611380737 0.12666666666666668 0
1670611381538 0.115 0
1670611382221 0.11166666666666666 0
1670611382798 0.11033333333333334 0
1670611383929 0.12133333333333333 0
1670611384782 0.117 0
1670611385480 0.11333333333333333 0
1670611386336 0.12766666666666668 0
1670611387428 0.117 0
1670611388379 0.11566666666666667 0
1670611389377 0.118 0
1670611390302 0.11533333333333333 0
1670611391276 0.116 0
1670611392436 0.117 0
1670611393476 0.11333333333333333 0
1670611394663 0.12 0
1670611395660 0.11833333333333333 0
1670611397021 0.12666666666666668 0
1670611398068 0.11833333333333333 0
1670611398574 0.116 0
1670611399477 0.119 0
1670611400553 0.11933333333333333 0
1670611401365 0.11966666666666667 0
1670611402001 0.11866666666666667 0
1670611402997 0.10866666666666666 0
1670611403570 0.11733333333333333 0
1670611404090 0.12033333333333333 0
1670611405211 0.11266666666666666 0
1670611406177 0.119 0
1670611406898 0.121 0
1670611407791 0.124 0
1670611408840 0.11133333333333334 0
1670611409348 0.117 0
1670611410288 0.113 0
1670611411224 0.124 0
1670611412318 0.12233333333333334 0
1670611413250 0.12266666666666666 0
1670611414316 0.11666666666666667 0
1670611415281 0.124 0
1670611416541 0.11833333333333333 0
1670611417351 0.11866666666666667 0
1670611418318 0.12166666666666667 0
1670611419566 0.11133333333333334 0
1670611420631 0.11666666666666667 0
1670611421645 0.12066666666666667 0
1670611422571 0.128 0
1670611423706 0.121 0
1670611424593 0.12933333333333333 0
1670611425477 0.11833333333333333 0
1670611426320 0.12066666666666667 0
1670611427238 0.12033333333333333 0
1670611428349 0.115 0
1670611429347 0.119 0
1670611430570 0.12366666666666666 0
1670611431539 0.111 0
1670611432311 0.115 0
1670611433175 0.11166666666666666 0
1670611434167 0.11233333333333333 0
1670611435296 0.116 0
1670611436304 0.11133333333333334 0
1670611436954 0.11333333333333333 0
1670611437440 0.11766666666666667 0
1670611438005 0.11233333333333333 0
1670611439163 0.11 0
1670611440316 0.11933333333333333 0
1670611441240 0.12433333333333334 0
1670611442407 0.13133333333333333 0
1670611443704 0.11733333333333333 0
1670611444679 0.11466666666666667 0
1670611445833 0.11866666666666667 0
1670611446888 0.11233333333333333 0
1670611447744 0.11833333333333333 0
1670611448709 0.11733333333333333 0
1670611449773 0.10766666666666666 0
1670611450801 0.11833333333333333 0
1670611451754 0.114 0
1670611452880 0.116 0
1670611453899 0.11966666666666667 0
1670611454956 0.115 0
1670611455855 0.12066666666666667 0
1670611456743 0.121 0
1670611457855 0.10866666666666666 0
1670611458817 0.11 0
1670611459946 0.123 0
1670611461069 0.128 0
1670611462013 0.11366666666666667 0
1670611463138 0.107 0
1670611463644 0.112 0
1670611464558 0.11733333333333333 0
1670611465472 0.123 0
1670611466244 0.12166666666666667 0
1670611467135 0.117 0
1670611467807 0.10766666666666666 0
1670611468394 0.12233333333333334 0
1670611469174 0.11233333333333333 0
1670611469969 0.11033333333333334 0
1670611470789 0.12166666666666667 0
1670611471795 0.12233333333333334 0
1670611472470 0.11266666666666666 0
1670611473274 0.11633333333333333 0
1670611474166 0.106 0
1670611475059 0.12033333333333333 0
