1670564028753 0.16094525999480644 0
1670564029354 0.04691935387250731 0
1670564029853 0.03007930895844449 0
1670564030352 0.024611549811156735 0
1670564031006 0.022901326475754963 0
1670564031539 0.02052068827829545 0
1670564032058 0.01859298333057932 0
1670564032589 0.02016197380302337 0
1670564033305 0.019902412492964594 0
1670564033855 0.01882228541636599 0
1670564034452 0.018848110855637312 0
1670564035069 0.018965837080701292 0
1670564035868 0.0181331064277076 0
1670564036284 0.01796696588000607 0
1670564037026 0.017323264302184532 0
1670564037868 0.017351226754085014 0
1670564038440 0.017448450573070012 0
1670564039125 0.017393360120764673 0
1670564039602 0.017918698263265614 0
1670564040229 0.017509429797295056 0
1670564040647 0.0172773285127773 0
1670564041460 0.017194839330097217 0
1670564042113 0.01679632203707107 0
1670564042632 0.016939867857305085 0
1670564043291 0.017667877964403916 0
1670564043992 0.017693510179429633 0
1670564044631 0.017537857357162928 0
1670564045271 0.017903918402742358 0
1670564045969 0.01719662864029431 0
1670564046527 0.01691776189683561 0
1670564047009 0.016662445837454243 0
1670564047834 0.017765335318426806 0
1670564048127 0.017655409509163777 0
1670564048813 0.017948657848805394 0
1670564049370 0.017735160222089902 0
1670564050084 0.01794061519652068 0
1670564050569 0.018110725872196587 0
1670564051261 0.018102457609234568 0
1670564051871 0.017897636132267664 0
1670564052636 0.018193063153142647 0
1670564053314 0.018868817878318955 0
1670564054158 0.01871654110934698 0
1670564054583 0.018989069441663065 0
1670564657014 0.018981524552423357 0
1670564657689 0.019328052152274233 0
1670564658252 0.020253681465687096 0
1670564659050 0.02007649520157964 0
1670564659457 0.019915153400944435 0
1670564660054 0.019736723787514704 0
1670564660620 0.020238042830438147 0
1670564661214 0.020076107752716066 0
1670564661796 0.019896415210765933 0
1670564662335 0.019711597548571963 0
1670564662931 0.01958885257547302 0
1670564663650 0.0199114728606756 0
1670564664022 0.01977384876776342 0
1670564664901 0.019840277335436668 0
1670564665605 0.01972594331447136 0
1670564666298 0.019590672773680984 0
1670564666964 0.01952534710000059 0
1670564667679 0.01937561159769252 0
1670564668241 0.019345453007290986 0
1670564668724 0.019205730321410153 0
1670564669232 0.019091836525523292 0
1670564669780 0.018947301132032662 0
1670564670382 0.01882184831140124 0
1670564671222 0.018796289233857816 0
1670564671916 0.01873722610777709 0
1670564672451 0.018617503382106576 0
1670564672907 0.019600477917396553 0
1670564673507 0.0195542850459203 0
1670564674233 0.01944205721762382 0
1670564674648 0.019319801594795516 0
1670564675139 0.019227734940366892 0
1670564675609 0.019100828127945113 0
1670564676095 0.01897712979291072 0
1670564676437 0.01885580387304725 0
1670564676916 0.018917604824262885 0
1670564677600 0.019014653221445715 0
1670564678211 0.018913118440716553 0
1670564678803 0.018829362409671202 0
1670564679392 0.01909167505903195 0
1670564679920 0.018980100040009967 0
1670564680409 0.018921780275960032 0
1670564680905 0.01891322207881782 0
1670564681799 0.01895574389886079 0
1670564682163 0.01885577944277944 0
1670564683295 0.018800752983933994 0
1670564683619 0.018696013611422785 0
1670564684377 0.018664191824297516 0
1670564684777 0.01857571975281347 0
1670564685299 0.018599113318682775 0
1670564686018 0.018869142825523072 0
1670564686458 0.01889677755889954 0
1670564687132 0.01880652121884524 0
1670564687543 0.01876357167697515 0
1670564687942 0.018667637877586102 0
1670564688662 0.018672080366995747 0
1670564689142 0.018597427072136047 0
1670564689895 0.018574422928784085 0
1670564690288 0.018544764411244002 0
1670564690981 0.018624894540881898 0
1670564691472 0.01873813750131484 0
1670564691828 0.0186623991736945 0
1670564692299 0.018665248191234607 0
1670564693053 0.01860209975992183 0
1670564693830 0.018533716299476477 0
1670564694823 0.018471857437941386 0
1670564695444 0.018432753860563117 0
1670564695792 0.0184341656508821 0
1670564696412 0.018379087666770516 0
1670564697147 0.018355545016705666 0
1670564697589 0.018389210539897394 0
1670564698033 0.0183952316165909 0
1670564699066 0.018337981182533408 0
1670564699883 0.018368222338373874 0
1670564700352 0.018325236691934393 0
1670564701046 0.018282290677023583 0
1670564701543 0.018223371519122206 0
1670564702269 0.018150041109948417 0
1670564703083 0.018233505322086646 0
1670564703515 0.018397713278264866 0
1670565622086 0.01836091227079631 0
1670565622613 0.018382389074633826 0
1670565623189 0.01832289871460205 0
1670565623598 0.018252022876944163 0
1670565624387 0.018355026703263944 0
1670565625071 0.018409881395092642 0
1670565625773 0.018349188747089407 0
1670565626276 0.01829802175481912 0
1670565626918 0.018269035271654688 0
1670565627328 0.018519945572788354 0
1670565627729 0.01845655017398798 0
1670565628502 0.018499516689541806 0
1670565629015 0.018507657908007236 0
1670565629527 0.018514574054886018 0
1670565630420 0.01855710100403582 0
1670565630841 0.0186343865015767 0
1670565631241 0.018589634198253935 0
1670565631931 0.01854014621780825 0
1670565632708 0.018707225713349596 0
1670565633118 0.018650569716990112 0
1670565633718 0.018590164194134923 0
1670565634346 0.018565996512759392 0
1670565634762 0.01853246495662597 0
1670565635304 0.018481556504332947 0
1670565635849 0.018420542642333504 0
1670565636427 0.018372941146200028 0
1670565636900 0.018408622233064387 0
1670565637347 0.018348381824320525 0
1670565637922 0.0183161518344154 0
1670565638632 0.01825979124687363 0
1670565639066 0.01827372725962717 0
1670565639795 0.018241887671921864 0
1670565640624 0.01830906697746343 0
1670565641197 0.018282717940382887 0
1670565641819 0.018240650379431483 0
1670565642381 0.018216776876003177 0
1670565642943 0.018163618076142585 0
1670565643630 0.018122996218923326 0
1670565644220 0.018067771636188362 0
1670565644679 0.018294100175402866 0
1670565645112 0.018247913709131203 0
1670565645687 0.018219686528675477 0
1670565646157 0.018248310680759883 0
1670565647014 0.018255071710207516 0
1670565647667 0.018200820546095287 0
1670565648061 0.01814774523442822 0
1670565648643 0.01822428230892001 0
1670565649349 0.018295365356287674 0
1670565650062 0.01826526913882512 0
1670565650753 0.01821279298669129 0
1670565651400 0.018482869043864147 0
1670565651968 0.018430661792767034 0
1670565652496 0.018406619713221883 0
1670565653094 0.018355023737965492 0
1670565653545 0.018332981161470807 0
1670565654078 0.018286718853214035 0
1670565654548 0.01828380430730675 0
1670565655161 0.01824788393535201 0
1670565655631 0.018251436228326146 0
1670565656070 0.018204781483073668 0
1670565656798 0.01817783925375932 0
1670565657553 0.018128740564973267 0
1670565658180 0.018139596175194533 0
1670565658675 0.01810590027898354 0
1670565659249 0.01810905858568973 0
1670565659765 0.01818919947996747 0
1670565660565 0.01814295300413543 0
1670565661246 0.018161358866144728 0
1670565661666 0.01828706046237849 0
1670565662206 0.018383309606125303 0
1670565662739 0.018378219572615512 0
1670565663341 0.018358431966458172 0
1670565664001 0.018369680289704315 0
1670565664540 0.018404281949849777 0
1670565665122 0.018364847415289903 0
1670565665627 0.01832152521378297 0
1670565666373 0.018311952353231298 0
1670565667079 0.01826785954863619 0
1670565667574 0.01829350153513762 0
1670565668245 0.01824986690218275 0
1670565668832 0.018225831028824108 0
1670565669378 0.01818277030761556 0
1670565670123 0.018155030733587568 0
1670565670694 0.01814089179529446 0
1670565671398 0.018097680434088215 0
1670565672014 0.018070962218275227 0
1670565672662 0.018028427416886844 0
1670565673622 0.018032973105667316 0
1670565674426 0.018043979938330845 0
1670565675338 0.018021779540379035 0
1670565676209 0.017995597484789405 0
1670565676928 0.01795822045309281 0
1670565677371 0.0179170886537251 0
1670565678077 0.017880156259446528 0
1670565678804 0.01785125819398023 0
1670565679404 0.017838877942074033 0
1670565680311 0.017832849738474016 0
1670565680986 0.01785903571412953 0
1670565681672 0.017892230896750932 0
1670565682344 0.017867747746357132 0
1670565682900 0.018025132229310514 0
1670565683827 0.018008625789535604 0
1670565684394 0.018018590570189008 0
1670565685073 0.017990958251504707 0
1670565685561 0.017995611500573938 0
1670565686272 0.01797129687186652 0
1670565686704 0.017954939138573572 0
1670565687350 0.01795936838737136 0
1670565688126 0.017920666572621674 0
1670565688587 0.017884624839917207 0
1670565689350 0.017857677498055335 0
1670565690032 0.01784233572477789 0
1670565690745 0.017846790538471574 0
1670565691488 0.0178207075511905 0
1670565692169 0.017825764209135453 0
1670565692650 0.01779967650715969 0
1670565693510 0.017872049616291907 0
1670565693960 0.017837536914110913 0
1670565694753 0.01780636808528563 0
1670565695171 0.01779976157908386 0
1670565695865 0.017805511409194646 0
1670565696345 0.017777066220956372 0
1670565696904 0.017748742965723957 0
1670565697374 0.017777887586828106 0
1670565697934 0.017742309321160388 0
1670565698370 0.017707242374285143 0
1670565698998 0.017700643944384503 0
1670565699486 0.017672718156904743 0
1670565700247 0.017669054148473584 0
1670565700790 0.017660500190216644 0
1670565701538 0.017640161176113445 0
1670565702309 0.017610872417689938 0
1670565702904 0.01757743030041964 0
1670565703504 0.017543507357713012 0
1670565704142 0.017511490906634647 0
1670565704681 0.017503525945568393 0
1670565705269 0.017593006096540242 0
1670565705913 0.017622005919057854 0
1670565706368 0.017605580021520933 0
1670565706956 0.017592857264781214 0
1670565707686 0.017587738979691514 0
1670565708341 0.017575193062164846 0
1670565708944 0.01768037915123971 0
1670565709366 0.01770885552871085 0
1670565710129 0.017686089348839085 0
1670565710875 0.017707646090312668 0
1670565711427 0.017718216223641142 0
1670565712046 0.01771344805911232 0
1670565712796 0.01768442283123156 0
1670565713438 0.01767543460945653 0
1670565714186 0.017696849685169436 0
1670565714685 0.017665809991940257 0
1670565715427 0.01763413458961441 0
1670565716107 0.017602628935258963 0
1670565716758 0.017630959700604215 0
1670565717350 0.0176222867373389 0
1670565718098 0.01799287340872166 0
1670565718645 0.01796085015476656 0
1670565719132 0.017931214827604458 0
1670565719667 0.01791125339117902 0
1670565720527 0.017915679865266654 0
1670565721054 0.017960399513101938 0
1670565721568 0.017958348561875392 0
1670565722283 0.017927046615280662 0
1670565722853 0.017942062892124355 0
