1670597469154 0.0 0
1670597469941 0.0 0
1670597470877 0.0 0
1670597471608 0.0 0
1670597472418 0.0 0
1670597473136 0.0 0
1670597473928 0.0 0
1670597474782 0.0 0
1670597475649 0.0 0
1670597476505 0.0 0
1670597477355 0.0 0
1670597478174 0.0 0
1670597479159 0.0 0
1670597480008 0.0 0
1670597480784 0.0 0
1670597481621 0.0 0
1670597482389 0.0 0
1670597483182 0.0 0
1670597484182 0.0 0
1670597484946 0.0 0
1670597485756 0.0 0
1670597486473 0.0 0
1670597487335 0.0 0
1670597488134 0.0 0
1670597488869 0.0 0
1670597489877 0.0 0
1670597490900 0.0 0
1670597491664 0.0 0
1670597492472 0.0 0
1670597493434 0.0 0
1670597494141 0.0 0
1670597495110 0.0 0
1670597496087 0.0 0
1670597496771 0.0 0
1670597497739 0.0 0
1670597498692 0.0 0
1670597499452 0.0 0
1670597500476 0.0 0
1670597501247 0.0 0
1670597502011 0.0 0
1670597503139 0.0 0
1670597503903 0.0 0
1670597504778 0.0 0
1670597505466 0.0 0
1670597506229 0.0 0
1670597507042 0.0 0
1670597507714 0.0 0
1670597508445 0.0 0
1670597509179 0.0 0
1670597510100 0.0 0
1670597510883 0.0 0
1670597511565 0.0 0
1670597512289 0.0 0
1670597513006 0.0 0
1670597513768 0.0 0
1670597514797 0.0 0
1670597515703 0.0 0
1670597516622 0.0 0
1670597517292 0.0 0
1670597518281 0.0 0
1670597519211 0.0 0
1670597519968 0.0 0
1670597520973 0.0 0
1670597521774 0.0 0
1670597522844 0.0 0
1670597523693 0.0 0
1670597524586 0.0 0
1670597525446 0.0 0
1670597526423 0.0 0
1670597527233 0.0 0
1670597528111 0.0 0
1670597528860 0.0 0
1670597529572 0.0 0
1670597530349 0.0 0
1670597531302 0.0 0
1670597532159 0.0 0
1670597532901 0.0 0
1670597533642 0.0 0
1670597534589 0.0 0
1670597535469 0.0 0
1670597536457 0.0 0
1670597537250 0.0 0
1670597538049 0.0 0
1670597538910 0.0 0
1670597539604 0.0 0
1670597540324 0.0 0
1670597541397 0.0 0
1670597542112 0.0 0
1670597542864 0.0 0
1670597543670 0.0 0
1670597544573 0.0 0
1670597545373 0.0 0
1670597546112 0.0 0
1670597546847 0.0 0
1670597547740 0.0 0
1670597548496 0.0 0
1670597549534 0.0 0
1670597550273 0.0 0
1670597551013 0.0 0
1670597551713 0.0 0
1670597552625 0.0 0
