1670619421194 0.00028571428571428574 0
1670619425052 0.0007142857142857143 0
1670619428965 0.00042857142857142855 0
1670619433101 0.0007142857142857143 0
1670619437185 0.00028571428571428574 0
1670619441392 0.00028571428571428574 0
1670619445465 0.00014285714285714287 0
1670619449531 0.0005714285714285715 0
1670619453603 0.0007142857142857143 0
1670619457645 0.00042857142857142855 0
1670619461761 0.00042857142857142855 0
1670619466248 0.0005714285714285715 0
1670619470789 0.00028571428571428574 0
1670619474502 0.0005714285714285715 0
1670619478573 0.0007142857142857143 0
1670619482613 0.00014285714285714287 0
1670619486624 0.001 0
1670619490781 0.0007142857142857143 0
1670619494730 0.00028571428571428574 0
1670619498391 0.0007142857142857143 0
1670619502386 0.00042857142857142855 0
1670619506533 0.0 0
1670619510843 0.0007142857142857143 0
1670619514865 0.00028571428571428574 0
1670619518697 0.0005714285714285715 0
1670619522932 0.0007142857142857143 0
1670619527292 0.0 0
1670619531364 0.001142857142857143 0
1670619535472 0.0007142857142857143 0
1670619539522 0.00028571428571428574 0
1670619543619 0.001142857142857143 0
1670619547572 0.001142857142857143 0
1670619551505 0.0007142857142857143 0
1670619556064 0.0007142857142857143 0
1670619560611 0.00014285714285714287 0
1670619565178 0.00014285714285714287 0
1670619569725 0.0005714285714285715 0
1670619574275 0.0008571428571428571 0
1670619578870 0.0008571428571428571 0
1670619583386 0.00028571428571428574 0
1670619587953 0.0007142857142857143 0
1670619592535 0.001 0
1670619597075 0.0007142857142857143 0
1670619601536 0.0005714285714285715 0
1670619605985 0.0008571428571428571 0
1670619610475 0.0005714285714285715 0
1670619615051 0.0007142857142857143 0
1670619619666 0.00028571428571428574 0
1670619624267 0.0005714285714285715 0
1670619628723 0.001142857142857143 0
1670619633045 0.001 0
1670619637300 0.0007142857142857143 0
1670619641363 0.0007142857142857143 0
1670619645260 0.00042857142857142855 0
1670619649312 0.0012857142857142856 0
1670619653446 0.00014285714285714287 0
1670619657532 0.00014285714285714287 0
1670619661593 0.00014285714285714287 0
1670619665628 0.00042857142857142855 0
1670619669576 0.00042857142857142855 0
1670619673380 0.0005714285714285715 0
1670619677463 0.00028571428571428574 0
1670619681409 0.00042857142857142855 0
1670619685523 0.00028571428571428574 0
1670619689631 0.00042857142857142855 0
1670619693530 0.0005714285714285715 0
1670619697551 0.0005714285714285715 0
1670619701688 0.0008571428571428571 0
1670619705790 0.00028571428571428574 0
1670619709785 0.0007142857142857143 0
1670619713837 0.001142857142857143 0
1670619717592 0.0005714285714285715 0
1670619721603 0.00042857142857142855 0
1670619725600 0.0005714285714285715 0
1670619729574 0.0008571428571428571 0
1670619733888 0.001 0
1670619738188 0.0008571428571428571 0
1670619742810 0.00042857142857142855 0
1670619747384 0.00028571428571428574 0
1670619751767 0.00014285714285714287 0
1670619756047 0.0005714285714285715 0
1670619760507 0.00014285714285714287 0
1670619764972 0.00014285714285714287 0
1670619769565 0.00028571428571428574 0
1670619774168 0.00042857142857142855 0
1670619778738 0.0007142857142857143 0
1670619783348 0.0007142857142857143 0
1670619787981 0.0007142857142857143 0
1670619792675 0.0008571428571428571 0
1670619797245 0.00028571428571428574 0
1670619801358 0.0008571428571428571 0
1670619806012 0.0005714285714285715 0
1670619810319 0.00042857142857142855 0
1670619814293 0.0007142857142857143 0
1670619818305 0.00042857142857142855 0
1670619822031 0.0007142857142857143 0
1670619825990 0.00028571428571428574 0
1670619829851 0.00014285714285714287 0
1670619834027 0.0007142857142857143 0
1670619838155 0.00042857142857142855 0
1670619842374 0.0007142857142857143 0
1670619846385 0.0007142857142857143 0
