1670567893930 0.0 0
1670567894226 0.0 0
1670567894385 0.0 0
1670567894575 0.0 0
1670567894695 0.0 0
1670567894908 0.0 0
1670567895388 0.0 0
1670567895515 0.0 0
1670567895697 0.0 0
1670567895904 0.0 0
1670567896139 0.0 0
1670567896314 0.0 0
1670567896632 0.0 0
1670567896802 0.0 0
1670567897000 0.0 0
1670567897114 0.0 0
1670567897413 0.0 0
1670567897674 0.0 0
1670567897796 0.0 0
1670567897928 0.0 0
1670567898145 0.0 0
1670567898402 0.0 0
1670567898662 0.0 0
1670567898816 0.0 0
1670567898969 0.0 0
1670567899164 0.0 0
1670567899295 0.0 0
1670567899406 0.0 0
1670567899601 0.0 0
1670567899907 0.0 0
1670567900177 0.0 0
1670567900355 0.0 0
1670567900629 0.0 0
1670567900856 0.0 0
1670567901094 0.0 0
1670567901280 0.0 0
1670567901383 0.0 0
1670567901547 0.0 0
1670567901671 0.0 0
1670567901836 0.0 0
1670567901984 0.0 0
1670567902401 0.0 0
1670567902607 0.0 0
1670567902695 0.0 0
1670567902947 0.0 0
1670567903131 0.0 0
1670567903335 0.0 0
1670567903575 0.0 0
1670567903814 0.0 0
1670567903951 0.0 0
1670567904227 0.0 0
1670567904395 0.0 0
1670567904533 0.0 0
1670567904792 0.0 0
1670567904985 0.0 0
1670567905291 0.0 0
1670567905358 0.0 0
1670567905579 0.0 0
1670567905769 0.0 0
1670567905987 0.0 0
1670567906129 0.0 0
1670567906277 0.0 0
1670567906404 0.0 0
1670567906585 0.0 0
1670567906846 0.0 0
1670567907035 0.0 0
1670567907245 0.0 0
1670567907618 0.0 0
1670567907766 0.0 0
1670567907874 0.0 0
1670567908119 0.0 0
1670567908441 0.0 0
1670567908520 0.0 0
1670567908738 0.0 0
1670567908829 0.0 0
1670567909087 0.0 0
1670567909437 0.0 0
1670567909515 0.0 0
1670567909632 0.0 0
1670567909755 0.0 0
1670567910148 0.0 0
1670567910284 0.0 0
1670567910409 0.0 0
1670567910696 0.0 0
1670567911039 0.0 0
1670567911237 0.0 0
1670567911367 0.0 0
1670567911515 0.0 0
1670567911808 0.0 0
1670567911930 0.0 0
1670567912197 0.0 0
1670567912356 0.0 0
1670567912588 0.0 0
1670567912822 0.0 0
1670567912983 0.0 0
1670567913241 0.0 0
1670567913436 0.0 0
1670567913650 0.0 0
1670567913821 0.0 0
1670567913972 0.0 0
1670567914176 0.0 0
1670567914494 0.0 0
