1670573064111 0.095 0
1670573064940 0.086 0
1670573065614 0.099 0
1670573066558 0.09633333333333334 0
1670573067498 0.094 0
1670573067894 0.098 0
1670573068286 0.09733333333333333 0
1670573068644 0.08666666666666667 0
1670573069292 0.09366666666666666 0
1670573070118 0.088 0
1670573070764 0.08666666666666667 0
1670573071613 0.088 0
1670573072538 0.092 0
1670573073307 0.099 0
1670573074094 0.08333333333333333 0
1670573075153 0.092 0
1670573076129 0.09666666666666666 0
1670573077017 0.09566666666666666 0
1670573077969 0.092 0
1670573078715 0.09033333333333333 0
1670573079520 0.09366666666666666 0
1670573080270 0.07666666666666666 0
1670573080885 0.093 0
1670573081315 0.08633333333333333 0
1670573082188 0.094 0
1670573083278 0.09433333333333334 0
1670573084180 0.089 0
1670573085172 0.08033333333333334 0
1670573086168 0.09333333333333334 0
1670573087265 0.09966666666666667 0
1670573087938 0.095 0
1670573088905 0.08366666666666667 0
1670573089703 0.09566666666666666 0
1670573090754 0.08966666666666667 0
1670573091475 0.096 0
1670573092537 0.07866666666666666 0
1670573093588 0.1 0
1670573094480 0.09666666666666666 0
1670573095523 0.09533333333333334 0
1670573096467 0.07833333333333334 0
1670573097257 0.092 0
1670573098198 0.09133333333333334 0
1670573099138 0.076 0
1670573100097 0.089 0
1670573100724 0.093 0
1670573101169 0.08733333333333333 0
1670573101506 0.09166666666666666 0
1670573101912 0.08966666666666667 0
1670573102288 0.08766666666666667 0
1670573102671 0.09166666666666666 0
1670573103029 0.094 0
1670573103694 0.08566666666666667 0
1670573104510 0.08666666666666667 0
1670573104974 0.095 0
1670573105418 0.099 0
1670573105848 0.092 0
1670573106589 0.09866666666666667 0
1670573107819 0.10133333333333333 0
1670573108812 0.08666666666666667 0
1670573109905 0.09233333333333334 0
1670573110838 0.079 0
1670573111691 0.091 0
1670573112793 0.088 0
1670573113623 0.10133333333333333 0
1670573114759 0.10133333333333333 0
1670573115631 0.089 0
1670573116420 0.09066666666666667 0
1670573117322 0.08633333333333333 0
1670573118372 0.083 0
1670573119372 0.092 0
1670573120262 0.08933333333333333 0
1670573121145 0.09766666666666667 0
1670573122090 0.08166666666666667 0
1670573122973 0.09033333333333333 0
1670573123810 0.09933333333333333 0
1670573124736 0.08633333333333333 0
1670573125697 0.094 0
1670573126125 0.08233333333333333 0
1670573126509 0.09666666666666666 0
1670573126920 0.08533333333333333 0
1670573127316 0.09766666666666667 0
1670573128153 0.09933333333333333 0
1670573129123 0.09433333333333334 0
1670573130171 0.09566666666666666 0
1670573130579 0.08633333333333333 0
1670573131195 0.08466666666666667 0
1670573132218 0.085 0
1670573133177 0.09833333333333333 0
1670573133990 0.087 0
1670573135123 0.08733333333333333 0
1670573136019 0.10033333333333333 0
1670573136584 0.09066666666666667 0
1670573136963 0.09366666666666666 0
1670573137728 0.08266666666666667 0
1670573138501 0.07833333333333334 0
1670573138907 0.074 0
1670573139332 0.08 0
1670573139968 0.10033333333333333 0
1670573140900 0.09366666666666666 0
1670573141456 0.08133333333333333 0
1670573141904 0.09 0
1670573142570 0.10266666666666667 0
