1670610881659 0.0 0
1670610883711 0.0 0
1670610885241 0.0 0
1670610886870 0.0 0
1670610888603 0.0 0
1670610890439 0.0 0
1670610892189 0.0 0
1670610893938 0.0 0
1670610895469 0.0 0
1670610896972 0.0 0
1670610899069 0.0 0
1670610900798 0.0 0
1670610902279 0.0 0
1670610903668 0.0 0
1670610905511 0.0 0
1670610907818 0.0 0
1670610909425 0.0 0
1670610911399 0.0 0
1670610912635 0.0 0
1670610914205 0.0 0
1670610915990 0.0 0
1670610917792 0.0 0
1670610919547 0.0 0
1670610921210 0.0 0
1670610922595 0.0 0
1670610924020 0.0 0
1670610925889 0.0 0
1670610927347 0.0 0
1670610928885 0.0 0
1670610930253 0.0 0
1670610931918 0.0 0
1670610933105 0.0 0
1670610934695 0.0 0
1670610936705 0.0 0
1670610938265 0.0 0
1670610939572 0.0 0
1670610941373 0.0 0
1670610943032 0.0 0
1670610944658 0.0 0
1670610946536 0.0 0
1670610948107 0.0 0
1670610950435 0.0 0
1670610951787 0.0 0
1670610953733 0.0 0
1670610955988 0.0 0
1670610957854 0.0 0
1670610960181 0.0 0
1670610961349 0.0 0
1670610963022 0.0 0
1670610965340 0.0 0
1670610966958 0.0 0
1670610968890 0.0 0
1670610970893 0.0 0
1670610972964 0.0 0
1670610974549 0.0 0
1670610975498 0.0 0
1670610977234 0.0 0
1670610979243 0.0 0
1670610981465 0.0 0
1670610983422 0.0 0
1670610985036 0.0 0
1670610986935 0.0 0
1670610988458 0.0 0
1670610990146 0.0 0
1670610991901 0.0 0
1670610993445 0.0 0
1670610994988 0.0 0
1670610996400 0.0 0
1670610997706 0.0 0
1670610999334 0.0 0
1670611001188 0.0 0
1670611002563 0.0 0
1670611004127 0.0 0
1670611005534 0.0 0
1670611006913 0.0 0
1670611008134 0.0 0
1670611009546 0.0 0
1670611011154 0.0 0
1670611012894 0.0 0
1670611014081 0.0 0
1670611015632 0.0 0
1670611017338 0.0 0
1670611018532 0.0 0
1670611019895 0.0 0
1670611021413 0.0 0
1670611022895 0.0 0
1670611024279 0.0 0
1670611025832 0.0 0
1670611027819 0.0 0
1670611029975 0.0 0
1670611031899 0.0 0
1670611033839 0.0 0
1670611035718 0.0 0
1670611037490 0.0 0
1670611039387 0.0 0
1670611040697 0.0 0
1670611042841 0.0 0
1670611044339 0.0 0
1670611045720 0.0 0
1670611047082 0.0 0
1670611048687 0.0 0
