1670610879773 0.0 0
1670610881656 0.0 0
1670610883708 0.0 0
1670610885238 0.0 0
1670610886867 0.0 0
1670610888600 0.0 0
1670610890436 0.0 0
1670610892186 0.0 0
1670610893923 0.0 0
1670610895458 0.0 0
1670610896961 0.0 0
1670610899065 0.0 0
1670610900795 0.0 0
1670610902276 0.0 0
1670610903665 0.0 0
1670610905506 0.0 0
1670610907815 0.0 0
1670610909422 0.0 0
1670610911396 0.0 0
1670610912632 0.0 0
1670610914202 0.0 0
1670610915986 0.0 0
1670610917789 0.0 0
1670610919541 0.0 0
1670610921207 0.0 0
1670610922592 0.0 0
1670610924016 0.0 0
1670610925883 0.0 0
1670610927344 0.0 0
1670610928882 0.0 0
1670610930250 0.0 0
1670610931915 0.0 0
1670610933102 0.0 0
1670610934692 0.0 0
1670610936702 0.0 0
1670610938262 0.0 0
1670610939569 0.0 0
1670610941370 0.0 0
1670610943029 0.0 0
1670610944655 0.0 0
1670610946532 0.0 0
1670610948073 0.0 0
1670610950432 0.0 0
1670610951784 0.0 0
1670610953730 0.0 0
1670610955985 0.0 0
1670610957851 0.0 0
1670610960168 0.0 0
1670610961342 0.0 0
1670610963019 0.0 0
1670610965338 0.0 0
1670610966955 0.0 0
1670610968887 0.0 0
1670610970890 0.0 0
1670610972961 0.0 0
1670610974546 0.0 0
1670610975493 0.0 0
1670610977231 0.0 0
1670610979240 0.0 0
1670610981462 0.0 0
1670610983419 0.0 0
1670610985033 0.0 0
1670610986932 0.0 0
1670610988455 0.0 0
1670610990143 0.0 0
1670610991898 0.0 0
1670610993442 0.0 0
1670610994985 0.0 0
1670610996396 0.0 0
1670610997687 0.0 0
1670610999331 0.0 0
1670611001186 0.0 0
1670611002560 0.0 0
1670611004124 0.0 0
1670611005531 0.0 0
1670611006910 0.0 0
1670611008131 0.0 0
1670611009544 0.0 0
1670611011145 0.0 0
1670611012891 0.0 0
1670611014078 0.0 0
1670611015629 0.0 0
1670611017335 0.0 0
1670611018520 0.0 0
1670611019892 0.0 0
1670611021410 0.0 0
1670611022877 0.0 0
1670611024276 0.0 0
1670611025829 0.0 0
1670611027816 0.0 0
1670611029972 0.0 0
1670611031896 0.0 0
1670611033835 0.0 0
1670611035715 0.0 0
1670611037487 0.0 0
1670611039384 0.0 0
1670611040693 0.0 0
1670611042837 0.0 0
1670611044336 0.0 0
1670611045717 0.0 0
1670611047079 0.0 0
1670611048684 0.0 0
