1670593011730 0.024333333333333332 0
1670593012877 0.028 0
1670593013828 0.025333333333333333 0
1670593014903 0.028 0
1670593016096 0.027 0
1670593017357 0.023 0
1670593018278 0.02266666666666667 0
1670593019359 0.023666666666666666 0
1670593020473 0.026 0
1670593021546 0.021333333333333333 0
1670593023091 0.025 0
1670593024324 0.025333333333333333 0
1670593025413 0.027666666666666666 0
1670593026554 0.018666666666666668 0
1670593027717 0.02266666666666667 0
1670593028909 0.02266666666666667 0
1670593029846 0.025666666666666667 0
1670593030782 0.025 0
1670593031693 0.023666666666666666 0
1670593032540 0.023666666666666666 0
1670593033521 0.024333333333333332 0
1670593034682 0.023 0
1670593035856 0.023666666666666666 0
1670593036748 0.023333333333333334 0
1670593037802 0.02266666666666667 0
1670593038982 0.025666666666666667 0
1670593039886 0.021 0
1670593041120 0.026333333333333334 0
1670593042235 0.027666666666666666 0
1670593043182 0.026333333333333334 0
1670593044073 0.026 0
1670593045157 0.029 0
1670593046157 0.026333333333333334 0
1670593047102 0.020666666666666667 0
1670593048346 0.020666666666666667 0
1670593049289 0.024 0
1670593050582 0.026333333333333334 0
1670593051792 0.023333333333333334 0
1670593052874 0.024 0
1670593053772 0.024666666666666667 0
1670593055139 0.021666666666666667 0
1670593056536 0.022333333333333334 0
1670593057673 0.024333333333333332 0
1670593058864 0.025 0
1670593060001 0.022333333333333334 0
1670593061178 0.029333333333333333 0
1670593061996 0.023333333333333334 0
1670593062935 0.023333333333333334 0
1670593063800 0.02266666666666667 0
1670593064834 0.026333333333333334 0
1670593065791 0.025333333333333333 0
1670593066789 0.021666666666666667 0
1670593067898 0.025 0
1670593068849 0.027333333333333334 0
1670593069906 0.024 0
1670593070944 0.025333333333333333 0
1670593071822 0.023333333333333334 0
1670593072850 0.023 0
1670593073722 0.02 0
1670593074553 0.029 0
1670593075579 0.019666666666666666 0
1670593076446 0.021666666666666667 0
1670593077455 0.020666666666666667 0
1670593078296 0.026333333333333334 0
1670593079136 0.025666666666666667 0
1670593080262 0.019 0
1670593081111 0.026333333333333334 0
1670593082122 0.02 0
1670593083215 0.025 0
1670593084690 0.023666666666666666 0
1670593085827 0.022333333333333334 0
1670593087087 0.019666666666666666 0
1670593087947 0.026333333333333334 0
1670593088830 0.024666666666666667 0
1670593089666 0.024666666666666667 0
1670593090525 0.024 0
1670593091541 0.019666666666666666 0
1670593092584 0.028 0
1670593093651 0.025 0
1670593094665 0.025 0
1670593095754 0.029 0
1670593096980 0.02266666666666667 0
1670593097979 0.027 0
1670593099012 0.02666666666666667 0
1670593100043 0.022333333333333334 0
1670593101168 0.026333333333333334 0
1670593102287 0.023 0
1670593103278 0.026333333333333334 0
1670593104108 0.025 0
1670593105343 0.02666666666666667 0
1670593106244 0.022333333333333334 0
1670593107147 0.026 0
1670593108498 0.021 0
1670593109651 0.027333333333333334 0
1670593110752 0.028666666666666667 0
1670593111638 0.022333333333333334 0
1670593112461 0.020666666666666667 0
1670593113490 0.021333333333333333 0
1670593114778 0.021666666666666667 0
1670593115641 0.021 0
1670593116628 0.023 0
1670593117647 0.025 0
