1670598419228 0.0012 0
1670598421661 0.0006 0
1670598424870 0.0014 0
1670598427506 0.0007 0
1670598429775 0.001 0
1670598432015 0.001 0
1670598434492 0.0005 0
1670598436723 0.0008 0
1670598438907 0.0006 0
1670598441558 0.0009 0
1670598444081 0.0008 0
1670598446786 0.0007 0
1670598449295 0.001 0
1670598451763 0.0012 0
1670598454122 0.0005 0
1670598456465 0.0008 0
1670598458997 0.001 0
1670598461274 0.0005 0
1670598463794 0.0008 0
1670598466245 0.0011 0
1670598468463 0.0009 0
1670598470962 0.0011 0
1670598473242 0.0009 0
1670598475745 0.0009 0
1670598478181 0.0012 0
1670598480538 0.001 0
1670598483076 0.0008 0
1670598485476 0.0009 0
1670598487643 0.0003 0
1670598489844 0.0011 0
1670598491924 0.0012 0
1670598494499 0.0005 0
1670598496820 0.0011 0
1670598499382 0.0004 0
1670598501791 0.0014 0
1670598504091 0.0007 0
1670598506496 0.0006 0
1670598508605 0.0004 0
1670598510964 0.0013 0
1670598513416 0.001 0
1670598515639 0.0007 0
1670598518038 0.001 0
1670598520523 0.0012 0
1670598523075 0.001 0
1670598525434 0.0007 0
1670598528098 0.0009 0
1670598530533 0.0007 0
1670598533373 0.0016 0
1670598535938 0.0009 0
1670598539069 0.001 0
1670598541945 0.0005 0
1670598544648 0.0009 0
1670598547487 0.0008 0
1670598549887 0.0004 0
1670598552382 0.0008 0
1670598554964 0.0006 0
1670598557607 0.0008 0
1670598560190 0.0005 0
1670598562863 0.0009 0
1670598565175 0.0013 0
1670598567745 0.0005 0
1670598570125 0.0013 0
1670598572870 0.0009 0
1670598575380 0.0014 0
1670598577686 0.0009 0
1670598580203 0.0018 0
1670598583076 0.001 0
1670598585768 0.0013 0
1670598588433 0.0015 0
1670598591067 0.0006 0
1670598593656 0.0009 0
1670598596217 0.0009 0
1670598598294 0.0012 0
1670598600989 0.0012 0
1670598603409 0.0014 0
1670598605951 0.001 0
1670598608253 0.0009 0
1670598610423 0.0009 0
1670598612823 0.0009 0
1670598615300 0.0011 0
1670598617896 0.0009 0
1670598620334 0.0008 0
1670598622691 0.0007 0
1670598625214 0.0011 0
1670598627444 0.0011 0
1670598629711 0.0009 0
1670598632065 0.0006 0
1670598634629 0.001 0
1670598637188 0.0008 0
1670598639818 0.0007 0
1670598642658 0.0009 0
1670598645248 0.0011 0
1670598647540 0.0007 0
1670598649946 0.0003 0
1670598652921 0.0008 0
1670598655341 0.0007 0
1670598657935 0.0007 0
1670598660500 0.0008 0
1670598663274 0.0011 0
1670598665606 0.0012 0
1670598668136 0.0007 0
1670598670549 0.001 0
1670598672761 0.0011 0
1670598675224 0.0008 0
1670598677745 0.0012 0
