1670595616262 0.0003 0
1670595619156 0.0003 0
1670595622293 0.0008 0
1670595625162 0.0003 0
1670595627646 0.0003 0
1670595630464 0.0004 0
1670595632744 0.0004 0
1670595635336 0.0001 0
1670595638212 0.0005 0
1670595640860 0.0004 0
1670595642975 0.0006 0
1670595645292 0.0002 0
1670595647621 0.0 0
1670595649751 0.0003 0
1670595652263 0.0004 0
1670595654834 0.0007 0
1670595657206 0.0002 0
1670595659700 0.0003 0
1670595662407 0.0008 0
1670595664853 0.0003 0
1670595667270 0.0004 0
1670595669880 0.0004 0
1670595672267 0.0002 0
1670595674956 0.0002 0
1670595677625 0.0 0
1670595680200 0.0004 0
1670595682716 0.0004 0
1670595685169 0.0003 0
1670595687525 0.0001 0
1670595690185 0.0002 0
1670595692939 0.0006 0
1670595695526 0.0005 0
1670595698051 0.0003 0
1670595700629 0.0 0
1670595703466 0.0002 0
1670595706134 0.0003 0
1670595708682 0.0003 0
1670595711500 0.0003 0
1670595714614 0.0002 0
1670595717694 0.0003 0
1670595720475 0.0003 0
1670595722987 0.0003 0
1670595726008 0.0003 0
1670595728538 0.0003 0
1670595730929 0.0001 0
1670595734018 0.0003 0
1670595736424 0.0004 0
1670595739104 0.0001 0
1670595741670 0.0004 0
1670595744484 0.0002 0
1670595747078 0.0001 0
1670595749642 0.0005 0
1670595752125 0.0 0
1670595754731 0.0005 0
1670595757746 0.0004 0
1670595760639 0.0001 0
1670595762884 0.0001 0
1670595765407 0.0004 0
1670595767976 0.0006 0
1670595770620 0.0001 0
1670595773207 0.0001 0
1670595776181 0.0001 0
1670595778988 0.0002 0
1670595781713 0.0002 0
1670595784475 0.0003 0
1670595787776 0.0005 0
1670595790175 0.0004 0
1670595792520 0.0008 0
1670595795213 0.0001 0
1670595798393 0.0001 0
1670595800712 0.0001 0
1670595803255 0.0003 0
1670595806032 0.0004 0
1670595808612 0.0001 0
1670595811359 0.0002 0
1670595813753 0.0008 0
1670595816899 0.0004 0
1670595819339 0.0003 0
1670595822209 0.0002 0
1670595825160 0.0003 0
1670595827985 0.0001 0
1670595830844 0.0 0
1670595833744 0.0004 0
1670595836419 0.0007 0
1670595839451 0.0003 0
1670595842315 0.0003 0
1670595844835 0.0003 0
1670595847599 0.0003 0
1670595850218 0.0005 0
1670595853031 0.0002 0
1670595856246 0.0003 0
1670595859357 0.0003 0
1670595862509 0.0 0
1670595865819 0.0002 0
1670595869329 0.0002 0
1670595872093 0.0005 0
1670595875129 0.0005 0
1670595878204 0.0003 0
1670595881154 0.0001 0
1670595883651 0.0002 0
1670595886510 0.0008 0
1670595889622 0.0006 0
1670595892352 0.0003 0
1670595895313 0.0001 0
1670595897858 0.0005 0
1670595900636 0.0004 0
1670595903596 0.0004 0
1670595906588 0.0006 0
1670595909474 0.0006 0
1670595912221 0.0004 0
