1670595619198 nan 0
1670595622299 0.002028289948274049 0
1670595625167 0.0013780396732780496 0
1670595627653 0.0011105780420791196 0
1670595630470 0.000938643771884635 0
1670595632750 0.0008272071839807639 0
1670595635343 0.0008827842567014614 0
1670595638218 0.0008357730948583412 0
1670595640865 0.0007783924687627317 0
1670595642980 0.0007834573569264788 0
1670595645299 0.0007798931061115621 0
1670595647626 0.000865054922620166 0
1670595649758 0.0008287002313238774 0
1670595652270 0.0007966245802944714 0
1670595654840 0.0008458928144447406 0
1670595657212 0.0008346541288922252 0
1670595659705 0.0008096963974958469 0
1670595662413 0.000886255824399001 0
1670595664859 0.0008639905946092848 0
1670595667276 0.0008405119847205548 0
1670595669891 0.0008188539190103542 0
1670595672272 0.0008133169168937356 0
1670595674962 0.000807100551599374 0
1670595677630 0.0008428795965310614 0
1670595680213 0.0008256413902888758 0
1670595682722 0.0008094238767346573 0
1670595685174 0.0007945353824113407 0
1670595687532 0.0008021319138885377 0
1670595690190 0.0007614487406714257 0
1670595692946 0.0007704072775185553 0
1670595695535 0.0007652923710391151 0
1670595698057 0.0007544528331294699 0
1670595700650 0.0007788825741268559 0
1670595703472 0.0007731914827793653 0
1670595706140 0.0007627524563480622 0
1670595708688 0.000752724472039295 0
1670595711507 0.0007430812883690114 0
1670595714620 0.000738191347985917 0
1670595717700 0.0007291487507937369 0
1670595720481 0.0007204302235012059 0
1670595722992 0.000712016878198758 0
1670595726015 0.0007038913316644788 0
1670595728544 0.0006960375548181953 0
1670595730935 0.0007006767602598344 0
1670595734025 0.0006931352778342082 0
1670595736429 0.0006871493587884129 0
1670595739110 0.000691362073593914 0
1670595741676 0.000685751206664686 0
1670595744491 0.0006820674666199388 0
1670595747084 0.0006856616792628811 0
1670595749649 0.0006864014631935061 0
1670595752131 0.0007006405192092709 0
1670595754741 0.0007012480908890591 0
1670595757754 0.0006962746962875431 0
1670595760645 0.0006991116058644618 0
1670595762892 0.0007015282134487618 0
1670595765413 0.0006970103988028236 0
1670595767982 0.000706448594792555 0
1670595770625 0.0007088160063592006 0
1670595773214 0.0007108336618459803 0
1670595776188 0.0007125336108079903 0
1670595778994 0.0007087196660357366 0
1670595781719 0.0007049476722998713 0
1670595784480 0.0006995043856539095 0
1670595787783 0.0007006594192195293 0
1670595790181 0.0006968894242731021 0
1670595792526 0.0007299677209400763 0
1670595795218 0.0007315116702057496 0
1670595798400 0.0007328166644593181 0
1670595800719 0.0007339019011348241 0
1670595803261 0.0007287901176303742 0
1670595806051 0.0007250971561151255 0
1670595808619 0.0007261609136070166 0
1670595811365 0.0007227801066533987 0
1670595813760 0.0007517659320089372 0
1670595816910 0.000747986166936112 0
1670595819347 0.0007431867296447451 0
1670595822215 0.0007400105538894928 0
1670595825171 0.0007353783825237287 0
1670595827991 0.0007363233374697974 0
1670595830850 0.0007434866787547998 0
1670595833750 0.0007402007804398752 0
1670595836424 0.0007549483781033937 0
1670595839457 0.0007505004389266796 0
1670595842322 0.0007461302023439042 0
1670595844842 0.0007418354320366505 0
1670595847606 0.0007376139807685115 0
1670595850224 0.0007377885540960348 0
1670595853036 0.0007350437584091466 0
1670595856252 0.0007310008097689506 0
1670595859363 0.0007270238474015129 0
1670595862515 0.0007337207225292578 0
1670595865825 0.0007310118999870205 0
1670595869336 0.0007283251869303315 0
1670595872099 0.0007287901176303742 0
1670595875136 0.0007291583815891269 0
1670595878209 0.0007254327394284731 0
1670595881159 0.0007262676572603119 0
1670595883658 0.0007237656323874004 0
1670595886515 0.0007455583957303373 0
1670595889628 0.0007504221120850679 0
1670595892359 0.0007467819052412081 0
1670595895330 0.0007475398079483581 0
1670595897864 0.0007475297488844495 0
1670595900643 0.0007447683194473169 0
1670595903608 0.0007420341567369634 0
1670595906594 0.0007464555989340346 0
1670595909482 0.000750629161197098 0
1670595912229 0.000747840630176891 0
