1670585393084 0.0762372284185926 0
1670585393926 0.026600773290533564 0
1670585394936 0.024392989024585088 0
1670585395714 0.01918584060115025 0
1670585396704 0.016300382831880622 0
1670585397678 0.014455947308767536 0
1670585398708 0.013810521309168933 0
1670585399754 0.01334546085336874 0
1670585400697 0.014503703230197562 0
1670585401853 0.013935838706003345 0
1670585402782 0.014925804314420588 0
1670585403929 0.015082847280860623 0
1670585404827 0.014537399704299903 0
1670585405641 0.014411251620144672 0
1670585406476 0.013867794082314422 0
1670585407227 0.01382368560097813 0
1670585408140 0.013460281440253574 0
1670585409042 0.013252179674524411 0
1670585409802 0.012883201110094111 0
1670585410508 0.01256072330640734 0
1670585411264 0.012461121737887049 0
1670585412008 0.013045884529533813 0
1670585412974 0.012767459315324858 0
1670585413726 0.012583697082096945 0
1670585414638 0.012313485166239313 0
1670585415685 0.012074075105440008 0
1670585416863 0.012062662269630042 0
1670585417719 0.011993953551268866 0
1670585418911 0.011505052688678186 0
1670585419849 0.011424218794548247 0
1670585420764 0.011341465853194621 0
1670585421502 0.011169365091099781 0
1670585422538 0.011208915075483827 0
1670585423462 0.011075659645179647 0
1670585424532 0.01092124570454156 0
1670585425650 0.01086108291686605 0
1670585426857 0.010731529688085328 0
1670585427798 0.010675739620122804 0
1670585428831 0.010542539612139135 0
1670585430007 0.010774380056069233 0
1670585431154 0.01075273138462085 0
1670585432080 0.010868539335629701 0
1670585433268 0.010744484670553889 0
1670585434014 0.010625297369078135 0
1670585435090 0.010518393222678557 0
1670585436098 0.010960752413676222 0
1670585437232 0.010951525778111093 0
1670585438353 0.010840645372481417 0
1670585439534 0.010745147899809071 0
1670585440700 0.010652067509480334 0
1670585441580 0.010589965151779901 0
1670585442768 0.01058373401901036 0
1670585443819 0.01054249025368681 0
1670585445164 0.010484249211568764 0
1670585445928 0.010395876068067578 0
1670585446896 0.010447609982423334 0
1670585447933 0.010363444240078623 0
1670585448946 0.0103411994681889 0
1670585449863 0.010265325445486084 0
1670585450733 0.010182948087878896 0
1670585451525 0.010104696957827008 0
1670585452717 0.010038291206310834 0
1670585453516 0.010010209951885174 0
1670585454494 0.00995486986823757 0
1670585455540 0.010061728107731316 0
1670585456271 0.010004231122234586 0
1670585457369 0.009953227273638676 0
1670585458187 0.010282343411346262 0
1670585459225 0.010209915966793215 0
1670585460132 0.010148079060788961 0
1670585461002 0.010194340045252326 0
1670585462167 0.010135002460945675 0
1670585463008 0.010137892924055092 0
1670585464007 0.010207420917879406 0
1670585464828 0.010416585330344952 0
1670585465887 0.010349405274164725 0
1670585466782 0.010353389232034882 0
1670585467502 0.010491880376576668 0
1670585468311 0.010653332809297034 0
1670585469161 0.010596887314191283 0
1670585470166 0.010532079297210006 0
1670585471082 0.010477603878647157 0
1670585471959 0.010492234097781994 0
1670585472943 0.010478767959288038 0
1670585474089 0.010532210674523812 0
1670585475074 0.010625240097202227 0
1670585476019 0.01065119905738865 0
1670585476868 0.010867195386951689 0
1670585477927 0.01084294734364033 0
1670585479014 0.010793147660933644 0
1670585479847 0.010734676308361557 0
1670585480772 0.010772487775068673 0
1670585481478 0.01072539594061217 0
1670585482562 0.010715838045653459 0
1670585483507 0.010677015601509465 0
1670585484632 0.010626917998293961 0
1670585485603 0.010582340421455116 0
1670585486476 0.01053353901911358 0
1670585487372 0.010628748935081034 0
1670585488337 0.01069813965174271 0
1670585489139 0.010645656839133322 0
1670585489979 0.010595230073162099 0
1670585491073 0.010544524513259823 0
1670585492109 0.010502682202026437 0
1670585493127 0.010524655272558414 0
1670585494062 0.010489868495832555 0
1670585495068 0.010601030402605294 0
1670585495998 0.010556817047337907 0
1670585497015 0.010517472276479145 0
1670585497972 0.010501388727890526 0
1670585499175 0.010476129872534212 0
1670585500167 0.010540142821678034 0
1670585501451 0.01061870453858793 0
1670585502571 0.010572466301606909 0
1670585503513 0.010553478785961135 0
1670585504356 0.010515132492019186 0
1670585505423 0.01055497884026968 0
1670585506616 0.01052767232707752 0
1670585507512 0.010676224719445515 0
1670585508433 0.010632031366483385 0
1670585509369 0.010655660592282512 0
1670585510292 0.010654371341115687 0
1670585511433 0.01061389704980431 0
1670585512602 0.010577060445833397 0
1670585513607 0.010551198043065813 0
1670585514475 0.010519723598895525 0
1670585515411 0.010484113574383613 0
