1670595913401 0.0013333333333333333 0
1670595914703 0.0026666666666666666 0
1670595915941 0.002 0
1670595917148 0.0033333333333333335 0
1670595918502 0.0023333333333333335 0
1670595919564 0.002 0
1670595920674 0.002 0
1670595921637 0.0013333333333333333 0
1670595922816 0.002 0
1670595923776 0.004 0
1670595924992 0.0013333333333333333 0
1670595926411 0.0023333333333333335 0
1670595927416 0.0033333333333333335 0
1670595928714 0.003 0
1670595929898 0.0026666666666666666 0
1670595930934 0.004 0
1670595932147 0.0033333333333333335 0
1670595933346 0.002 0
1670595934414 0.0013333333333333333 0
1670595935644 0.0003333333333333333 0
1670595936676 0.0013333333333333333 0
1670595937859 0.0016666666666666668 0
1670595939191 0.002 0
1670595940271 0.0016666666666666668 0
1670595941468 0.002 0
1670595942598 0.002 0
1670595943668 0.0026666666666666666 0
1670595944562 0.0023333333333333335 0
1670595945692 0.003 0
1670595946836 0.002 0
1670595947833 0.003 0
1670595949036 0.0013333333333333333 0
1670595950201 0.0036666666666666666 0
1670595951447 0.0023333333333333335 0
1670595952657 0.0013333333333333333 0
1670595953809 0.0023333333333333335 0
1670595954721 0.0013333333333333333 0
1670595956046 0.0023333333333333335 0
1670595957325 0.0033333333333333335 0
1670595958552 0.003 0
1670595959613 0.0016666666666666668 0
1670595960753 0.0026666666666666666 0
1670595961999 0.003 0
1670595962978 0.002 0
1670595964554 0.002 0
1670595965760 0.001 0
1670595967348 0.0023333333333333335 0
1670595968406 0.0003333333333333333 0
1670595969769 0.0023333333333333335 0
1670595970881 0.0023333333333333335 0
1670595971915 0.001 0
1670595973155 0.0026666666666666666 0
1670595974412 0.0016666666666666668 0
1670595975584 0.0036666666666666666 0
1670595976731 0.001 0
1670595977632 0.0026666666666666666 0
1670595978852 0.0023333333333333335 0
1670595979776 0.0023333333333333335 0
1670595981278 0.0033333333333333335 0
1670595982526 0.0016666666666666668 0
1670595983495 0.0016666666666666668 0
1670595984638 0.001 0
1670595985851 0.003 0
1670595986832 0.002 0
1670595988151 0.0033333333333333335 0
1670595989330 0.0033333333333333335 0
1670595990612 0.001 0
1670595991832 0.0026666666666666666 0
1670595992840 0.0016666666666666668 0
1670595994231 0.0026666666666666666 0
1670595995579 0.0016666666666666668 0
1670595996952 0.0023333333333333335 0
1670595998122 0.0036666666666666666 0
1670595999675 0.0026666666666666666 0
1670596000956 0.004 0
1670596002386 0.002 0
1670596003507 0.003 0
1670596004736 0.0026666666666666666 0
1670596005973 0.002 0
1670596007138 0.001 0
1670596008516 0.0016666666666666668 0
1670596009692 0.004 0
1670596010613 0.001 0
1670596011841 0.002 0
1670596013088 0.003 0
1670596014248 0.003 0
1670596015774 0.002 0
1670596017146 0.001 0
1670596018287 0.0023333333333333335 0
1670596019762 0.0016666666666666668 0
1670596021333 0.0026666666666666666 0
1670596022723 0.0026666666666666666 0
1670596024269 0.0023333333333333335 0
1670596025647 0.0026666666666666666 0
1670596026753 0.0023333333333333335 0
1670596028432 0.0026666666666666666 0
1670596029637 0.0013333333333333333 0
1670596030765 0.0033333333333333335 0
1670596031880 0.001 0
1670596033214 0.0026666666666666666 0
1670596034536 0.0016666666666666668 0
1670596035579 0.003 0
1670596036689 0.0026666666666666666 0
1670596038023 0.0016666666666666668 0
1670596039073 0.0026666666666666666 0
1670596040016 0.003 0
1670596041293 0.0016666666666666668 0
1670596042249 0.0016666666666666668 0
1670596043331 0.001 0
1670596044355 0.002 0
1670596045567 0.004666666666666667 0
1670596046729 0.0016666666666666668 0
1670596047752 0.0023333333333333335 0
1670596048925 0.002 0
1670596049903 0.0016666666666666668 0
1670596051199 0.002 0
1670596052191 0.003 0
1670596053252 0.0023333333333333335 0
1670596054441 0.0036666666666666666 0
1670596055582 0.0016666666666666668 0
1670596056859 0.0006666666666666666 0
1670596058004 0.0013333333333333333 0
1670596058961 0.0016666666666666668 0
1670596060006 0.002 0
1670596060965 0.001 0
