1670634429438 0.0 0
1670634433006 0.0 0
1670634436524 0.0 0
1670634440166 0.0 0
1670634443632 0.0 0
1670634446961 0.0 0
1670634450153 0.0 0
1670634454095 0.0 0
1670634457975 0.0 0
1670634461790 0.0 0
1670634465332 0.0 0
1670634468901 0.0 0
1670634472612 0.0 0
1670634476308 0.0 0
1670634480180 0.0 0
1670634484079 0.0 0
1670634487997 0.0 0
1670634492176 0.0 0
1670634496065 0.0 0
1670634500159 0.0 0
1670634504122 0.0 0
1670634507917 0.0 0
1670634511832 0.0 0
1670634515986 0.0 0
1670634520058 0.0 0
1670634524197 0.0 0
1670634528273 0.0 0
1670634532324 0.0 0
1670634536344 0.0 0
1670634540381 0.0 0
1670634544838 0.0 0
1670634548745 0.0 0
1670634552637 0.0 0
1670634556583 0.0 0
1670634560830 0.0 0
1670634564811 0.0 0
1670634568839 0.0 0
1670634572638 0.0 0
1670634576562 0.0 0
1670634580679 0.0 0
1670634584665 0.0 0
1670634588735 0.0 0
1670634592745 0.0 0
1670634596653 0.0 0
1670634600582 0.0 0
1670634605091 0.0 0
1670634609259 0.0 0
1670634613408 0.0 0
1670634617629 0.0 0
1670634621605 0.0 0
1670634625757 0.0 0
1670634630192 0.0 0
1670634634608 0.0 0
1670634639052 0.0 0
1670634643523 0.0 0
1670634647913 0.0 0
1670634652003 0.0 0
1670634655349 0.0 0
1670634659041 0.0 0
1670634662835 0.0 0
1670634667192 0.0 0
1670634671055 0.0 0
1670634674752 0.0 0
1670634678881 0.0 0
1670634682692 0.0 0
1670634686798 0.0 0
1670634690761 0.0 0
1670634694449 0.0 0
1670634697860 0.0 0
1670634701496 0.0 0
1670634705142 0.0 0
1670634708887 0.0 0
1670634712799 0.0 0
1670634716717 0.0 0
1670634720735 0.0 0
1670634724511 0.0 0
1670634728166 0.0 0
1670634731981 0.0 0
1670634736053 0.0 0
1670634739857 0.0 0
1670634743907 0.0 0
1670634747767 0.0 0
1670634751530 0.0 0
1670634755016 0.0 0
1670634759118 0.0 0
1670634763185 0.0 0
1670634767447 0.0 0
1670634771627 0.0 0
1670634775591 0.0 0
1670634779805 0.0 0
1670634783945 0.0 0
1670634788341 0.0 0
1670634792676 0.0 0
1670634796653 0.0 0
1670634800689 0.0 0
1670634804747 0.0 0
1670634808672 0.0 0
1670634812503 0.0 0
1670634816296 0.0 0
1670634820132 0.0 0
1670634824123 0.0 0
