1670593058733 0.004235401578810698 0
1670593059594 0.0013521932988493658 0
1670593060367 0.0009186931155186995 0
1670593061224 0.0007403853613860797 0
1670593061949 0.0008078559325623343 0
1670593062725 0.0007369347310319274 0
1670593063493 0.0006826082239265567 0
1670593064216 0.0006391316596873232 0
1670593065141 0.0006032419100642643 0
1670593065939 0.0005729207605998607 0
1670593066766 0.0005468391594904145 0
1670593067744 0.0006119922745581103 0
1670593068634 0.0008789618043842617 0
1670593069525 0.0008526024589189114 0
1670593070214 0.0008283682434985709 0
1670593071089 0.0008060095857775555 0
1670593072020 0.0007853105237306209 0
1670593072769 0.0007660849929344439 0
1670593073465 0.0007481727478910309 0
1670593074115 0.0007314355347208771 0
1670593074836 0.000715753722355498 0
1670593075692 0.0007010234257949886 0
1670593076342 0.00068715408593311 0
1670593077276 0.0006740664475803724 0
1670593077992 0.000661690874359563 0
1670593078744 0.0006499659441644891 0
1670593079551 0.000638837276472173 0
1670593080429 0.0006282565506296401 0
1670593081150 0.0005924087185312255 0
1670593081982 0.000613709814472417 0
1670593082915 0.0006056450807044974 0
1670593083917 0.0005978748922170088 0
1670593084966 0.0006160904496145538 0
1670593086016 0.00060887705160024 0
1670593087116 0.0006018949203082676 0
1670593087799 0.0005951333363519282 0
1670593088505 0.0005885820937040545 0
1670593089186 0.0005822314978482378 0
1670593089856 0.0005987788879028038 0
1670593090573 0.0005928038624339324 0
1670593091392 0.0005869924841162334 0
1670593092256 0.0005813382769660547 0
1670593093010 0.0005961515514918399 0
1670593093965 0.0005908054443640746 0
1670593094934 0.0005855897485989203 0
1670593096153 0.000580499992766632 0
1670593097027 0.0005755318415404849 0
1670593097977 0.0005890750963246185 0
1670593098834 0.0005843483603843876 0
1670593099719 0.0005964668326413039 0
1670593100400 0.0005919703842362614 0
1670593101355 0.000587563934349096 0
1670593102322 0.000583245153021945 0
1670593103225 0.0005790117338947899 0
1670593103956 0.0005902809831472014 0
1670593104923 0.000586233794425228 0
1670593105716 0.0005822601522986996 0
1670593106470 0.0005783583468002046 0
1670593107481 0.0005745266800371053 0
1670593108532 0.000570763472226111 0
1670593109538 0.0005670670665334725 0
1670593110228 0.0005634358329170983 0
1670593111075 0.0005598681711346825 0
1670593111773 0.000556362513055218 0
1670593112661 0.0005529173243890739 0
1670593113498 0.0005495311059333408 0
1670593114721 0.0005462023944137268 0
1670593115445 0.0005429297629913894 0
1670593116235 0.0005397118214922937 0
1670593117171 0.0005365472164076231 0
1670593117871 0.0005334346307061455 0
1670593118493 0.0005303727834930332 0
1670593119228 0.000527360429544223 0
1670593119943 0.0005243963587408402 0
1670593120659 0.0005214793954243582 0
1670593121348 0.0005186083976898957 0
1670593121996 0.0005822314978482378 0
1670593122737 0.0005791285504856179 0
1670593123596 0.0005877623039025316 0
1670593124324 0.0005847490106614092 0
1670593124985 0.0005928038624339324 0
1670593125837 0.0005898781282113536 0
1670593126563 0.0005869924841162334 0
1670593127321 0.0005841461287256632 0
1670593127977 0.0005813382769660547 0
1670593128615 0.00057856816015933 0
1670593129374 0.0005862693870236193 0
1670593129991 0.0005835732398355094 0
1670593130846 0.0005809115192929635 0
1670593131518 0.0005782835848228963 0
1670593132434 0.0005756888079255163 0
1670593133197 0.0005731265722212933 0
1670593133868 0.0005705962734559409 0
1670593134860 0.0005680973194691358 0
1670593135554 0.0005656291301320271 0
1670593136435 0.0005631911372579706 0
1670593137103 0.0005607827844904026 0
1670593137924 0.0005584035271712934 0
1670593138919 0.0005560528321932113 0
1670593140040 0.000553730177837659 0
1670593140752 0.0005514350536020308 0
1670593141851 0.0005491669600172455 0
1670593142697 0.000556793599625535 0
1670593143556 0.0005639852585307433 0
1670593144557 0.0005617838045893072 0
1670593145173 0.00055960643729234 0
1670593145863 0.0005574527645277974 0
1670593146647 0.0005553224011602708 0
1670593147393 0.000553214968988685 0
1670593148107 0.0005511300966933249 0
1670593148698 0.0005490674197735895 0
1670593149584 0.000547026580477736 0
1670593150231 0.0005539727469423877 0
1670593151187 0.000551969388630292 0
1670593151862 0.0005499864225775449 0
1670593152562 0.0005480235372049163 0
1670593153450 0.0005880298584071132 0
1670593154175 0.0005859760461517065 0
1670593155171 0.0005915074115319026 0
1670593155956 0.000589494277685523 0
1670593156660 0.0005875003033124383 0
1670593157507 0.0005855252191291905 0
1670593158154 0.0005835687598623229 0
