1670633216020 0.03266666666666666 0
1670633218931 0.034166666666666665 0
1670633222593 0.03166666666666667 0
1670633226006 0.033166666666666664 0
1670633229473 0.036 0
1670633232737 0.036 0
1670633235684 0.0365 0
1670633238913 0.0305 0
1670633242331 0.029833333333333333 0
1670633245696 0.036 0
1670633248942 0.033666666666666664 0
1670633252216 0.0325 0
1670633255605 0.033666666666666664 0
1670633258706 0.030333333333333334 0
1670633262151 0.0335 0
1670633265501 0.030166666666666668 0
1670633269129 0.029333333333333333 0
1670633272531 0.0295 0
1670633275676 0.033 0
1670633279067 0.0315 0
1670633281892 0.03166666666666667 0
1670633285186 0.0325 0
1670633288761 0.031 0
1670633292226 0.031 0
1670633295269 0.03233333333333333 0
1670633298439 0.032 0
1670633301822 0.028166666666666666 0
1670633305077 0.0325 0
1670633308378 0.029833333333333333 0
1670633311940 0.03283333333333333 0
1670633314956 0.035166666666666666 0
1670633318267 0.030666666666666665 0
1670633321728 0.0315 0
1670633325019 0.028333333333333332 0
1670633328255 0.0315 0
1670633331623 0.032 0
1670633335018 0.029833333333333333 0
1670633338475 0.034166666666666665 0
1670633341741 0.0315 0
1670633345246 0.0305 0
1670633348450 0.026833333333333334 0
1670633351771 0.03266666666666666 0
1670633355188 0.034666666666666665 0
1670633358652 0.0325 0
1670633362029 0.031 0
1670633365401 0.03216666666666667 0
1670633368826 0.030833333333333334 0
1670633372085 0.034 0
1670633375560 0.03216666666666667 0
1670633379314 0.03233333333333333 0
1670633383171 0.03283333333333333 0
1670633386598 0.033166666666666664 0
1670633389871 0.0325 0
1670633393359 0.030666666666666665 0
1670633396904 0.03216666666666667 0
1670633400449 0.036166666666666666 0
1670633403636 0.030833333333333334 0
1670633406904 0.027666666666666666 0
1670633410055 0.033166666666666664 0
1670633413274 0.03166666666666667 0
1670633416440 0.03133333333333333 0
1670633419726 0.03 0
1670633422975 0.034666666666666665 0
1670633425862 0.028666666666666667 0
1670633429266 0.033166666666666664 0
1670633432115 0.029833333333333333 0
1670633435419 0.0345 0
1670633438785 0.028 0
1670633441956 0.033166666666666664 0
1670633445231 0.030833333333333334 0
1670633448757 0.030166666666666668 0
1670633452209 0.034833333333333334 0
1670633455258 0.034666666666666665 0
1670633458776 0.0295 0
1670633462169 0.033 0
1670633465744 0.035666666666666666 0
1670633469310 0.031166666666666665 0
1670633472798 0.027166666666666665 0
1670633476087 0.03 0
1670633479666 0.029333333333333333 0
1670633482927 0.029666666666666668 0
1670633486909 0.0275 0
1670633490648 0.03233333333333333 0
1670633494098 0.030333333333333334 0
1670633497465 0.031 0
1670633501050 0.029833333333333333 0
1670633504466 0.0315 0
1670633507872 0.029666666666666668 0
1670633511389 0.03133333333333333 0
1670633514854 0.0345 0
1670633518649 0.034666666666666665 0
1670633522018 0.0335 0
1670633525380 0.028 0
1670633528669 0.03183333333333333 0
1670633531764 0.030166666666666668 0
1670633535346 0.03233333333333333 0
1670633538620 0.029 0
1670633542035 0.028 0
1670633545597 0.03233333333333333 0
1670633549051 0.033166666666666664 0
1670633552472 0.030666666666666665 0
1670633555990 0.033166666666666664 0
