1670570753037 nan 0
1670570753675 0.0027043865976986714 0
1670570754193 0.002311993639663057 0
1670570754762 0.0024555804439893025 0
1670570755634 0.0022124045873938014 0
1670570756304 0.002259399101382953 0
1670570756830 0.0020478246717796633 0
1670570757153 0.0019173949790619593 0
1670570757791 0.0018097257301927794 0
1670570758233 0.0018016412152208616 0
1670570758620 0.0017292572577617404 0
1670570759357 0.0017666695222904316 0
1670570760097 0.0017818420362236687 0
1670570760721 0.0017833459897552695 0
1670570761158 0.0018943905270797368 0
1670570761968 0.001828937905210326 0
1670570762701 0.0018639611818453972 0
1670570763252 0.0018502710420358337 0
1670570763905 0.0018339689920440216 0
1670570764566 0.0017842859284724621 0
1670570765020 0.0024251929071651412 0
1670570765652 0.00237119828931609 0
1670570766215 0.002320668434233397 0
1670570766800 0.0023063187854578393 0
1670570767403 0.0022603102456040247 0
1670570768046 0.0022169600287365032 0
1670570768609 0.002267857861431577 0
1670570769149 0.0022277018498305656 0
1670570769671 0.0021270601386096377 0
1670570770340 0.0021209331922991126 0
1670570771012 0.002237983178098868 0
1670570771543 0.0022773282970570685 0
1670570772065 0.0022464688674194155 0
1670570772886 0.002280043871256243 0
1670570773616 0.0022500362935593543 0
1670570774205 0.0022228611907300078 0
1670570774898 0.0023168673093760805 0
1670570775478 0.00230859409291706 0
1670570776216 0.0022819532961543265 0
1670570776876 0.002309592358403556 0
1670570777413 0.002283606839631025 0
1670570778180 0.002274363770444321 0
1670570778827 0.002249687876114459 0
1670570779570 0.00222579525248523 0
1670570780459 0.00221706766301899 0
1670570781330 0.0021967995009020136 0
1670570781916 0.0021951917992047987 0
1670570782503 0.0022253080201608544 0
1670570783118 0.0022915100066625005 0
1670570783733 0.0022699771432611593 0
1670570784296 0.002249038314919516 0
1670570784842 0.0023066634467758806 0
1670570785531 0.002296684638463109 0
1670570786343 0.0022866169352602217 0
1670570786808 0.002299445612058415 0
1670570787435 0.0022996793757417144 0
1670570788047 0.0023115419345055566 0
1670570788831 0.0023008909038032543 0
1670570789633 0.0022902513355221865 0
1670570790650 0.002279634786769069 0
1670570791285 0.0022655252612671095 0
1670570792054 0.002247627327634283 0
1670570792745 0.002315247064724857 0
1670570793430 0.002324912461812989 0
1670570794122 0.002314966993707701 0
1670570794706 0.002341067951619591 0
1670570795561 0.0023779702654824764 0
1670570796244 0.0023676364339517697 0
1670570797065 0.002374074597294551 0
1670570797719 0.0023796693655828705 0
1670570798174 0.0023844874950174066 0
1670570798679 0.002373519528988788 0
1670570799220 0.0023574358383100513 0
1670570799722 0.002346853725883169 0
1670570800365 0.002336368887497664 0
1670570800860 0.0023628307400124227 0
1670570801464 0.002352722659183959 0
1670570801999 0.0023552786755161037 0
1670570802454 0.0023823843954272617 0
1670570802913 0.0023855921916228207 0
1670570803560 0.0023753345145671734 0
1670570804179 0.002360982548820001 0
1670570804890 0.0023512653344887058 0
1670570805434 0.002375301217545367 0
1670570805944 0.0023785986969423467 0
1670570806432 0.0023648896347213677 0
1670570807015 0.0023678592239065877 0
1670570807622 0.0023586354822934252 0
1670570808193 0.0023614372708381515 0
1670570808930 0.002352200463666909 0
1670570809470 0.002355540731382 0
1670570810111 0.002358462448596721 0
1670570810561 0.0023609911557167518 0
1670570811256 0.002364111055887963 0
1670570811962 0.002355583548107276 0
1670570812837 0.0023434099082252358 0
1670570813598 0.0023351182796865766 0
1670570814144 0.0023380938868604595 0
1670570814752 0.002341006304851345 0
1670570815316 0.0023330501858032093 0
1670570815945 0.002321585496343981 0
