1670563335667 0.1883 0
1670563338150 0.1881 0
1670563340657 0.1872 0
1670563342777 0.1869 0
1670563345062 0.188 0
1670563347399 0.1873 0
1670563349580 0.1897 0
1670563351955 0.1874 0
1670563354320 0.1876 0
1670563356264 0.1901 0
1670563358487 0.1874 0
1670563360428 0.1882 0
1670563362751 0.1872 0
1670563365016 0.1885 0
1670563366868 0.1872 0
1670563369102 0.1885 0
1670563371304 0.1893 0
1670563374064 0.19 0
1670563376638 0.1884 0
1670563378668 0.1884 0
1670563380949 0.1877 0
1670563382861 0.1873 0
1670563385081 0.1876 0
1670563387101 0.1888 0
1670563389283 0.1865 0
1670563391730 0.1874 0
1670563394184 0.188 0
1670563396210 0.1884 0
1670563398481 0.1889 0
1670563400382 0.1883 0
1670563402473 0.1888 0
1670563404453 0.1894 0
1670563406714 0.1884 0
1670563408931 0.1888 0
1670563411143 0.189 0
1670563413256 0.1876 0
1670563415362 0.1872 0
1670563417622 0.1879 0
1670563419685 0.188 0
1670563422022 0.1886 0
1670563424311 0.1891 0
1670563426564 0.1888 0
1670563428639 0.1889 0
1670563431142 0.1884 0
1670563433453 0.1888 0
1670563435695 0.1875 0
1670563437770 0.1886 0
1670563439901 0.1879 0
1670563442278 0.187 0
1670563444459 0.188 0
1670563446797 0.1888 0
1670563448739 0.1897 0
1670563451065 0.1893 0
1670563453551 0.1859 0
1670563455574 0.1876 0
1670563457688 0.1874 0
1670563460150 0.1891 0
1670563462463 0.188 0
1670563464763 0.1896 0
1670563466727 0.1884 0
1670563468951 0.1891 0
1670563471579 0.1886 0
1670563473962 0.1869 0
1670563476332 0.1862 0
1670563478581 0.1884 0
1670563480806 0.1888 0
1670563483026 0.1886 0
1670563485374 0.188 0
1670563487604 0.1879 0
1670563489858 0.1893 0
1670563492359 0.1847 0
1670563494261 0.186 0
1670563496980 0.1881 0
1670563498950 0.1902 0
1670563501551 0.1874 0
1670563503525 0.1885 0
1670563505604 0.1879 0
1670563507996 0.1881 0
1670563510243 0.189 0
1670563512252 0.1883 0
1670563514883 0.1901 0
1670563517187 0.1887 0
1670563519816 0.1873 0
1670563522507 0.1885 0
1670563524922 0.1874 0
1670563527558 0.1869 0
1670563530557 0.1883 0
1670563532927 0.187 0
1670563535649 0.1875 0
1670563538415 0.1894 0
1670563541270 0.1863 0
1670563543905 0.1891 0
1670563546377 0.1889 0
1670563548672 0.1891 0
1670563551256 0.1893 0
1670563553769 0.1881 0
1670563556177 0.1867 0
1670563558250 0.1889 0
1670563560573 0.1865 0
1670563562835 0.1884 0
1670563564833 0.1879 0
1670563567350 0.1871 0
