1670824475144 0.0036666666666666666 0
1670824475710 0.006333333333333333 0
1670824476120 0.006 0
1670824476762 0.0026666666666666666 0
1670824477114 0.004666666666666667 0
1670824477707 0.004333333333333333 0
1670824478232 0.005333333333333333 0
1670824478775 0.004666666666666667 0
1670824479243 0.005 0
1670824479860 0.007333333333333333 0
1670824480390 0.0033333333333333335 0
1670824480777 0.005333333333333333 0
1670824481131 0.005666666666666667 0
1670824481565 0.004666666666666667 0
1670824481926 0.007 0
1670824482510 0.005333333333333333 0
1670824483038 0.005666666666666667 0
1670824483393 0.0033333333333333335 0
1670824483757 0.005333333333333333 0
1670824484190 0.004333333333333333 0
1670824484608 0.006333333333333333 0
1670824485105 0.004666666666666667 0
1670824485704 0.0033333333333333335 0
1670824486209 0.005 0
1670824486777 0.003 0
1670824487212 0.004333333333333333 0
1670824487638 0.0033333333333333335 0
1670824488294 0.007666666666666666 0
1670824488826 0.005333333333333333 0
1670824489247 0.005666666666666667 0
1670824489652 0.004 0
1670824490257 0.005 0
1670824490606 0.004666666666666667 0
1670824490997 0.005333333333333333 0
1670824491387 0.0036666666666666666 0
1670824491740 0.005 0
1670824492060 0.006666666666666667 0
1670824492511 0.006 0
1670824492833 0.004333333333333333 0
1670824493119 0.006 0
1670824493359 0.004666666666666667 0
1670824493550 0.0026666666666666666 0
1670824493777 0.0033333333333333335 0
1670824494011 0.007 0
1670824494195 0.004333333333333333 0
1670824494439 0.007333333333333333 0
1670824494670 0.005333333333333333 0
1670824494891 0.004 0
1670824495116 0.004666666666666667 0
1670824495345 0.004333333333333333 0
1670824495581 0.005666666666666667 0
1670824495799 0.005 0
1670824496041 0.005666666666666667 0
1670824496269 0.0036666666666666666 0
1670824496488 0.006 0
1670824496711 0.004 0
1670824496945 0.005 0
1670824497174 0.005 0
1670824497396 0.005666666666666667 0
1670824497631 0.003 0
1670824497879 0.0036666666666666666 0
1670824498082 0.005 0
1670824498291 0.0033333333333333335 0
1670824498515 0.005 0
1670824498721 0.004333333333333333 0
1670824498940 0.005 0
1670824499223 0.006 0
1670824499450 0.003 0
1670824499656 0.005333333333333333 0
1670824499888 0.0026666666666666666 0
1670824500140 0.007333333333333333 0
1670824500370 0.005 0
1670824500658 0.0036666666666666666 0
1670824500876 0.005 0
1670824501114 0.005 0
1670824501331 0.005 0
1670824501574 0.004 0
1670824501796 0.0026666666666666666 0
1670824502007 0.006666666666666667 0
1670824502235 0.005333333333333333 0
1670824502450 0.004 0
1670824502684 0.0033333333333333335 0
1670824502930 0.005333333333333333 0
1670824503164 0.003 0
1670824503379 0.004333333333333333 0
1670824503615 0.005666666666666667 0
1670824503847 0.0026666666666666666 0
1670824504067 0.005666666666666667 0
1670824504298 0.005333333333333333 0
1670824504538 0.005666666666666667 0
1670824504749 0.004666666666666667 0
1670824504977 0.006 0
1670824505177 0.005333333333333333 0
1670824505392 0.004333333333333333 0
1670824505620 0.003 0
1670824505842 0.005666666666666667 0
1670824506086 0.005333333333333333 0
1670824506314 0.005333333333333333 0
1670824506513 0.005 0
1670824506743 0.003 0
1670824506941 0.004 0
1670824507155 0.0033333333333333335 0
1670824507365 0.004333333333333333 0
1670824507607 0.0033333333333333335 0
1670824507896 0.004 0
1670824508128 0.004333333333333333 0
1670824508396 0.005666666666666667 0
1670824508614 0.005333333333333333 0
1670824508829 0.004333333333333333 0
1670824509064 0.004 0
1670824509292 0.004666666666666667 0
1670824509521 0.004333333333333333 0
1670824509781 0.006666666666666667 0
1670824510003 0.006333333333333333 0
1670824510184 0.005 0
1670824510410 0.004333333333333333 0
1670824510629 0.0036666666666666666 0
1670824510800 0.005666666666666667 0
1670824511012 0.0036666666666666666 0
1670824511235 0.004666666666666667 0
1670824511481 0.004666666666666667 0
1670824511712 0.003 0
1670824511903 0.0033333333333333335 0
1670824512106 0.004666666666666667 0
1670824512339 0.0033333333333333335 0
1670824512558 0.0036666666666666666 0
1670824512780 0.004666666666666667 0
1670824512994 0.005666666666666667 0
1670824513209 0.0033333333333333335 0
1670824513451 0.004666666666666667 0
1670824513672 0.004666666666666667 0
1670824513904 0.005666666666666667 0
1670824514127 0.006333333333333333 0
1670824514358 0.007666666666666666 0
1670824514592 0.005 0
1670824514841 0.0036666666666666666 0
1670824515099 0.004333333333333333 0
1670824515346 0.0033333333333333335 0
1670824515590 0.004333333333333333 0
1670824515820 0.004666666666666667 0
1670824516027 0.002 0
1670824516243 0.005 0
1670824516454 0.006333333333333333 0
1670824516694 0.005666666666666667 0
1670824516904 0.006 0
1670824517125 0.005666666666666667 0
1670824517324 0.004666666666666667 0
1670824517602 0.005333333333333333 0
1670824517829 0.004333333333333333 0
1670824518046 0.005333333333333333 0
1670824518296 0.003 0
1670824518535 0.004666666666666667 0
1670824518756 0.006 0
1670824518989 0.005 0
1670824519165 0.005 0
1670824519372 0.003 0
1670824519563 0.006 0
1670824519761 0.007333333333333333 0
1670824519968 0.0033333333333333335 0
1670824520179 0.0026666666666666666 0
1670824520396 0.004333333333333333 0
1670824520606 0.0036666666666666666 0
1670824520821 0.005333333333333333 0
1670824521030 0.005666666666666667 0
1670824521249 0.005666666666666667 0
1670824521449 0.004 0
1670824521638 0.006666666666666667 0
1670824521854 0.004333333333333333 0
1670824522069 0.005333333333333333 0
1670824522281 0.004 0
1670824522496 0.004666666666666667 0
1670824522697 0.005333333333333333 0
1670824522913 0.005666666666666667 0
1670824523130 0.005333333333333333 0
1670824523348 0.007 0
1670824523545 0.004 0
1670824523752 0.006 0
1670824523966 0.005 0
1670824524182 0.0036666666666666666 0
1670824524393 0.004 0
1670824524580 0.005 0
1670824524795 0.007 0
1670824524988 0.004666666666666667 0
1670824525190 0.004 0
1670824525404 0.004333333333333333 0
1670824525611 0.005666666666666667 0
1670824525818 0.005333333333333333 0
1670824526025 0.005666666666666667 0
1670824526228 0.004 0
1670824526434 0.006333333333333333 0
1670824526638 0.003 0
1670824526844 0.005 0
1670824527052 0.005666666666666667 0
1670824527277 0.005333333333333333 0
1670824527491 0.006666666666666667 0
1670824527698 0.005333333333333333 0
1670824527908 0.007666666666666666 0
1670824528120 0.006333333333333333 0
1670824528348 0.004666666666666667 0
1670824528552 0.005333333333333333 0
1670824528770 0.003 0
