1670622084864 0.0 0
1670622094483 0.0 0
1670622104517 0.0 0
1670622115267 0.0 0
1670622125318 0.0 0
1670622136219 0.0 0
1670622147288 0.0 0
1670622157633 0.0 0
1670622167689 0.0 0
1670622177099 0.0 0
1670622186699 0.0 0
1670622196709 0.0 0
1670622206956 0.0 0
1670622217357 0.0 0
1670622227306 0.0 0
1670622236696 0.0 0
1670622245911 0.0 0
1670622255217 0.0 0
1670622264095 0.0 0
1670622272858 0.0 0
1670622282598 0.0 0
1670622292877 0.0 0
1670622302925 0.0 0
1670622313462 0.0 0
1670622323309 0.0 0
1670622332470 0.0 0
1670622341762 0.0 0
1670622351333 0.0 0
1670622360888 0.0 0
1670622371149 0.0 0
1670622381841 0.0 0
1670622392437 0.0 0
1670622402318 0.0 0
1670622412213 0.0 0
1670622422109 0.0 0
1670622431854 0.0 0
1670622441803 0.0 0
1670622451469 0.0 0
1670622461407 0.0 0
1670622471435 0.0 0
1670622481398 0.0 0
1670622491121 0.0 0
1670622501691 0.0 0
1670622511780 0.0 0
1670622522156 0.0 0
1670622531514 0.0 0
1670622540399 0.0 0
1670622550028 0.0 0
1670622559950 0.0 0
1670622570100 0.0 0
1670622580450 0.0 0
1670622590591 0.0 0
1670622600651 0.0 0
1670622611381 0.0 0
1670622621701 0.0 0
1670622631793 0.0 0
1670622641231 0.0 0
1670622650852 0.0 0
1670622660452 0.0 0
1670622670987 0.0 0
1670622681135 0.0 0
1670622691146 0.0 0
1670622700758 0.0 0
1670622710014 0.0 0
1670622719499 0.0 0
1670622728904 0.0 0
1670622738424 0.0 0
1670622747790 0.0 0
1670622757049 0.0 0
1670622766425 0.0 0
1670622775753 0.0 0
1670622786298 0.0 0
1670622796065 0.0 0
1670622805741 0.0 0
1670622815604 0.0 0
1670622825572 0.0 0
1670622835586 0.0 0
1670622845375 0.0 0
1670622855261 0.0 0
1670622865339 0.0 0
1670622874758 0.0 0
1670622884367 0.0 0
1670622893869 0.0 0
1670622903620 0.0 0
1670622913758 0.0 0
1670622923392 0.0 0
1670622933163 0.0 0
1670622942603 0.0 0
1670622951998 0.0 0
1670622961984 0.0 0
1670622972498 0.0 0
1670622982496 0.0 0
1670622992585 0.0 0
1670623002878 0.0 0
1670623012597 0.0 0
1670623022385 0.0 0
1670623031650 0.0 0
1670623041366 0.0 0
1670623052560 0.0 0
1670623063721 0.0 0
1670623075548 0.0 0
