1670581421541 0.008470803157621396 0
1670581422062 0.0027043865976987317 0
1670581422544 0.0017591633850134558 0
1670581423232 0.0014807707227721594 0
1670581423792 0.0013088762051517387 0
1670581424378 0.001188271549050493 0
1670581424926 0.0010971392196882314 0
1670581425414 0.001024890726681498 0
1670581426191 0.0009656582238419442 0
1670581426777 0.0009548679343331013 0
1670581427683 0.0009150369313782436 0
1670581428502 0.0008797943270137285 0
1670581429131 0.0008483264915107113 0
1670581429691 0.0008526024589189114 0
1670581430269 0.0008283682434985709 0
1670581430918 0.0008313354114592201 0
1670581431685 0.0008120683945349685 0
1670581432539 0.0007939516795536026 0
1670581433380 0.0007768976493786888 0
1670581434058 0.0007608220762671127 0
1670581434764 0.0008912176071856715 0
1670581435828 0.00114371380158671 0
1670581436366 0.0011245674306926562 0
1670581437083 0.0011089707653374546 0
1670581437720 0.0010925144843132873 0
1670581438461 0.0010790408718588797 0
1670581439093 0.0010658489720146533 0
1670581439629 0.0011103615645958076 0
1670581440374 0.001049841275439501 0
1670581440837 0.0010410223548785497 0
1670581441633 0.0010321843802353755 0
1670581442187 0.001023366328282563 0
1670581442659 0.0010145987057206707 0
1670581443175 0.001005905303617303 0
1670581444130 0.0009973045651247554 0
1670581444550 0.0009900710936156581 0
1670581445525 0.0009828432596503086 0
1670581446103 0.0010184230274666028 0
1670581446682 0.0010115937657761288 0
1670581447089 0.0010037575185071837 0
1670581447738 0.0009974797755664204 0
1670581448393 0.0009911952002794604 0
1670581449140 0.0009844711682737435 0
1670581449687 0.0009786637086676155 0
1670581450310 0.0009728547559183977 0
1670581450774 0.0009670560787730746 0
1670581451274 0.0009616629565596026 0
1670581452303 0.0009562715520717948 0
1670581452793 0.0009861473733152719 0
1670581453319 0.0009802959180211905 0
1670581454331 0.000975461458153123 0
1670581455094 0.0009706145815753427 0
1670581455866 0.0009657638832942184 0
1670581456621 0.0009609168128016017 0
1670581457023 0.0009563644977445682 0
1670581457780 0.0009518107533097961 0
1670581458365 0.0009472616795381122 0
1670581459116 0.0009427225965131737 0
1670581459601 0.000938198139804108 0
1670581460425 0.0009336923433431049 0
1670581461015 0.0009304029142193906 0
1670581461537 0.0009270731954350887 0
1670581462355 0.0009237102850737143 0
1670581462918 0.0009203205392019904 0
1670581463633 0.0009166958957728699 0
1670581464240 0.0009130662795964041 0
1670581464880 0.0009094355532973162 0
1670581465481 0.0009065986079405329 0
1670581465960 0.0009031491942374174 0
1670581466476 0.0008996994059384484 0
1670581466938 0.0008971703993450426 0
1670581467395 0.0008938861255199012 0
1670581468135 0.0008906019992666694 0
1670581469037 0.0008873205800738883 0
1670581469807 0.0008840441712903802 0
1670581470643 0.0009078224564310804 0
1670581471656 0.0009045987620954095 0
1670581472456 0.0009013800990092697 0
1670581473139 0.0008992072776403565 0
1670581474066 0.0008961274359658712 0
1670581474712 0.0008940469818676064 0
1670581475248 0.0008910970240800651 0
1670581476158 0.0008881500527597296 0
1670581476887 0.0008852076677890036 0
1670581477433 0.0009065325024036662 0
1670581478052 0.0009043811030415109 0
1670581478733 0.0009022045354355554 0
1670581479625 0.0008995264944101663 0
1670581480147 0.0008968473010879804 0
1670581481134 0.0008948599064364986 0
1670581481767 0.0008922828952986721 0
1670581482227 0.0008897050788306776 0
1670581483095 0.0008871277886125899 0
1670581483834 0.0008845522503793299 0
1670581484275 0.0008819795921499942 0
1670581484842 0.0008794108516801212 0
1670581485463 0.0008768469832992369 0
1670581485953 0.0008742888641896576 0
1670581486684 0.0008717373001569158 0
1670581487402 0.0008908738947475626 0
1670581488384 0.0008883498814812817 0
1670581489372 0.0008858321855030073 0
1670581490243 0.0008844822901400219 0
1670581490927 0.0008820482613814782 0
1670581491723 0.0008796201393400634 0
1670581492166 0.0008771985499414145 0
1670581493102 0.0008760381216676423 0
1670581494045 0.0008748445992002463 0
1670581494925 0.0008725696784576317 0
1670581495598 0.0008702993654202119 0
1670581496219 0.0008680342271354009 0
1670581497058 0.0008657747890113666 0
1670581497607 0.0008635215375747565 0
1670581498272 0.0008626228891321177 0
1670581499097 0.0008616898978596604 0
1670581499843 0.0008595645481112921 0
1670581500645 0.000857443745402086 0
1670581501399 0.0008553279356223465 0
1670581502175 0.0008532175333584667 0
1670581503150 0.0008524819337844841 0
1670581504147 0.0008504319085857879 0
1670581504804 0.0008670697494326613 0
1670581505707 0.0008650333971261745 0
1670581506340 0.0008630016177655685 0
1670581506829 0.0008609747720161934 0
1670581507385 0.0008589531962096989 0
1670581507962 0.0008569372037909714 0
1670581508590 0.0008549270866736134 0
1670581509014 0.0008529231165103159 0
1670581509715 0.0008509255458839828 0
1670581510197 0.0008489346094250231 0
1670581510799 0.000846950524859819 0
1670581511325 0.0008449734939950037 0
1670581512184 0.0008430037036418428 0
1670581513015 0.0008588523116674962 0
1670581513846 0.0008568934860649866 0
1670581514778 0.00085494163366486 0
1670581515264 0.0008544460118362917 0
1670581515828 0.0008525423151316673 0
1670581516579 0.0008506451823370126 0
1670581517370 0.0008487547703268895 0
1670581518158 0.0008468712245330299 0
1670581518991 0.0008449946795751806 0
1670581519504 0.0008431252598559969 0
1670581520437 0.0008412630801222149 0
1670581521340 0.000839408245994173 0
1670581522032 0.0008375608544656238 0
1670581522657 0.0008357209943756357 0
1670581523394 0.0008355704798809771 0
1670581524353 0.0008337722767346762 0
1670581525162 0.0008319811834095702 0
1670581526285 0.0008301972785635533 0
1670581526968 0.0008284206340645847 0
1670581527838 0.0008283688557781587 0
1670581528483 0.0008282843519168749 0
1670581529596 0.000826577751293333 0
1670581530043 0.0008248775053776972 0
1670581530544 0.0008248228447547204 0
1670581531426 0.0008247373162636916 0
1670581532253 0.0008231030594002947 0
1670581532823 0.0008230171727825011 0
1670581533552 0.0008214173600260095 0
1670581534104 0.000819822720655358 0
1670581534558 0.0008197647510583629 0
1670581535402 0.0008335077744207851 0
1670581535954 0.0008319454509533083 0
1670581536639 0.000830387737172174 0
1670581537413 0.0008288347210938568 0
1670581538138 0.0008272864852546485 0
1670581538603 0.0008271560838839845 0
1670581539813 0.0008256388194721242 0
1670581540572 0.0008255093261398138 0
1670581541236 0.0008253555021722115 0
1670581541904 0.000823893550139405 0
1670581542820 0.0008224354797406169 0
1670581543527 0.0008209813734456047 0
1670581544549 0.0008195313090155242 0
1670581545207 0.00081945203601891 0
1670581546068 0.0008180297314165353 0
1670581546719 0.0008179503503630367 0
1670581547679 0.0008178480006047051 0
1670581548153 0.0008164755767135161 0
1670581548836 0.0008163737352413816 0
1670581549720 0.0008150270011863269 0
1670581550322 0.0008136833185468515 0
1670581551114 0.000812342765242832 0
1670581551778 0.0008122850033157095 0
1670581552384 0.0008109689841264112 0
1670581553225 0.0008096559518720667 0
1670581553824 0.0008083459775665048 0
1670581554545 0.0008083293140348532 0
1670581555151 0.0008070427899558974 0
1670581556403 0.000805759186849921 0
1670581556961 0.0008057612300657821 0
1670581557569 0.0008045002536518431 0
1670581558618 0.0008045007696530946 0
1670581559298 0.0008032618226943243 0
1670581560018 0.0008150361849829609 0
1670581560530 0.0008137981940798758 0
1670581561442 0.0008137060705046211 0
1670581562340 0.0008124893467620263 0
1670581562945 0.000811274962748844 0
1670581563668 0.0008100629826976787 0
1670581564523 0.0008088534679183293 0
1670581565376 0.0008076464769080229 0
1670581566129 0.0008064420654572729 0
1670581566938 0.0008052402867515514 0
1670581567435 0.0008052555724531835 0
1670581568153 0.0008052523084725601 0
1670581568813 0.0008040872241270112 0
1670581569393 0.0008029244589995356 0
1670581570052 0.0008029366124167435 0
1670581570652 0.0008017926406452514 0
1670581571309 0.0008006508937467802 0
1670581572125 0.0008006777076757749 0
1670581572640 0.000799554159064685 0
1670581573606 0.0008104016427172193 0
1670581574469 0.0008103335481901846 0
1670581574992 0.0008092261920005456 0
1670581575799 0.0008081207200887449 0
1670581576495 0.0008070171836175605 0
1670581577306 0.0008069799405336668 0
1670581578041 0.0008058934952385284 0
1670581578820 0.0008048089106033611 0
1670581579679 0.000803726233959469 0
1670581580390 0.0008026455107018117 0
1670581581177 0.000812958448179718 0
1670581581903 0.0008417646978580572 0
1670581582582 0.0008406425880426674 0
1670581583318 0.0008395225886168109 0
1670581584113 0.0008384047402519031 0
1670581584649 0.0008381900388634242 0
