1670562544590 0.004666666666666667 0
1670562545802 0.005 0
1670562547165 0.0035 0
1670562548513 0.0025 0
1670562550139 0.0033333333333333335 0
1670562551248 0.0045 0
1670562552763 0.006 0
1670562553781 0.004 0
1670562555013 0.0033333333333333335 0
1670562556591 0.0045 0
1670562557847 0.0035 0
1670562559240 0.0031666666666666666 0
1670562560555 0.0035 0
1670562561869 0.0033333333333333335 0
1670562562931 0.003 0
1670562564680 0.0021666666666666666 0
1670562566167 0.003 0
1670562567302 0.004333333333333333 0
1670562568723 0.0031666666666666666 0
1670562569783 0.0036666666666666666 0
1670562571202 0.005 0
1670562572413 0.004666666666666667 0
1670562573351 0.004 0
1670562574636 0.0033333333333333335 0
1670562575996 0.003 0
1670562577195 0.0035 0
1670562578500 0.0035 0
1670562579501 0.004333333333333333 0
1670562581105 0.0036666666666666666 0
1670562582471 0.004 0
1670562583632 0.0023333333333333335 0
1670562584628 0.003833333333333333 0
1670562585710 0.004666666666666667 0
1670562587120 0.0023333333333333335 0
1670562588179 0.0021666666666666666 0
1670562589430 0.0036666666666666666 0
1670562590670 0.004166666666666667 0
1670562591916 0.0036666666666666666 0
1670562593058 0.0035 0
1670562594190 0.005 0
1670562595195 0.0031666666666666666 0
1670562596379 0.004333333333333333 0
1670562597665 0.003833333333333333 0
1670562598979 0.003 0
1670562600148 0.004 0
1670562601480 0.0036666666666666666 0
1670562602696 0.0035 0
1670562603656 0.005333333333333333 0
1670562604924 0.004333333333333333 0
1670562606126 0.0035 0
1670562607623 0.0033333333333333335 0
1670562608810 0.0036666666666666666 0
1670562609749 0.0028333333333333335 0
1670562611048 0.0035 0
1670562612095 0.003833333333333333 0
1670562613303 0.0035 0
1670562614355 0.0033333333333333335 0
1670562615753 0.0035 0
1670562616742 0.004 0
1670562618250 0.003833333333333333 0
1670562619449 0.004666666666666667 0
1670562620721 0.0028333333333333335 0
1670562622189 0.0023333333333333335 0
1670562623537 0.003833333333333333 0
1670562624572 0.004833333333333334 0
1670562625648 0.0033333333333333335 0
1670562626660 0.004333333333333333 0
1670562627897 0.0036666666666666666 0
1670562628998 0.0035 0
1670562629978 0.003 0
1670562631477 0.0035 0
1670562632491 0.0021666666666666666 0
1670562633551 0.0036666666666666666 0
1670562634879 0.0026666666666666666 0
1670562636149 0.004333333333333333 0
1670562637484 0.0035 0
1670562638471 0.004 0
1670562639858 0.004 0
1670562641055 0.004666666666666667 0
1670562642187 0.004 0
1670562643448 0.003 0
1670562644670 0.0045 0
1670562645989 0.0031666666666666666 0
1670562647211 0.004666666666666667 0
1670562648345 0.0025 0
1670562649646 0.005 0
1670562650794 0.0035 0
1670562652024 0.0028333333333333335 0
1670562653214 0.004 0
1670562654499 0.0028333333333333335 0
1670562655674 0.0033333333333333335 0
1670562656884 0.003 0
1670562658037 0.0031666666666666666 0
1670562659141 0.003833333333333333 0
1670562660197 0.0035 0
1670562661572 0.004333333333333333 0
1670562662677 0.0031666666666666666 0
1670562663900 0.003 0
1670562665246 0.0036666666666666666 0
1670562666259 0.0035 0
1670562667605 0.005 0
1670562668654 0.004166666666666667 0
1670562669847 0.003 0
1670562671190 0.0028333333333333335 0
1670562672156 0.0033333333333333335 0
1670562673443 0.0025 0
1670562674730 0.0035 0
1670562675987 0.0035 0
1670562677244 0.0035 0
1670562678627 0.0033333333333333335 0
1670562679922 0.0031666666666666666 0
1670562681031 0.004 0
1670562682198 0.0036666666666666666 0
1670562683401 0.003833333333333333 0
1670562684807 0.0026666666666666666 0
1670562686116 0.004 0
1670562687174 0.0035 0
1670562688412 0.0036666666666666666 0
1670562689527 0.005 0
1670562690722 0.004166666666666667 0
1670562691783 0.0035 0
1670562692969 0.004333333333333333 0
1670562694245 0.005166666666666667 0
1670562695535 0.0031666666666666666 0
1670562696797 0.0033333333333333335 0
1670562698017 0.0033333333333333335 0
1670562699103 0.0035 0
1670562700539 0.003 0
1670562702039 0.0033333333333333335 0
1670562703216 0.003833333333333333 0
1670562704496 0.0031666666666666666 0
1670562705486 0.004333333333333333 0
1670562706772 0.004333333333333333 0
1670562708290 0.004333333333333333 0
1670562709376 0.0033333333333333335 0
1670562710752 0.003833333333333333 0
1670562712212 0.004333333333333333 0
1670562713779 0.005 0
1670562715143 0.0036666666666666666 0
1670562716403 0.0021666666666666666 0
1670562717784 0.003833333333333333 0
1670562718840 0.0028333333333333335 0
1670562719897 0.003833333333333333 0
1670562721184 0.003833333333333333 0
1670562722551 0.004333333333333333 0
1670562723920 0.004333333333333333 0
1670562725314 0.0031666666666666666 0
1670562726679 0.004166666666666667 0
1670562728282 0.004 0
1670562729615 0.0023333333333333335 0
1670562731110 0.004166666666666667 0
1670562732511 0.0025 0
1670562733531 0.0033333333333333335 0
1670562734762 0.0035 0
1670562736146 0.005 0
1670562737404 0.004 0
1670562738458 0.0033333333333333335 0
1670562739421 0.0023333333333333335 0
1670562740419 0.0031666666666666666 0
1670562741555 0.0035 0
1670562742668 0.003833333333333333 0
1670562743682 0.003833333333333333 0
1670562744887 0.0033333333333333335 0
1670562745973 0.0033333333333333335 0
1670562747065 0.004333333333333333 0
1670562748271 0.004333333333333333 0
1670562749240 0.004 0
1670562750275 0.004 0
1670562751521 0.005166666666666667 0
1670562752645 0.0031666666666666666 0
1670562753879 0.0031666666666666666 0
1670562755019 0.004666666666666667 0
1670562756211 0.003833333333333333 0
1670562757416 0.004 0
1670562758484 0.0036666666666666666 0
1670562759709 0.004 0
1670562760847 0.004 0
1670562761941 0.0031666666666666666 0
1670562763364 0.0028333333333333335 0
1670562764473 0.0031666666666666666 0
1670562765721 0.004166666666666667 0
1670562767069 0.004166666666666667 0
1670562768467 0.004833333333333334 0
1670562769918 0.0035 0
1670562770967 0.0036666666666666666 0
1670562772329 0.004 0
1670562773719 0.0031666666666666666 0
1670562775021 0.0035 0
1670562776489 0.003833333333333333 0
1670562778041 0.0031666666666666666 0
1670562779174 0.003 0
1670562780398 0.0026666666666666666 0
1670562781828 0.0025 0
1670562783041 0.004166666666666667 0
1670562784321 0.0026666666666666666 0
1670562785629 0.003 0
1670562786708 0.0035 0
1670562788052 0.004 0
1670562789229 0.0031666666666666666 0
1670562790553 0.0035 0
1670562791798 0.004 0
1670562793168 0.0033333333333333335 0
1670562794169 0.0021666666666666666 0
1670562795366 0.0025 0
1670562796590 0.004333333333333333 0
1670562797651 0.004166666666666667 0
1670562798671 0.004 0
1670562799782 0.0033333333333333335 0
1670562801027 0.003833333333333333 0
1670562801930 0.004166666666666667 0
1670562803179 0.003 0
1670562804383 0.003833333333333333 0
1670562805603 0.003 0
1670562806746 0.0031666666666666666 0
1670562807829 0.004166666666666667 0
1670562809137 0.0035 0
1670562810502 0.0045 0
1670562811773 0.003833333333333333 0
1670562813133 0.0045 0
1670562814229 0.0025 0
1670562815555 0.0033333333333333335 0
1670562816881 0.0035 0
1670562818186 0.004833333333333334 0
1670562819413 0.0035 0
1670562820518 0.0025 0
1670562821750 0.0028333333333333335 0
1670562822784 0.0036666666666666666 0
1670562824112 0.0036666666666666666 0
1670562825264 0.004333333333333333 0
1670562826238 0.0035 0
1670562827437 0.0045 0
1670562828440 0.0025 0
1670562829548 0.0031666666666666666 0
1670562830600 0.0031666666666666666 0
1670562831893 0.0021666666666666666 0
1670562832842 0.0031666666666666666 0
1670562834060 0.0033333333333333335 0
1670562835294 0.0031666666666666666 0
1670562836477 0.0031666666666666666 0
1670562837382 0.005333333333333333 0
1670562838761 0.004333333333333333 0
1670562839740 0.003833333333333333 0
1670562840954 0.004666666666666667 0
1670562842134 0.0033333333333333335 0
1670562843524 0.004333333333333333 0
1670562844684 0.0025 0
1670562845782 0.0045 0
1670562846896 0.005 0
1670562847967 0.003833333333333333 0
