1670611894408 0.0 0
1670611894568 0.0 0
1670611894762 0.0 0
1670611895112 0.0 0
1670611895427 0.0 0
1670611895539 0.0 0
1670611895723 0.0 0
1670611895860 0.0 0
1670611896114 0.0 0
1670611896307 0.0 0
1670611896663 0.0 0
1670611896891 0.0 0
1670611897021 0.0 0
1670611897294 0.0 0
1670611897454 0.0 0
1670611897700 0.0 0
1670611897995 0.0 0
1670611898180 0.0 0
1670611898380 0.0 0
1670611898674 0.0 0
1670611898939 0.0 0
1670611899177 0.0 0
1670611899408 0.0 0
1670611899602 0.0 0
1670611899765 0.0 0
1670611899962 0.0 0
1670611900107 0.0 0
1670611900385 0.0 0
1670611900592 0.0 0
1670611900739 0.0 0
1670611900910 0.0 0
1670611901096 0.0 0
1670611901316 0.0 0
1670611901489 0.0 0
1670611901714 0.0 0
1670611901890 0.0 0
1670611902136 0.0 0
1670611902330 0.0 0
1670611902568 0.0 0
1670611902833 0.0 0
1670611903098 0.0 0
1670611903336 0.0 0
1670611903621 0.0 0
1670611903770 0.0 0
1670611904004 0.0 0
1670611904257 0.0 0
1670611904470 0.0 0
1670611904606 0.0 0
1670611904836 0.0 0
1670611904994 0.0 0
1670611905276 0.0 0
1670611905477 0.0 0
1670611905831 0.0 0
1670611906016 0.0 0
1670611906222 0.0 0
1670611906382 0.0 0
1670611906530 0.0 0
1670611906912 0.0 0
1670611907151 0.0 0
1670611907318 0.0 0
1670611907663 0.0 0
1670611907754 0.0 0
1670611907913 0.0 0
1670611908104 0.0 0
1670611908299 0.0 0
1670611908529 0.0 0
1670611908683 0.0 0
1670611908898 0.0 0
1670611909169 0.0 0
1670611909379 0.0 0
1670611909572 0.0 0
1670611909858 0.0 0
1670611910113 0.0 0
1670611910273 0.0 0
1670611910419 0.0 0
1670611910567 0.0 0
1670611910824 0.0 0
1670611911094 0.0 0
1670611911265 0.0 0
1670611911503 0.0 0
1670611911705 0.0 0
1670611912026 0.0 0
1670611912264 0.0 0
1670611912558 0.0 0
1670611912732 0.0 0
1670611912944 0.0 0
1670611913154 0.0 0
1670611913300 0.0 0
1670611913715 0.0 0
1670611913994 0.0 0
1670611914194 0.0 0
1670611914280 0.0 0
1670611914534 0.0 0
1670611914739 0.0 0
1670611914984 0.0 0
1670611915201 0.0 0
1670611915467 0.0 0
1670611915681 0.0 0
1670611915915 0.0 0
1670611916131 0.0 0
1670611916346 0.0 0
1670611916584 0.0 0
