1670629812256 0.13983333333333334 0
1670629815300 0.1315 0
1670629818203 0.13933333333333334 0
1670629821131 0.132 0
1670629824054 0.1265 0
1670629826949 0.1365 0
1670629829875 0.1365 0
1670629832985 0.12883333333333333 0
1670629836035 0.13366666666666666 0
1670629839016 0.13466666666666666 0
1670629842107 0.13716666666666666 0
1670629845285 0.13516666666666666 0
1670629848324 0.133 0
1670629851278 0.13116666666666665 0
1670629853562 0.13333333333333333 0
1670629856333 0.13 0
1670629859057 0.134 0
1670629861773 0.13016666666666668 0
1670629864822 0.133 0
1670629867882 0.13566666666666666 0
1670629870859 0.13583333333333333 0
1670629873835 0.14183333333333334 0
1670629876789 0.13333333333333333 0
1670629879737 0.13733333333333334 0
1670629882737 0.13516666666666666 0
1670629885741 0.1355 0
1670629888654 0.13166666666666665 0
1670629891569 0.1345 0
1670629894492 0.13666666666666666 0
1670629897438 0.13733333333333334 0
1670629900369 0.13283333333333333 0
1670629903352 0.13966666666666666 0
1670629906347 0.13333333333333333 0
1670629909338 0.12916666666666668 0
1670629912333 0.13033333333333333 0
1670629915331 0.13183333333333333 0
1670629918328 0.13533333333333333 0
1670629921331 0.13533333333333333 0
1670629924304 0.12933333333333333 0
1670629927486 0.13383333333333333 0
1670629930472 0.13416666666666666 0
1670629933421 0.13266666666666665 0
1670629936409 0.134 0
1670629939284 0.1345 0
1670629941836 0.132 0
1670629943954 0.13566666666666666 0
1670629946390 0.1305 0
1670629949367 0.1325 0
1670629952588 0.13316666666666666 0
1670629955694 0.1365 0
1670629958806 0.13366666666666666 0
1670629961975 0.133 0
1670629965144 0.1355 0
1670629968288 0.12933333333333333 0
1670629971414 0.12966666666666668 0
1670629974496 0.13416666666666666 0
1670629977649 0.1385 0
1670629980695 0.1295 0
1670629983905 0.13266666666666665 0
1670629987021 0.13283333333333333 0
1670629989832 0.1305 0
1670629992575 0.13416666666666666 0
1670629995491 0.13416666666666666 0
1670629998412 0.13733333333333334 0
1670630001325 0.1425 0
1670630004232 0.13283333333333333 0
1670630007477 0.13566666666666666 0
