1670648052961 0.09611408876136386 0
1670648083935 0.09597529827032866 0
1670648106553 0.09959365580825857 0
1670648138090 0.0945281140831924 0
1670648186584 0.09634330705225755 0
1670648240762 0.09615789840425966 0
1670648321156 0.0986959458725801 0
1670648351434 0.09620643928433871 0
1670648379959 0.09708418403644126 0
1670648418531 0.09789560433562197 0
1670648446711 0.09794992277989616 0
1670648469362 0.09721212472303853 0
1670648491954 0.09644587656173448 0
1670648514848 0.09720275920219212 0
1670648540375 0.096586602274192 0
1670648566711 0.10204309676035583 0
1670648631520 0.10065804098680999 0
1670648654371 0.09817710831017884 0
1670648685148 0.0969896817555185 0
1670648708012 0.09442551338168687 0
1670648730888 0.09687284082977217 0
1670648767984 0.09704258301829621 0
1670648790687 0.09860828663805579 0
1670648819432 0.09588777089366618 0
1670648851268 0.09670869105473898 0
1670648873896 0.10241711210792523 0
1670648900362 0.09858634492719096 0
1670648923038 0.09473621069693977 0
1670648947307 0.09735922016493917 0
1670648969923 0.09960599762692902 0
