1670563666292 0.0 0
1670563666553 0.0 0
1670563666893 0.0 0
1670563667186 0.0 0
1670563667534 0.0 0
1670563667765 0.0 0
1670563668251 0.0 0
1670563668481 0.0 0
1670563668891 0.0 0
1670563669019 0.0 0
1670563669339 0.0 0
1670563669569 0.0 0
1670563669894 0.0 0
1670563670077 0.0 0
1670563670486 0.0 0
1670563670727 0.0 0
1670563670896 0.0 0
1670563671063 0.0 0
1670563671235 0.0 0
1670563671458 0.0 0
1670563671779 0.0 0
1670563671976 0.0 0
1670563672137 0.0 0
1670563672296 0.0 0
1670563672612 0.0 0
1670563672978 0.0 0
1670563673174 0.0 0
1670563673296 0.0 0
1670563673489 0.0 0
1670563673652 0.0 0
1670563673812 0.0 0
1670563674136 0.0 0
1670563674269 0.0 0
1670563674488 0.0 0
1670563674900 0.0 0
1670563675009 0.0 0
1670563675256 0.0 0
1670563675476 0.0 0
1670563675632 0.0 0
1670563675967 0.0 0
1670563676212 0.0 0
1670563676467 0.0 0
1670563676677 0.0 0
1670563676869 0.0 0
1670563677171 0.0 0
1670563677449 0.0 0
1670563677759 0.0 0
1670563677925 0.0 0
1670563678178 0.0 0
1670563678372 0.0 0
1670563678522 0.0 0
1670563678911 0.0 0
1670563679004 0.0 0
1670563679327 0.0 0
1670563679504 0.0 0
1670563679716 0.0 0
1670563679959 0.0 0
1670563680115 0.0 0
1670563680409 0.0 0
1670563680758 0.0 0
1670563681143 0.0 0
1670563681480 0.0 0
1670563681723 0.0 0
1670563681895 0.0 0
1670563682177 0.0 0
1670563682380 0.0 0
1670563682629 0.0 0
1670563682807 0.0 0
1670563682958 0.0 0
1670563683153 0.0 0
1670563683773 0.0 0
1670563684038 0.0 0
1670563684362 0.0 0
1670563684568 0.0 0
1670563684908 0.0 0
1670563685185 0.0 0
1670563685358 0.0 0
1670563685734 0.0 0
1670563685961 0.0 0
1670563686183 0.0 0
1670563686488 0.0 0
1670563686796 0.0 0
1670563686953 0.0 0
1670563687183 0.0 0
1670563687312 0.0 0
1670563687697 0.0 0
1670563687997 0.0 0
1670563688382 0.0 0
1670563688623 0.0 0
1670563688781 0.0 0
1670563689180 0.0 0
1670563689434 0.0 0
1670563689620 0.0 0
1670563690054 0.0 0
1670563690221 0.0 0
1670563690508 0.0 0
1670563690775 0.0 0
1670563691402 0.0 0
1670563691737 0.0 0
1670563691971 0.0 0
1670563692385 0.0 0
