1670616964534 0.0025412409472864187 0
1670616972734 0.0008113159793096194 0
1670616981083 0.0005512158693112197 0
1670616989650 0.0007023912264680675 0
1670616997883 0.0006238039416647948 0
1670617005876 0.000584923809239026 0
1670617013948 0.0005287460566503555 0
1670617022224 0.000507295027968187 0
1670617030356 0.0004956138026620504 0
1670617038142 0.00048275161369765434 0
1670617046110 0.0004697727141585715 0
1670617054379 0.0004668823242286508 0
1670617062842 0.00046190624809155673 0
1670617071747 0.0004557636666154614 0
1670617080597 0.0005328623863898308 0
1670617088366 0.0005195680051877475 0
1670617096818 0.0005071365498433479 0
1670617105354 0.0004954937610038446 0
1670617113941 0.00048230468447114233 0
1670617122407 0.0006250791201291201 0
1670617130401 0.0006213007710858472 0
1670617138775 0.0006456963686399164 0
1670617147204 0.0006422470265648875 0
1670617155435 0.0006407532553572969 0
1670617163754 0.0006579927726500103 0
1670617172014 0.0006459905799968673 0
1670617179988 0.000644194496269591 0
1670617187482 0.0006330385141241548 0
1670617194307 0.0005964934639607102 0
1670617200019 0.0005879552026349833 0
1670617205733 0.0006029826490864323 0
1670617211453 0.0006012480896687608 0
1670617217006 0.0005938377398673057 0
1670617222696 0.0005947501996460517 0
1670617228301 0.000587081103398699 0
1670617234028 0.0005796986121342653 0
1670617240730 0.0005732355763486645 0
1670617247286 0.0005669745530318211 0
1670617253859 0.0005666974125669085 0
1670617260411 0.0005814035555808405 0
1670617266928 0.0005817338132188137 0
1670617273540 0.0005756880385477432 0
1670617280135 0.000569823229720702 0
