1670601728629 0.37866666666666665 0
1670601729351 0.37433333333333335 0
1670601730140 0.37666666666666665 0
1670601730904 0.37133333333333335 0
1670601731813 0.38066666666666665 0
1670601732553 0.374 0
1670601733422 0.37066666666666664 0
1670601734164 0.37433333333333335 0
1670601734919 0.371 0
1670601735724 0.379 0
1670601736444 0.37733333333333335 0
1670601737234 0.37333333333333335 0
1670601738059 0.37466666666666665 0
1670601738710 0.371 0
1670601739391 0.37366666666666665 0
1670601740162 0.37233333333333335 0
1670601740922 0.37033333333333335 0
1670601741690 0.37833333333333335 0
1670601742365 0.376 0
1670601743250 0.373 0
1670601744035 0.37733333333333335 0
1670601744709 0.37633333333333335 0
1670601745436 0.374 0
1670601746297 0.372 0
1670601747023 0.371 0
1670601747770 0.37566666666666665 0
1670601748571 0.36966666666666664 0
1670601749264 0.37033333333333335 0
1670601750046 0.36833333333333335 0
1670601750914 0.37566666666666665 0
1670601751711 0.37533333333333335 0
1670601752476 0.37233333333333335 0
1670601753300 0.37266666666666665 0
1670601754132 0.37166666666666665 0
1670601754950 0.37466666666666665 0
1670601755695 0.37833333333333335 0
1670601756442 0.378 0
1670601757116 0.375 0
1670601757855 0.375 0
1670601758753 0.37733333333333335 0
1670601759440 0.37333333333333335 0
1670601760268 0.38366666666666666 0
1670601761078 0.36333333333333334 0
1670601761883 0.377 0
1670601762604 0.37 0
1670601763304 0.37466666666666665 0
1670601764116 0.371 0
1670601764900 0.37633333333333335 0
1670601765599 0.37233333333333335 0
1670601766291 0.37833333333333335 0
1670601767035 0.37333333333333335 0
1670601767894 0.37466666666666665 0
1670601768756 0.37433333333333335 0
1670601769745 0.37466666666666665 0
1670601770373 0.371 0
1670601771136 0.37166666666666665 0
1670601771889 0.37033333333333335 0
1670601772656 0.377 0
1670601773432 0.37566666666666665 0
1670601774191 0.37566666666666665 0
1670601774867 0.37566666666666665 0
1670601775937 0.378 0
1670601776842 0.37666666666666665 0
1670601777736 0.37133333333333335 0
1670601778541 0.37666666666666665 0
1670601779293 0.371 0
1670601780075 0.37266666666666665 0
1670601780847 0.376 0
1670601781760 0.37066666666666664 0
1670601782656 0.375 0
1670601783366 0.376 0
1670601784187 0.374 0
1670601784863 0.36833333333333335 0
1670601785565 0.374 0
1670601786471 0.379 0
1670601787462 0.37033333333333335 0
1670601788148 0.37933333333333336 0
1670601788935 0.37833333333333335 0
1670601789665 0.37133333333333335 0
1670601790366 0.377 0
1670601791036 0.37866666666666665 0
1670601791740 0.37366666666666665 0
1670601792424 0.377 0
1670601793212 0.37533333333333335 0
1670601793969 0.37433333333333335 0
1670601794748 0.376 0
1670601795527 0.37233333333333335 0
1670601796393 0.37666666666666665 0
1670601797221 0.37566666666666665 0
1670601797923 0.37466666666666665 0
1670601798636 0.374 0
1670601799362 0.374 0
1670601800129 0.37133333333333335 0
1670601800857 0.37333333333333335 0
1670601801531 0.374 0
1670601802285 0.37166666666666665 0
1670601803048 0.36966666666666664 0
1670601803923 0.37766666666666665 0
1670601804642 0.36533333333333334 0
1670601805433 0.373 0
1670601806300 0.37533333333333335 0
1670601807021 0.372 0
1670601807811 0.375 0
1670601808584 0.37333333333333335 0
1670601809338 0.37766666666666665 0
1670601810063 0.37333333333333335 0
1670601810774 0.38066666666666665 0
1670601811472 0.37533333333333335 0
1670601812289 0.37266666666666665 0
1670601812981 0.37066666666666664 0
1670601813707 0.37233333333333335 0
1670601814477 0.377 0
1670601815258 0.369 0
1670601816099 0.37033333333333335 0
1670601816808 0.37066666666666664 0
1670601817526 0.37166666666666665 0
1670601818271 0.37766666666666665 0
1670601819076 0.36766666666666664 0
1670601819832 0.37366666666666665 0
1670601820613 0.377 0
1670601821331 0.37766666666666665 0
1670601822458 0.37366666666666665 0
1670601823253 0.37133333333333335 0
1670601823978 0.37166666666666665 0
1670601824722 0.379 0
1670601825464 0.37333333333333335 0
1670601826205 0.375 0
1670601826983 0.37566666666666665 0
1670601827692 0.373 0
1670601828624 0.37333333333333335 0
1670601829464 0.37633333333333335 0
1670601830251 0.37066666666666664 0
1670601831030 0.377 0
1670601831780 0.37833333333333335 0
1670601832591 0.37566666666666665 0
1670601833440 0.37133333333333335 0
1670601834270 0.376 0
1670601835015 0.383 0
1670601835777 0.37066666666666664 0
1670601836540 0.36666666666666664 0
1670601837289 0.37333333333333335 0
1670601838029 0.37833333333333335 0
1670601838762 0.371 0
1670601839703 0.37066666666666664 0
1670601840477 0.36633333333333334 0
