1670601729358 0.05506022052453863 0
1670601730147 0.015238444576679888 0
1670601730918 0.017390580003161293 0
1670601731820 0.018135663484220133 0
1670601732561 0.015966654801102154 0
1670601733432 0.016723710439599415 0
1670601734172 0.015176843800923878 0
1670601734926 0.015157375805285422 0
1670601735731 0.015302619583728472 0
1670601736451 0.01466149885689938 0
1670601737242 0.014065570614042122 0
1670601738066 0.013387578714825654 0
1670601738723 0.013572054246004606 0
1670601739399 0.013072233694583213 0
1670601740173 0.012815497333165782 0
1670601740929 0.013065461564272352 0
1670601741697 0.013220670400526102 0
1670601742372 0.012887122680325325 0
1670601743263 0.012599935271663032 0
1670601744043 0.012504738969329465 0
1670601744716 0.0122653367865736 0
1670601745443 0.011979093551095388 0
1670601746304 0.011910039343900558 0
1670601747032 0.012000654685927259 0
1670601747777 0.011782017901954434 0
1670601748583 0.012134089385123614 0
1670601749272 0.012275552383850807 0
1670601750054 0.012810161990012392 0
1670601750923 0.012109553585852417 0
1670601751718 0.01194661406644204 0
1670601752483 0.011818334984619261 0
1670601753310 0.011673410404383744 0
1670601754140 0.011602052052663403 0
1670601754957 0.011445729394944704 0
1670601755703 0.011636131963633112 0
1670601756449 0.01174848414813423 0
1670601757125 0.011604782463899732 0
1670601757864 0.011466183317700662 0
1670601758760 0.01148266831311251 0
1670601759461 0.011356309403658504 0
1670601760275 0.012549738650099562 0
1670601761085 0.014043941138420557 0
1670601761892 0.013977775870119169 0
1670601762616 0.014041904174413644 0
1670601763311 0.01389107988513727 0
1670601764124 0.013861422119293532 0
1670601764916 0.013771393562439505 0
1670601765607 0.01366854216318536 0
1670601766298 0.01372519737602218 0
1670601767044 0.01359864059418503 0
1670601767901 0.013469501780981052 0
1670601768768 0.01334196782088548 0
1670601769752 0.013219960197544789 0
1670601770380 0.013207901138951539 0
1670601771143 0.013153778800952143 0
1670601771896 0.013183097333814175 0
1670601772664 0.013154861691862085 0
1670601773441 0.013066689315873625 0
1670601774204 0.012980102622722867 0
1670601774875 0.012895063592274436 0
1670601775945 0.012928576713573836 0
1670601776850 0.01288021419646912 0
1670601777760 0.012859541188221857 0
1670601778549 0.012813852275426751 0
1670601779300 0.012812851281800652 0
1670601780083 0.012738488643803447 0
1670601780854 0.01267284365347554 0
1670601781791 0.012690967757075233 0
1670601782663 0.012605781741410804 0
1670601783376 0.012544571924883119 0
1670601784195 0.01245754619854289 0
1670601784870 0.01265865552381562 0
1670601785574 0.012572975983486834 0
1670601786504 0.012679315150112891 0
1670601787472 0.012713218377092828 0
1670601788157 0.01283859315969793 0
1670601788946 0.012884846477759782 0
1670601789673 0.012867332661927744 0
1670601790373 0.012843529237721696 0
1670601791045 0.012905576424560583 0
1670601791747 0.012829692640018764 0
1670601792433 0.012803999055345905 0
1670601793219 0.01273454175247457 0
1670601793976 0.012659413834686384 0
1670601794763 0.012604615369834371 0
1670601795534 0.012560885677665556 0
1670601796400 0.012526392016179777 0
1670601797229 0.012467247916215562 0
1670601797931 0.012398314975982871 0
1670601798644 0.01233104791158457 0
1670601799369 0.012264863631804679 0
1670601800136 0.012260937112986925 0
1670601800865 0.012202413423596403 0
1670601801539 0.012138784284429716 0
1670601802296 0.012122066940163378 0
1670601803055 0.012198705241334151 0
1670601803930 0.012210233806827286 0
1670601804649 0.012646171359853686 0
1670601805440 0.012591561465987389 0
1670601806307 0.012536881723196891 0
1670601807030 0.012504299223976667 0
1670601807818 0.01244741236884006 0
1670601808591 0.012391767735551062 0
1670601809346 0.012403743592626193 0
1670601810070 0.012349625678024667 0
1670601810781 0.012530888860702305 0
1670601811480 0.012479153125392273 0
1670601812307 0.012436362500761522 0
1670601812992 0.012451800886662756 0
1670601813714 0.012415481366339076 0
1670601814490 0.012402574646270814 0
1670601815265 0.012496421919582001 0
1670601816106 0.012521172461491648 0
1670601816815 0.01253119695364191 0
1670601817533 0.012508894979443186 0
1670601818278 0.012521406636142873 0
1670601819083 0.0126831369053797 0
1670601819840 0.012630608030244073 0
1670601820620 0.012620882806594791 0
1670601821338 0.012632097101868967 0
1670601822465 0.012581295768893996 0
1670601823260 0.01256861743667137 0
1670601823985 0.012547008212930977 0
1670601824729 0.012613983605614054 0
1670601825479 0.012566848154595078 0
1670601826212 0.012520995254509337 0
1670601826991 0.012483318519398878 0
1670601827700 0.012440992749789381 0
1670601828632 0.012396047342272287 0
1670601829471 0.012371646768675082 0
1670601830258 0.012381105996874142 0
1670601831037 0.012373135899477083 0
1670601831787 0.012407972034789161 0
1670601832598 0.012372208466077339 0
1670601833448 0.012363390859465695 0
1670601834284 0.012333529772940222 0
1670601835024 0.012634544477776455 0
1670601835784 0.012644373715383739 0
1670601836548 0.012842766424908558 0
1670601837296 0.012799995957772148 0
1670601838037 0.01282838344819126 0
1670601838770 0.012825542124886735 0
1670601839711 0.01283131030499951 0
1670601840493 0.013034861215543758 0
