1670590033708 0.0 0
1670590034144 0.0 0
1670590034434 0.0 0
1670590034687 0.0 0
1670590034955 0.0 0
1670590035339 0.0 0
1670590035566 0.0 0
1670590035789 0.0 0
1670590036023 0.0 0
1670590036433 0.0 0
1670590036697 0.0 0
1670590036954 0.0 0
1670590037201 0.0 0
1670590037470 0.0 0
1670590037659 0.0 0
1670590038105 0.0 0
1670590038384 0.0 0
1670590038619 0.0 0
1670590038972 0.0 0
1670590039205 0.0 0
1670590039461 0.0 0
1670590040020 0.0 0
1670590040216 0.0 0
1670590040423 0.0 0
1670590040674 0.0 0
1670590040894 0.0 0
1670590041125 0.0 0
1670590041443 0.0 0
1670590041661 0.0 0
1670590042085 0.0 0
1670590042454 0.0 0
1670590042686 0.0 0
1670590042916 0.0 0
1670590043187 0.0 0
1670590043463 0.0 0
1670590043711 0.0 0
1670590043951 0.0 0
1670590044175 0.0 0
1670590044526 0.0 0
1670590044766 0.0 0
1670590045013 0.0 0
1670590045232 0.0 0
1670590045453 0.0 0
1670590045841 0.0 0
1670590046114 0.0 0
1670590046555 0.0 0
1670590046778 0.0 0
1670590047132 0.0 0
1670590047374 0.0 0
1670590047851 0.0 0
1670590048073 0.0 0
1670590048270 0.0 0
1670590048523 0.0 0
1670590048767 0.0 0
1670590049101 0.0 0
1670590049343 0.0 0
1670590049586 0.0 0
1670590050011 0.0 0
1670590050248 0.0 0
1670590050689 0.0 0
1670590050952 0.0 0
1670590051274 0.0 0
1670590051507 0.0 0
1670590051746 0.0 0
1670590052004 0.0 0
1670590052476 0.0 0
1670590052693 0.0 0
1670590052950 0.0 0
1670590053218 0.0 0
1670590053481 0.0 0
1670590053931 0.0 0
1670590054169 0.0 0
1670590054480 0.0 0
1670590054772 0.0 0
1670590055226 0.0 0
1670590055591 0.0 0
1670590055818 0.0 0
1670590056134 0.0 0
1670590056433 0.0 0
1670590056748 0.0 0
1670590057010 0.0 0
1670590057282 0.0 0
1670590057556 0.0 0
1670590057748 0.0 0
1670590058009 0.0 0
1670590058272 0.0 0
1670590058709 0.0 0
1670590059066 0.0 0
1670590059276 0.0 0
1670590059518 0.0 0
1670590059967 0.0 0
1670590060235 0.0 0
1670590060565 0.0 0
1670590060854 0.0 0
1670590061187 0.0 0
1670590061473 0.0 0
1670590061722 0.0 0
1670590061983 0.0 0
1670590062246 0.0 0
1670590062512 0.0 0
1670590062742 0.0 0
