1670629815317 0.0 0
1670629815890 0.0 0
1670629816430 0.0 0
1670629816962 0.0 0
1670629817486 0.0 0
1670629818017 0.0 0
1670629818543 0.0 0
1670629819079 0.0 0
1670629819626 0.0 0
1670629820159 0.0 0
1670629820694 0.0 0
1670629821230 0.0 0
1670629821773 0.0 0
1670629822312 0.0 0
1670629822856 0.0 0
1670629823385 0.0 0
1670629823932 0.0 0
1670629824460 0.0 0
1670629824998 0.0 0
1670629825529 0.0 0
1670629826060 0.0 0
1670629826585 0.0 0
1670629827141 0.0 0
1670629827693 0.0 0
1670629828243 0.0 0
1670629828826 0.0 0
1670629829379 0.0 0
1670629829934 0.0 0
1670629830513 0.0 0
1670629831126 0.0 0
1670629831652 0.0 0
1670629832174 0.0 0
1670629832687 0.0 0
1670629833193 0.0 0
1670629833720 0.0 0
1670629834247 0.0 0
1670629834805 0.0 0
1670629835339 0.0 0
1670629835877 0.0 0
1670629836428 0.0 0
1670629836970 0.0 0
1670629837511 0.0 0
1670629838049 0.0 0
1670629838587 0.0 0
1670629839155 0.0 0
1670629839754 0.0 0
1670629840281 0.0 0
1670629840865 0.0 0
1670629841411 0.0 0
1670629841995 0.0 0
1670629842539 0.0 0
1670629843080 0.0 0
1670629843733 0.0 0
1670629844371 0.0 0
1670629845023 0.0 0
1670629845637 0.0 0
1670629846176 0.0 0
1670629846644 0.0 0
1670629847120 0.0 0
1670629847576 0.0 0
1670629848037 0.0 0
1670629848489 0.0 0
1670629848981 0.0 0
1670629849538 0.0 0
1670629850047 0.0 0
1670629850542 0.0 0
1670629851060 0.0 0
1670629851620 0.0 0
1670629852163 0.0 0
1670629852732 0.0 0
1670629853264 0.0 0
1670629853803 0.0 0
1670629854398 0.0 0
1670629854934 0.0 0
1670629855512 0.0 0
1670629855969 0.0 0
1670629856461 0.0 0
1670629856967 0.0 0
1670629857472 0.0 0
1670629857976 0.0 0
1670629858496 0.0 0
1670629859004 0.0 0
1670629859521 0.0 0
1670629860034 0.0 0
1670629860538 0.0 0
1670629861041 0.0 0
1670629861544 0.0 0
1670629862051 0.0 0
1670629862554 0.0 0
1670629863052 0.0 0
1670629863556 0.0 0
1670629864064 0.0 0
1670629864505 0.0 0
1670629864942 0.0 0
1670629865362 0.0 0
1670629865849 0.0 0
1670629866302 0.0 0
1670629866784 0.0 0
1670629867243 0.0 0
1670629867703 0.0 0
1670629868219 0.0 0
