1670611800081 0.0 0
1670611800402 0.0 0
1670611800766 0.0 0
1670611801086 0.0 0
1670611801482 0.0 0
1670611801837 0.0 0
1670611802225 0.0 0
1670611802639 0.0 0
1670611803031 0.0 0
1670611803434 0.0 0
1670611803878 0.0 0
1670611804130 0.0 0
1670611804510 0.0 0
1670611804890 0.0 0
1670611805296 0.0 0
1670611805712 0.0 0
1670611806155 0.0 0
1670611806444 0.0 0
1670611806849 0.0 0
1670611807230 0.0 0
1670611807571 0.0 0
1670611807841 0.0 0
1670611808232 0.0 0
1670611808606 0.0 0
1670611808989 0.0 0
1670611809415 0.0 0
1670611809802 0.0 0
1670611810192 0.0 0
1670611810564 0.0 0
1670611811130 0.0 0
1670611811310 0.0 0
1670611811470 0.0 0
1670611811852 0.0 0
1670611812310 0.0 0
1670611812751 0.0 0
1670611813169 0.0 0
1670611813518 0.0 0
1670611813792 0.0 0
1670611814154 0.0 0
1670611814525 0.0 0
1670611814989 0.0 0
1670611815415 0.0 0
1670611815893 0.0 0
1670611816299 0.0 0
1670611816643 0.0 0
1670611816927 0.0 0
1670611817220 0.0 0
1670611817697 0.0 0
1670611818073 0.0 0
1670611818278 0.0 0
1670611818513 0.0 0
1670611818822 0.0 0
1670611819175 0.0 0
1670611819428 0.0 0
1670611819786 0.0 0
1670611820069 0.0 0
1670611820351 0.0 0
1670611820713 0.0 0
1670611821082 0.0 0
1670611821345 0.0 0
1670611821796 0.0 0
1670611822073 0.0 0
1670611822631 0.0 0
1670611822993 0.0 0
1670611823407 0.0 0
1670611823760 0.0 0
1670611824196 0.0 0
1670611824650 0.0 0
1670611825014 0.0 0
1670611825325 0.0 0
1670611825663 0.0 0
1670611826021 0.0 0
1670611826309 0.0 0
1670611826739 0.0 0
1670611826942 0.0 0
1670611827120 0.0 0
1670611827304 0.0 0
1670611827476 0.0 0
1670611827908 0.0 0
1670611828227 0.0 0
1670611828680 0.0 0
1670611829190 0.0 0
1670611829478 0.0 0
1670611830067 0.0 0
1670611830444 0.0 0
1670611830983 0.0 0
1670611831240 0.0 0
1670611831693 0.0 0
1670611832265 0.0 0
1670611832852 0.0 0
1670611833357 0.0 0
1670611833786 0.0 0
1670611834203 0.0 0
1670611834540 0.0 0
1670611835038 0.0 0
1670611835281 0.0 0
1670611835698 0.0 0
1670611836162 0.0 0
1670611836470 0.0 0
1670611837037 0.0 0
1670611837389 0.0 0
