1670591971287 0.0 0
1670591971599 0.0 0
1670591971898 0.0 0
1670591972381 0.0 0
1670591972684 0.0 0
1670591972990 0.0 0
1670591973481 0.0 0
1670591973815 0.0 0
1670591974127 0.0 0
1670591974434 0.0 0
1670591974934 0.0 0
1670591975236 0.0 0
1670591975534 0.0 0
1670591975847 0.0 0
1670591976144 0.0 0
1670591976432 0.0 0
1670591976756 0.0 0
1670591977041 0.0 0
1670591977366 0.0 0
1670591977741 0.0 0
1670591978058 0.0 0
1670591978574 0.0 0
1670591978896 0.0 0
1670591979208 0.0 0
1670591979522 0.0 0
1670591979939 0.0 0
1670591980248 0.0 0
1670591980576 0.0 0
1670591980872 0.0 0
1670591981183 0.0 0
1670591981479 0.0 0
1670591981817 0.0 0
1670591982243 0.0 0
1670591982538 0.0 0
1670591983104 0.0 0
1670591983413 0.0 0
1670591983735 0.0 0
1670591984029 0.0 0
1670591984337 0.0 0
1670591984658 0.0 0
1670591984980 0.0 0
1670591985280 0.0 0
1670591985608 0.0 0
1670591985907 0.0 0
1670591986373 0.0 0
1670591986699 0.0 0
1670591986992 0.0 0
1670591987431 0.0 0
1670591987726 0.0 0
1670591988016 0.0 0
1670591988311 0.0 0
1670591988632 0.0 0
1670591988940 0.0 0
1670591989229 0.0 0
1670591989713 0.0 0
1670591990040 0.0 0
1670591990520 0.0 0
1670591990870 0.0 0
1670591991198 0.0 0
1670591991493 0.0 0
1670591991985 0.0 0
1670591992286 0.0 0
1670591992663 0.0 0
1670591992989 0.0 0
1670591993291 0.0 0
1670591993700 0.0 0
1670591994125 0.0 0
1670591994555 0.0 0
1670591994878 0.0 0
1670591995308 0.0 0
1670591995616 0.0 0
1670591996045 0.0 0
1670591996485 0.0 0
1670591996825 0.0 0
1670591997156 0.0 0
1670591997480 0.0 0
1670591997800 0.0 0
1670591998136 0.0 0
1670591998645 0.0 0
1670591999093 0.0 0
1670591999383 0.0 0
1670591999723 0.0 0
1670592000225 0.0 0
1670592000654 0.0 0
1670592001200 0.0 0
1670592001619 0.0 0
1670592002131 0.0 0
1670592002443 0.0 0
1670592003017 0.0 0
1670592003445 0.0 0
1670592003950 0.0 0
1670592004327 0.0 0
1670592004839 0.0 0
1670592005278 0.0 0
1670592005623 0.0 0
1670592005972 0.0 0
1670592006309 0.0 0
1670592006807 0.0 0
1670592007289 0.0 0
1670592007780 0.0 0
1670592008220 0.0 0
