1670591970863 0.0 0
1670591971282 0.0 0
1670591971592 0.0 0
1670591971892 0.0 0
1670591972375 0.0 0
1670591972678 0.0 0
1670591972985 0.0 0
1670591973474 0.0 0
1670591973798 0.0 0
1670591974122 0.0 0
1670591974430 0.0 0
1670591974928 0.0 0
1670591975223 0.0 0
1670591975528 0.0 0
1670591975841 0.0 0
1670591976139 0.0 0
1670591976427 0.0 0
1670591976751 0.0 0
1670591977036 0.0 0
1670591977360 0.0 0
1670591977735 0.0 0
1670591978050 0.0 0
1670591978569 0.0 0
1670591978891 0.0 0
1670591979202 0.0 0
1670591979516 0.0 0
1670591979933 0.0 0
1670591980242 0.0 0
1670591980571 0.0 0
1670591980867 0.0 0
1670591981177 0.0 0
1670591981473 0.0 0
1670591981785 0.0 0
1670591982237 0.0 0
1670591982533 0.0 0
1670591983098 0.0 0
1670591983407 0.0 0
1670591983730 0.0 0
1670591984017 0.0 0
1670591984331 0.0 0
1670591984652 0.0 0
1670591984974 0.0 0
1670591985275 0.0 0
1670591985597 0.0 0
1670591985901 0.0 0
1670591986367 0.0 0
1670591986694 0.0 0
1670591986987 0.0 0
1670591987426 0.0 0
1670591987719 0.0 0
1670591988010 0.0 0
1670591988306 0.0 0
1670591988626 0.0 0
1670591988935 0.0 0
1670591989222 0.0 0
1670591989707 0.0 0
1670591990035 0.0 0
1670591990515 0.0 0
1670591990864 0.0 0
1670591991192 0.0 0
1670591991488 0.0 0
1670591991980 0.0 0
1670591992280 0.0 0
1670591992657 0.0 0
1670591992983 0.0 0
1670591993283 0.0 0
1670591993694 0.0 0
1670591994120 0.0 0
1670591994550 0.0 0
1670591994872 0.0 0
1670591995303 0.0 0
1670591995611 0.0 0
1670591996039 0.0 0
1670591996479 0.0 0
1670591996818 0.0 0
1670591997150 0.0 0
1670591997474 0.0 0
1670591997791 0.0 0
1670591998126 0.0 0
1670591998640 0.0 0
1670591999088 0.0 0
1670591999377 0.0 0
1670591999717 0.0 0
1670592000219 0.0 0
1670592000649 0.0 0
1670592001195 0.0 0
1670592001614 0.0 0
1670592002116 0.0 0
1670592002437 0.0 0
1670592003011 0.0 0
1670592003439 0.0 0
1670592003944 0.0 0
1670592004322 0.0 0
1670592004833 0.0 0
1670592005273 0.0 0
1670592005617 0.0 0
1670592005967 0.0 0
1670592006303 0.0 0
1670592006801 0.0 0
1670592007282 0.0 0
1670592007775 0.0 0
1670592008215 0.0 0
