1670592523295 0.004235401578810698 0
1670592524322 0.0013521932988493658 0
1670592525552 0.0009186931155186995 0
1670592526794 0.0014807707227721594 0
1670592527800 0.0012773323840881811 0
1670592528675 0.001188271549050493 0
1670592529535 0.0010971392196882314 0
1670592530712 0.0010529751245114127 0
1670592531807 0.001011667438335382 0
1670592532676 0.0009737780460137033 0
1670592533933 0.0009392271001940581 0
1670592534972 0.0009077312361384182 0
1670592535921 0.0008789618043842616 0
1670592536835 0.0008526024589189114 0
1670592537716 0.0008518394100786645 0
1670592538830 0.0008313354114592201 0
1670592539935 0.0008120683945349685 0
1670592541166 0.0007939516795536026 0
1670592542254 0.0007985251750678594 0
1670592543358 0.0007835381700732826 0
1670592544519 0.0007692400622702424 0
1670592545510 0.0007744923290890333 0
1670592546575 0.0007623290126081283 0
1670592547713 0.0007506086290034855 0
1670592548591 0.0007393215317575929 0
1670592549477 0.0007459256705103076 0
1670592550320 0.000736046281355999 0
1670592551366 0.0007264663506337484 0
1670592552360 0.0006872824446272137 0
1670592553278 0.0006796445084191032 0
1670592554394 0.0006721891514934346 0
1670592555408 0.000664917014547967 0
1670592556866 0.0006578270459045316 0
1670592557888 0.0006509169479306218 0
1670592558991 0.0006441835169189323 0
1670592559962 0.0006376229025417153 0
1670592561014 0.0006312308062348473 0
1670592562089 0.0006427115939565671 0
1670592563213 0.0006525041654734977 0
1670592564071 0.0006468768114010761 0
1670592565055 0.0006555397431484326 0
1670592565923 0.0006503110228093438 0
1670592566804 0.000645171470748992 0
1670592567630 0.0006531599943516094 0
1670592568372 0.0006483624608268588 0
1670592569351 0.0006436375438405256 0
1670592570187 0.0006389860750662424 0
1670592571107 0.0006344084625611651 0
1670592571898 0.0006299047652637005 0
1670592572740 0.0006254747550881883 0
1670592573496 0.000633697576401284 0
1670592574259 0.0006295130828076436 0
1670592575343 0.0006253905339504552 0
1670592576389 0.0006213298139337753 0
1670592577375 0.0006173306287781223 0
1670592578190 0.0006133925366104133 0
1670592578936 0.0006095149732985527 0
1670592579707 0.0006056972742395501 0
1670592580667 0.0006019386928926176 0
1670592581473 0.0005982384165521126 0
1670592582355 0.0005945955797754943 0
1670592583288 0.0005910092758154948 0
1670592584226 0.0005874785663509247 0
1670592584997 0.0005840024897649269 0
1670592585773 0.0005929377730850078 0
1670592586539 0.0005895968127335391 0
1670592587485 0.0005978408654057435 0
1670592588510 0.0005946291544599022 0
1670592589608 0.0005914603669067673 0
1670592590722 0.0005883339783553652 0
1670592591634 0.0005961218737543483 0
1670592592397 0.0005931098572583488 0
1670592593235 0.0005901354430487851 0
1670592594095 0.0005871982252005692 0
1670592594845 0.0005945779913584091 0
1670592595712 0.0005917426799369287 0
1670592596734 0.0005889405595766331 0
1670592597536 0.0005861713129433874 0
1670592598486 0.0005834346016386797 0
1670592599218 0.0005807300694933493 0
1670592599970 0.0005780573454840668 0
1670592601006 0.0005754160463155929 0
1670592601984 0.0005728057787066706 0
1670592602881 0.0005702261414128973 0
1670592603594 0.0006197764094951195 0
1670592604541 0.0006170548930636658 0
1670592605292 0.0006143643970136713 0
1670592606183 0.0006117045145721021 0
1670592607032 0.0006090748352830919 0
1670592607942 0.0006064749462341235 0
1670592608675 0.0006039044331411354 0
1670592609445 0.0006098377896070834 0
1670592610251 0.0006073400803303279 0
1670592610994 0.0006129468941129385 0
1670592611793 0.0006105195664137115 0
1670592612610 0.0006081170604694865 0
1670592613472 0.0006057390927495223 0
1670592614330 0.0006033853763756088 0
1670592615259 0.0006010556219256164 0
1670592616030 0.000598749538154586 0
1670592616809 0.000596466832641304 0
1670592617542 0.0005942072123675216 0
1670592618505 0.0005919703842362614 0
1670592619537 0.0005897560555350169 0
1670592620361 0.000587563934349096 0
1670592621237 0.0005853937299298329 0
1670592622092 0.0005832451530219448 0
1670592622998 0.0005811179161539002 0
1670592623899 0.0005790117338947898 0
1670592624633 0.0005769263230808656 0
1670592625506 0.00057486140301461 0
1670592626263 0.0005806988013696526 0
1670592627029 0.0005786779021412845 0
1670592627904 0.0005766760578394174 0
1670592628847 0.0005746930258222637 0
1670592629975 0.0005727285653282539 0
1670592630804 0.0005707824376243504 0
1670592631549 0.0005688544061365725 0
1670592632306 0.0005669442365643304 0
1670592633242 0.0005650516969800338 0
1670592634008 0.0005707634722261108 0
1670592634961 0.00056890702165952 0
1670592635714 0.0005670670665334725 0
1670592636579 0.0005652434039595158 0
1670592637519 0.0005707368625507296 0
1670592638305 0.0005689470521046125 0
1670592639151 0.0005671725151898996 0
1670592639890 0.0005654130736618732 0
1670592640732 0.0005636685507787028 0
1670592641736 0.0005689764753377401 0
1670592642529 0.0005672630229347315 0
1670592643340 0.0005655635906165367 0
1670592644265 0.0005638780224546353 0
1670592645216 0.0005689969394198887 0
1670592646198 0.0005673406439523672 0
1670592647045 0.0005656973995874046 0
1670592648081 0.0005640670683142354 0
1670592648853 0.0005624495129414318 0
1670592649832 0.0005674071153028218 0
1670592650777 0.0005658165823529438 0
1670592651774 0.0005642381021276104 0
1670592652763 0.0005626715526897786 0
1670592653691 0.0005611168127524448 0
1670592654658 0.0005922849579201624 0
1670592655398 0.000590674077532619 0
1670592656302 0.0005890750963246185 0
1670592657290 0.00058748789518349 0
1670592658144 0.0005916592930248454 0
1670592658945 0.0005900986237414367 0
1670592659779 0.0005941206859028384 0
1670592660593 0.0005979860531956078 0
1670592661451 0.0005964668326413039 0
