1670592522467 0.0 0
1670592523290 0.0003333333333333333 0
1670592524316 0.0 0
1670592525535 0.0 0
1670592526789 0.0006666666666666666 0
1670592527795 0.0003333333333333333 0
1670592528670 0.0 0
1670592529530 0.0003333333333333333 0
1670592530704 0.0 0
1670592531801 0.0 0
1670592532670 0.0 0
1670592533908 0.0 0
1670592534966 0.0 0
1670592535914 0.0 0
1670592536830 0.0 0
1670592537710 0.0003333333333333333 0
1670592538825 0.0 0
1670592539926 0.0 0
1670592541160 0.0 0
1670592542249 0.0003333333333333333 0
1670592543352 0.0 0
1670592544508 0.0 0
1670592545504 0.0003333333333333333 0
1670592546569 0.0 0
1670592547707 0.0 0
1670592548586 0.0 0
1670592549471 0.0003333333333333333 0
1670592550314 0.0 0
1670592551357 0.0 0
1670592552355 0.0 0
1670592553272 0.0 0
1670592554388 0.0 0
1670592555402 0.0 0
1670592556861 0.0 0
1670592557882 0.0 0
1670592558985 0.0 0
1670592559930 0.0 0
1670592561009 0.0 0
1670592562083 0.0003333333333333333 0
1670592563207 0.0003333333333333333 0
1670592564065 0.0 0
1670592565048 0.0003333333333333333 0
1670592565917 0.0 0
1670592566798 0.0 0
1670592567625 0.0003333333333333333 0
1670592568366 0.0 0
1670592569346 0.0 0
1670592570181 0.0 0
1670592571097 0.0 0
1670592571892 0.0 0
1670592572733 0.0 0
1670592573490 0.0003333333333333333 0
1670592574253 0.0 0
1670592575332 0.0 0
1670592576384 0.0 0
1670592577370 0.0 0
1670592578184 0.0 0
1670592578929 0.0 0
1670592579701 0.0 0
1670592580659 0.0 0
1670592581465 0.0 0
1670592582349 0.0 0
1670592583282 0.0 0
1670592584221 0.0 0
1670592584991 0.0 0
1670592585765 0.0003333333333333333 0
1670592586534 0.0 0
1670592587479 0.0003333333333333333 0
1670592588504 0.0 0
1670592589602 0.0 0
1670592590717 0.0 0
1670592591629 0.0003333333333333333 0
1670592592391 0.0 0
1670592593215 0.0 0
1670592594089 0.0 0
1670592594839 0.0003333333333333333 0
1670592595706 0.0 0
1670592596727 0.0 0
1670592597531 0.0 0
1670592598480 0.0 0
1670592599190 0.0 0
1670592599962 0.0 0
1670592600989 0.0 0
1670592601978 0.0 0
1670592602875 0.0 0
1670592603588 0.0006666666666666666 0
1670592604536 0.0 0
1670592605286 0.0 0
1670592606177 0.0 0
1670592607026 0.0 0
1670592607937 0.0 0
1670592608669 0.0 0
1670592609432 0.0003333333333333333 0
1670592610245 0.0 0
1670592610988 0.0003333333333333333 0
1670592611787 0.0 0
1670592612604 0.0 0
1670592613461 0.0 0
1670592614324 0.0 0
1670592615253 0.0 0
1670592616025 0.0 0
1670592616803 0.0 0
1670592617536 0.0 0
1670592618499 0.0 0
1670592619532 0.0 0
1670592620348 0.0 0
1670592621231 0.0 0
1670592622087 0.0 0
1670592622992 0.0 0
1670592623893 0.0 0
1670592624627 0.0 0
1670592625500 0.0 0
1670592626257 0.0003333333333333333 0
1670592627024 0.0 0
1670592627896 0.0 0
1670592628842 0.0 0
1670592629969 0.0 0
1670592630798 0.0 0
1670592631544 0.0 0
1670592632302 0.0 0
1670592633236 0.0 0
1670592634002 0.0003333333333333333 0
1670592634956 0.0 0
1670592635708 0.0 0
1670592636570 0.0 0
1670592637514 0.0003333333333333333 0
1670592638299 0.0 0
1670592639145 0.0 0
1670592639884 0.0 0
1670592640727 0.0 0
1670592641731 0.0003333333333333333 0
1670592642521 0.0 0
1670592643335 0.0 0
1670592644260 0.0 0
1670592645210 0.0003333333333333333 0
1670592646192 0.0 0
1670592647039 0.0 0
1670592648075 0.0 0
1670592648847 0.0 0
1670592649825 0.0003333333333333333 0
1670592650772 0.0 0
1670592651769 0.0 0
1670592652757 0.0 0
1670592653685 0.0 0
1670592654652 0.0006666666666666666 0
1670592655392 0.0 0
1670592656296 0.0 0
1670592657280 0.0 0
1670592658139 0.0003333333333333333 0
1670592658940 0.0 0
1670592659770 0.0003333333333333333 0
1670592660587 0.0003333333333333333 0
1670592661446 0.0 0
