1670576867668 0.04193047563022556 0
1670576869879 0.011637506904906725 0
1670576872138 0.008192867912463764 0
1670576875037 0.006519386353554535 0
1670576877435 0.00587246530921226 0
1670576880258 0.005197976321242637 0
1670576882542 0.004931460583429748 0
1670576884669 0.0046273560937520886 0
1670576886551 0.004391382548931344 0
1670576888742 0.0041606829437766946 0
1670576891461 0.004508737783484484 0
1670576894347 0.004288751737006269 0
1670576896671 0.004101334368324716 0
1670576898745 0.00403574670493867 0
1670576901413 0.0038843255758663764 0
1670576903686 0.003754287154981828 0
1670576905642 0.003643162434550873 0
1670576908610 0.003589716566073431 0
1670576910832 0.003570370223060282 0
1670576913766 0.003583324393436893 0
1670576916210 0.003490525181513271 0
1670576918575 0.003478677485496684 0
1670576920683 0.0033968774553856385 0
1670576923078 0.00350620831723103 0
1670576925186 0.0034709406873677517 0
1670576927177 0.00340548632227311 0
1670576929669 0.0033555044170746617 0
1670576931932 0.003300992977786188 0
1670576934662 0.0031079423292202923 0
1670576936962 0.0031924877231696014 0
1670576939144 0.003143207264001635 0
1670576941418 0.0031803081622375773 0
1670576943460 0.0031419766834560603 0
1670576945835 0.003096981056741277 0
1670576948303 0.00311384136596482 0
1670576950450 0.0030724125079617526 0
1670576952652 0.0030429446153188433 0
1670576954614 0.003205181322539885 0
1670576956958 0.003171737114447404 0
1670576959390 0.003163974804972325 0
1670576961832 0.0031735083430567412 0
1670576964044 0.0031416347785244714 0
1670576966557 0.003132536404306885 0
1670576969421 0.0031018814791027305 0
1670576971818 0.00306966281583132 0
1670576973938 0.0030371190524923763 0
1670576976203 0.0030198007238176894 0
1670576978582 0.003059941157449786 0
1670576980884 0.0030577046292111776 0
1670576983417 0.003062130801342433 0
1670576985745 0.0030609304685254024 0
1670576987677 0.0030374078783762526 0
1670576989688 0.0031166936664105416 0
1670576992340 0.0030955926153138913 0
1670576994460 0.0030695852675132196 0
1670576996315 0.0030635768748782377 0
1670576998276 0.0030433728110708103 0
1670577000067 0.0030195691692730398 0
1670577002352 0.0031452927078505777 0
1670577004139 0.0031226670053008387 0
1670577006155 0.0030992524767567975 0
1670577008426 0.0030748420791006925 0
1670577010762 0.0030830459216834027 0
1670577012752 0.003083583626157238 0
1670577015080 0.003060432257397383 0
1670577017245 0.0030411280353814796 0
1670577019878 0.0030202708128254097 0
1670577022437 0.002998305627729292 0
1670577025543 0.0030476459254444865 0
1670577027847 0.0030354695556741307 0
1670577030334 0.0030201344327389634 0
1670577032718 0.0030079213189859733 0
1670577035275 0.002999454988903527 0
1670577038073 0.0029843489436295334 0
1670577041363 0.0029800480918791283 0
1670577043794 0.0029679236319678504 0
1670577046401 0.0029632673796123887 0
1670577049134 0.0029445473439552172 0
1670577051697 0.0029441079542951165 0
1670577053958 0.002930082311511928 0
1670577056741 0.002912954672396384 0
1670577059290 0.0028960075642642247 0
1670577061909 0.002882734799220632 0
1670577064706 0.0028996577256632516 0
1670577067585 0.0029173408630593922 0
1670577070753 0.002904137470772783 0
1670577073177 0.0029004818250284448 0
1670577075648 0.002884214937851848 0
1670577078434 0.002880576640918009 0
1670577081379 0.0028704286974683413 0
1670577084009 0.0028603431542467694 0
1670577086330 0.0028481203436920843 0
1670577088319 0.0028907196011066505 0
1670577091012 0.0028925677939940497 0
1670577094313 0.00291835015634756 0
1670577097300 0.0029425604604140787 0
1670577099705 0.0029788578150478084 0
1670577101825 0.003006183081771807 0
1670577104431 0.002998229881191694 0
1670577106948 0.002983738381863832 0
1670577108902 0.0029716921236170313 0
1670577111397 0.0029668053492428736 0
1670577113490 0.002961016433829622 0
1670577116126 0.002963342228628152 0
1670577118589 0.0029504190722057233 0
1670577121196 0.002938644067486673 0
1670577123881 0.0030118199834597847 0
1670577125780 0.003012639260350669 0
1670577128633 0.003026067646422992 0
1670577131684 0.003040972149171539 0
1670577134669 0.0030351041910590126 0
1670577137403 0.003091665297510926 0
1670577140206 0.0030804902384338195 0
1670577142389 0.0030798201829045357 0
1670577145160 0.0030732864837454965 0
1670577148094 0.0030601955712136197 0
1670577150864 0.003051350965367128 0
1670577153552 0.0030540830618525083 0
1670577156128 0.003041375687457548 0
1670577158797 0.0030292240758250655 0
