1670575305282 0.0038118614209296294 0
1670575307389 0.002107860745735141 0
1670575309580 0.0023547952259367604 0
1670575311552 0.0018583525083081553 0
1670575313792 0.0015706514461820865 0
1670575315967 0.0013947353733678434 0
1670575317886 0.0012609789775834981 0
1670575320046 0.0011996038397086304 0
1670575322099 0.0012348974850667689 0
1670575324342 0.0011614899885393705 0
1670575326374 0.0012833838589712057 0
1670575328333 0.0012261246511235716 0
1670575330374 0.0011760157439076476 0
1670575332145 0.0011316671800347135 0
1670575334612 0.0010891138845953716 0
1670575336708 0.0010732923303488342 0
1670575338941 0.0010763097846982698 0
1670575341683 0.001045736415111772 0
1670575344292 0.0010362054572286695 0
1670575346893 0.0010459574264662526 0
1670575349617 0.0010224755932268714 0
1670575352152 0.0010543149397677417 0
1670575354911 0.0011134725604609206 0
1670575357371 0.0010919876450802032 0
1670575359410 0.0010806700113486878 0
1670575361746 0.0010843751459669354 0
1670575364366 0.0010629340540426217 0
1670575366468 0.0010541390271215719 0
1670575369378 0.001013890714237855 0
1670575372141 0.001000308990761914 0
1670575375090 0.0009845649416288056 0
1670575378008 0.0009695416289110669 0
1670575380542 0.0009648776314142211 0
1670575383693 0.0009532334266169336 0
1670575386810 0.0009399026360298181 0
1670575389690 0.0009291717566526495 0
1670575392509 0.0009679639212303578 0
1670575395112 0.0009555417080673348 0
1670575397179 0.0009529033679978123 0
1670575399577 0.0009499413736616736 0
1670575401617 0.0009863169552786328 0
1670575403904 0.000982258376271607 0
1670575405888 0.0009780362948001453 0
1670575408186 0.0010282612648501105 0
1670575410498 0.0010189261625621216 0
1670575412648 0.0010080349937940849 0
1670575414615 0.0010230986446309732 0
1670575417688 0.0010141844992507774 0
1670575419527 0.0010174006722962967 0
1670575421658 0.0010086713908795284 0
1670575423416 0.0009989344685002234 0
1670575425449 0.0009894741869173598 0
1670575428132 0.0009855316084264373 0
1670575430678 0.000978263492243388 0
1670575432822 0.0009695011377450634 0
1670575435080 0.0009609700965236764 0
1670575437096 0.0009537864579077845 0
1670575439065 0.0009516394125739229 0
1670575441267 0.0009493637896435764 0
1670575443338 0.000941551424971441 0
1670575445447 0.0009389657989426854 0
1670575447871 0.00093294278194589 0
1670575449910 0.0009374079716077633 0
1670575452175 0.0009413624049828557 0
1670575454535 0.0009388767612047183 0
1670575456827 0.0009332456567585452 0
1670575458851 0.0009459566253564736 0
1670575461062 0.0009402446423861404 0
1670575462995 0.0009381958702333786 0
1670575464944 0.0009495842535460514 0
1670575467268 0.0009429723951306416 0
1670575469083 0.0009377582781316233 0
1670575470935 0.0009360318705333443 0
1670575473095 0.0009342266556150627 0
1670575475370 0.000929134393691131 0
1670575477642 0.0009325507041994723 0
1670575479524 0.0009305275316918559 0
1670575481306 0.0009343995231332418 0
1670575483630 0.0009374591946875867 0
1670575485536 0.0009325143902478631 0
1670575487754 0.0009352495485961201 0
1670575489592 0.00093771167041323 0
1670575491743 0.0009354021470068953 0
1670575494062 0.0009330649225369277 0
1670575496240 0.0009412688679180574 0
1670575498364 0.000942901097159642 0
1670575500512 0.0009380110411153682 0
1670575502791 0.0009328002834795665 0
1670575505179 0.000937348524030717 0
1670575507564 0.0009415658042200147 0
1670575509797 0.0009369866548386825 0
1670575512181 0.0009324724179718333 0
1670575514367 0.0009280216125374474 0
1670575516634 0.0009236328026952789 0
1670575519000 0.0009231325034123355 0
1670575520935 0.0009225541995098417 0
1670575523205 0.0009244590803704925 0
1670575525683 0.0009284216512012167 0
1670575528407 0.0009243053833676257 0
1670575530660 0.0009208966864993526 0
1670575532950 0.0009169077001114209 0
1670575535114 0.0009136032497689319 0
1670575537135 0.0009103285867372842 0
1670575538916 0.000908649333862608 0
1670575540914 0.0009048732113153416 0
1670575543015 0.0009086769919398336 0
1670575545435 0.0009055232164498675 0
1670575547893 0.000901909791816392 0
1670575550031 0.000900392441735412 0
1670575551921 0.0008968395756861946 0
1670575554187 0.0008933273034446323 0
1670575556258 0.0008893949791799749 0
1670575558390 0.0008879408918337302 0
1670575560383 0.000885168901093244 0
1670575562675 0.0008818219368003477 0
1670575564802 0.0008780771191682275 0
1670575566657 0.0008743796045755521 0
1670575568936 0.0008764296902515835 0
1670575571040 0.0008803126108158179 0
1670575573447 0.0008839921321309387 0
1670575575587 0.0008808461995256183 0
1670575577655 0.0008795935930618782 0
1670575580293 0.0008920894301987687 0
1670575582960 0.0008981943355894791 0
1670575585410 0.0008980821197638413 0
1670575587181 0.0008996136932695888 0
1670575589602 0.0009031613327059535 0
1670575591587 0.0009046359674836027 0
1670575594072 0.0009015027515738667 0
1670575596989 0.0008999945584949446 0
1670575599009 0.0008969106676211681 0
1670575601212 0.000893857784398526 0
1670575603066 0.0008923758570550284 0
1670575605522 0.0008891240983417287 0
1670575609050 0.0008869244963996461 0
1670575612683 0.0008847360444357061 0
1670575616391 0.0008882634294491115 0
1670575619939 0.000909041268360526 0
1670575623016 0.0009061586960853974 0
1670575626626 0.0009029690273723429 0
1670575629909 0.0009001472619572946 0
1670575632987 0.0008973512134281854 0
1670575635933 0.0009169438156074472 0
1670575639030 0.0009145881541841835 0
1670575640892 0.00091334940294276 0
1670575643996 0.0009106099132872565 0
1670575646920 0.0009078943315697556 0
1670575650237 0.0009092609316010761 0
1670575653915 0.0009070622596609541 0
1670575657132 0.0009040791967199878 0
1670575660453 0.0009038225839216172 0
1670575663442 0.0009065076544516731 0
1670575666494 0.000903576737105544 0
1670575669627 0.0009024759394753415 0
1670575672636 0.0009013647641887274 0
1670575674674 0.0009062757071488919 0
1670575676471 0.0009042027352871789 0
1670575679109 0.0009021411525285904 0
1670575681397 0.0008996506902140535 0
1670575684204 0.0008971802571166625 0
1670575686443 0.0008960798841962524 0
1670575688480 0.0008936390986531511 0
1670575691364 0.000890938827122971 0
1670575693940 0.0008922189652521009 0
1670575696522 0.0008921383233565054 0
1670575699510 0.0008933854065160474 0
1670575701961 0.0008999002500943711 0
1670575704314 0.0008975354177231415 0
1670575707128 0.0008956518888079924 0
1670575709749 0.000893330688247298 0
1670575712532 0.0008910270426723421 0
1670575714571 0.0008954741116780911 0
1670575716663 0.0008965960694796299 0
1670575718926 0.0008948179991012844 0
1670575721195 0.0008923058916230304 0
1670575723809 0.0008900462928268427 0
1670575726795 0.0008911511889791018 0
1670575729645 0.000892202430031869 0
1670575731900 0.0008899569894526126 0
1670575735009 0.0008900077023108236 0
1670575738205 0.0008900304360529509 0
1670575741102 0.0008883593863327132 0
1670575744990 0.0008873475044215855 0
1670575747050 0.0008851898507638656 0
1670575750576 0.0008862407427077867 0
1670575753606 0.0008872427560117983 0
1670575755495 0.0008850985015216417 0
1670575757937 0.0008852028251373424 0
1670575760091 0.0008861814827719147 0
1670575762522 0.0008846420403640517 0
1670575764707 0.0008855965049389198 0
1670575766957 0.0008835047465697213 0
1670575769011 0.000881427552706478 0
1670575771696 0.0008793647578266881 0
1670575774055 0.0008779086938642906 0
1670575776174 0.0008757249078030166 0
1670575779157 0.0008735573274842655 0
1670575781647 0.0008772990946707787 0
1670575784323 0.000876303382543258 0
1670575786559 0.0008749134221669573 0
1670575789575 0.0008729321078639551 0
1670575792387 0.0008731575210812107 0
1670575795150 0.0008740653556500454 0
1670575798313 0.0008719826923052054 0
1670575800909 0.0008699148335442119 0
1670575803352 0.0008678616049472259 0
1670575805702 0.0008687651551762621 0
1670575808124 0.0008678247266985187 0
1670575810447 0.0008659263084031797 0
1670575812428 0.0008686136907034734 0
1670575814790 0.0008673217040750321 0
1670575816808 0.0008654616860102285 0
1670575819005 0.0008634871618774032 0
1670575821124 0.0008669724037719841 0
1670575823386 0.000866059654897012 0
1670575825612 0.0008668775951940445 0
1670575827603 0.0008650417137863896 0
1670575829626 0.0008641187588146757 0
1670575831856 0.0008631936757199966 0
1670575834086 0.0008622666022878228 0
1670575836289 0.000861337671954917 0
1670575838443 0.0008595410932115936 0
1670575840114 0.0008584194303624022 0
1670575841897 0.0008572992123516688 0
1670575843833 0.0008555407537125991 0
1670575845925 0.0008537196325768123 0
1670575848157 0.0008526227983550352 0
1670575850188 0.0008509008883107663 0
1670575852247 0.0008491123098034027 0
1670575854464 0.000848038125458563 0
1670575856282 0.0008484386596905311 0
1670575858561 0.0008492665800066707 0
1670575860765 0.000847510107870228 0
1670575862960 0.0008464517636925515 0
1670575865519 0.0008468408621715434 0
1670575867409 0.0008476762541834155 0
1670575869744 0.0008568554280794054 0
1670575871709 0.0008571533518033042 0
1670575873927 0.0008563728767695516 0
1670575876522 0.0008695025925370655 0
1670575878957 0.000871750068367782 0
1670575881408 0.0008701207012202843 0
1670575883817 0.000868969714516057 0
1670575885593 0.0008673611654289167 0
1670575889259 0.0008657613898062982 0
1670575891611 0.0008640449773736778 0
1670575894058 0.0008624647446305251 0
1670575896394 0.0008607692316949104 0
1670575898936 0.0008609703948707793 0
1670575901157 0.0008592890320458173 0
1670575902994 0.0008594775687148808 0
1670575904999 0.0008578102364566453 0
1670575907528 0.0008562902570040852 0
1670575909756 0.0008584416496248686 0
1670575911824 0.0008569372037909714 0
1670575914198 0.0008600297021351055 0
1670575916304 0.0008593463089502437 0
1670575918607 0.0008586600772246121 0
1670575920766 0.0008570433450868296 0
1670575922869 0.0008559998078706906 0
1670575924803 0.0008549584116989447 0
1670575927011 0.0008543015158485204 0
1670575929042 0.0008532736612225787 0
1670575931081 0.0008553795308031402 0
1670575932928 0.000856220157021038 0
1670575935063 0.0008555704599894174 0
1670575937007 0.0008541281380407185 0
1670575938942 0.0008531212055748224 0
1670575940852 0.0008521162553875762 0
1670575942841 0.0008523145548848032 0
1670575945387 0.0008509072373067571 0
1670575947592 0.000849378108751994 0
1670575949864 0.000849574200011191 0
1670575952347 0.0008489811059912054 0
1670575954542 0.000860341109782823 0
1670575957008 0.0008588117898817309 0
1670575959420 0.0008572905936458825 0
1670575961899 0.0008567042320549592 0
1670575964382 0.0008553373092209042 0
1670575966529 0.0008561615930819153 0
1670575968655 0.0008546699411065002 0
1670575970955 0.0008575017189198126 0
1670575973175 0.0008568924311547384 0
1670575975746 0.0008554186309947241 0
1670575978235 0.0008539524049016824 0
1670575981045 0.0008558875067237492 0
1670575983765 0.0008544282363230785 0
1670575985566 0.0008531014901717065 0
1670575987909 0.0008550008281685158 0
1670575990289 0.0008536860217003503 0
1670575992642 0.0008564426934146656 0
1670575995335 0.0008555001375590708 0
1670575997402 0.0008540714729799631 0
1670575999683 0.0008527721079356551 0
1670576002000 0.000853539852740815 0
1670576004206 0.0008522454044137896 0
1670576006308 0.0008509567318081338 0
1670576008489 0.0008503875558102375 0
1670576010744 0.0008545642762714218 0
1670576013334 0.0008531715959038573 0
1670576015701 0.0008526120745433277 0
1670576017627 0.0008517143022514532 0
1670576020274 0.0008503402096768187 0
1670576022808 0.0008489727426697037 0
1670576024909 0.0008497262802513784 0
1670576027088 0.0008484797039747239 0
1670576029813 0.0008476093222409445 0
1670576032425 0.0008502113768674042 0
1670576034328 0.0008504088405913654 0
1670576036550 0.0008605329382172905 0
1670576038575 0.0008654519761997661 0
1670576040382 0.0008655792245629448 0
1670576042769 0.0008656960609202674 0
1670576044735 0.0008643455230508784 0
