1670598762881 0.0 0
1670598763151 0.0 0
1670598763446 0.0 0
1670598763750 0.0 0
1670598764017 0.0 0
1670598764292 0.0 0
1670598764855 0.0 0
1670598765189 0.0 0
1670598765459 0.0 0
1670598765722 0.0 0
1670598766166 0.0 0
1670598766463 0.0 0
1670598766770 0.0 0
1670598767265 0.0 0
1670598767598 0.0 0
1670598767939 0.0 0
1670598768398 0.0 0
1670598768778 0.0 0
1670598769095 0.0 0
1670598769357 0.0 0
1670598769659 0.0 0
1670598769953 0.0 0
1670598770244 0.0 0
1670598770613 0.0 0
1670598771077 0.0 0
1670598771395 0.0 0
1670598771676 0.0 0
1670598772186 0.0 0
1670598772459 0.0 0
1670598772878 0.0 0
1670598773149 0.0 0
1670598773460 0.0 0
1670598773733 0.0 0
1670598774210 0.0 0
1670598774546 0.0 0
1670598774824 0.0 0
1670598775129 0.0 0
1670598775580 0.0 0
1670598775859 0.0 0
1670598776235 0.0 0
1670598776671 0.0 0
1670598777077 0.0 0
1670598777464 0.0 0
1670598777889 0.0 0
1670598778171 0.0 0
1670598778472 0.0 0
1670598778744 0.0 0
1670598779076 0.0 0
1670598779509 0.0 0
1670598779833 0.0 0
1670598780100 0.0 0
1670598780425 0.0 0
1670598780898 0.0 0
1670598781327 0.0 0
1670598781758 0.0 0
1670598782138 0.0 0
1670598782546 0.0 0
1670598782823 0.0 0
1670598783132 0.0 0
1670598783462 0.0 0
1670598783777 0.0 0
1670598784083 0.0 0
1670598784416 0.0 0
1670598784728 0.0 0
1670598785014 0.0 0
1670598785330 0.0 0
1670598785895 0.0 0
1670598786413 0.0 0
1670598786753 0.0 0
1670598787123 0.0 0
1670598787402 0.0 0
1670598787692 0.0 0
1670598787941 0.0 0
1670598788239 0.0 0
1670598788525 0.0 0
1670598788835 0.0 0
1670598789270 0.0 0
1670598789592 0.0 0
1670598789966 0.0 0
1670598790266 0.0 0
1670598790572 0.0 0
1670598790863 0.0 0
1670598791201 0.0 0
1670598791506 0.0 0
1670598791796 0.0 0
1670598792092 0.0 0
1670598792375 0.0 0
1670598792751 0.0 0
1670598793092 0.0 0
1670598793565 0.0 0
1670598793910 0.0 0
1670598794412 0.0 0
1670598794721 0.0 0
1670598795044 0.0 0
1670598795353 0.0 0
1670598795669 0.0 0
1670598796074 0.0 0
1670598796442 0.0 0
1670598796777 0.0 0
1670598797227 0.0 0
1670598797485 0.0 0
1670598797931 0.0 0
