1670606755488 0.010333333333333333 0
1670606756203 0.009 0
1670606756833 0.01 0
1670606757699 0.010333333333333333 0
1670606758484 0.007333333333333333 0
1670606759060 0.009333333333333334 0
1670606759703 0.009333333333333334 0
1670606760611 0.009333333333333334 0
1670606761356 0.012666666666666666 0
1670606762072 0.009333333333333334 0
1670606762758 0.012 0
1670606763313 0.011 0
1670606764255 0.009 0
1670606765178 0.007666666666666666 0
1670606766041 0.011666666666666667 0
1670606766647 0.009333333333333334 0
1670606767469 0.010666666666666666 0
1670606768327 0.013 0
1670606769235 0.007 0
1670606770141 0.009333333333333334 0
1670606770968 0.008666666666666666 0
1670606771569 0.010333333333333333 0
1670606772321 0.008 0
1670606773038 0.013 0
1670606773597 0.011 0
1670606774430 0.007333333333333333 0
1670606775390 0.011666666666666667 0
1670606776162 0.014666666666666666 0
1670606776910 0.011333333333333334 0
1670606777805 0.009333333333333334 0
1670606778422 0.010333333333333333 0
1670606779285 0.011 0
1670606779907 0.008333333333333333 0
1670606780464 0.010333333333333333 0
1670606781425 0.011666666666666667 0
1670606781976 0.009 0
1670606782838 0.012 0
1670606783334 0.007666666666666666 0
1670606783834 0.009 0
1670606784782 0.011666666666666667 0
1670606785725 0.011666666666666667 0
1670606786375 0.01 0
1670606787108 0.009666666666666667 0
1670606787770 0.009333333333333334 0
1670606788380 0.009666666666666667 0
1670606789094 0.015333333333333332 0
1670606789913 0.012666666666666666 0
1670606790686 0.009333333333333334 0
1670606791432 0.009 0
1670606792236 0.007333333333333333 0
1670606792916 0.014666666666666666 0
1670606793427 0.012 0
1670606794003 0.013 0
1670606794488 0.008 0
1670606795021 0.009 0
1670606795553 0.007666666666666666 0
1670606796218 0.010666666666666666 0
1670606797033 0.011333333333333334 0
1670606797563 0.012 0
1670606798304 0.008333333333333333 0
1670606798915 0.011333333333333334 0
1670606799522 0.012666666666666666 0
1670606800162 0.010333333333333333 0
1670606800714 0.014333333333333333 0
1670606801208 0.012 0
1670606801932 0.015 0
1670606802361 0.013 0
1670606803345 0.009666666666666667 0
1670606804016 0.010666666666666666 0
1670606804710 0.008666666666666666 0
1670606805415 0.012666666666666666 0
1670606806146 0.012666666666666666 0
1670606806814 0.008666666666666666 0
1670606807462 0.007666666666666666 0
1670606808056 0.008333333333333333 0
1670606808580 0.008666666666666666 0
1670606809170 0.012666666666666666 0
1670606809925 0.008333333333333333 0
1670606810687 0.011666666666666667 0
1670606811482 0.011 0
1670606812108 0.010666666666666666 0
1670606812738 0.013333333333333334 0
1670606813312 0.009333333333333334 0
1670606813757 0.010333333333333333 0
1670606814407 0.008666666666666666 0
1670606815223 0.013 0
1670606815922 0.008 0
1670606816689 0.012333333333333333 0
1670606817265 0.011 0
1670606817943 0.011333333333333334 0
1670606818589 0.013 0
1670606819183 0.010666666666666666 0
1670606819819 0.007333333333333333 0
1670606820309 0.013333333333333334 0
1670606821045 0.013 0
1670606821679 0.010333333333333333 0
1670606822484 0.010666666666666666 0
1670606823106 0.011666666666666667 0
1670606823805 0.011 0
1670606824574 0.010666666666666666 0
1670606825023 0.008 0
1670606825587 0.010666666666666666 0
