1670593436088 0.33366666666666667 0
1670593437159 0.3333333333333333 0
1670593437945 0.3333333333333333 0
1670593438721 0.3333333333333333 0
1670593439445 0.3333333333333333 0
1670593440191 0.3333333333333333 0
1670593440838 0.3333333333333333 0
1670593441481 0.3333333333333333 0
1670593442425 0.33366666666666667 0
1670593443200 0.3333333333333333 0
1670593443906 0.3333333333333333 0
1670593444563 0.33366666666666667 0
1670593445396 0.3333333333333333 0
1670593445982 0.3333333333333333 0
1670593446685 0.3333333333333333 0
1670593447474 0.334 0
1670593448259 0.3333333333333333 0
1670593448937 0.3333333333333333 0
1670593449690 0.33366666666666667 0
1670593450351 0.33366666666666667 0
1670593450985 0.3333333333333333 0
1670593451927 0.3333333333333333 0
1670593452611 0.3333333333333333 0
1670593453224 0.3333333333333333 0
1670593453866 0.33366666666666667 0
1670593454565 0.3333333333333333 0
1670593455320 0.3333333333333333 0
1670593456151 0.3333333333333333 0
1670593457004 0.3333333333333333 0
1670593458021 0.3333333333333333 0
1670593458763 0.3333333333333333 0
1670593459830 0.3333333333333333 0
1670593460678 0.3333333333333333 0
1670593461354 0.3333333333333333 0
1670593462107 0.3333333333333333 0
1670593462763 0.3333333333333333 0
1670593463530 0.33366666666666667 0
1670593464320 0.3333333333333333 0
1670593465024 0.33366666666666667 0
1670593465718 0.3333333333333333 0
1670593466458 0.3333333333333333 0
1670593467130 0.3333333333333333 0
1670593467918 0.3333333333333333 0
1670593468702 0.3333333333333333 0
1670593469466 0.3333333333333333 0
1670593470394 0.3333333333333333 0
1670593471063 0.3333333333333333 0
1670593471800 0.3333333333333333 0
1670593472480 0.3333333333333333 0
1670593473232 0.3333333333333333 0
1670593474203 0.3333333333333333 0
1670593475162 0.3333333333333333 0
1670593475821 0.33366666666666667 0
1670593476608 0.3333333333333333 0
1670593477437 0.3333333333333333 0
1670593478425 0.3333333333333333 0
1670593479263 0.3333333333333333 0
1670593479913 0.3333333333333333 0
1670593480767 0.3333333333333333 0
1670593481637 0.3333333333333333 0
1670593482371 0.3333333333333333 0
1670593483144 0.33366666666666667 0
1670593484055 0.3333333333333333 0
1670593484973 0.3333333333333333 0
1670593485738 0.3333333333333333 0
1670593486442 0.33366666666666667 0
1670593487108 0.33366666666666667 0
1670593488029 0.3333333333333333 0
1670593488810 0.3333333333333333 0
1670593489569 0.3333333333333333 0
1670593490268 0.3333333333333333 0
1670593491027 0.33366666666666667 0
1670593491747 0.3333333333333333 0
1670593492713 0.3333333333333333 0
1670593493341 0.3333333333333333 0
1670593494177 0.3333333333333333 0
1670593494952 0.3333333333333333 0
1670593495587 0.3333333333333333 0
1670593496194 0.3333333333333333 0
1670593496799 0.3333333333333333 0
1670593497471 0.3333333333333333 0
1670593498322 0.3333333333333333 0
1670593498965 0.3333333333333333 0
1670593499860 0.3333333333333333 0
1670593500814 0.3333333333333333 0
1670593501825 0.33366666666666667 0
1670593502614 0.33366666666666667 0
1670593503410 0.3333333333333333 0
1670593504292 0.3333333333333333 0
1670593505014 0.33366666666666667 0
1670593505810 0.3333333333333333 0
1670593506530 0.3333333333333333 0
1670593507203 0.3333333333333333 0
1670593507846 0.3333333333333333 0
1670593508650 0.3333333333333333 0
1670593509395 0.3333333333333333 0
1670593510066 0.3333333333333333 0
1670593510847 0.3333333333333333 0
1670593511802 0.3333333333333333 0
1670593512595 0.3333333333333333 0
1670593513276 0.3333333333333333 0
1670593514021 0.3333333333333333 0
1670593514896 0.33366666666666667 0
1670593515739 0.3333333333333333 0
1670593516557 0.3333333333333333 0
1670593517220 0.3333333333333333 0
1670593518093 0.33366666666666667 0
1670593518955 0.3333333333333333 0
1670593519644 0.3333333333333333 0
1670593520307 0.3333333333333333 0
1670593521239 0.3333333333333333 0
1670593521972 0.3333333333333333 0
1670593522701 0.3333333333333333 0
1670593523639 0.33366666666666667 0
1670593524418 0.3333333333333333 0
1670593525450 0.3333333333333333 0
1670593526169 0.3333333333333333 0
1670593527013 0.3333333333333333 0
1670593527688 0.3333333333333333 0
1670593528368 0.3333333333333333 0
1670593529193 0.3333333333333333 0
1670593529886 0.3333333333333333 0
1670593531223 0.3333333333333333 0
1670593532723 0.3333333333333333 0
1670593533447 0.33366666666666667 0
1670593534078 0.3333333333333333 0
1670593534945 0.3333333333333333 0
1670593535845 0.3333333333333333 0
1670593536626 0.3333333333333333 0
1670593537551 0.3333333333333333 0
1670593538465 0.3333333333333333 0
1670593539501 0.3333333333333333 0
1670593540533 0.3333333333333333 0
1670593541219 0.3333333333333333 0
1670593542006 0.3333333333333333 0
1670593542715 0.3333333333333333 0
1670593543399 0.3333333333333333 0
1670593544275 0.3333333333333333 0
1670593545031 0.3333333333333333 0
1670593545726 0.33366666666666667 0
1670593546466 0.3333333333333333 0
1670593547404 0.3333333333333333 0
1670593548148 0.3333333333333333 0
1670593549002 0.3333333333333333 0
1670593549759 0.3333333333333333 0
1670593550483 0.3333333333333333 0
1670593551234 0.3333333333333333 0
1670593551938 0.3333333333333333 0
1670593552724 0.3333333333333333 0
1670593553395 0.3333333333333333 0
1670593554444 0.3333333333333333 0
1670593555063 0.3333333333333333 0
1670593555725 0.3333333333333333 0
1670593556751 0.3333333333333333 0
1670593557498 0.3333333333333333 0
1670593558216 0.3333333333333333 0
1670593558933 0.3333333333333333 0
1670593559801 0.3333333333333333 0
1670593560871 0.3333333333333333 0
1670593561551 0.3333333333333333 0
1670593562565 0.3333333333333333 0
1670593563630 0.33366666666666667 0
1670593564320 0.3333333333333333 0
1670593565074 0.3333333333333333 0
1670593565910 0.3333333333333333 0
1670593566820 0.3333333333333333 0
1670593567744 0.3333333333333333 0
1670593568422 0.3333333333333333 0
1670593569096 0.3333333333333333 0
1670593569774 0.3333333333333333 0
1670593570453 0.33366666666666667 0
1670593571213 0.33366666666666667 0
1670593571975 0.3333333333333333 0
1670593572674 0.3333333333333333 0
1670593573489 0.3333333333333333 0
1670593574553 0.33366666666666667 0
1670593575457 0.3333333333333333 0
1670593576389 0.3333333333333333 0
1670593577064 0.3333333333333333 0
1670593577805 0.33366666666666667 0
1670593578547 0.33366666666666667 0
1670593579526 0.3333333333333333 0
1670593580634 0.3333333333333333 0
1670593581590 0.3333333333333333 0
1670593582335 0.3333333333333333 0
1670593583274 0.3333333333333333 0
1670593584056 0.3333333333333333 0
1670593584968 0.3333333333333333 0
1670593586101 0.3333333333333333 0
1670593586800 0.3333333333333333 0
1670593587505 0.3333333333333333 0
1670593588225 0.3333333333333333 0
1670593589131 0.3333333333333333 0
1670593589856 0.334 0
1670593590910 0.3333333333333333 0
1670593591796 0.33366666666666667 0
1670593592856 0.3333333333333333 0
1670593593926 0.3333333333333333 0
1670593594627 0.3333333333333333 0
1670593595464 0.3333333333333333 0
