1670634359994 0.0 0
1670634361436 0.0 0
1670634362880 0.0 0
1670634364323 0.0007403853613860797 0
1670634365774 0.0006386661920440906 0
1670634367212 0.0005708271881056994 0
1670634368651 0.0005213506426904687 0
1670634370112 0.0004831381218744638 0
1670634371566 0.0004524314325481983 0
1670634373043 0.00042702992214072396 0
1670634374507 0.00040554677472974754 0
1670634375959 0.00038705789960614907 0
1670634377431 0.000503981034726812 0
1670634378884 0.00048605818551921993 0
1670634380334 0.0004699404524693003 0
1670634381779 0.0005387669235071412 0
1670634383235 0.0005241878946692212 0
1670634384678 0.0005107233286229624 0
1670634386146 0.0005581397478422035 0
1670634387585 0.0005922991830687248 0
1670634389018 0.0005810027968323779 0
1670634390434 0.000570274997622411 0
1670634391860 0.0005600772305160646 0
1670634393303 0.0005503729497674722 0
1670634394755 0.0005784901145612938 0
1670634396201 0.0005697101413206957 0
1670634397667 0.0007179911148639949 0
1670634399079 0.0007079152107168652 0
1670634400426 0.0006872824446272137 0
1670634401776 0.0006796445084191032 0
1670634403253 0.0006721891514934346 0
1670634404890 0.0006812221295637354 0
1670634406386 0.0006744554574474562 0
1670634407885 0.0006678266975821573 0
1670634409381 0.0006761126608574662 0
1670634410891 0.0006829531445323955 0
1670634412456 0.0006773125115921644 0
1670634413993 0.0006717462512405086 0
1670634415545 0.0006781651617332298 0
1670634416879 0.0006730392696012835 0
1670634418326 0.0006679716095286567 0
1670634419873 0.0006629669104620704 0
1670634421440 0.0006580287995574503 0
1670634422935 0.0006646759449792154 0
1670634424493 0.0006600789453295616 0
1670634426004 0.0006555357328848409 0
1670634427462 0.0006510488992838312 0
1670634428936 0.0006575254112442764 0
1670634430425 0.000653321328180018 0
1670634431923 0.0006491636147834415 0
1670634433417 0.0006450541826542443 0
1670634434908 0.0006409945106671874 0
1670634436398 0.000703382285647874 0
1670634437973 0.0006991221927530238 0
1670634439528 0.0006949132857896464 0
1670634441027 0.0006907563731482606 0
1670634442534 0.000695100038547278 0
1670634444051 0.0006911690758083983 0
1670634445599 0.0006872824446272137 0
1670634447122 0.0006914501201640518 0
1670634448637 0.0006877648025577693 0
1670634450313 0.0006841175475695326 0
1670634451837 0.0006805090221842879 0
1670634453493 0.0006846560811493985 0
1670634455244 0.0006812221295637354 0
1670634456751 0.00067782174376362 0
1670634458235 0.0006744554574474563 0
1670634459908 0.0006711236771380811 0
1670634461628 0.0006678266975821573 0
1670634463245 0.0006645647153251682 0
1670634464598 0.0006690122405669458 0
1670634466092 0.0006730675868261512 0
1670634467823 0.000670048683572499 0
1670634469476 0.0006670563975571947 0
1670634471309 0.0006640910866834507 0
1670634473087 0.0006680853613440671 0
1670634474874 0.0006652395727184103 0
1670634476608 0.0006624176912100957 0
1670634478243 0.0006596200156441142 0
1670634479913 0.0006568467814248681 0
1670634481652 0.0006540981671324199 0
1670634483333 0.0006513743004482298 0
1670634485086 0.0006486752634827882 0
1670634486612 0.0006529142884427714 0
1670634488329 0.0006503110228093436 0
1670634490002 0.0006477300586558491 0
1670634491632 0.0006451714707489921 0
1670634493030 0.0006426352999928234 0
1670634494702 0.0006401215568473746 0
1670634496513 0.0006376302244236826 0
1670634497948 0.0006419529337410465 0
1670634499647 0.0006395415408585198 0
1670634501309 0.0006371504652516326 0
1670634502944 0.0006347796980316121 0
1670634504706 0.0006389860750662424 0
1670634506348 0.0006366880256964113 0
1670634508087 0.0006344084625611651 0
1670634509880 0.0006384539321512788 0
1670634511633 0.0006362424018796529 0
1670634513546 0.0006340477412076841 0
1670634515233 0.0006318699684282596 0
