1670010578408 nan 0
1670010578503 0.2964781105167489 0
1670010578567 0.06269862392847415 0
1670010578617 0.03812545683190424 0
1670010578689 0.025913487648512788 0
1670010578751 0.02011545050008124 0
1670010578836 0.01664232937057071 0
1670010578897 0.013973435833539702 0
1670010578945 0.013422851768028713 0
1670010578990 0.012677651763724838 0
1670010579043 0.012405935833969352 0
1670010579107 0.01450084877839957 0
1670010579158 0.013259832615425723 0
1670010579209 0.012344963751205789 0
1670010579269 0.011546165788170509 0
1670010579334 0.010843115530874279 0
1670010579391 0.010134964081001216 0
1670010579437 0.009523288936030806 0
1670010579479 0.009877897166827219 0
1670010579520 0.00938079261765407 0
1670010579720 0.009808767755476164 0
1670010579774 0.009323873327794205 0
1670010579823 0.008884717418529586 0
1670010579874 0.008502860562840879 0
1670010579937 0.008217285017777201 0
1670010580005 0.007948715206082188 0
1670010580052 0.007776591141057582 0
1670010580114 0.0076403603921869345 0
1670010580236 0.008050647643084857 0
1670010580278 0.04044030289735513 0
1670010580324 0.04195119147664785 0
1670010580368 0.04144658032193303 0
1670010580420 0.0411866550551708 0
1670010580480 0.040585767769648146 0
1670010580578 0.04002435888014056 0
1670010580846 0.04068187968684942 0
1670010580964 0.040143938279272845 0
1670010581377 0.0396267653925566 0
1670010581484 0.03923791871417004 0
1670010581580 0.039799014063159215 0
1670010581733 0.03940472602488128 0
1670010581794 0.039076868582364116 0
1670010581863 0.03918160882496565 0
1670010581929 0.039405711211662295 0
1670010581992 0.039500318468134094 0
1670010582060 0.039408672462460964 0
1670010582146 0.039006565655810364 0
1670010582196 0.03860401072378098 0
1670010582258 0.03851947448286021 0
1670010582314 0.0383859500952677 0
1670010582365 0.0380133493527558 0
1670010582433 0.038123846722418996 0
1670010582483 0.03806891673159009 0
1670010582531 0.03773271623475251 0
1670010582583 0.03815221998255257 0
1670010582662 0.03787412710646486 0
1670010582708 0.03760161905390238 0
1670010582755 0.037824106109637094 0
1670010582809 0.03761253143959689 0
1670010582862 0.03740324039432617 0
1670010582931 0.03750951079731632 0
1670010582996 0.03722387309621309 0
1670010583056 0.037030690958372386 0
1670010583114 0.03680372788529945 0
1670010583170 0.036997869561025076 0
1670010583224 0.036781498416897825 0
1670010583280 0.03652056840029064 0
1670010583328 0.036342895916021425 0
1670010583381 0.03787559382201833 0
1670010583444 0.03784064830182559 0
1670010583503 0.03762767660494705 0
1670010583553 0.03741795979981853 0
1670010583618 0.03725273339818909 0
1670010583678 0.03733388297657181 0
1670010583729 0.038646004464692574 0
1670010583773 0.03852538608797926 0
1670010583821 0.038295958591332994 0
1670010583879 0.03817984004484086 0
1670010583947 0.038170717342597346 0
1670010584008 0.03795137634637252 0
1670010584061 0.03799139465946621 0
1670010584112 0.03775944430483458 0
1670010584181 0.037652995333574996 0
1670010584243 0.037450099294425686 0
1670010584293 0.037324546940621456 0
1670010584340 0.037107352031081814 0
1670010584396 0.03778912849462891 0
1670010584453 0.03765683380276472 0
1670010584506 0.03744586161549625 0
1670010584556 0.037432321484403425 0
1670010584617 0.037227570410867904 0
1670010584705 0.03703894303381104 0
1670010584759 0.03702520752509261 0
1670010584823 0.037007853512689995 0
1670010584910 0.036824107100319754 0
1670010584971 0.036956432767798135 0
1670010585039 0.03721187175753397 0
1670010585116 0.037937263934457524 0
1670010585191 0.03791644048383219 0
1670010585236 0.0380363205959076 0
1670010585285 0.0381474275196731 0
1670010585350 nan 0
1670010585425 0.21177007894053493 0
1670010585497 0.04780725255456972 0
1670010585566 0.027898975361834177 0
1670010585608 0.018876197026430334 0
1670010585670 0.014451366249886927 0
1670010585718 0.012257656412421214 0
1670010585775 0.010637680859853713 0
1670010585830 0.009238240166994226 0
1670010585920 0.00848657962554068 0
1670010585999 0.007827587768883867 0
1670010586053 0.007072487296097187 0
1670010586100 0.0067040394758874355 0
1670010586159 0.007150175781252922 0
1670010586214 0.00709689582224881 0
1670010586287 0.006970343345255755 0
1670010586346 0.0065327307821362 0
1670010586438 0.006740646197576989 0
1670010586518 0.006355604755468532 0
1670010586593 0.0060229296578007685 0
