1670639815089 nan 0
1670639820334 nan 0
1670639825838 0.0002756079346556099 0
1670639831047 0.0007532306753393768 0
1670639835796 0.000646915575625183 0
1670639840751 0.0006253098547254726 0
1670639845781 0.0005670169761892461 0
1670639850960 0.0005325488432455626 0
1670639856241 0.0005447995885447616 0
1670639861409 0.0005156286845398747 0
1670639866666 0.000492155243541373 0
1670639871931 0.0004994396924385637 0
1670639877392 0.000482086245684672 0
1670639883207 0.00048699201574710615 0
1670639888557 0.0004991586804639431 0
1670639893708 0.0004836057514665333 0
1670639898972 0.0004922903014944088 0
1670639904600 0.0004794410997085585 0
1670639910390 0.00046801440641990933 0
1670639915600 0.0004573569991263255 0
1670639920940 0.0004473876881253594 0
1670639926431 0.0004380365373103163 0
1670639931427 0.0004292429925388724 0
1670639936483 0.00042095436159269434 0
1670639941627 0.00041464063355686694 0
1670639946759 0.0004085603159606615 0
1670639951827 0.00041530888431683425 0
1670639956803 0.0004247491264301192 0
1670639961855 0.0004008220857894254 0
1670639966830 0.0003954447555586086 0
1670639971819 0.0004010749158406276 0
1670639976682 0.0003957542944302448 0
1670639981925 0.0003906340656207809 0
1670639986861 0.000387325091513478 0
1670639991722 0.00038265647342361974 0
1670639996580 0.0003781473633608736 0
1670640001656 0.0003872130508762847 0
1670640006768 0.0003918639154983434 0
1670640011751 0.00038755778909620734 0
1670640016652 0.0003914093871533682 0
1670640021660 0.000387185630812681 0
1670640026069 0.00038309367413981834 0
1670640030362 0.00037912693104082584 0
1670640034728 0.00038229068349819714 0
1670640039743 0.0003804292528702066 0
1670640044501 0.0003886960606798146 0
1670640048995 0.0003916523775672831 0
1670640053465 0.0003990315127944556 0
1670640057664 0.000405556285695142 0
1670640062277 0.000402036938427737 0
1670640066623 0.00042288581188350705 0
1670640070828 0.0004200823150033315 0
1670640075093 0.0004228401874510804 0
1670640079911 0.0004273908682970234 0
1670640084659 0.00043144427093917595 0
1670640089531 0.0004285907972932703 0
1670640094315 0.00042551700057601627 0
1670640098649 0.0004225048012134304 0
1670640102679 0.00041955235637446 0
1670640106670 0.0004221715564948827 0
1670640110479 0.000424500641492281 0
1670640114338 0.00042656622562642495 0
1670640118263 0.000428391985078216 0
1670640121793 0.00042626133904715726 0
1670640125752 0.00042795833878323225 0
1670640129759 0.00043207670342111507 0
1670640133628 0.0004292208248124342 0
1670640137537 0.0004307873266549046 0
1670640141418 0.0004321727615254392 0
1670640145543 0.00042936400096977006 0
1670640150295 0.000430585347745628 0
1670640154243 0.00042884216909344706 0
1670640158202 0.0004299877872928374 0
1670640162367 0.0004273021164470624 0
1670640166744 0.0004283148389894083 0
1670640170994 0.0004267791930508154 0
1670640175291 0.0004252457629996773 0
1670640180323 0.0004237154747330934 0
1670640185386 0.00042479704342439405 0
1670640189889 0.00042575871666636583 0
1670640195048 0.00042330164990440845 0
1670640200199 0.0004208864416233419 0
1670640205508 0.0004185119228440227 0
1670640210605 0.00041938405615683913 0
1670640215710 0.0004181752247863423 0
1670640220590 0.00041900255819964316 0
1670640224770 0.0004230568031499208 0
1670640229215 0.0004238318339326975 0
1670640234230 0.00042158213288845804 0
1670640239050 0.00042227793409761337 0
1670640243891 0.0004261643343794608 0
1670640248761 0.000424981662203535 0
1670640253694 0.0004285512383592873 0
1670640258684 0.0004292876288174444 0
1670640263706 0.00042994596491600077 0
1670640268738 0.00043053085653486705 0
1670640273470 0.00043104660018556247 0
1670640277676 0.0004314972046099714 0
1670640281810 0.0004294065944921177 0
1670640287248 0.00042734603293799125 0
1670640292179 0.00043090357882880065 0
1670640297170 0.0004288868419177681 0
1670640301600 0.00043992751518634617 0
1670640306195 0.0004387817070957741 0
1670640310784 0.0004376367437575661 0
