1670591637517 0.0 0
1670591638343 0.0 0
1670591639211 0.0 0
1670591640028 0.0 0
1670591640924 0.0 0
1670591641803 0.0 0
1670591642712 0.0005213506426904687 0
1670591643593 0.0004831381218744638 0
1670591644324 0.00045243143254819826 0
1670591645136 0.00042702992214072396 0
1670591645829 0.00040554677472974754 0
1670591646683 0.00038705789960614907 0
1670591647393 0.0003709199983226394 0
1670591648130 0.0003566691979510573 0
1670591648771 0.0004699404524693003 0
1670591649717 0.0004553411577090536 0
1670591650360 0.0004420340450781797 0
1670591651027 0.00042983773163036065 0
1670591651741 0.00041860481088165256 0
1670591652764 0.00048662343503793384 0
1670591653356 0.0004757800065754757 0
1670591653942 0.0004656275857472657 0
1670591654697 0.0004560961320758266 0
1670591655337 0.0004471250980783724 0
1670591656043 0.0004386618484333402 0
1670591656949 0.0004306603866645782 0
1670591657575 0.0004230803217933501 0
1670591658442 0.0004158860237520394 0
1670591659472 0.0005924087185312257 0
1670591660170 0.000584044249845766 0
1670591660996 0.0005760144679075102 0
1670591662097 0.0005682984902210705 0
1670591662880 0.0005903830990519784 0
1670591663771 0.00060887705160024 0
1670591664588 0.0006018949203082676 0
1670591665374 0.0005951333363519282 0
1670591666208 0.0005885820937040545 0
1670591666951 0.0005822314978482378 0
1670591667823 0.000813378494106587 0
1670591668570 0.0008049767086782096 0
1670591669391 0.0007968185964383417 0
1670591670229 0.0007888934035411842 0
1670591671150 0.000781190948757502 0
1670591671953 0.0007737015956842838 0
1670591672637 0.0007664162246033754 0
1670591673403 0.000772445102881179 0
1670591674120 0.0007776079176730256 0
1670591674895 0.000771016887846134 0
1670591675676 0.0007645813669963943 0
1670591676402 0.0007582959019682117 0
1670591677198 0.000763403837676239 0
1670591677958 0.0007574726553874439 0
1670591679200 0.0007621121899776765 0
1670591680098 0.000756507294455988 0
1670591680816 0.0007510151235074003 0
1670591681831 0.0007456324669015811 0
1670591682767 0.0007403561974002029 0
1670591683516 0.000735183273377274 0
1670591684250 0.0007301107403286396 0
1670591685110 0.0007351900863388148 0
1670591685985 0.0007397253404262423 0
1670591686913 0.0007350402178178985 0
1670591687694 0.0007822397583740244 0
1670591688405 0.0007775158876214964 0
1670591689167 0.0007728680958851672 0
1670591690026 0.000768294789268724 0
1670591690827 0.0007712509100027989 0
1670591691797 0.000766883979437645 0
1670591692796 0.0007696322410157239 0
1670591693759 0.0007654582969407744 0
1670591694557 0.0007613435441038648 0
1670591695388 0.0007572869752049048 0
1670591696300 0.000753287578722141 0
1670591697074 0.000749344342520109 0
1670591697841 0.0007454562569341194 0
1670591698621 0.0007416223173994595 0
1670591699468 0.0007378415266844279 0
1670591700216 0.0007411593553670909 0
1670591701227 0.0007441843275135109 0
1670591702188 0.0007469373965556717 0
1670591702948 0.0007434849711661057 0
1670591703948 0.0007460769377250213 0
1670591704682 0.0007427539488417024 0
1670591705511 0.0007394683382077706 0
1670591706409 0.0007419977227707972 0
1670591707448 0.0007388312602561224 0
1670591708187 0.0007412217914351656 0
1670591709074 0.0007381682477615659 0
1670591709765 0.0007704254979945826 0
1670591710520 0.0007719059010386481 0
1670591711306 0.0007732289472459862 0
1670591712112 0.0007744043220740907 0
1670591713017 0.0007715691016726453 0
1670591713748 0.0007687563910077239 0
1670591714669 0.0007699465690831543 0
1670591715435 0.0007672299016333894 0
1670591716258 0.000764533747885834 0
1670591717025 0.0007618581779751611 0
1670591717847 0.000763128532566585 0
1670591718696 0.0007642723918586884 0
1670591719428 0.0007617505708873397 0
