1670634798464 0.0 0
1670634799029 0.0 0
1670634799614 0.0 0
1670634800181 0.0 0
1670634800713 0.0 0
1670634801308 0.0 0
1670634801874 0.0 0
1670634802458 0.0 0
1670634803031 0.0 0
1670634803617 0.0 0
1670634804209 0.0 0
1670634804862 0.0 0
1670634805534 0.0 0
1670634806193 0.0 0
1670634806843 0.0 0
1670634807455 0.0 0
1670634808073 0.0 0
1670634808720 0.0 0
1670634809356 0.0 0
1670634809984 0.0 0
1670634810580 0.0 0
1670634811195 0.0 0
1670634811848 0.0 0
1670634812377 0.0 0
1670634812939 0.0 0
1670634813562 0.0 0
1670634814192 0.0 0
1670634814876 0.0 0
1670634815457 0.0 0
1670634816007 0.0 0
1670634816692 0.0 0
1670634817343 0.0 0
1670634818012 0.0 0
1670634818651 0.0 0
1670634819305 0.0 0
1670634819945 0.0 0
1670634820576 0.0 0
1670634821251 0.0 0
1670634821920 0.0 0
1670634822540 0.0 0
1670634823165 0.0 0
1670634823712 0.0 0
1670634824312 0.0 0
1670634824969 0.0 0
1670634825508 0.0 0
1670634826115 0.0 0
1670634826775 0.0 0
1670634827442 0.0 0
1670634828089 0.0 0
1670634828750 0.0 0
1670634829426 0.0 0
1670634830081 0.0 0
1670634830739 0.0 0
1670634831366 0.0 0
1670634831966 0.0 0
1670634832624 0.0 0
1670634833251 0.0 0
1670634833911 0.0 0
1670634834581 0.0 0
1670634835213 0.0 0
1670634835842 0.0 0
1670634836494 0.0 0
1670634837141 0.0 0
1670634837780 0.0 0
1670634838378 0.0 0
1670634838922 0.0 0
1670634839567 0.0 0
1670634840221 0.0 0
1670634840866 0.0 0
1670634841494 0.0 0
1670634842123 0.0 0
1670634842779 0.0 0
1670634843395 0.0 0
1670634844023 0.0 0
1670634844652 0.0 0
1670634845282 0.0 0
1670634845794 0.0 0
1670634846271 0.0 0
1670634846892 0.0 0
1670634847524 0.0 0
1670634848153 0.0 0
1670634848732 0.0 0
1670634849290 0.0 0
1670634849856 0.0 0
1670634850521 0.0 0
1670634851180 0.0 0
1670634851771 0.0 0
1670634852345 0.0 0
1670634852965 0.0 0
1670634853571 0.0 0
1670634854197 0.0 0
1670634854845 0.0 0
1670634855436 0.0 0
1670634856055 0.0 0
1670634856640 0.0 0
1670634857214 0.0 0
1670634857823 0.0 0
1670634858408 0.0 0
1670634858996 0.0 0
1670634859581 0.0 0
1670634860148 0.0 0
1670634860705 0.0 0
