1670630067570 0.0 0
1670630068023 0.0 0
1670630068709 0.0 0
1670630069408 0.0 0
1670630070011 0.0 0
1670630070484 0.0 0
1670630070992 0.0 0
1670630071606 0.0 0
1670630072247 0.0 0
1670630072873 0.0 0
1670630073514 0.0 0
1670630074126 0.0 0
1670630074755 0.0 0
1670630075354 0.0 0
1670630075987 0.0 0
1670630076587 0.0 0
1670630077230 0.0 0
1670630077912 0.0 0
1670630078594 0.0 0
1670630079257 0.0 0
1670630079871 0.0 0
1670630080516 0.0 0
1670630081137 0.0 0
1670630081756 0.0 0
1670630082335 0.0 0
1670630082950 0.0 0
1670630083567 0.0 0
1670630084184 0.0 0
1670630084790 0.0 0
1670630085409 0.0 0
1670630085931 0.0 0
1670630086474 0.0 0
1670630087132 0.0 0
1670630087749 0.0 0
1670630088323 0.0 0
1670630088876 0.0 0
1670630089509 0.0 0
1670630090117 0.0 0
1670630090724 0.0 0
1670630091324 0.0 0
1670630091917 0.0 0
1670630092520 0.0 0
1670630093130 0.0 0
1670630093766 0.0 0
1670630094375 0.0 0
1670630094986 0.0 0
1670630095645 0.0 0
1670630096250 0.0 0
1670630096894 0.0 0
1670630097521 0.0 0
1670630098059 0.0 0
1670630098542 0.0 0
1670630099026 0.0 0
1670630099590 0.0 0
1670630100204 0.0 0
1670630100843 0.0 0
1670630101494 0.0 0
1670630102279 0.0 0
1670630102764 0.0 0
1670630103287 0.0 0
1670630103888 0.0 0
1670630104372 0.0 0
1670630104856 0.0 0
1670630105490 0.0 0
1670630106075 0.0 0
1670630106559 0.0 0
1670630107043 0.0 0
1670630107528 0.0 0
1670630108098 0.0 0
1670630108738 0.0 0
1670630109365 0.0 0
1670630109975 0.0 0
1670630110638 0.0 0
1670630111297 0.0 0
1670630111919 0.0 0
1670630112542 0.0 0
1670630113189 0.0 0
1670630113842 0.0 0
1670630114464 0.0 0
1670630115097 0.0 0
1670630115731 0.0 0
1670630116363 0.0 0
1670630116994 0.0 0
1670630117630 0.0 0
1670630118262 0.0 0
1670630118870 0.0 0
1670630119489 0.0 0
1670630120093 0.0 0
1670630120745 0.0 0
1670630121373 0.0 0
1670630122009 0.0 0
1670630122686 0.0 0
1670630123344 0.0 0
1670630123978 0.0 0
1670630124636 0.0 0
1670630125281 0.0 0
1670630126001 0.0 0
1670630126665 0.0 0
1670630127325 0.0 0
1670630127912 0.0 0
1670630128505 0.0 0
1670630129135 0.0 0
