1670606191312 0.0 0
1670606193148 0.0 0
1670606194435 0.0 0
1670606196331 0.0 0
1670606198283 0.0 0
1670606200061 0.0 0
1670606201848 0.0 0
1670606203672 0.0 0
1670606205473 0.0 0
1670606206889 0.0 0
1670606208717 0.0 0
1670606210658 0.0 0
1670606212137 0.0 0
1670606213697 0.0 0
1670606214996 0.0 0
1670606215848 0.0 0
1670606216705 0.0 0
1670606218274 0.0 0
1670606220333 0.0 0
1670606222115 0.0 0
1670606223936 0.0 0
1670606225079 0.0 0
1670606226903 0.0 0
1670606228554 0.0 0
1670606230417 0.0 0
1670606231955 0.0 0
1670606233859 0.0 0
1670606235979 0.0 0
1670606237896 0.0 0
1670606239924 0.0 0
1670606241756 0.0 0
1670606243564 0.0 0
1670606245203 0.0 0
1670606246484 0.0 0
1670606247827 0.0 0
1670606249323 0.0 0
1670606250906 0.0 0
1670606252233 0.0 0
1670606253831 0.0 0
1670606254963 0.0 0
1670606256312 0.0 0
1670606257746 0.0 0
1670606259014 0.0 0
1670606260528 0.0 0
1670606261674 0.0 0
1670606263236 0.0 0
1670606264838 0.0 0
1670606266374 0.0 0
1670606267649 0.0 0
1670606268997 0.0 0
1670606270479 0.0 0
1670606271831 0.0 0
1670606273690 0.0 0
1670606275363 0.0 0
1670606276532 0.0 0
1670606277961 0.0 0
1670606279451 0.0 0
1670606280998 0.0 0
1670606282791 0.0 0
1670606284047 0.0 0
1670606285574 0.0 0
1670606287554 0.0 0
1670606288658 0.0 0
1670606290367 0.0 0
1670606292168 0.0 0
1670606293684 0.0 0
1670606295076 0.0 0
1670606296611 0.0 0
1670606297958 0.0 0
1670606299328 0.0 0
1670606300911 0.0 0
1670606302278 0.0 0
1670606303718 0.0 0
1670606305161 0.0 0
1670606306765 0.0 0
1670606308102 0.0 0
1670606309671 0.0 0
1670606311174 0.0 0
1670606312680 0.0 0
1670606314051 0.0 0
1670606315358 0.0 0
1670606316770 0.0 0
1670606318104 0.0 0
1670606319188 0.0 0
1670606320408 0.0 0
1670606321917 0.0 0
1670606323404 0.0 0
1670606324654 0.0 0
1670606326351 0.0 0
1670606327746 0.0 0
1670606329123 0.0 0
1670606330353 0.0 0
1670606331723 0.0 0
1670606333152 0.0 0
1670606334714 0.0 0
1670606336305 0.0 0
1670606337810 0.0 0
1670606339340 0.0 0
1670606341658 0.0 0
1670606342801 0.0 0
1670606344599 0.0 0
