1670633928876 0.0 0
1670633929325 0.0 0
1670633929824 0.0 0
1670633930320 0.0 0
1670633930815 0.0 0
1670633931318 0.0 0
1670633931817 0.0 0
1670633932326 0.0 0
1670633932835 0.0 0
1670633933334 0.0 0
1670633933834 0.0 0
1670633934330 0.0 0
1670633934830 0.0 0
1670633935331 0.0 0
1670633935842 0.0 0
1670633936347 0.0 0
1670633936851 0.0 0
1670633937351 0.0 0
1670633937853 0.0 0
1670633938361 0.0 0
1670633938871 0.0 0
1670633939375 0.0 0
1670633939849 0.0 0
1670633940355 0.0 0
1670633940862 0.0 0
1670633941365 0.0 0
1670633941872 0.0 0
1670633942380 0.0 0
1670633942885 0.0 0
1670633943392 0.0 0
1670633943896 0.0 0
1670633944400 0.0 0
1670633944906 0.0 0
1670633945411 0.0 0
1670633945918 0.0 0
1670633946418 0.0 0
1670633946919 0.0 0
1670633947424 0.0 0
1670633947929 0.0 0
1670633948436 0.0 0
1670633948946 0.0 0
1670633949451 0.0 0
1670633949957 0.0 0
1670633950463 0.0 0
1670633950969 0.0 0
1670633951476 0.0 0
1670633952088 0.0 0
1670633952589 0.0 0
1670633953092 0.0 0
1670633953594 0.0 0
1670633954090 0.0 0
1670633954589 0.0 0
1670633955088 0.0 0
1670633955595 0.0 0
1670633956099 0.0 0
1670633956600 0.0 0
1670633957107 0.0 0
1670633957612 0.0 0
1670633958113 0.0 0
1670633958619 0.0 0
1670633959126 0.0 0
1670633959641 0.0 0
1670633960143 0.0 0
1670633960634 0.0 0
1670633961128 0.0 0
1670633961625 0.0 0
1670633962119 0.0 0
1670633962615 0.0 0
1670633963110 0.0 0
1670633963602 0.0 0
1670633964101 0.0 0
1670633964594 0.0 0
1670633965095 0.0 0
1670633965587 0.0 0
1670633966076 0.0 0
1670633966735 0.0 0
1670633967287 0.0 0
1670633967761 0.0 0
1670633968221 0.0 0
1670633968688 0.0 0
1670633969146 0.0 0
1670633969603 0.0 0
1670633970073 0.0 0
1670633970550 0.0 0
1670633971023 0.0 0
1670633971512 0.0 0
1670633971983 0.0 0
1670633972460 0.0 0
1670633972932 0.0 0
1670633973407 0.0 0
1670633973874 0.0 0
1670633974345 0.0 0
1670633974820 0.0 0
1670633975295 0.0 0
1670633975768 0.0 0
1670633976239 0.0 0
1670633976722 0.0 0
1670633977201 0.0 0
1670633977731 0.0 0
1670633978316 0.0 0
1670633978855 0.0 0
1670633979400 0.0 0
