1670582269155 0.0 0
1670582271059 0.0 0
1670582273348 0.0 0
1670582275248 0.0 0
1670582277437 0.0 0
1670582279448 0.0 0
1670582281406 0.0 0
1670582283518 0.0 0
1670582285418 0.0 0
1670582287736 0.0 0
1670582289653 0.0 0
1670582291385 0.0 0
1670582293299 0.0 0
1670582295475 0.0 0
1670582297396 0.0 0
1670582299237 0.0 0
1670582301519 0.0 0
1670582303450 0.0 0
1670582305299 0.0 0
1670582307309 0.0 0
1670582309276 0.0 0
1670582311217 0.0 0
1670582312862 0.0 0
1670582314883 0.0 0
1670582316879 0.0 0
1670582318727 0.0 0
1670582320823 0.0 0
1670582322820 0.0 0
1670582324899 0.0 0
1670582326980 0.0 0
1670582328958 0.0 0
1670582331028 0.0 0
1670582333188 0.0 0
1670582335375 0.0 0
1670582337152 0.0 0
1670582339225 0.0 0
1670582341209 0.0 0
1670582343186 0.0 0
1670582345177 0.0 0
1670582347136 0.0 0
1670582348955 0.0 0
1670582350596 0.0 0
1670582352472 0.0 0
1670582354278 0.0 0
1670582356270 0.0 0
1670582358094 0.0 0
1670582360162 0.0 0
1670582362097 0.0 0
1670582363778 0.0 0
1670582365951 0.0 0
1670582368152 0.0 0
1670582370100 0.0 0
1670582372058 0.0 0
1670582374161 0.0 0
1670582376384 0.0 0
1670582378355 0.0 0
1670582380730 0.0 0
1670582382554 0.0 0
1670582384986 0.0 0
1670582387065 0.0 0
1670582389332 0.0 0
1670582391267 0.0 0
1670582393383 0.0 0
1670582395436 0.0 0
1670582397301 0.0 0
1670582399919 0.0 0
1670582401776 0.0 0
1670582404231 0.0 0
1670582406028 0.0 0
1670582408022 0.0 0
1670582409863 0.0 0
1670582411786 0.0 0
1670582413709 0.0 0
1670582415922 0.0 0
1670582418022 0.0 0
1670582420177 0.0 0
1670582422120 0.0 0
1670582424652 0.0 0
1670582426645 0.0 0
1670582428873 0.0 0
1670582430835 0.0 0
1670582432988 0.0 0
1670582434847 0.0 0
1670582436543 0.0 0
1670582438951 0.0 0
1670582440969 0.0 0
1670582443107 0.0 0
1670582444896 0.0 0
1670582447109 0.0 0
1670582449172 0.0 0
1670582451226 0.0 0
1670582453026 0.0 0
1670582454969 0.0 0
1670582456610 0.0 0
1670582458421 0.0 0
1670582460267 0.0 0
1670582462608 0.0 0
1670582464783 0.0 0
1670582466944 0.0 0
1670582468601 0.0 0
1670582470405 0.0 0
1670582472275 0.0 0
