1670582899686 0.0 0
1670582900074 0.0 0
1670582900376 0.0 0
1670582900652 0.0 0
1670582900919 0.0 0
1670582901229 0.0 0
1670582901522 0.0 0
1670582901784 0.0 0
1670582902090 0.0 0
1670582902371 0.0 0
1670582902686 0.0 0
1670582902955 0.0 0
1670582903516 0.0 0
1670582903871 0.0 0
1670582904292 0.0 0
1670582904586 0.0 0
1670582905116 0.0 0
1670582905422 0.0 0
1670582905916 0.0 0
1670582906198 0.0 0
1670582906572 0.0 0
1670582906905 0.0 0
1670582907212 0.0 0
1670582907625 0.0 0
1670582907884 0.0 0
1670582908229 0.0 0
1670582908635 0.0 0
1670582908894 0.0 0
1670582909377 0.0 0
1670582909702 0.0 0
1670582910016 0.0 0
1670582910446 0.0 0
1670582910817 0.0 0
1670582911102 0.0 0
1670582911441 0.0 0
1670582911703 0.0 0
1670582912042 0.0 0
1670582912346 0.0 0
1670582912622 0.0 0
1670582913066 0.0 0
1670582913378 0.0 0
1670582913684 0.0 0
1670582913953 0.0 0
1670582914284 0.0 0
1670582914882 0.0 0
1670582915186 0.0 0
1670582915488 0.0 0
1670582915884 0.0 0
1670582916168 0.0 0
1670582916498 0.0 0
1670582916800 0.0 0
1670582917097 0.0 0
1670582917491 0.0 0
1670582917775 0.0 0
1670582918108 0.0 0
1670582918609 0.0 0
1670582918979 0.0 0
1670582919472 0.0 0
1670582919930 0.0 0
1670582920224 0.0 0
1670582920521 0.0 0
1670582920812 0.0 0
1670582921289 0.0 0
1670582921559 0.0 0
1670582921892 0.0 0
1670582922182 0.0 0
1670582922497 0.0 0
1670582922804 0.0 0
1670582923221 0.0 0
1670582923533 0.0 0
1670582923814 0.0 0
1670582924086 0.0 0
1670582924407 0.0 0
1670582924807 0.0 0
1670582925090 0.0 0
1670582925386 0.0 0
1670582925822 0.0 0
1670582926086 0.0 0
1670582926628 0.0 0
1670582926935 0.0 0
1670582927328 0.0 0
1670582927801 0.0 0
1670582928213 0.0 0
1670582928500 0.0 0
1670582928801 0.0 0
1670582929075 0.0 0
1670582929492 0.0 0
1670582929820 0.0 0
1670582930092 0.0 0
1670582930609 0.0 0
1670582930868 0.0 0
1670582931184 0.0 0
1670582931473 0.0 0
1670582931796 0.0 0
1670582932087 0.0 0
1670582932468 0.0 0
1670582932730 0.0 0
1670582933079 0.0 0
1670582933557 0.0 0
1670582933845 0.0 0
1670582934116 0.0 0
