1670624245045 0.0 0
1670624254921 0.0 0
1670624264535 0.0 0
1670624274146 0.0 0
1670624282623 0.0 0
1670624291051 0.0 0
1670624299789 0.0 0
1670624308814 0.0 0
1670624316859 0.0 0
1670624325479 0.0 0
1670624333631 0.0 0
1670624342221 0.0 0
1670624350939 0.0 0
1670624359822 0.0 0
1670624368949 0.0 0
1670624377097 0.0 0
1670624385610 0.0 0
1670624393846 0.0 0
1670624402076 0.0 0
1670624410435 0.0 0
1670624418795 0.0 0
1670624427382 0.0 0
1670624436235 0.0 0
1670624445112 0.0 0
1670624453906 0.0 0
1670624462548 0.0 0
1670624471389 0.0 0
1670624480253 0.0 0
1670624489437 0.0 0
1670624497982 0.0 0
1670624507059 0.0 0
1670624516120 0.0 0
1670624524946 0.0 0
1670624533944 0.0 0
1670624542554 0.0 0
1670624551288 0.0 0
1670624560034 0.0 0
1670624568478 0.0 0
1670624577533 0.0 0
1670624586489 0.0 0
1670624595923 0.0 0
1670624604675 0.0 0
1670624613180 0.0 0
1670624621772 0.0 0
1670624631130 0.0 0
1670624639826 0.0 0
1670624648970 0.0 0
1670624657518 0.0 0
1670624666062 0.0 0
1670624674517 0.0 0
1670624683261 0.0 0
1670624691884 0.0 0
1670624700610 0.0 0
1670624709470 0.0 0
1670624718265 0.0 0
1670624727197 0.0 0
1670624736337 0.0 0
1670624744678 0.0 0
1670624753483 0.0 0
1670624762075 0.0 0
1670624770881 0.0 0
1670624779734 0.0 0
1670624788284 0.0 0
1670624796973 0.0 0
1670624805558 0.0 0
1670624814245 0.0 0
1670624823049 0.0 0
1670624831553 0.0 0
1670624839468 0.0 0
1670624847822 0.0 0
1670624856367 0.0 0
1670624865301 0.0 0
1670624874104 0.0 0
1670624882191 0.0 0
1670624890486 0.0 0
1670624898747 0.0 0
1670624906945 0.0 0
1670624916161 0.0 0
1670624924995 0.0 0
1670624933713 0.0 0
1670624942644 0.0 0
1670624951603 0.0 0
1670624960210 0.0 0
1670624968673 0.0 0
1670624977704 0.0 0
1670624986058 0.0 0
1670624994809 0.0 0
1670625003682 0.0 0
1670625012482 0.0 0
1670625021027 0.0 0
1670625029296 0.0 0
1670625038040 0.0 0
1670625046946 0.0 0
1670625055437 0.0 0
1670625063901 0.0 0
1670625072353 0.0 0
1670625080816 0.0 0
1670625089653 0.0 0
1670625098330 0.0 0
1670625106506 0.0 0
1670625115074 0.0 0
