1670566036083 0.0 0
1670566038572 0.0 0
1670566040712 0.0 0
1670566043070 0.0 0
1670566045265 0.0 0
1670566048276 0.0 0
1670566050789 0.0 0
1670566053032 0.0 0
1670566054921 0.0 0
1670566056689 0.0 0
1670566058947 0.0 0
1670566061167 0.0 0
1670566063644 0.0 0
1670566066268 0.0 0
1670566068588 0.0 0
1670566070936 0.0 0
1670566073110 0.0 0
1670566075754 0.0 0
1670566078066 0.0 0
1670566080438 0.0 0
1670566082689 0.0 0
1670566084629 0.0 0
1670566086774 0.0 0
1670566088857 0.0 0
1670566091179 0.0 0
1670566093400 0.0 0
1670566095773 0.0 0
1670566097977 0.0001 0
1670566100622 0.0 0
1670566102589 0.0 0
1670566104941 0.0 0
1670566107257 0.0 0
1670566109319 0.0 0
1670566111237 0.0 0
1670566113893 0.0 0
1670566116397 0.0 0
1670566118614 0.0 0
1670566121179 0.0001 0
1670566123414 0.0 0
1670566125847 0.0 0
1670566128628 0.0 0
1670566130752 0.0 0
1670566132954 0.0 0
1670566135433 0.0 0
1670566137404 0.0 0
1670566139999 0.0 0
1670566142651 0.0 0
1670566144818 0.0 0
1670566147243 0.0 0
1670566149863 0.0 0
1670566152051 0.0 0
1670566154084 0.0 0
1670566156326 0.0001 0
1670566158200 0.0 0
1670566160140 0.0 0
1670566161995 0.0 0
1670566164146 0.0 0
1670566166208 0.0 0
1670566168103 0.0 0
1670566170396 0.0 0
1670566172696 0.0 0
1670566174738 0.0 0
1670566176612 0.0 0
1670566178936 0.0 0
1670566181076 0.0 0
1670566183169 0.0 0
1670566185250 0.0 0
1670566187076 0.0 0
1670566189113 0.0 0
1670566191833 0.0 0
1670566194033 0.0 0
1670566196093 0.0 0
1670566198533 0.0 0
1670566200601 0.0 0
1670566202862 0.0 0
1670566205231 0.0 0
1670566207412 0.0 0
1670566209588 0.0 0
1670566211992 0.0 0
1670566214086 0.0 0
1670566216291 0.0 0
1670566218907 0.0 0
1670566221597 0.0 0
1670566224276 0.0 0
1670566227071 0.0 0
1670566229818 0.0 0
1670566232924 0.0 0
1670566236198 0.0 0
1670566238772 0.0 0
1670566240859 0.0 0
1670566243531 0.0 0
1670566245851 0.0 0
1670566248384 0.0 0
1670566251263 0.0 0
1670566253499 0.0001 0
1670566256143 0.0 0
1670566258744 0.0 0
1670566261644 0.0 0
1670566264002 0.0 0
1670566266908 0.0 0
1670566269649 0.0 0
1670566271602 0.0 0
