1670572410694 0.0 0
1670572410868 0.0 0
1670572411185 0.0 0
1670572411395 0.0 0
1670572411696 0.0 0
1670572411867 0.0 0
1670572412159 0.0 0
1670572412645 0.0 0
1670572412911 0.0 0
1670572413150 0.0 0
1670572413480 0.0 0
1670572413662 0.0 0
1670572414061 0.0 0
1670572414345 0.0 0
1670572414533 0.0 0
1670572414834 0.0 0
1670572415103 0.0 0
1670572415362 0.0 0
1670572415614 0.0 0
1670572415861 0.0 0
1670572416111 0.0 0
1670572416400 0.0 0
1670572416670 0.0 0
1670572416860 0.0 0
1670572417019 0.0 0
1670572417344 0.0 0
1670572417507 0.0 0
1670572417750 0.0 0
1670572417905 0.0 0
1670572418045 0.0 0
1670572418192 0.0 0
1670572418344 0.0 0
1670572418514 0.0 0
1670572418789 0.0 0
1670572418971 0.0 0
1670572419130 0.0 0
1670572419292 0.0 0
1670572419503 0.0 0
1670572419784 0.0 0
1670572419913 0.0 0
1670572420060 0.0 0
1670572420297 0.0 0
1670572420537 0.0 0
1670572420799 0.0 0
1670572420936 0.0 0
1670572421084 0.0 0
1670572421293 0.0 0
1670572421612 0.0 0
1670572421833 0.0 0
1670572422165 0.0 0
1670572422450 0.0 0
1670572422625 0.0 0
1670572422884 0.0 0
1670572423037 0.0 0
1670572423274 0.0 0
1670572423519 0.0 0
1670572423792 0.0 0
1670572424013 0.0 0
1670572424152 0.0 0
1670572424367 0.0 0
1670572424582 0.0 0
1670572424975 0.0 0
1670572425401 0.0 0
1670572425639 0.0 0
1670572425804 0.0 0
1670572425931 0.0 0
1670572426175 0.0 0
1670572426362 0.0 0
1670572426621 0.0 0
1670572426837 0.0 0
1670572427014 0.0 0
1670572427300 0.0 0
1670572427521 0.0 0
1670572427713 0.0 0
1670572428041 0.0 0
1670572428268 0.0 0
1670572428500 0.0 0
1670572428710 0.0 0
1670572428954 0.0 0
1670572429198 0.0 0
1670572429344 0.0 0
1670572429457 0.0 0
1670572429699 0.0 0
1670572429904 0.0 0
1670572430075 0.0 0
1670572430277 0.0 0
1670572430508 0.0 0
1670572430776 0.0 0
1670572430953 0.0 0
1670572431261 0.0 0
1670572431523 0.0 0
1670572431832 0.0 0
1670572432068 0.0 0
1670572432272 0.0 0
1670572432511 0.0 0
1670572432796 0.0 0
1670572433009 0.0 0
1670572433237 0.0 0
1670572433434 0.0 0
1670572433799 0.0 0
1670572433956 0.0 0
1670572434125 0.0 0
