1670585516500 0.0 0
1670585517494 0.0 0
1670585518503 0.0 0
1670585519528 0.0 0
1670585520725 0.0 0
1670585521713 0.0 0
1670585522777 0.0 0
1670585524074 0.0 0
1670585524912 0.0 0
1670585526022 0.0 0
1670585527198 0.0 0
1670585528093 0.0 0
1670585529151 0.0 0
1670585530064 0.0 0
1670585531011 0.0 0
1670585531926 0.0 0
1670585533209 0.0 0
1670585534266 0.0 0
1670585535468 0.0 0
1670585536572 0.0 0
1670585537778 0.0 0
1670585538895 0.0 0
1670585540014 0.0 0
1670585540977 0.0 0
1670585541996 0.0 0
1670585543044 0.0 0
1670585543904 0.0 0
1670585545145 0.0 0
1670585546014 0.0 0
1670585546934 0.0 0
1670585548247 0.0 0
1670585549159 0.0 0
1670585550089 0.0 0
1670585551271 0.0 0
1670585552234 0.0 0
1670585553215 0.0 0
1670585554176 0.0 0
1670585555117 0.0 0
1670585556262 0.0 0
1670585557451 0.0 0
1670585558316 0.0 0
1670585559517 0.0 0
1670585560624 0.0 0
1670585561663 0.0 0
1670585562701 0.0 0
1670585563995 0.0 0
1670585565113 0.0 0
1670585566299 0.0 0
1670585567504 0.0 0
1670585568858 0.0 0
1670585570004 0.0 0
1670585571229 0.0 0
1670585572383 0.0 0
1670585573727 0.0 0
1670585574840 0.0 0
1670585575967 0.0 0
1670585577190 0.0 0
1670585578405 0.0 0
1670585579487 0.0 0
1670585580691 0.0 0
1670585581599 0.0 0
1670585582708 0.0 0
1670585583775 0.0 0
1670585584681 0.0 0
1670585585666 0.0 0
1670585586788 0.0 0
1670585588070 0.0 0
1670585589193 0.0 0
1670585590481 0.0 0
1670585591608 0.0 0
1670585592650 0.0 0
1670585593740 0.0 0
1670585594879 0.0 0
1670585596037 0.0 0
1670585597235 0.0 0
1670585598316 0.0 0
1670585599645 0.0 0
1670585600890 0.0 0
1670585601986 0.0 0
1670585603338 0.0 0
1670585604533 0.0 0
1670585605561 0.0 0
1670585606936 0.0 0
1670585607989 0.0 0
1670585609001 0.0 0
1670585609978 0.0 0
1670585611096 0.0 0
1670585612265 0.0 0
1670585613608 0.0 0
1670585615081 0.0 0
1670585616399 0.0 0
1670585617683 0.0 0
1670585618985 0.0 0
1670585620191 0.0 0
1670585621314 0.0 0
1670585622753 0.0 0
1670585624085 0.0 0
1670585625331 0.0 0
1670585626527 0.0 0
1670585627883 0.0 0
1670585629302 0.0 0
1670585630353 0.0 0
