1670585517498 0.0 0
1670585518507 0.0 0
1670585519539 0.0 0
1670585520730 0.0 0
1670585521718 0.0 0
1670585522781 0.0 0
1670585524078 0.0 0
1670585524916 0.0 0
1670585526026 0.0 0
1670585527202 0.0 0
1670585528097 0.0 0
1670585529155 0.0 0
1670585530068 0.0 0
1670585531015 0.0 0
1670585531930 0.0 0
1670585533213 0.0 0
1670585534271 0.0 0
1670585535472 0.0 0
1670585536576 0.0 0
1670585537782 0.0 0
1670585538899 0.0 0
1670585540017 0.0 0
1670585540981 0.0 0
1670585542001 0.0 0
1670585543049 0.0 0
1670585543908 0.0 0
1670585545166 0.0 0
1670585546019 0.0 0
1670585546939 0.0 0
1670585548251 0.0 0
1670585549163 0.0 0
1670585550095 0.0 0
1670585551276 0.0 0
1670585552250 0.0 0
1670585553221 0.0 0
1670585554180 0.0 0
1670585555122 0.0 0
1670585556266 0.0 0
1670585557455 0.0 0
1670585558322 0.0 0
1670585559534 0.0 0
1670585560628 0.0 0
1670585561667 0.0 0
1670585562705 0.0 0
1670585563999 0.0 0
1670585565118 0.0 0
1670585566304 0.0 0
1670585567509 0.0 0
1670585568862 0.0 0
1670585570008 0.0 0
1670585571233 0.0 0
1670585572387 0.0 0
1670585573731 0.0 0
1670585574843 0.0 0
1670585575971 0.0 0
1670585577194 0.0 0
1670585578410 0.0 0
1670585579494 0.0 0
1670585580695 0.0 0
1670585581603 0.0 0
1670585582713 0.0 0
1670585583780 0.0 0
1670585584685 0.0 0
1670585585670 0.0 0
1670585586792 0.0 0
1670585588075 0.0 0
1670585589197 0.0 0
1670585590485 0.0 0
1670585591624 0.0 0
1670585592654 0.0 0
1670585593745 0.0 0
1670585594883 0.0 0
1670585596041 0.0 0
1670585597239 0.0 0
1670585598319 0.0 0
1670585599649 0.0 0
1670585600894 0.0 0
1670585601990 0.0 0
1670585603342 0.0 0
1670585604537 0.0 0
1670585605566 0.0 0
1670585606940 0.0 0
1670585607993 0.0 0
1670585609013 0.0 0
1670585609982 0.0 0
1670585611102 0.0 0
1670585612269 0.0 0
1670585613613 0.0 0
1670585615085 0.0 0
1670585616403 0.0 0
1670585617687 0.0 0
1670585618989 0.0 0
1670585620194 0.0 0
1670585621318 0.0 0
1670585622757 0.0 0
1670585624089 0.0 0
1670585625335 0.0 0
1670585626531 0.0 0
1670585627893 0.0 0
1670585629307 0.0 0
1670585630357 0.0 0
