1670637285807 0.2411590689313579 0
1670637300244 0.23856763733271277 0
1670637313807 0.24118285628498262 0
1670637344996 0.23881122622074843 0
1670637367384 0.23588444595726804 0
1670637383490 0.2467074440655392 0
1670637398610 0.2409527284278236 0
1670637412910 0.23293505061570993 0
1670637431875 0.24352147434714175 0
1670637445149 0.2361697575406817 0
1670637470259 0.2448153716517722 0
1670637485988 0.23813635910421194 0
1670637502439 0.2415758977885963 0
1670637518164 0.23133649399608575 0
1670637531762 0.23678951639428944 0
1670637551089 0.23663801331923634 0
1670637564412 0.24022747787609566 0
1670637577878 0.23954474818715668 0
1670637595012 0.24552946627845632 0
1670637610571 0.24433196402357074 0
1670637623947 0.2390920493656834 0
1670637640838 0.24637734249519688 0
1670637655528 0.23808483020156207 0
1670637675497 0.23393177172449547 0
1670637688660 0.2255216249497032 0
1670637701917 0.2495836611291635 0
1670637716276 0.2465397083752931 0
1670637732357 0.24174483240723615 0
1670637745455 0.24135791607275814 0
1670637758561 0.23927492153507446 0
