1670594860870 0.0 0
1670594861181 0.0 0
1670594861721 0.0 0
1670594862141 0.0 0
1670594862490 0.0 0
1670594862811 0.0 0
1670594863151 0.0 0
1670594863476 0.0 0
1670594863838 0.0 0
1670594864245 0.0 0
1670594864596 0.0 0
1670594864910 0.0 0
1670594865446 0.0 0
1670594865932 0.0 0
1670594866300 0.0 0
1670594866611 0.0 0
1670594866923 0.0 0
1670594867264 0.0 0
1670594867744 0.0 0
1670594868092 0.0 0
1670594868419 0.0 0
1670594869016 0.0 0
1670594869302 0.0 0
1670594869871 0.0 0
1670594870198 0.0 0
1670594870524 0.0 0
1670594870960 0.0 0
1670594871272 0.0 0
1670594871739 0.0 0
1670594872080 0.0 0
1670594872514 0.0 0
1670594872926 0.0 0
1670594873244 0.0 0
1670594873565 0.0 0
1670594873886 0.0 0
1670594874225 0.0 0
1670594874676 0.0 0
1670594875064 0.0 0
1670594875434 0.0 0
1670594875980 0.0 0
1670594876321 0.0 0
1670594876647 0.0 0
1670594877139 0.0 0
1670594877489 0.0 0
1670594877860 0.0 0
1670594878176 0.0 0
1670594878601 0.0 0
1670594879236 0.0 0
1670594879710 0.0 0
1670594880067 0.0 0
1670594880649 0.0 0
1670594881134 0.0 0
1670594881442 0.0 0
1670594882044 0.0 0
1670594882550 0.0 0
1670594883004 0.0 0
1670594883346 0.0 0
1670594883725 0.0 0
1670594884047 0.0 0
1670594884339 0.0 0
1670594884773 0.0 0
1670594885172 0.0 0
1670594885510 0.0 0
1670594885924 0.0 0
1670594886368 0.0 0
1670594886755 0.0 0
1670594887136 0.0 0
1670594887493 0.0 0
1670594887881 0.0 0
1670594888244 0.0 0
1670594888568 0.0 0
1670594888943 0.0 0
1670594889301 0.0 0
1670594889603 0.0 0
1670594889938 0.0 0
1670594890315 0.0 0
1670594890662 0.0 0
1670594890970 0.0 0
1670594891316 0.0 0
1670594891662 0.0 0
1670594892103 0.0 0
1670594892438 0.0 0
1670594892798 0.0 0
1670594893125 0.0 0
1670594893458 0.0 0
1670594893787 0.0 0
1670594894128 0.0 0
1670594894441 0.0 0
1670594894771 0.0 0
1670594895101 0.0 0
1670594895503 0.0 0
1670594895825 0.0 0
1670594896135 0.0 0
1670594896572 0.0 0
1670594896918 0.0 0
1670594897267 0.0 0
1670594897644 0.0 0
1670594897980 0.0 0
1670594898338 0.0 0
1670594898871 0.0 0
1670594899213 0.0 0
1670594899524 0.0 0
