1670595091677 0.0 0
1670595091988 0.0 0
1670595092264 0.0 0
1670595092555 0.0 0
1670595092945 0.0 0
1670595093234 0.0 0
1670595093516 0.0 0
1670595094017 0.0 0
1670595094403 0.0 0
1670595094854 0.0 0
1670595095163 0.0 0
1670595095462 0.0 0
1670595095747 0.0 0
1670595096313 0.0 0
1670595096635 0.0 0
1670595097081 0.0 0
1670595097392 0.0 0
1670595097674 0.0 0
1670595098210 0.0 0
1670595098511 0.0 0
1670595098981 0.0 0
1670595099338 0.0 0
1670595099834 0.0 0
1670595100136 0.0 0
1670595100412 0.0 0
1670595100904 0.0 0
1670595101214 0.0 0
1670595101507 0.0 0
1670595101999 0.0 0
1670595102274 0.0 0
1670595102705 0.0 0
1670595103245 0.0 0
1670595103630 0.0 0
1670595103931 0.0 0
1670595104315 0.0 0
1670595104727 0.0 0
1670595105136 0.0 0
1670595105603 0.0 0
1670595105945 0.0 0
1670595106445 0.0 0
1670595106789 0.0 0
1670595107113 0.0 0
1670595107405 0.0 0
1670595107690 0.0 0
1670595107981 0.0 0
1670595108442 0.0 0
1670595108829 0.0 0
1670595109119 0.0 0
1670595109551 0.0 0
1670595109957 0.0 0
1670595110340 0.0 0
1670595110660 0.0 0
1670595111140 0.0 0
1670595111406 0.0 0
1670595111748 0.0 0
1670595112103 0.0 0
1670595112656 0.0 0
1670595113073 0.0 0
1670595113468 0.0 0
1670595113848 0.0 0
1670595114369 0.0 0
1670595114811 0.0 0
1670595115120 0.0 0
1670595115427 0.0 0
1670595115957 0.0 0
1670595116266 0.0 0
1670595116574 0.0 0
1670595116952 0.0 0
1670595117438 0.0 0
1670595117851 0.0 0
1670595118371 0.0 0
1670595118694 0.0 0
1670595119009 0.0 0
1670595119349 0.0 0
1670595119880 0.0 0
1670595120299 0.0 0
1670595120629 0.0 0
1670595121104 0.0 0
1670595121486 0.0 0
1670595122071 0.0 0
1670595122390 0.0 0
1670595122797 0.0 0
1670595123365 0.0 0
1670595123680 0.0 0
1670595124006 0.0 0
1670595124391 0.0 0
1670595124743 0.0 0
1670595125244 0.0 0
1670595125660 0.0 0
1670595126065 0.0 0
1670595126447 0.0 0
1670595126906 0.0 0
1670595127397 0.0 0
1670595127713 0.0 0
1670595128060 0.0 0
1670595128444 0.0 0
1670595128790 0.0 0
1670595129060 0.0 0
1670595129418 0.0 0
1670595129806 0.0 0
1670595130136 0.0 0
1670595130462 0.0 0
