1670605760918 0.0 0
1670605761086 0.0 0
1670605761562 0.0 0
1670605761809 0.0 0
1670605762064 0.0 0
1670605762229 0.0 0
1670605762399 0.0 0
1670605762758 0.0 0
1670605762872 0.0 0
1670605763176 0.0 0
1670605763492 0.0 0
1670605763761 0.0 0
1670605763963 0.0 0
1670605764108 0.0 0
1670605764551 0.0 0
1670605764885 0.0 0
1670605765083 0.0 0
1670605765246 0.0 0
1670605765611 0.0 0
1670605765866 0.0 0
1670605766148 0.0 0
1670605766460 0.0 0
1670605766602 0.0 0
1670605766751 0.0 0
1670605766956 0.0 0
1670605767109 0.0 0
1670605767263 0.0 0
1670605767465 0.0 0
1670605767614 0.0 0
1670605767846 0.0 0
1670605768057 0.0 0
1670605768319 0.0 0
1670605768567 0.0 0
1670605768820 0.0 0
1670605769026 0.0 0
1670605769431 0.0 0
1670605769640 0.0 0
1670605769815 0.0 0
1670605769971 0.0 0
1670605770111 0.0 0
1670605770492 0.0 0
1670605770805 0.0 0
1670605771109 0.0 0
1670605771319 0.0 0
1670605771511 0.0 0
1670605771869 0.0 0
1670605772075 0.0 0
1670605772311 0.0 0
1670605772546 0.0 0
1670605772782 0.0 0
1670605772975 0.0 0
1670605773148 0.0 0
1670605773338 0.0 0
1670605773583 0.0 0
1670605773781 0.0 0
1670605773934 0.0 0
1670605774111 0.0 0
1670605774496 0.0 0
1670605774655 0.0 0
1670605774825 0.0 0
1670605774991 0.0 0
1670605775194 0.0 0
1670605775516 0.0 0
1670605775688 0.0 0
1670605775901 0.0 0
1670605776300 0.0 0
1670605776574 0.0 0
1670605776806 0.0 0
1670605776986 0.0 0
1670605777317 0.0 0
1670605777650 0.0 0
1670605777802 0.0 0
1670605778273 0.0 0
1670605778457 0.0 0
1670605778640 0.0 0
1670605779158 0.0 0
1670605779404 0.0 0
1670605779671 0.0 0
1670605779825 0.0 0
1670605780142 0.0 0
1670605780318 0.0 0
1670605780752 0.0 0
1670605781025 0.0 0
1670605781205 0.0 0
1670605781538 0.0 0
1670605781703 0.0 0
1670605782011 0.0 0
1670605782202 0.0 0
1670605782354 0.0 0
1670605782515 0.0 0
1670605782833 0.0 0
1670605782991 0.0 0
1670605783287 0.0 0
1670605783533 0.0 0
1670605783735 0.0 0
1670605783973 0.0 0
1670605784227 0.0 0
1670605784679 0.0 0
1670605784957 0.0 0
1670605785214 0.0 0
1670605785355 0.0 0
