1670641374542 0.0 0
1670641378530 0.0 0
1670641382533 0.0 0
1670641386557 0.0 0
1670641390564 0.0 0
1670641394594 0.0 0
1670641398585 0.0 0
1670641402572 0.0 0
1670641406593 0.0 0
1670641410621 0.0 0
1670641414651 0.0 0
1670641418638 0.0 0
1670641422665 0.0 0
1670641426695 0.0 0
1670641430726 0.0 0
1670641434759 0.0 0
1670641438754 0.0 0
1670641442793 0.0 0
1670641446844 0.0 0
1670641450850 0.0 0
1670641454880 0.0 0
1670641458904 0.0 0
1670641462917 0.0 0
1670641466957 0.0 0
1670641471029 0.0 0
1670641475082 0.0 0
1670641479075 0.0 0
1670641483072 0.0 0
1670641487128 0.0 0
1670641491319 0.0 0
