1670591508739 0.0001 0
1670591510722 0.0002 0
1670591512827 0.0004 0
1670591514895 0.0 0
1670591516720 0.0002 0
1670591519115 0.0001 0
1670591521546 0.0 0
1670591524043 0.0001 0
1670591526880 0.0001 0
1670591529094 0.0001 0
1670591531497 0.0002 0
1670591534161 0.0002 0
1670591536377 0.0002 0
1670591538803 0.0 0
1670591541427 0.0 0
1670591543918 0.0001 0
1670591546364 0.0004 0
1670591548760 0.0002 0
1670591550997 0.0 0
1670591553350 0.0001 0
1670591555697 0.0 0
1670591558097 0.0 0
1670591560318 0.0 0
1670591562782 0.0002 0
1670591565385 0.0001 0
1670591567995 0.0001 0
1670591570389 0.0002 0
1670591572824 0.0001 0
1670591575450 0.0001 0
1670591577870 0.0002 0
1670591580586 0.0001 0
1670591583456 0.0001 0
1670591585791 0.0002 0
1670591588397 0.0002 0
1670591590819 0.0002 0
1670591593190 0.0 0
1670591596153 0.0 0
1670591599074 0.0 0
1670591601658 0.0 0
1670591604459 0.0 0
1670591607359 0.0001 0
1670591609820 0.0001 0
1670591612154 0.0 0
1670591614586 0.0001 0
1670591617351 0.0001 0
1670591619820 0.0 0
1670591622294 0.0001 0
1670591625221 0.0 0
1670591627718 0.0001 0
1670591630234 0.0001 0
1670591632938 0.0 0
1670591635411 0.0001 0
1670591638149 0.0002 0
1670591640865 0.0 0
1670591643822 0.0 0
1670591646210 0.0001 0
1670591648596 0.0 0
1670591651026 0.0 0
1670591653402 0.0001 0
1670591655600 0.0 0
1670591658008 0.0002 0
1670591660667 0.0 0
1670591663703 0.0001 0
1670591666331 0.0 0
1670591668798 0.0 0
1670591671626 0.0001 0
1670591673935 0.0001 0
1670591676411 0.0001 0
1670591679390 0.0001 0
1670591682122 0.0001 0
1670591684751 0.0 0
1670591687610 0.0 0
1670591690144 0.0 0
1670591693029 0.0001 0
1670591695870 0.0002 0
1670591698330 0.0003 0
1670591701170 0.0002 0
1670591703975 0.0001 0
1670591706894 0.0001 0
1670591709435 0.0003 0
1670591711846 0.0003 0
1670591714541 0.0001 0
1670591717094 0.0 0
1670591719880 0.0 0
1670591722838 0.0002 0
1670591725662 0.0001 0
1670591728370 0.0002 0
1670591731287 0.0001 0
1670591733991 0.0002 0
1670591736656 0.0001 0
1670591739139 0.0003 0
1670591742012 0.0003 0
1670591744940 0.0 0
1670591747983 0.0001 0
1670591750863 0.0 0
1670591753902 0.0001 0
1670591756660 0.0 0
1670591759304 0.0002 0
1670591762800 0.0 0
1670591765831 0.0001 0
1670591768872 0.0 0
1670591771411 0.0 0
1670591773731 0.0001 0
1670591776374 0.0001 0
1670591778900 0.0 0
1670591781503 0.0 0
1670591784763 0.0 0
1670591787228 0.0001 0
1670591789980 0.0 0
1670591792953 0.0001 0
1670591795567 0.0 0
1670591798029 0.0001 0
1670591800592 0.0001 0
1670591803052 0.0001 0
1670591805890 0.0002 0
1670591808610 0.0002 0
1670591811267 0.0001 0
1670591814022 0.0001 0
1670591816742 0.0001 0
1670591819528 0.0 0
1670591822655 0.0001 0
1670591825283 0.0002 0
1670591827975 0.0004 0
1670591830471 0.0001 0
1670591833011 0.0 0
1670591835649 0.0001 0
1670591838631 0.0001 0
1670591841441 0.0001 0
1670591844344 0.0 0
1670591847264 0.0003 0
1670591850164 0.0001 0
1670591853280 0.0 0
1670591856097 0.0001 0
1670591859066 0.0001 0
1670591862109 0.0003 0
1670591864553 0.0001 0
1670591867226 0.0001 0
1670591869990 0.0001 0
