1670638209399 0.0 0
1670638213403 0.0 0
1670638216885 0.0 0
1670638220921 0.0 0
1670638225086 0.0 0
1670638229362 0.0 0
1670638233269 0.0 0
1670638237209 0.0 0
1670638240981 0.0 0
1670638244885 0.0 0
1670638248916 0.0 0
1670638253005 0.0 0
1670638256871 0.0 0
1670638260857 0.0 0
1670638264737 0.0 0
1670638268645 0.0 0
1670638272689 0.0 0
1670638276597 0.0 0
1670638280556 0.0 0
1670638284417 0.0 0
1670638288493 0.0 0
1670638292289 0.0 0
1670638296038 0.0 0
1670638299790 0.0 0
1670638303993 0.0 0
1670638308023 0.0 0
1670638311932 0.0 0
1670638315785 0.0 0
1670638320019 0.0 0
1670638324049 0.0 0
1670638327925 0.0 0
1670638331909 0.0 0
1670638336019 0.0 0
1670638340284 0.0 0
1670638344388 0.0 0
1670638348186 0.0 0
1670638351902 0.0 0
1670638356074 0.0 0
1670638360170 0.0 0
1670638364096 0.0 0
1670638367965 0.0 0
1670638372237 0.0 0
1670638376230 0.0 0
1670638380362 0.0 0
1670638384484 0.0 0
1670638388286 0.0 0
1670638392422 0.0 0
1670638396626 0.0 0
1670638400378 0.0 0
1670638404693 0.0 0
1670638408539 0.0 0
1670638412344 0.0 0
1670638416396 0.0 0
1670638420572 0.0 0
1670638424548 0.0 0
1670638428469 0.0 0
1670638432555 0.0 0
1670638436610 0.0 0
1670638440704 0.0 0
1670638444762 0.0 0
1670638448820 0.0 0
1670638452844 0.0 0
1670638457049 0.0 0
1670638461102 0.0 0
1670638464969 0.0 0
1670638468741 0.0 0
1670638472819 0.0 0
1670638477501 0.0 0
1670638481226 0.0 0
1670638485139 0.0 0
1670638489181 0.0 0
1670638493036 0.0 0
1670638496657 0.0 0
1670638500794 0.0 0
1670638504980 0.0 0
1670638509130 0.0 0
1670638513252 0.0 0
1670638517169 0.0 0
1670638520841 0.0 0
1670638524504 0.0 0
1670638528453 0.0 0
1670638532640 0.0 0
1670638536372 0.0 0
1670638540794 0.0 0
1670638545220 0.0 0
1670638549202 0.0 0
1670638553293 0.0 0
1670638557275 0.0 0
1670638561273 0.0 0
1670638565358 0.0 0
1670638569321 0.0 0
1670638573351 0.0 0
1670638577174 0.0 0
1670638580962 0.0 0
1670638584899 0.0 0
1670638589109 0.0 0
1670638592854 0.0 0
1670638596793 0.0 0
1670638600663 0.0 0
1670638604577 0.0 0
1670638608392 0.0 0
