1670634649062 0.0 0
1670634649451 0.0 0
1670634649921 0.0 0
1670634650417 0.0 0
1670634650903 0.0 0
1670634651343 0.0 0
1670634651829 0.0 0
1670634652344 0.0 0
1670634652881 0.0 0
1670634653511 0.0 0
1670634654191 0.0 0
1670634654777 0.0 0
1670634655306 0.0 0
1670634655839 0.0 0
1670634656373 0.0 0
1670634657001 0.0 0
1670634657594 0.0 0
1670634658134 0.0 0
1670634658660 0.0 0
1670634659288 0.0 0
1670634659839 0.0 0
1670634660441 0.0 0
1670634661029 0.0 0
1670634661519 0.0 0
1670634662151 0.0 0
1670634662687 0.0 0
1670634663172 0.0 0
1670634663731 0.0 0
1670634664349 0.0 0
1670634665017 0.0 0
1670634665658 0.0 0
1670634666290 0.0 0
1670634666904 0.0 0
1670634667452 0.0 0
1670634668006 0.0 0
1670634668595 0.0 0
1670634669147 0.0 0
1670634669701 0.0 0
1670634670297 0.0 0
1670634670954 0.0 0
1670634671596 0.0 0
1670634672134 0.0 0
1670634672714 0.0 0
1670634673192 0.0 0
1670634673688 0.0 0
1670634674207 0.0 0
1670634674797 0.0 0
1670634675398 0.0 0
1670634675914 0.0 0
1670634676454 0.0 0
1670634677014 0.0 0
1670634677637 0.0 0
1670634678148 0.0 0
1670634678647 0.0 0
1670634679203 0.0 0
1670634679775 0.0 0
1670634680338 0.0 0
1670634680914 0.0 0
1670634681438 0.0 0
1670634681980 0.0 0
1670634682514 0.0 0
1670634683122 0.0 0
1670634683722 0.0 0
1670634684359 0.0 0
1670634685002 0.0 0
1670634685627 0.0 0
1670634686256 0.0 0
1670634686866 0.0 0
1670634687375 0.0 0
1670634687847 0.0 0
1670634688400 0.0 0
1670634689057 0.0 0
1670634689730 0.0 0
1670634690232 0.0 0
1670634690708 0.0 0
1670634691184 0.0 0
1670634691795 0.0 0
1670634692416 0.0 0
1670634692909 0.0 0
1670634693380 0.0 0
1670634693903 0.0 0
1670634694557 0.0 0
1670634695100 0.0 0
1670634695705 0.0 0
1670634696257 0.0 0
1670634696726 0.0 0
1670634697214 0.0 0
1670634697849 0.0 0
1670634698438 0.0 0
1670634699049 0.0 0
1670634699574 0.0 0
1670634700105 0.0 0
1670634700665 0.0 0
1670634701168 0.0 0
1670634701782 0.0 0
1670634702432 0.0 0
1670634703015 0.0 0
1670634703554 0.0 0
1670634704086 0.0 0
1670634704614 0.0 0
1670634705152 0.0 0
1670634705695 0.0 0
