1670616304320 0.016941606315242774 0
1670616307073 0.02081675123635752 0
1670616309971 0.01522556579543323 0
1670616312977 0.01898478582459591 0
1670616315896 0.017044132901422773 0
1670616318957 0.016629271440454618 0
1670616321767 0.015129438069425363 0
1670616324560 0.014301622889146062 0
1670616327444 0.014917283280090107 0
1670616330120 0.014380196962962069 0
1670616332765 0.017186329197631724 0
1670616335482 0.019883628058576623 0
1670616338083 0.01960053237266758 0
1670616340726 0.0188032189330253 0
1670616343380 0.01830097659553645 0
1670616345969 0.017938746524271354 0
1670616348564 0.017376211566445865 0
1670616351461 0.01689316006127408 0
1670616354157 0.01668303421002311 0
1670616356573 0.01703362243999617 0
1670616359043 0.017032285373466072 0
1670616361502 0.016705802415255884 0
1670616364027 0.016762967173137647 0
1670616366528 0.01730080537672904 0
1670616369379 0.01721141770318403 0
1670616372269 0.01776702460821246 0
1670616375077 0.017443432865576015 0
1670616377874 0.017265981700388892 0
1670616380635 0.017355572590475293 0
1670616383469 0.01726803314366898 0
1670616386303 0.017207869811862342 0
1670616388809 0.017497240099976212 0
1670616391369 0.017444474897256798 0
1670616393913 0.01726545136274485 0
1670616396459 0.017045310174542846 0
1670616399079 0.017032802133642 0
1670616401621 0.016862316313247798 0
1670616404355 0.016645283505797207 0
1670616407228 0.01677128149959932 0
1670616410309 0.016837326021876 0
1670616413346 0.016638060757632377 0
1670616417329 0.01650757513613875 0
1670616420535 0.016350409867431116 0
1670616423452 0.016197424693747242 0
1670616425888 0.016093161484884058 0
1670616428508 0.01620971724478775 0
1670616431283 0.016217110990442568 0
1670616434095 0.016128165710234003 0
1670616436693 0.016315776405030374 0
1670616439553 0.01630064397577012 0
1670616442324 0.016148128798158745 0
1670616445031 0.016761933751129734 0
1670616447693 0.016692973356781493 0
1670616450630 0.016542544860376165 0
1670616453708 0.016613404920894297 0
1670616456620 0.01683007407899441 0
1670616459397 0.016684363080071464 0
1670616462021 0.01670799339061268 0
1670616464941 0.016601890656431327 0
1670616467943 0.016672205903519935 0
1670616470780 0.01653910998532146 0
1670616473845 0.016431889418884224 0
1670616476711 0.0164472585030028 0
1670616479608 0.016419395855535507 0
1670616482499 0.016295362292974166 0
1670616485237 0.0162362458195575 0
1670616487808 0.01617683426445176 0
1670616490409 0.016202088292138435 0
1670616493045 0.016152529758693704 0
1670616495655 0.01613271349108096 0
1670616498240 0.01616585287766943 0
1670616500846 0.016461945596883194 0
1670616503549 0.016541707896862698 0
1670616506170 0.016432409713933296 0
1670616508680 0.016332806983637344 0
1670616511348 0.01629965756778968 0
1670616514113 0.016663683425561578 0
1670616516705 0.016614223879792778 0
1670616519242 0.01654348415008587 0
1670616521990 0.016714004854270527 0
1670616524599 0.016645709921130937 0
1670616527089 0.016545192435865358 0
1670616529721 0.01649242291092673 0
1670616532375 0.016428386638792467 0
1670616534871 0.016384792891858097 0
1670616537450 0.01630394836278804 0
1670616540153 0.0162275062182919 0
1670616542992 0.016192248983867563 0
1670616545820 0.01620515266556355 0
1670616548640 0.01616428607040722 0
1670616551434 0.01609002762960946 0
1670616554196 0.01600527143208473 0
1670616556836 0.01621956627470513 0
1670616559513 0.016154438798706497 0
1670616562142 0.01614915322493425 0
1670616564820 0.016352273638361906 0
1670616567457 0.016476244882272367 0
1670616570120 0.01640409006291857 0
1670616572745 0.01632537971193057 0
1670616575300 0.016266649043432717 0
1670616577920 0.01638052775140504 0
1670616580697 0.016302231735171688 0
1670616583287 0.016356901617346424 0
1670616585776 0.016286031921029773 0
1670616588258 0.01622242905115419 0
1670616590694 0.016169264730354196 0
1670616593350 0.016166890723724743 0
1670616596086 0.016110612456840867 0
1670616598681 0.016208237491831257 0
1670616601140 0.016171298297991243 0
1670616603632 0.01610767848655007 0
1670616606091 0.01604271847257066 0
1670616608498 0.01611084041324265 0
1670616610674 0.016062101845547946 0
1670616612901 0.016036316236540865 0
1670616615089 0.015967679149956213 0
1670616617254 0.015951451209874 0
1670616619353 0.015976746769136303 0
1670616621384 0.01591620913760363 0
1670616623451 0.01585263819111566 0
1670616625507 0.01595011327610263 0
1670616627580 0.015885149645504117 0
1670616629701 0.015990610646850714 0
1670616631834 0.016118032003366804 0
1670616633932 0.016222408746031203 0
1670616636046 0.01630598439143713 0
1670616638109 0.016242180033643618 0
1670616640170 0.016312912757970727 0
1670616642220 0.016253528812770278 0
1670616644326 0.016205379391641052 0
1670616646367 0.01622297158318075 0
1670616648565 0.01620135430089132 0
1670616650721 0.016160303182155493 0
1670616652891 0.016255642148637096 0
1670616655022 0.016431795302765277 0
1670616657171 0.016391967022911923 0
1670616659351 0.016340877763345578 0
1670616661422 0.01629877136022441 0
1670616663492 0.016243069757380726 0
1670616665681 0.01618541896765062 0
1670616668013 0.01613088955794234 0
1670616670344 0.01607509865572454 0
1670616672579 0.01602171213033201 0
1670616674767 0.015973443673192797 0
1670616676945 0.016004540355622265 0
1670616679135 0.016120007063739915 0
1670616681297 0.0162596788350726 0
1670616683364 0.016286489583115238 0
1670616685402 0.016253570249691644 0
1670616687678 0.016204666207063928 0
1670616690025 0.016152361519326724 0
1670616692311 0.01610121207158001 0
1670616694675 0.016052412748256556 0
1670616697009 0.01601369296566909 0
1670616699272 0.015967303002682252 0
1670616701764 0.015933888627885383 0
1670616704275 0.01590576605315505 0
1670616706777 0.01588868919681767 0
1670616709219 0.01594886194472403 0
1670616711484 0.015915659609772884 0
1670616713957 0.015882654796574698 0
1670616715951 0.01592816807255107 0
1670616718277 0.015906732487821186 0
1670616720540 0.01590442242676119 0
1670616722881 0.015867444884367934 0
1670616725422 0.015903859981487863 0
1670616727724 0.015902994490121614 0
1670616730293 0.016052210967036518 0
1670616732576 0.016024032139449508 0
1670616734817 0.015981552845856672 0
1670616737139 0.01602679360731881 0
1670616739517 0.016039275513503308 0
1670616741897 0.015998548955073633 0
1670616744223 0.01595320778084522 0
1670616746507 0.015926309793104006 0
1670616748668 0.015981328564166383 0
1670616751093 0.015936600491002068 0
1670616753432 0.016126507384833386 0
1670616755633 0.016084249147134605 0
1670616757851 0.016040880560114282 0
1670616760299 0.01601083144373238 0
1670616762699 0.015977791205522826 0
1670616764997 0.016008779372566874 0
1670616767334 0.016048631925456074 0
1670616769649 0.01600810170956389 0
1670616772001 0.015969694454900915 0
1670616774348 0.015928227883738662 0
1670616776751 0.01589289368358672 0
1670616779200 0.01585575529639787 0
1670616781473 0.0158551592308852 0
1670616783752 0.015814104393998454 0
1670616786066 0.01577557511069623 0
1670616788357 0.0158153065192247 0
1670616790710 0.0157758760229701 0
1670616792803 0.015763376015288308 0
1670616795176 0.015762751499771376 0
1670616797484 0.015891677071371874 0
1670616799677 0.015902989887270666 0
1670616801693 0.015879228560525975 0
1670616803727 0.016023085123971895 0
1670616805733 0.015989526092794186 0
1670616807819 0.016000063972186576 0
1670616809887 0.015980734125906504 0
1670616811977 0.015952019504889225 0
1670616814211 0.016003923848126496 0
1670616816443 0.015987721597250364 0
1670616818684 0.015957520534656516 0
1670616820932 0.015919328625970647 0
1670616823194 0.015882774702087467 0
1670616825454 0.015850637650842603 0
1670616827759 0.01581658465579095 0
1670616829991 0.015813580402600814 0
1670616832291 0.01622318268509701 0
1670616834540 0.016290461592673194 0
1670616836930 0.01626237611236609 0
1670616839195 0.01622556625507378 0
1670616841368 0.01619911558426826 0
