1670574765769 0.0 0
1670574765943 0.0 0
1670574766138 0.0 0
1670574766485 0.0 0
1670574766713 0.0 0
1670574766865 0.0 0
1670574767034 0.0 0
1670574767238 0.0 0
1670574767524 0.0 0
1670574767836 0.0 0
1670574768094 0.0 0
1670574768420 0.0 0
1670574768606 0.0 0
1670574768950 0.0 0
1670574769117 0.0 0
1670574769473 0.0 0
1670574769739 0.0 0
1670574770025 0.0 0
1670574770299 0.0 0
1670574770536 0.0 0
1670574770785 0.0 0
1670574771059 0.0 0
1670574771367 0.0 0
1670574771572 0.0 0
1670574771926 0.0 0
1670574772155 0.0 0
1670574772369 0.0 0
1670574772517 0.0 0
1670574772783 0.0 0
1670574773061 0.0 0
1670574773159 0.0 0
1670574773438 0.0 0
1670574773545 0.0 0
1670574773708 0.0 0
1670574773861 0.0 0
1670574774127 0.0 0
1670574774264 0.0 0
1670574774625 0.0 0
1670574774853 0.0 0
1670574775013 0.0 0
1670574775198 0.0 0
1670574775550 0.0 0
1670574775683 0.0 0
1670574776108 0.0 0
1670574776333 0.0 0
1670574776561 0.0 0
1670574776727 0.0 0
1670574776985 0.0 0
1670574777126 0.0 0
1670574777344 0.0 0
1670574777645 0.0 0
1670574777871 0.0 0
1670574777982 0.0 0
1670574778225 0.0 0
1670574778628 0.0 0
1670574778741 0.0 0
1670574779151 0.0 0
1670574779306 0.0 0
1670574779576 0.0 0
1670574779701 0.0 0
1670574780062 0.0 0
1670574780359 0.0 0
1670574780536 0.0 0
1670574780751 0.0 0
1670574780988 0.0 0
1670574781477 0.0 0
1670574781697 0.0 0
1670574781951 0.0 0
1670574782149 0.0 0
1670574782467 0.0 0
1670574782680 0.0 0
1670574782974 0.0 0
1670574783237 0.0 0
1670574783385 0.0 0
1670574783458 0.0 0
1670574783788 0.0 0
1670574784150 0.0 0
1670574784404 0.0 0
1670574784579 0.0 0
1670574784743 0.0 0
1670574784925 0.0 0
1670574785079 0.0 0
1670574785375 0.0 0
1670574785567 0.0 0
1670574785779 0.0 0
1670574786161 0.0 0
1670574786266 0.0 0
1670574786527 0.0 0
1670574786741 0.0 0
1670574787098 0.0 0
1670574787384 0.0 0
1670574787612 0.0 0
1670574787869 0.0 0
1670574788016 0.0 0
1670574788192 0.0 0
1670574788532 0.0 0
1670574788827 0.0 0
1670574789210 0.0 0
1670574789355 0.0 0
1670574789488 0.0 0
1670574789687 0.0 0
