1670574765608 0.0 0
1670574765768 0.0 0
1670574765942 0.0 0
1670574766137 0.0 0
1670574766483 0.0 0
1670574766712 0.0 0
1670574766864 0.0 0
1670574767033 0.0 0
1670574767236 0.0 0
1670574767523 0.0 0
1670574767835 0.0 0
1670574768093 0.0 0
1670574768419 0.0 0
1670574768605 0.0 0
1670574768930 0.0 0
1670574769116 0.0 0
1670574769471 0.0 0
1670574769738 0.0 0
1670574770024 0.0 0
1670574770297 0.0 0
1670574770535 0.0 0
1670574770784 0.0 0
1670574771057 0.0 0
1670574771366 0.0 0
1670574771571 0.0 0
1670574771925 0.0 0
1670574772153 0.0 0
1670574772368 0.0 0
1670574772516 0.0 0
1670574772782 0.0 0
1670574772952 0.0 0
1670574773158 0.0 0
1670574773436 0.0 0
1670574773544 0.0 0
1670574773707 0.0 0
1670574773860 0.0 0
1670574774126 0.0 0
1670574774263 0.0 0
1670574774624 0.0 0
1670574774852 0.0 0
1670574775012 0.0 0
1670574775172 0.0 0
1670574775548 0.0 0
1670574775682 0.0 0
1670574776107 0.0 0
1670574776331 0.0 0
1670574776559 0.0 0
1670574776726 0.0 0
1670574776984 0.0 0
1670574777125 0.0 0
1670574777342 0.0 0
1670574777644 0.0 0
1670574777870 0.0 0
1670574777981 0.0 0
1670574778224 0.0 0
1670574778627 0.0 0
1670574778740 0.0 0
1670574779149 0.0 0
1670574779304 0.0 0
1670574779575 0.0 0
1670574779688 0.0 0
1670574780060 0.0 0
1670574780357 0.0 0
1670574780535 0.0 0
1670574780750 0.0 0
1670574780987 0.0 0
1670574781476 0.0 0
1670574781695 0.0 0
1670574781950 0.0 0
1670574782148 0.0 0
1670574782466 0.0 0
1670574782679 0.0 0
1670574782973 0.0 0
1670574783235 0.0 0
1670574783383 0.0 0
1670574783457 0.0 0
1670574783787 0.0 0
1670574784149 0.0 0
1670574784403 0.0 0
1670574784578 0.0 0
1670574784742 0.0 0
1670574784924 0.0 0
1670574785078 0.0 0
1670574785374 0.0 0
1670574785566 0.0 0
1670574785778 0.0 0
1670574786159 0.0 0
1670574786265 0.0 0
1670574786522 0.0 0
1670574786740 0.0 0
1670574787097 0.0 0
1670574787377 0.0 0
1670574787610 0.0 0
1670574787868 0.0 0
1670574788015 0.0 0
1670574788191 0.0 0
1670574788530 0.0 0
1670574788826 0.0 0
1670574789209 0.0 0
1670574789354 0.0 0
1670574789487 0.0 0
1670574789686 0.0 0
