1670576081722 0.0 0
1670576082375 0.0 0
1670576082971 0.0 0
1670576083548 0.0 0
1670576084197 0.0 0
1670576084880 0.0005708271881056994 0
1670576085443 0.0005213506426904687 0
1670576086070 0.0004831381218744638 0
1670576086688 0.00045243143254819826 0
1670576087292 0.00042702992214072396 0
1670576087897 0.00040554677472974754 0
1670576088447 0.0005240788735363475 0
1670576089057 0.0005909701469836896 0
1670576089769 0.0005719431167778473 0
1670576090373 0.0005546207560710479 0
1670576090981 0.0005387669235071413 0
1670576091605 0.000584756077150389 0
1670576092173 0.0005710060402479542 0
1670576092884 0.0005581397478422035 0
1670576093427 0.0005460728650320367 0
1670576094028 0.0005347305643114029 0
1670576094593 0.000570274997622411 0
1670576095146 0.0005600772305160646 0
1670576095729 0.0005503729497674723 0
1670576096250 0.000541127952580992 0
1670576097031 0.0005697101413206956 0
1670576097631 0.000561279473428546 0
1670576098285 0.0005531801243233029 0
1670576098876 0.0005226570625440144 0
1670576099338 0.0005162270619736892 0
1670576100154 0.0005099987983493994 0
1670576100874 0.0005341688838144737 0
1670576101469 0.0005283343128554151 0
1670576102097 0.0005226570625440144 0
1670576102705 0.0005171331163385581 0
1670576103416 0.0005117581352960817 0
1670576104017 0.0005065275857886306 0
1670576104704 0.0005014368355942001 0
1670576105280 0.000496481225889969 0
1670576105710 0.0004916561248261234 0
1670576106379 0.0004869569669869897 0
1670576107064 0.0004823792820219745 0
1670576107557 0.0004779187149592547 0
1670576108256 0.00047357104013351993 0
1670576109042 0.0004693321702171442 0
1670576109894 0.0004910619352644778 0
1670576110508 0.0004869569669869897 0
1670576111013 0.0004829449996432271 0
1670576111668 0.00047902311032224285 0
1670576112202 0.00047518845117741436 0
1670576112671 0.00047143825444989716 0
1670576113337 0.00046776983570155596 0
1670576113899 0.0004641805956352986 0
1670576114412 0.0004606680208056373 0
1670576114945 0.0004572296834624104 0
1670576115480 0.0004538632407227014 0
1670576116022 0.00047309475488897855 0
1670576116614 0.0004902333588849639 0
1670576117252 0.0005055917330589447 0
1670576117867 0.0005023522383482511 0
1670576118521 0.0004991678123092253 0
1670576119067 0.0005130881606771493 0
1670576119654 0.0005099987983493994 0
1670576120238 0.0005069580611210271 0
1670576120784 0.0005039650270362465 0
1670576121429 0.0005010187706910292 0
1670576121968 0.0004981183671381318 0
1670576122560 0.0004952628951646037 0
1670576123032 0.0004924514400318044 0
1670576123669 0.0004896830957548149 0
1670576124219 0.0004869569669869897 0
1670576124761 0.0004842721705659734 0
1670576125245 0.00048162783676947087 0
1670576125682 0.0004946102241517198 0
1670576126354 0.0005065275857886306 0
1670576126914 0.0005039650270362465 0
1670576127414 0.0005014368355942003 0
1670576127823 0.0004989424288259944 0
1670576128419 0.0004964812258899691 0
1670576129098 0.0004940526490550852 0
1670576129671 0.0005051565754901762 0
1670576130307 0.0005154376428473928 0
1670576130875 0.0005130881606771493 0
1670576131354 0.0005107665444530323 0
1670576132010 0.0005084724090887175 0
1670576132734 0.0005062053665522148 0
1670576133289 0.0005039650270362465 0
1670576133885 0.0005017509999879458 0
1670576134402 0.0004995628950134059 0
1670576134962 0.0004974003226708447 0
1670576135491 0.0004952628951646036 0
1670576136242 0.0004931502269508283 0
1670576136883 0.0004910619352644777 0
1670576137419 0.0004889976405762392 0
1670576138121 0.0004869569669869897 0
1670576138706 0.00048493954256661125 0
1670576139487 0.0004829449996432271 0
1670576140264 0.0004809729750482738 0
1670576140815 0.00047902311032224285 0
1670576141428 0.0004770950518854109 0
1670576142018 0.00047518845117741436 0
1670576142756 0.0004733029647691233 0
1670576143389 0.00047143825444989716 0
1670576143965 0.0004695939872929867 0
1670576144651 0.0004677698357015559 0
1670576145386 0.00046596547743753616 0
1670576145961 0.0004641805956352986 0
1670576146632 0.0004624148788019198 0
1670576147163 0.00046066802080563734 0
1670576147755 0.00045893972085391584 0
1670576148429 0.00045722968346241033 0
1670576149049 0.00045553761841596904 0
1670576149676 0.00045386324072270163 0
1670576150316 0.00045220627056203754 0
1670576150875 0.00045056643322759866 0
1670576151447 0.00044894345906561933 0
1670576152178 0.00044733708340958394 0
1670576152818 0.0004457470465116661 0
1670576153390 0.0004441730934715023 0
1670576154056 0.0004426149741627753 0
1670576154639 0.00044107244315802306 0
1670576155278 0.00043954525965205757 0
1670576155810 0.0004380331873843246 0
1670576156410 0.00043653599456050746 0
1670576157031 0.00043505345377363685 0
1670576157672 0.00043358534192494767 0
1670576158275 0.0004321314401446856 0
1670576158937 0.0004306915337130579 0
1670576159586 0.0004292654119814819 0
1670576160205 0.0004278528682942821 0
1670576160861 0.00043767957658012437 0
1670576161441 0.00043627331144778297 0
1670576162072 0.0004455713731917018 0
1670576162822 0.0004441730934715023 0
1670576163368 0.00044278732428898384 0
1670576164042 0.0004516001410912994 0
1670576164620 0.00045022336203430567 0
1670576165205 0.00044885850145829503 0
1670576165819 0.0004475054017023024 0
1670576166495 0.00044616390757709043 0
1670576167139 0.00044483386633500097 0
1670576167894 0.00044351512763901054 0
1670576168392 0.0004422075435311167 0
1670576169031 0.0004409109684001737 0
1670576169617 0.0004396252589492856 0
1670576170318 0.00043835027416285095 0
1670576170984 0.0004370858752733505 0
1670576171604 0.00043583192572795395 0
1670576172252 0.00043458829115502014 0
1670576172819 0.000433354839330555 0
1670576173439 0.00043213144014468555 0
1670576174211 0.0004309179655682037 0
1670576174778 0.00042971428961922594 0
1670576175282 0.00042852028833001367 0
1670576175878 0.00042733583971399104 0
1670576176449 0.0004261608237329931 0
1670576177122 0.00042499512226477855 0
1670576177716 0.00042383861907083014 0
1670576178200 0.00042269119976446836 0
1670576178874 0.0004215527517792995 0
1670576179462 0.0004204231643380164 0
1670576180064 0.0004193023284215662 0
1670576180679 0.0004181901367387028 0
1670576181184 0.0004170864836959315 0
1670576181772 0.0004159912653678585 0
1670576182453 0.00041490437946795273 0
1670576183081 0.0004138257253197278 0
1670576183742 0.000412755203828348 0
1670576184234 0.00041169271745266435 0
1670576185079 0.00041063817017768234 0
1670576185757 0.0004095914674874645 0
1670576186459 0.0004085525163384688 0
1670576186907 0.0004075212251333225 0
1670576187421 0.0004064975036950327 0
1670576188157 0.00040548126324162963 0
1670576188707 0.0004044724163612447 0
1670576189343 0.0004034708769876173 0
1670576189874 0.00040247656037603136 0
1670576190432 0.00040148938307967404 0
1670576191087 0.000400509262926417 0
1670576191537 0.00040865606525575487 0
1670576192163 0.00040767543405364635 0
1670576192838 0.0004067016466827629 0
1670576193413 0.000405734626816167 0
1670576194101 0.0004047742992469035 0
1670576194706 0.0004038205898689723 0
1670576195330 0.0004028734256586175 0
1670576195938 0.0004019327346559281 0
1670576196525 0.0004009984459467499 0
1670576197084 0.00040007048964490566 0
1670576197706 0.000399148796874718 0
1670576198272 0.0003982332997538368 0
1670576198780 0.0003973239313763624 0
1670576199406 0.0003964206257962661 0
1670576199962 0.0003955233180111003 0
1670576200574 0.0004032334829563199 0
1670576201156 0.0004023350998772958 0
1670576201815 0.00040973374116827423 0
1670576202419 0.00040883510316016154 0
1670576202911 0.0004079421969614589 0
1670576203590 0.0004070549641743435 0
1670576204255 0.0004061733471828014 0
1670576204950 0.0004052972891405542 0
1670576205542 0.00040442673395916465 0
1670576206199 0.0004035616262963213 0
1670576206908 0.0004106381701776823 0
1670576207608 0.0004097729433198092 0
1670576208279 0.0004089130172110327 0
1670576208872 0.0004080583400037495 0
1670576209760 0.00040720886051596604 0
1670576210349 0.0004063645282214716 0
1670576211042 0.00040552529324014853 0
1670576211558 0.00040469110632842094 0
1670576212278 0.0004038619188698396 0
1670576212979 0.00040303768286580207 0
1670576213588 0.00040221835092640987 0
1670576214215 0.0004014038762614581 0
1670576214818 0.000400594212671559 0
1670576215459 0.0003997893145393975 0
1670576216092 0.0003989891368211187 0
1670576216693 0.00039819363503784363 0
1670576217329 0.0003974027652673148 0
1670576217948 0.00039661648413566843 0
1670576218546 0.0004033461941400627 0
1670576219263 0.00040255914626903733 0
1670576219921 0.0004017765771673367 0
1670576220597 0.0004009984459467499 0
1670576221253 0.0004002247122133882 0
1670576221932 0.00039945533606067295 0
1670576222561 0.00039869027806242264 0
1670576223277 0.00039792949926604245 0
1670576223888 0.000397172961185811 0
1670576224587 0.0003964206257962661 0
1670576225343 0.0004028734256586175 0
1670576226004 0.0004021203584186467 0
1670576226611 0.00040835359901767647 0
1670576227309 0.00041438400605844005 0
1670576227932 0.0004136268699523025 0
1670576228570 0.0004128737520941502 0
1670576229247 0.00041212461851396914 0
1670576229831 0.0004113794356167279 0
1670576230581 0.0004106381701776823 0
1670576231258 0.0004099007893377323 0
