1670566225073 0.0 0
1670566225337 0.0 0
1670566225848 0.0 0
1670566226257 0.0 0
1670566226639 0.0 0
1670566226995 0.0 0
1670566227184 0.0 0
1670566227610 0.0 0
1670566228164 0.0 0
1670566228478 0.0 0
1670566228815 0.0 0
1670566229227 0.0 0
1670566229502 0.0 0
1670566229923 0.0 0
1670566230491 0.0 0
1670566230812 0.0 0
1670566231308 0.0 0
1670566231712 0.0 0
1670566231899 0.0 0
1670566232166 0.0 0
1670566232502 0.0 0
1670566232830 0.0 0
1670566233273 0.0 0
1670566233669 0.0 0
1670566234072 0.0 0
1670566234512 0.0 0
1670566234887 0.0 0
1670566235194 0.0 0
1670566235439 0.0 0
1670566235743 0.0 0
1670566236087 0.0 0
1670566236499 0.0 0
1670566236764 0.0 0
1670566237269 0.0 0
1670566237838 0.0 0
1670566238079 0.0 0
1670566238379 0.0 0
1670566238611 0.0 0
1670566238807 0.0 0
1670566239078 0.0 0
1670566239240 0.0 0
1670566239601 0.0 0
1670566239838 0.0 0
1670566240064 0.0 0
1670566240280 0.0 0
1670566240463 0.0 0
1670566240653 0.0 0
1670566240815 0.0 0
1670566240976 0.0 0
1670566241192 0.0 0
1670566241345 0.0 0
1670566241624 0.0 0
1670566241828 0.0 0
1670566242017 0.0 0
1670566242524 0.0 0
1670566242849 0.0 0
1670566243207 0.0 0
1670566243581 0.0 0
1670566243836 0.0 0
1670566244023 0.0 0
1670566244259 0.0 0
1670566244430 0.0 0
1670566244776 0.0 0
1670566245063 0.0 0
1670566245553 0.0 0
1670566245978 0.0 0
1670566246170 0.0 0
1670566246503 0.0 0
1670566246847 0.0 0
1670566247288 0.0 0
1670566247684 0.0 0
1670566247890 0.0 0
1670566248161 0.0 0
1670566248357 0.0 0
1670566248678 0.0 0
1670566249027 0.0 0
1670566249491 0.0 0
1670566249756 0.0 0
1670566249985 0.0 0
1670566250196 0.0 0
1670566250789 0.0 0
1670566251143 0.0 0
1670566251318 0.0 0
1670566251622 0.0 0
1670566251880 0.0 0
1670566252119 0.0 0
1670566252493 0.0 0
1670566252860 0.0 0
1670566253101 0.0 0
1670566253323 0.0 0
1670566253490 0.0 0
1670566254002 0.0 0
1670566254426 0.0 0
1670566254835 0.0 0
1670566255186 0.0 0
1670566255563 0.0 0
1670566255747 0.0 0
1670566255937 0.0 0
1670566256256 0.0 0
1670566256580 0.0 0
1670566256896 0.0 0
1670566257131 0.0 0
