1670614946112 0.025333333333333333 0
1670614948581 0.018666666666666668 0
1670614951172 0.023 0
1670614953398 0.022333333333333334 0
1670614955660 0.027333333333333334 0
1670614957919 0.02666666666666667 0
1670614960198 0.024666666666666667 0
1670614962519 0.020666666666666667 0
1670614964870 0.023666666666666666 0
1670614967247 0.026333333333333334 0
1670614969607 0.019 0
1670614971883 0.026333333333333334 0
1670614974131 0.02 0
1670614976457 0.03 0
1670614978725 0.022333333333333334 0
1670614981004 0.023 0
1670614983190 0.022 0
1670614985485 0.021666666666666667 0
1670614987717 0.028333333333333332 0
1670614989932 0.018 0
1670614992178 0.021 0
1670614994427 0.024333333333333332 0
1670614996837 0.017 0
1670614999382 0.030666666666666665 0
1670615001955 0.024 0
1670615004719 0.021 0
1670615007296 0.024 0
1670615009840 0.02266666666666667 0
1670615012562 0.024333333333333332 0
1670615015391 0.020666666666666667 0
1670615018058 0.020666666666666667 0
1670615020704 0.024666666666666667 0
1670615023376 0.03133333333333333 0
1670615026197 0.022333333333333334 0
1670615028840 0.024666666666666667 0
1670615031410 0.02666666666666667 0
1670615033969 0.021666666666666667 0
1670615036659 0.024666666666666667 0
1670615039290 0.022 0
1670615041968 0.024666666666666667 0
1670615044495 0.026 0
1670615047005 0.025 0
1670615049722 0.024333333333333332 0
1670615052468 0.024666666666666667 0
1670615055296 0.024333333333333332 0
1670615057686 0.025333333333333333 0
1670615060293 0.027 0
1670615062905 0.026333333333333334 0
1670615065765 0.027333333333333334 0
1670615068692 0.023 0
1670615071189 0.029 0
1670615073627 0.022333333333333334 0
1670615076211 0.02 0
1670615078737 0.026 0
1670615081298 0.02266666666666667 0
1670615083706 0.021333333333333333 0
1670615086085 0.024333333333333332 0
1670615088445 0.022333333333333334 0
1670615090810 0.025 0
1670615093190 0.025333333333333333 0
1670615095827 0.02033333333333333 0
1670615098378 0.023 0
1670615101003 0.025333333333333333 0
1670615103665 0.019666666666666666 0
1670615106146 0.026333333333333334 0
1670615108721 0.025333333333333333 0
1670615111338 0.022333333333333334 0
1670615113942 0.02 0
1670615116341 0.027 0
1670615119027 0.02266666666666667 0
1670615121734 0.02 0
1670615124217 0.019333333333333334 0
1670615127145 0.026333333333333334 0
1670615130226 0.023666666666666666 0
1670615133966 0.024666666666666667 0
1670615138050 0.024333333333333332 0
1670615139844 0.026 0
1670615141552 0.022333333333333334 0
1670615144096 0.024 0
1670615144852 0.021333333333333333 0
1670615145455 0.021666666666666667 0
1670615145966 0.022333333333333334 0
1670615146524 0.024 0
1670615148243 0.019666666666666666 0
1670615149455 0.019666666666666666 0
1670615151370 0.025333333333333333 0
1670615153460 0.023333333333333334 0
1670615156521 0.025333333333333333 0
1670615159551 0.024333333333333332 0
1670615160111 0.02033333333333333 0
1670615160693 0.023666666666666666 0
1670615162639 0.021 0
1670615165608 0.021666666666666667 0
1670615167937 0.021666666666666667 0
1670615170544 0.020666666666666667 0
1670615173427 0.024666666666666667 0
1670615175924 0.023 0
1670615177672 0.023666666666666666 0
1670615179885 0.021666666666666667 0
1670615182605 0.021333333333333333 0
1670615185059 0.017666666666666667 0
1670615187677 0.021333333333333333 0
1670615190426 0.022 0
1670615192970 0.022 0
1670615195017 0.02033333333333333 0
1670615197135 0.023333333333333334 0
1670615197827 0.021333333333333333 0
1670615198678 0.025 0
1670615199238 0.02666666666666667 0
1670615199729 0.024666666666666667 0
1670615200878 0.023 0
1670615202889 0.02666666666666667 0
1670615203537 0.026 0
1670615204964 0.024666666666666667 0
1670615207141 0.023666666666666666 0
1670615209421 0.024 0
1670615211925 0.02033333333333333 0
1670615214619 0.024666666666666667 0
1670615217122 0.025333333333333333 0
1670615219491 0.024 0
1670615221358 0.028 0
1670615223851 0.024 0
1670615226359 0.023 0
1670615228213 0.024666666666666667 0
1670615231087 0.021 0
1670615233960 0.024333333333333332 0
1670615235970 0.02 0
1670615236768 0.023 0
1670615237351 0.027 0
1670615237967 0.025333333333333333 0
1670615238578 0.025333333333333333 0
1670615239173 0.021 0
1670615239755 0.023333333333333334 0
1670615240328 0.02666666666666667 0
1670615242978 0.021 0
1670615245557 0.024666666666666667 0
1670615248404 0.021333333333333333 0
1670615250293 0.026333333333333334 0
1670615252418 0.026333333333333334 0
1670615255039 0.019 0
1670615258163 0.024333333333333332 0
1670615261014 0.025333333333333333 0
1670615262105 0.024666666666666667 0
1670615264818 0.024 0
1670615267228 0.021333333333333333 0
1670615269373 0.02266666666666667 0
1670615272098 0.022333333333333334 0
1670615274595 0.019 0
1670615276583 0.021666666666666667 0
1670615278637 0.024666666666666667 0
1670615281001 0.021666666666666667 0
1670615283637 0.021666666666666667 0
1670615286467 0.022 0
1670615289015 0.019666666666666666 0
1670615291794 0.022 0
1670615294572 0.026333333333333334 0
1670615296935 0.026333333333333334 0
1670615300170 0.018 0
1670615303176 0.023 0
1670615306255 0.025333333333333333 0
1670615308872 0.022 0
1670615311030 0.024333333333333332 0
1670615313138 0.027333333333333334 0
1670615315604 0.025666666666666667 0
1670615317635 0.023333333333333334 0
1670615320231 0.02266666666666667 0
1670615323078 0.027 0
1670615324584 0.021666666666666667 0
1670615325687 0.022 0
1670615328053 0.022 0
1670615330436 0.021333333333333333 0
1670615334217 0.020666666666666667 0
1670615337430 0.021 0
1670615340478 0.022 0
1670615343220 0.02 0
1670615346552 0.024 0
1670615349700 0.021666666666666667 0
1670615353314 0.024 0
1670615356926 0.022 0
1670615359260 0.021666666666666667 0
1670615360812 0.024333333333333332 0
1670615363526 0.016666666666666666 0
1670615366637 0.023333333333333334 0
1670615369011 0.025 0
1670615372256 0.025333333333333333 0
1670615375350 0.023 0
1670615378150 0.024 0
1670615381202 0.027666666666666666 0
1670615384780 0.022 0
1670615387934 0.022333333333333334 0
1670615391153 0.026333333333333334 0
1670615392090 0.02 0
1670615392657 0.028666666666666667 0
1670615393226 0.030333333333333334 0
1670615393798 0.022333333333333334 0
1670615394361 0.027666666666666666 0
1670615394913 0.021666666666666667 0
1670615395460 0.018 0
1670615395987 0.020666666666666667 0
1670615396525 0.025333333333333333 0
1670615397034 0.02033333333333333 0
