1670600816613 0.1045 0
1670600820088 0.1054 0
1670600823885 0.1049 0
1670600827699 0.1049 0
1670600831228 0.1043 0
1670600834876 0.1051 0
1670600837995 0.1045 0
1670600841699 0.1065 0
1670600845099 0.1044 0
1670600848796 0.1054 0
1670600852498 0.1053 0
1670600855880 0.1044 0
1670600859580 0.1057 0
1670600863211 0.1051 0
1670600866488 0.1054 0
1670600870142 0.1051 0
1670600873676 0.1055 0
1670600877484 0.104 0
1670600881298 0.1056 0
1670600885154 0.105 0
1670600888481 0.1042 0
1670600891857 0.1049 0
1670600895489 0.1056 0
1670600898963 0.1054 0
1670600902421 0.1048 0
1670600905774 0.1045 0
1670600908897 0.1059 0
1670600912452 0.1045 0
1670600915672 0.1054 0
1670600919138 0.1052 0
1670600922160 0.1051 0
1670600925774 0.1061 0
1670600928968 0.1041 0
1670600932005 0.1056 0
1670600935490 0.1041 0
1670600938858 0.1057 0
1670600942499 0.1042 0
1670600946260 0.1056 0
1670600949477 0.1053 0
1670600952575 0.1052 0
1670600956212 0.1047 0
1670600959629 0.104 0
1670600963149 0.1039 0
1670600966251 0.1058 0
1670600969580 0.105 0
1670600972992 0.1061 0
1670600976658 0.1045 0
1670600980373 0.1044 0
1670600983771 0.1059 0
1670600987137 0.1046 0
1670600990116 0.1068 0
1670600994020 0.1047 0
1670600996901 0.1053 0
1670601000341 0.1053 0
1670601003904 0.1055 0
1670601007120 0.1041 0
1670601010193 0.104 0
1670601013714 0.1057 0
1670601017255 0.1045 0
1670601020500 0.1051 0
1670601024078 0.1048 0
1670601027504 0.1051 0
1670601030621 0.1055 0
1670601033722 0.1039 0
1670601037721 0.1045 0
1670601040909 0.1058 0
1670601044422 0.105 0
1670601047385 0.1054 0
1670601050756 0.1052 0
1670601054386 0.1055 0
1670601057506 0.1046 0
1670601060934 0.1061 0
1670601064870 0.1055 0
1670601068260 0.1044 0
1670601071362 0.1062 0
1670601074730 0.105 0
1670601078125 0.1066 0
1670601081445 0.1045 0
1670601084884 0.1062 0
1670601087958 0.1058 0
1670601091188 0.1035 0
1670601094240 0.1057 0
1670601097610 0.1054 0
1670601101402 0.1048 0
1670601105056 0.1047 0
1670601108030 0.106 0
1670601111510 0.1048 0
1670601115170 0.1049 0
1670601118858 0.1049 0
1670601122263 0.1047 0
1670601125654 0.1038 0
1670601129459 0.1056 0
1670601132521 0.1044 0
1670601136092 0.1051 0
1670601138977 0.1037 0
1670601142184 0.1056 0
1670601145374 0.1043 0
1670601148699 0.1047 0
1670601151588 0.1046 0
1670601154941 0.1048 0
1670601158417 0.1052 0
1670601161726 0.1041 0
