1670600820094 0.011435584262788873 0
1670600823891 0.0031682901822304155 0
1670600827704 0.0020315377249886524 0
1670600831236 0.0021071736794041895 0
1670600834882 0.0018714118249943679 0
1670600838001 0.0017547714277170723 0
1670600841706 0.0030961005160062005 0
1670600845110 0.002981886060677591 0
1670600848802 0.002843127503949522 0
1670600852503 0.0026994236410693984 0
1670600855888 0.002661483660620606 0
1670600859592 0.002670699507282409 0
1670600863216 0.002553199955261043 0
1670600866495 0.002480875378959635 0
1670600870149 0.0023876456995543804 0
1670600873682 0.0023459572390661654 0
1670600877491 0.002498567869682805 0
1670600881305 0.0024816109077406556 0
1670600885171 0.002410160594655819 0
1670600888489 0.002462782567264149 0
1670600891865 0.0024007109675031058 0
1670600895496 0.00239501920640392 0
1670600898969 0.002358569571837943 0
1670600902427 0.0023141595498284984 0
1670600905780 0.002303887267069399 0
1670600908904 0.0023586275071361407 0
1670600912463 0.002349341827099616 0
1670600915682 0.002321294065895041 0
1670600919148 0.0021865875271727675 0
1670600922167 0.002151348022809668 0
1670600925780 0.002235642650892017 0
1670600928977 0.002298127186239951 0
1670600932014 0.0022930358427489528 0
1670600935496 0.0023467243905808677 0
1670600938865 0.0023526372260685435 0
1670600942507 0.0023839047772773736 0
1670600946266 0.0023788811212441807 0
1670600949488 0.0023532879603652412 0
1670600952581 0.0023253467345772383 0
1670600956218 0.002307106405733589 0
1670600959635 0.002364460352112352 0
1670600963155 0.0024296788900261546 0
1670600966258 0.00244695650662477 0
1670600969601 0.00241963815994789 0
1670600972998 0.002471861251359786 0
1670600976664 0.0024645187046455352 0
1670600980380 0.0024640696176216337 0
1670600983777 0.002487452633342213 0
1670600987159 0.0024739807948277737 0
1670600990123 0.002632520281935502 0
1670600994027 0.002614309550771715 0
1670600996910 0.0025928545706773165 0
1670601000347 0.002571903275546489 0
1670601003911 0.0025586736715155767 0
1670601007129 0.002585332155683434 0
1670601010200 0.0026192868059236596 0
1670601013721 0.0026186797448954358 0
1670601017261 0.002611079116993431 0
1670601020505 0.0025894199427706766 0
1670601024086 0.0025708461704800345 0
1670601027510 0.0025502348346846115 0
1670601030628 0.002540129345566855 0
1670601033732 0.0025807226178685694 0
1670601037729 0.002573289789183364 0
1670601040917 0.0025811027503832296 0
1670601044432 0.0025618049175338276 0
1670601047394 0.002548937666848883 0
1670601050762 0.0025315969403180427 0
1670601054393 0.0025226899363320066 0
1670601057514 0.0025132007996778727 0
1670601060944 0.0025429168371411126 0
1670601064879 0.0025336981397261205 0
1670601068266 0.00253405555639849 0
1670601071369 0.00256978311796327 0
1670601074738 0.0025529807290652073 0
1670601078132 0.0026264562869036945 0
1670601081451 0.0026222049362411293 0
1670601084891 0.002651734853931803 0
1670601087964 0.0026531960500129625 0
1670601091194 0.0027260656849484033 0
1670601094248 0.0027225332589402296 0
1670601097617 0.0027094002887887436 0
1670601101408 0.002696052253475828 0
1670601105062 0.002685130610114883 0
1670601108038 0.0026971830494948446 0
1670601111517 0.002684430795773962 0
1670601115177 0.0026702976746437457 0
1670601118865 0.002656383506079829 0
1670601122270 0.002646326855418657 0
1670601125661 0.0026833145445427364 0
1670601129467 0.002677469165427576 0
1670601132533 0.002676891601256587 0
1670601136098 0.0026626507006542732 0
1670601138984 0.002704384388791392 0
1670601142192 0.002699101687536787 0
1670601145381 0.0027018430296035234 0
1670601148706 0.0026915463504762482 0
1670601151594 0.0026836163248666334 0
1670601154950 0.002671824168959669 0
1670601158423 0.0026592986368912386 0
1670601161734 0.0026710501958536748 0
