1670619507826 0.2857142857142857 0
1670619510552 0.2857142857142857 0
1670619514030 0.2857142857142857 0
1670619517506 0.2857142857142857 0
1670619520941 0.2857142857142857 0
1670619524630 0.2857142857142857 0
1670619528251 0.2857142857142857 0
1670619531366 0.2857142857142857 0
1670619534791 0.2857142857142857 0
1670619538184 0.2857142857142857 0
1670619541557 0.2857142857142857 0
1670619545200 0.2857142857142857 0
1670619548940 0.2857142857142857 0
1670619552654 0.2857142857142857 0
1670619556411 0.2857142857142857 0
1670619560183 0.2857142857142857 0
1670619563944 0.2857142857142857 0
1670619567312 0.2857142857142857 0
1670619570780 0.2857142857142857 0
1670619574283 0.2857142857142857 0
1670619577694 0.2857142857142857 0
1670619581228 0.2857142857142857 0
1670619584612 0.2857142857142857 0
1670619588130 0.2857142857142857 0
1670619591507 0.2857142857142857 0
1670619594785 0.2857142857142857 0
1670619598607 0.2857142857142857 0
1670619602431 0.2857142857142857 0
1670619606231 0.2857142857142857 0
1670619610074 0.2857142857142857 0
1670619613970 0.2857142857142857 0
1670619617933 0.2857142857142857 0
1670619621862 0.2857142857142857 0
1670619625748 0.2857142857142857 0
1670619629666 0.2857142857142857 0
1670619633355 0.2857142857142857 0
1670619637007 0.2857142857142857 0
1670619640452 0.2857142857142857 0
1670619643833 0.2857142857142857 0
1670619647247 0.2857142857142857 0
1670619650527 0.2857142857142857 0
1670619653943 0.2857142857142857 0
1670619657177 0.2857142857142857 0
1670619660642 0.2857142857142857 0
1670619664160 0.2857142857142857 0
1670619667638 0.2857142857142857 0
1670619671047 0.2857142857142857 0
1670619674220 0.2857142857142857 0
1670619677679 0.2857142857142857 0
1670619681150 0.2857142857142857 0
1670619684643 0.2857142857142857 0
1670619687936 0.2857142857142857 0
1670619691168 0.2857142857142857 0
1670619694377 0.2857142857142857 0
1670619698132 0.2857142857142857 0
1670619701605 0.2857142857142857 0
1670619704743 0.2857142857142857 0
1670619708051 0.2857142857142857 0
1670619711381 0.2857142857142857 0
1670619714557 0.2857142857142857 0
1670619717603 0.2857142857142857 0
1670619721087 0.2857142857142857 0
1670619724570 0.2857142857142857 0
1670619728293 0.2857142857142857 0
1670619732464 0.2857142857142857 0
1670619736103 0.2857142857142857 0
1670619739794 0.2857142857142857 0
1670619743664 0.2857142857142857 0
1670619747526 0.2857142857142857 0
1670619751089 0.2857142857142857 0
1670619754824 0.2857142857142857 0
1670619758660 0.2857142857142857 0
1670619762511 0.2857142857142857 0
1670619766459 0.2857142857142857 0
1670619770260 0.2857142857142857 0
1670619774139 0.2857142857142857 0
1670619777496 0.2857142857142857 0
1670619780913 0.2857142857142857 0
1670619784235 0.2857142857142857 0
1670619787607 0.2857142857142857 0
1670619791045 0.2857142857142857 0
1670619794447 0.2857142857142857 0
1670619797899 0.2857142857142857 0
1670619801704 0.2857142857142857 0
1670619805545 0.2857142857142857 0
1670619809394 0.2857142857142857 0
1670619813283 0.2857142857142857 0
1670619816555 0.2857142857142857 0
1670619820079 0.2857142857142857 0
1670619823439 0.2857142857142857 0
1670619826657 0.2857142857142857 0
1670619830140 0.2857142857142857 0
1670619833322 0.2857142857142857 0
1670619836763 0.2857142857142857 0
1670619839877 0.2857142857142857 0
1670619843295 0.2857142857142857 0
1670619846783 0.2857142857142857 0
1670619850249 0.2857142857142857 0
1670619853654 0.2857142857142857 0
1670619856907 0.2857142857142857 0
1670619860327 0.2857142857142857 0
1670619863795 0.2857142857142857 0
1670619867364 0.2857142857142857 0
1670619870823 0.2857142857142857 0
1670619874412 0.2857142857142857 0
1670619877547 0.2857142857142857 0
1670619880830 0.2857142857142857 0
1670619884305 0.2857142857142857 0
1670619887511 0.2857142857142857 0
1670619890805 0.2857142857142857 0
1670619894186 0.2857142857142857 0
1670619897547 0.2857142857142857 0
1670619901006 0.2857142857142857 0
1670619904669 0.2857142857142857 0
1670619908355 0.2857142857142857 0
1670619912020 0.2857142857142857 0
1670619915649 0.2857142857142857 0
1670619919212 0.2857142857142857 0
1670619922786 0.2857142857142857 0
1670619926386 0.2857142857142857 0
1670619929982 0.2857142857142857 0
1670619933825 0.2857142857142857 0
1670619937582 0.2857142857142857 0
1670619941057 0.2857142857142857 0
1670619944516 0.2857142857142857 0
1670619947952 0.2857142857142857 0
1670619951770 0.2857142857142857 0
1670619955548 0.2857142857142857 0
1670619959350 0.2857142857142857 0
1670619963010 0.2857142857142857 0
1670619966434 0.2857142857142857 0
1670619969841 0.2857142857142857 0
1670619973439 0.2857142857142857 0
1670619976847 0.2857142857142857 0
1670619980391 0.2857142857142857 0
1670619983771 0.2857142857142857 0
1670619987119 0.2857142857142857 0
1670619990285 0.2857142857142857 0
1670619993567 0.2857142857142857 0
1670619997024 0.2857142857142857 0
1670620000349 0.2857142857142857 0
1670620003619 0.2857142857142857 0
1670620007109 0.2857142857142857 0
1670620010681 0.2857142857142857 0
1670620014569 0.2857142857142857 0
1670620019043 0.2857142857142857 0
1670620023176 0.2857142857142857 0
1670620027345 0.2857142857142857 0
1670620031449 0.2857142857142857 0
1670620035383 0.2857142857142857 0
1670620039323 0.2857142857142857 0
1670620043517 0.2857142857142857 0
1670620047492 0.2857142857142857 0
1670620051681 0.2857142857142857 0
1670620055655 0.2857142857142857 0
1670620059844 0.2857142857142857 0
1670620063694 0.2857142857142857 0
1670620067937 0.2857142857142857 0
1670620071587 0.2857142857142857 0
1670620075548 0.2857142857142857 0
1670620079755 0.2857142857142857 0
1670620083726 0.2857142857142857 0
1670620087636 0.2857142857142857 0
1670620091622 0.2857142857142857 0
1670620095561 0.2857142857142857 0
