1670602608795 0.0 0
1670602609645 0.0 0
1670602610650 0.0 0
1670602611439 0.0 0
1670602612337 0.0 0
1670602613376 0.0 0
1670602614391 0.0 0
1670602615230 0.0 0
1670602616015 0.0 0
1670602616797 0.0 0
1670602617678 0.0 0
1670602618482 0.0 0
1670602619242 0.0 0
1670602620084 0.0 0
1670602620901 0.0 0
1670602622128 0.0 0
1670602623028 0.0 0
1670602623842 0.0 0
1670602624747 0.0 0
1670602625477 0.0 0
1670602626409 0.0 0
1670602627354 0.0 0
1670602628182 0.0 0
1670602628971 0.0 0
1670602629748 0.0 0
1670602630487 0.0 0
1670602631572 0.0 0
1670602632514 0.0 0
1670602633445 0.0 0
1670602634484 0.0 0
1670602635176 0.0 0
1670602636087 0.0 0
1670602636838 0.0 0
1670602637626 0.0 0
1670602638371 0.0 0
1670602639396 0.0 0
1670602640262 0.0 0
1670602641350 0.0 0
1670602642082 0.0 0
1670602642838 0.0 0
1670602643738 0.0 0
1670602644667 0.0 0
1670602645433 0.0 0
1670602646453 0.0 0
1670602647292 0.0 0
1670602648090 0.0 0
1670602648934 0.0 0
1670602649934 0.0 0
1670602650893 0.0 0
1670602651729 0.0 0
1670602652496 0.0 0
1670602653368 0.0 0
1670602654242 0.0 0
1670602655002 0.0 0
1670602655911 0.0 0
1670602656756 0.0 0
1670602657905 0.0 0
1670602658705 0.0 0
1670602659551 0.0 0
1670602660486 0.0 0
1670602661409 0.0 0
1670602662252 0.0 0
1670602663094 0.0 0
1670602663979 0.0 0
1670602664752 0.0 0
1670602665582 0.0 0
1670602666578 0.0 0
1670602667646 0.0 0
1670602668706 0.0 0
1670602669657 0.0 0
1670602670643 0.0 0
1670602671461 0.0 0
1670602672396 0.0 0
1670602673277 0.0 0
1670602674294 0.0 0
1670602675636 0.0 0
1670602676420 0.0 0
1670602677679 0.0 0
1670602678518 0.0 0
1670602679402 0.0 0
1670602680330 0.0 0
1670602681252 0.0 0
1670602682107 0.0 0
1670602682828 0.0 0
1670602683650 0.0 0
1670602684361 0.0 0
1670602685146 0.0 0
1670602686153 0.0 0
1670602687193 0.0 0
1670602688190 0.0 0
1670602689128 0.0 0
1670602690108 0.0 0
1670602691083 0.0 0
1670602692038 0.0 0
1670602692962 0.0 0
1670602693851 0.0 0
1670602695055 0.0 0
1670602695954 0.0 0
1670602697138 0.0 0
1670602698137 0.0 0
1670602699000 0.0 0
1670602700221 0.0 0
