1670824373537 0.0 0
1670824374801 0.0 0
1670824376072 0.0 0
1670824377329 0.0 0
1670824378537 0.0 0
1670824379535 0.0 0
1670824380596 0.0 0
1670824381839 0.0 0
1670824382860 0.0 0
1670824383989 0.0 0
1670824385151 0.0 0
1670824386048 0.0 0
1670824387223 0.0 0
1670824388381 0.0 0
1670824389575 0.0 0
1670824391048 0.0 0
1670824392073 0.0 0
1670824393102 0.0 0
1670824394395 0.0 0
1670824395646 0.0 0
1670824396965 0.0 0
1670824398273 0.0 0
1670824399438 0.0 0
1670824400577 0.0 0
1670824401601 0.0 0
1670824402845 0.0 0
1670824403847 0.0 0
1670824404870 0.0 0
1670824406115 0.0 0
1670824407307 0.0 0
1670824408396 0.0 0
1670824409623 0.0 0
1670824410839 0.0 0
1670824411923 0.0 0
1670824413272 0.0 0
1670824414482 0.0 0
1670824415598 0.0 0
1670824416951 0.0 0
1670824418222 0.0 0
1670824419396 0.0 0
1670824420381 0.0 0
1670824421769 0.0 0
1670824422793 0.0 0
1670824423960 0.0 0
1670824425317 0.0 0
1670824426552 0.0 0
1670824427791 0.0 0
1670824428850 0.0 0
1670824429971 0.0 0
1670824431246 0.0 0
1670824432391 0.0 0
1670824433461 0.0 0
1670824434580 0.0 0
1670824435630 0.0 0
1670824436619 0.0 0
1670824437742 0.0 0
1670824438874 0.0 0
1670824440204 0.0 0
1670824441343 0.0 0
1670824442546 0.0 0
1670824443921 0.0 0
1670824445128 0.0 0
1670824446319 0.0 0
1670824447490 0.0 0
1670824448854 0.0 0
1670824450080 0.0 0
1670824451275 0.0 0
1670824452477 0.0 0
1670824453732 0.0 0
1670824454619 0.0 0
1670824455902 0.0 0
1670824457118 0.0 0
1670824458155 0.0 0
1670824459390 0.0 0
1670824460514 0.0 0
1670824461433 0.0 0
1670824462556 0.0 0
1670824463624 0.0 0
1670824464618 0.0 0
1670824465541 0.0 0
1670824466752 0.0 0
1670824467990 0.0 0
1670824469083 0.0 0
1670824470172 0.0 0
1670824471465 0.0 0
1670824472481 0.0 0
1670824473608 0.0 0
1670824474809 0.0 0
1670824476039 0.0 0
1670824477195 0.0 0
1670824478387 0.0 0
1670824479696 0.0 0
1670824480859 0.0 0
1670824481778 0.0 0
1670824483039 0.0 0
1670824483886 0.0 0
1670824484841 0.0 0
1670824486117 0.0 0
1670824487468 0.0 0
1670824488673 0.0 0
1670824489740 0.0 0
1670824490886 0.0 0
