1670629120201 0.0 0
1670629126872 0.0 0
1670629133478 0.0 0
1670629139888 0.0 0
1670629146247 0.0 0
1670629152719 0.0 0
1670629159419 0.0 0
1670629165885 0.0 0
1670629172241 0.0 0
1670629178486 0.0 0
1670629184960 0.0 0
1670629191635 0.0 0
1670629198441 0.0 0
1670629205081 0.0 0
1670629211379 0.0 0
1670629217811 0.0 0
1670629224039 0.0 0
1670629230605 0.0 0
1670629236314 0.0 0
1670629241588 0.0 0
1670629247022 0.0 0
1670629252458 0.0 0
1670629257816 0.0 0
1670629262990 0.0 0
1670629268195 0.0 0
1670629273547 0.0 0
1670629279218 0.0 0
1670629285106 0.0 0
1670629291023 0.0 0
1670629296711 0.0 0
1670629302074 0.0 0
1670629306889 0.0 0
1670629311977 0.0 0
1670629317537 0.0 0
1670629323319 0.0 0
1670629328842 0.0 0
1670629334216 0.0 0
1670629339647 0.0 0
1670629345411 0.0 0
1670629351073 0.0 0
1670629355794 0.0 0
1670629361247 0.0 0
1670629366646 0.0 0
1670629372183 0.0 0
1670629378260 0.0 0
1670629383687 0.0 0
1670629388911 0.0 0
1670629394205 0.0 0
1670629399386 0.0 0
1670629404515 0.0 0
1670629410000 0.0 0
1670629415215 0.0 0
1670629420630 0.0 0
1670629425722 0.0 0
1670629431024 0.0 0
1670629436397 0.0 0
1670629442079 0.0 0
1670629447136 0.0 0
1670629452358 0.0 0
1670629458306 0.0 0
1670629463713 0.0 0
1670629469332 0.0 0
1670629475726 0.0 0
1670629482462 0.0 0
1670629488536 0.0 0
1670629494397 0.0 0
1670629499866 0.0 0
1670629505476 0.0 0
