1670602231862 0.0 0
1670602234411 0.0001 0
1670602237151 0.0 0
1670602239970 0.0002 0
1670602242552 0.0002 0
1670602245268 0.0 0
1670602247865 0.0001 0
1670602250767 0.0001 0
1670602253297 0.0004 0
1670602255882 0.0002 0
1670602258420 0.0001 0
1670602261140 0.0 0
1670602263846 0.0 0
1670602266231 0.0 0
1670602268868 0.0001 0
1670602271789 0.0 0
1670602274500 0.0 0
1670602276994 0.0002 0
1670602279495 0.0001 0
1670602282424 0.0 0
1670602284976 0.0 0
1670602287327 0.0001 0
1670602289918 0.0001 0
1670602292469 0.0002 0
1670602294946 0.0 0
1670602297433 0.0 0
1670602299845 0.0002 0
1670602302394 0.0 0
1670602304968 0.0001 0
1670602307418 0.0001 0
1670602310054 0.0 0
1670602312785 0.0001 0
1670602315283 0.0 0
1670602317827 0.0001 0
1670602320124 0.0003 0
1670602322786 0.0002 0
1670602325447 0.0 0
1670602328184 0.0001 0
1670602330330 0.0001 0
1670602332860 0.0001 0
1670602335577 0.0001 0
1670602337786 0.0001 0
1670602340153 0.0 0
1670602342842 0.0 0
1670602345014 0.0 0
1670602347580 0.0001 0
1670602350214 0.0001 0
1670602352711 0.0001 0
1670602355355 0.0 0
1670602357574 0.0003 0
1670602360001 0.0 0
1670602362518 0.0001 0
1670602364990 0.0 0
1670602367778 0.0001 0
1670602370572 0.0002 0
1670602373372 0.0 0
1670602376163 0.0 0
1670602378863 0.0 0
1670602381590 0.0001 0
1670602384735 0.0001 0
1670602387762 0.0001 0
1670602390289 0.0001 0
1670602393012 0.0001 0
1670602395617 0.0 0
1670602398250 0.0 0
1670602401434 0.0 0
1670602404128 0.0003 0
1670602406991 0.0001 0
1670602409879 0.0001 0
1670602412724 0.0 0
1670602415354 0.0001 0
1670602418229 0.0002 0
1670602420783 0.0 0
1670602423844 0.0002 0
1670602426875 0.0002 0
1670602429681 0.0 0
1670602432474 0.0001 0
1670602435642 0.0001 0
1670602438227 0.0 0
1670602440680 0.0002 0
1670602443661 0.0 0
1670602446522 0.0 0
1670602449364 0.0 0
1670602451913 0.0 0
1670602454729 0.0001 0
1670602457619 0.0 0
1670602460330 0.0 0
1670602463464 0.0001 0
1670602466462 0.0001 0
1670602468973 0.0002 0
1670602471903 0.0 0
1670602474541 0.0 0
1670602477545 0.0 0
1670602480106 0.0 0
1670602482852 0.0001 0
1670602485594 0.0 0
1670602488802 0.0 0
1670602491734 0.0 0
1670602494267 0.0002 0
1670602496910 0.0001 0
1670602499656 0.0002 0
1670602502655 0.0 0
1670602505904 0.0 0
1670602509094 0.0002 0
1670602511779 0.0002 0
1670602515058 0.0001 0
1670602518117 0.0002 0
1670602521588 0.0001 0
1670602524937 0.0002 0
1670602527764 0.0 0
1670602530851 0.0003 0
1670602533728 0.0 0
1670602536831 0.0003 0
1670602539877 0.0002 0
1670602542541 0.0 0
1670602545237 0.0001 0
1670602547856 0.0 0
1670602550661 0.0 0
1670602553342 0.0001 0
1670602556362 0.0 0
1670602559246 0.0001 0
1670602562152 0.0 0
1670602565029 0.0001 0
1670602568079 0.0001 0
1670602570647 0.0001 0
1670602573343 0.0 0
1670602576476 0.0003 0
1670602580130 0.0001 0
1670602583628 0.0001 0
