1670582091269 0.003 0
1670582093177 0.0031666666666666666 0
1670582094995 0.004166666666666667 0
1670582096663 0.0035 0
1670582098236 0.0035 0
1670582099580 0.0026666666666666666 0
1670582101293 0.0045 0
1670582102917 0.0055 0
1670582104384 0.0026666666666666666 0
1670582105953 0.0025 0
1670582107563 0.004 0
1670582108920 0.005666666666666667 0
1670582110326 0.004 0
1670582111882 0.003833333333333333 0
1670582113473 0.0028333333333333335 0
1670582115280 0.0035 0
1670582116681 0.0036666666666666666 0
1670582118542 0.0035 0
1670582120119 0.0036666666666666666 0
1670582121675 0.004 0
1670582123376 0.004333333333333333 0
1670582124887 0.004166666666666667 0
1670582126612 0.004166666666666667 0
1670582128471 0.005 0
1670582129875 0.0031666666666666666 0
1670582131224 0.004833333333333334 0
1670582132958 0.004 0
1670582134304 0.0036666666666666666 0
1670582135996 0.0035 0
1670582137970 0.0026666666666666666 0
1670582139597 0.0035 0
1670582140928 0.004166666666666667 0
1670582142994 0.0035 0
1670582144890 0.004333333333333333 0
1670582146827 0.0033333333333333335 0
1670582148382 0.0018333333333333333 0
1670582150345 0.004333333333333333 0
1670582152074 0.005 0
1670582153888 0.0021666666666666666 0
1670582155821 0.0045 0
1670582157722 0.004666666666666667 0
1670582159397 0.0023333333333333335 0
1670582161097 0.0055 0
1670582163274 0.0035 0
1670582165333 0.0036666666666666666 0
1670582167154 0.0036666666666666666 0
1670582168977 0.004 0
1670582170801 0.004166666666666667 0
1670582172416 0.0045 0
1670582174129 0.003833333333333333 0
1670582175858 0.004 0
1670582177983 0.003833333333333333 0
1670582180123 0.0025 0
1670582182288 0.004333333333333333 0
1670582184141 0.0023333333333333335 0
1670582185890 0.0031666666666666666 0
1670582187917 0.004333333333333333 0
1670582189951 0.005 0
1670582191696 0.004166666666666667 0
1670582193444 0.0045 0
1670582195159 0.0025 0
1670582197291 0.005 0
1670582199395 0.005 0
1670582201182 0.004666666666666667 0
1670582202937 0.0026666666666666666 0
1670582204651 0.0033333333333333335 0
1670582206524 0.0028333333333333335 0
1670582208203 0.004 0
1670582209840 0.0028333333333333335 0
1670582211434 0.0035 0
1670582213083 0.0033333333333333335 0
1670582214918 0.0021666666666666666 0
1670582216872 0.0025 0
1670582218677 0.0036666666666666666 0
1670582220873 0.004 0
1670582222675 0.003833333333333333 0
1670582224660 0.0035 0
1670582226612 0.0055 0
1670582228426 0.0033333333333333335 0
1670582229918 0.003833333333333333 0
1670582231518 0.0025 0
1670582233332 0.004833333333333334 0
1670582234910 0.0035 0
1670582236497 0.003 0
1670582238046 0.0036666666666666666 0
1670582239840 0.0023333333333333335 0
1670582241534 0.004833333333333334 0
1670582243087 0.0026666666666666666 0
1670582244485 0.005 0
1670582246305 0.003 0
1670582248344 0.0045 0
1670582249905 0.005666666666666667 0
1670582251578 0.0036666666666666666 0
1670582253268 0.0015 0
1670582254628 0.0025 0
1670582256287 0.0035 0
1670582257938 0.0035 0
1670582260061 0.0028333333333333335 0
1670582261948 0.0025 0
1670582263562 0.003833333333333333 0
1670582265092 0.003 0
1670582267228 0.0035 0
