1670603708888 0.2895 0
1670603711251 0.2877 0
1670603714472 0.29 0
1670603716756 0.2908 0
1670603719209 0.2875 0
1670603721463 0.2877 0
1670603724193 0.2877 0
1670603726836 0.2889 0
1670603728641 0.2907 0
1670603730828 0.2909 0
1670603734510 0.2899 0
1670603737662 0.2899 0
1670603740419 0.2889 0
1670603743421 0.2889 0
1670603745878 0.2868 0
1670603749415 0.2885 0
1670603752562 0.2881 0
1670603755096 0.2905 0
1670603757988 0.2883 0
1670603760531 0.2878 0
1670603764045 0.2891 0
1670603767128 0.2884 0
1670603769719 0.2884 0
1670603773142 0.289 0
1670603775643 0.2888 0
1670603778335 0.2897 0
1670603781160 0.289 0
1670603783857 0.291 0
1670603786181 0.2898 0
1670603789115 0.2869 0
1670603792467 0.2899 0
1670603795235 0.2899 0
1670603798633 0.2893 0
1670603801363 0.2871 0
1670603803921 0.2892 0
1670603806777 0.2891 0
1670603809214 0.2904 0
1670603812330 0.2896 0
1670603814722 0.2887 0
1670603817395 0.2899 0
1670603820448 0.2868 0
1670603823195 0.2892 0
1670603825384 0.2898 0
1670603827691 0.2881 0
1670603830192 0.288 0
1670603832975 0.2891 0
1670603836656 0.2873 0
1670603839451 0.2887 0
1670603842936 0.2883 0
1670603844732 0.2886 0
1670603846952 0.2878 0
1670603849497 0.2888 0
1670603853299 0.2885 0
1670603856751 0.2878 0
1670603860133 0.2882 0
1670603863340 0.2895 0
1670603866346 0.2902 0
1670603868651 0.2874 0
1670603871999 0.2901 0
1670603875162 0.2883 0
1670603878443 0.2899 0
1670603881793 0.2915 0
1670603884973 0.289 0
1670603887856 0.2883 0
1670603890759 0.2896 0
1670603893986 0.289 0
1670603896804 0.2891 0
1670603899962 0.2884 0
1670603903156 0.2893 0
1670603906404 0.2879 0
1670603909537 0.2882 0
1670603913060 0.2888 0
1670603916330 0.2887 0
1670603918974 0.2889 0
1670603922027 0.2901 0
1670603925631 0.2905 0
1670603929028 0.2864 0
1670603932606 0.2907 0
1670603935706 0.2879 0
1670603939272 0.2898 0
1670603942665 0.2881 0
1670603946008 0.2879 0
1670603949228 0.2882 0
1670603952139 0.2893 0
1670603954991 0.2882 0
1670603957754 0.2874 0
1670603961523 0.2905 0
1670603964559 0.2891 0
1670603967271 0.2886 0
1670603970390 0.2897 0
1670603973592 0.2893 0
1670603976294 0.2879 0
1670603978869 0.2889 0
1670603981078 0.2879 0
1670603983882 0.2872 0
1670603987640 0.2896 0
1670603990532 0.2902 0
1670603993397 0.2905 0
1670603996748 0.2902 0
1670604000077 0.2908 0
1670604003417 0.2904 0
1670604007309 0.2907 0
1670604011370 0.2892 0
1670604014354 0.2905 0
1670604017866 0.2907 0
1670604021318 0.2898 0
1670604024867 0.2884 0
1670604028189 0.2889 0
1670604031227 0.2889 0
1670604034945 0.2892 0
1670604038236 0.2885 0
1670604041788 0.2887 0
1670604044959 0.2898 0
1670604048716 0.2899 0
1670604052019 0.2878 0
1670604055186 0.2907 0
1670604057840 0.2893 0
1670604061229 0.2887 0
1670604064286 0.2885 0
1670604067755 0.2893 0
1670604071349 0.2899 0
1670604074897 0.2898 0
1670604078360 0.2904 0
1670604082106 0.2885 0
1670604085424 0.2893 0
1670604089050 0.2908 0
1670604092536 0.2875 0
1670604096026 0.2908 0
1670604099391 0.2891 0
1670604102854 0.2904 0
1670604106192 0.2885 0
1670604109727 0.2886 0
1670604113437 0.289 0
1670604116794 0.2886 0
1670604120149 0.2892 0
1670604123260 0.2887 0
1670604126607 0.2881 0
1670604129861 0.2893 0
1670604133287 0.2876 0
1670604137100 0.2874 0
1670604140855 0.288 0
1670604144253 0.2875 0
1670604147187 0.2878 0
1670604150441 0.2883 0
1670604153595 0.2874 0
1670604156588 0.2915 0
1670604159754 0.289 0
1670604162841 0.2883 0
1670604166134 0.2899 0
1670604169632 0.2889 0
1670604173201 0.2897 0
1670604176508 0.2886 0
1670604179290 0.2884 0
1670604182366 0.288 0
1670604185644 0.2877 0
1670604188875 0.2896 0
1670604191545 0.2889 0
1670604194452 0.2873 0
1670604197089 0.2894 0
1670604199710 0.289 0
1670604203218 0.2894 0
1670604205538 0.2884 0
1670604208630 0.2904 0
1670604211505 0.2886 0
1670604214258 0.288 0
1670604217255 0.2869 0
1670604220217 0.2894 0
1670604223182 0.2891 0
1670604225679 0.2911 0
1670604229263 0.2891 0
1670604231395 0.2888 0
1670604233583 0.2904 0
1670604236104 0.2881 0
1670604239021 0.2888 0
1670604241391 0.2874 0
1670604243505 0.2909 0
1670604246432 0.2892 0
1670604248687 0.2914 0
1670604251347 0.2885 0
1670604254235 0.2892 0
1670604256799 0.2885 0
1670604259347 0.2894 0
1670604262285 0.2898 0
1670604264897 0.291 0
