1670575818193 0.0 0
1670575819670 0.0 0
1670575820849 0.0 0
1670575822320 0.0 0
1670575823439 0.0 0
1670575824688 0.0 0
1670575825875 0.0 0
1670575827119 0.0 0
1670575828347 0.0 0
1670575829758 0.0 0
1670575831178 0.0 0
1670575832633 0.0 0
1670575834086 0.0 0
1670575835587 0.0 0
1670575836912 0.0 0
1670575838164 0.0 0
1670575839265 0.0 0
1670575840491 0.0 0
1670575841705 0.0 0
1670575842595 0.0 0
1670575843839 0.0 0
1670575844965 0.0 0
1670575846128 0.0 0
1670575847338 0.0 0
1670575848510 0.0 0
1670575849677 0.0 0
1670575851039 0.0 0
1670575852319 0.0 0
1670575853771 0.0 0
1670575854943 0.0 0
1670575856067 0.0 0
1670575857444 0.0 0
1670575858740 0.0 0
1670575860314 0.0 0
1670575861718 0.0 0
1670575863290 0.0 0
1670575864908 0.0 0
1670575866255 0.0 0
1670575867380 0.0 0
1670575868775 0.0 0
1670575870035 0.0 0
1670575871377 0.0 0
1670575872831 0.0 0
1670575874277 0.0 0
1670575875799 0.0 0
1670575877526 0.0 0
1670575878945 0.0 0
1670575880701 0.0 0
1670575881935 0.0 0
1670575883370 0.0 0
1670575884449 0.0 0
1670575885503 0.0 0
1670575887142 0.0 0
1670575889758 0.0 0
1670575891053 0.0 0
1670575892127 0.0 0
1670575893740 0.0 0
1670575894960 0.0 0
1670575896444 0.0 0
1670575898263 0.0 0
1670575899564 0.0 0
1670575900825 0.0 0
1670575902136 0.0 0
1670575903034 0.0 0
1670575904283 0.0 0
1670575905439 0.0 0
1670575907089 0.0 0
1670575908147 0.0 0
1670575909547 0.0 0
1670575910791 0.0 0
1670575911840 0.0 0
1670575912992 0.0 0
1670575914563 0.0 0
1670575915666 0.0 0
1670575917098 0.0 0
1670575918426 0.0 0
1670575919579 0.0 0
1670575920925 0.0 0
1670575922113 0.0 0
1670575923267 0.0 0
1670575924393 0.0 0
1670575925806 0.0 0
1670575927294 0.0 0
1670575928550 0.0 0
1670575929827 0.0 0
1670575930842 0.0 0
1670575931992 0.0 0
1670575933152 0.0 0
1670575934352 0.0 0
1670575935898 0.0 0
1670575936879 0.0 0
1670575938120 0.0 0
1670575939326 0.0 0
1670575940360 0.0 0
1670575941619 0.0 0
1670575942663 0.0 0
1670575943933 0.0 0
1670575945270 0.0 0
1670575946454 0.0 0
1670575947758 0.0 0
1670575949367 0.0 0
