1670570126610 0.0 0
1670570129483 0.0 0
1670570132965 0.0 0
1670570135982 0.0 0
1670570138871 0.0 0
1670570141882 0.0 0
1670570144915 0.0 0
1670570147750 0.0 0
1670570150277 0.0 0
1670570153050 0.0 0
1670570155402 0.0 0
1670570158558 0.0 0
1670570161151 0.0 0
1670570163811 0.0 0
1670570166339 0.0 0
1670570169041 0.0 0
1670570172026 0.0 0
1670570174699 0.0 0
1670570176853 0.0 0
1670570178891 0.0 0
1670570181301 0.0 0
1670570183923 0.0 0
1670570186393 0.0 0
1670570188778 0.0 0
1670570190841 0.0 0
1670570193285 0.0 0
1670570195453 0.0 0
1670570197631 0.0 0
1670570199376 0.0 0
1670570201587 0.0 0
1670570203791 0.0 0
1670570206764 0.0 0
1670570209832 0.0 0
1670570212956 0.0 0
1670570215947 0.0 0
1670570218699 0.0 0
1670570221884 0.0 0
1670570224335 0.0 0
1670570226699 0.0 0
1670570229079 0.0 0
1670570231383 0.0 0
1670570234353 0.0 0
1670570237261 0.0 0
1670570240835 0.0 0
1670570243777 0.0 0
1670570246769 0.0 0
1670570249823 0.0 0
1670570252347 0.0 0
1670570255703 0.0 0
1670570258166 0.0 0
1670570260620 0.0 0
1670570263174 0.0 0
1670570265154 0.0 0
1670570267824 0.0 0
1670570270355 0.0 0
1670570272472 0.0 0
1670570274366 0.0 0
1670570277310 0.0 0
1670570279711 0.0 0
1670570282328 0.0 0
1670570284775 0.0 0
1670570287071 0.0 0
1670570288744 0.0 0
1670570290338 0.0 0
1670570292479 0.0 0
1670570295570 0.0 0
1670570297873 0.0 0
1670570300107 0.0 0
1670570302633 0.0 0
1670570304734 0.0 0
1670570306692 0.0 0
1670570309474 0.0 0
1670570311619 0.0 0
1670570314469 0.0 0
1670570317165 0.0 0
1670570319399 0.0 0
1670570321267 0.0 0
1670570323337 0.0 0
1670570325973 0.0 0
1670570328195 0.0 0
1670570329753 0.0 0
1670570331679 0.0 0
1670570333657 0.0 0
1670570336250 0.0 0
1670570338876 0.0 0
1670570341225 0.0 0
1670570344049 0.0 0
1670570346818 0.0 0
1670570348868 0.0 0
1670570351104 0.0 0
1670570353198 0.0 0
1670570355546 0.0 0
1670570358293 0.0 0
1670570360701 0.0 0
1670570362897 0.0 0
1670570364727 0.0 0
1670570367534 0.0 0
1670570369710 0.0 0
1670570372151 0.0 0
1670570374780 0.0 0
1670570377181 0.0 0
