1670574163757 0.0012706204736432092 0
1670574165870 0.0010732701579730388 0
1670574167867 0.000711616627335866 0
1670574169797 0.0005662859107929099 0
1670574171774 0.0009694271190748009 0
1670574173926 0.0008843216772383129 0
1670574176041 0.0008105523562329316 0
1670574177889 0.000746131711474587 0
1670574180107 0.000695038354863939 0
1670574181956 0.0006607244533404296 0
1670574183724 0.0006437855465635475 0
1670574186003 0.0006482497655235242 0
1670574187974 0.0006705031570058603 0
1670574190027 0.0006432771136682785 0
1670574191708 0.0006191301444924469 0
1670574193801 0.0006037349848161175 0
1670574195818 0.0005841814808395129 0
1670574198040 0.0005715767610703286 0
1670574200138 0.0005658911578293481 0
1670574201878 0.0005555469548216851 0
1670574203656 0.0005413734347185972 0
1670574205859 0.0005373915264934475 0
1670574207674 0.0005248645443361406 0
1670574209462 0.0005210843195399042 0
1670574211631 0.000509925172378529 0
1670574213450 0.000506369449757468 0
1670574215467 0.0005017383010094791 0
1670574217067 0.0004922181485057095 0
1670574218786 0.0004691192892537972 0
1670574220493 0.0004670072018655035 0
1670574222028 0.0004646848412406641 0
1670574224147 0.00045759481758056106 0
1670574226333 0.0004508197276964733 0
1670574228281 0.0004625935315677248 0
1670574229973 0.0004724988392227899 0
1670574232104 0.0004661535963230399 0
1670574233973 0.0004746297090988562 0
1670574235978 0.0004686442032596686 0
1670574238101 0.0004654656566140499 0
1670574240190 0.0004599132347389794 0
1670574242397 0.0004599838180005455 0
1670574244157 0.0004547103285332168 0
1670574246355 0.00044961405893258427 0
1670574248156 0.00048060457091465283 0
1670574250203 0.0004753790617632955 0
1670574252177 0.0004825840384092377 0
1670574254169 0.000477584147013606 0
1670574256463 0.00048397457748228316 0
1670574258638 0.00047919415946546346 0
1670574260928 0.0004745525993420207 0
1670574262964 0.00048032784064356486 0
1670574264982 0.0004854450358898159 0
1670574267047 0.00048266364057734197 0
1670574268940 0.00047842183324577786 0
1670574270943 0.00048288966669420735 0
1670574273047 0.0004868652323802708 0
1670574274645 0.0004828897270204377 0
1670574276414 0.00048011415335204213 0
1670574278242 0.00047737184020293086 0
1670574280187 0.0004808002654162702 0
1670574282128 0.0005046895132053657 0
1670574284104 0.0005046432537249636 0
1670574286386 0.0005008570304790472 0
1670574288657 0.0004971545461896525 0
1670574290725 0.0004946393848366076 0
1670574292848 0.0004946472009648246 0
1670574294957 0.0004922576838810937 0
1670574296741 0.0004953932103609554 0
1670574299185 0.0004954880595955361 0
1670574301380 0.0004931360520305942 0
1670574303359 0.0004898699957637068 0
1670574305662 0.0005089108989570866 0
1670574307773 0.0005055704918824432 0
1670574309782 0.0005033814336099147 0
1670574312030 0.0005001736453999589 0
1670574314270 0.0005030385253348298 0
1670574316326 0.0005056611083330939 0
1670574318323 0.0005080594123280283 0
1670574320358 0.0005050473895527922 0
1670574322368 0.0005050645468293693 0
1670574324274 0.0005050057599694273 0
1670574326714 0.0005112422542560049 0
1670574328891 0.0005136631762956569 0
1670574330608 0.0005115847810688296 0
1670574332849 0.0005137679046023144 0
1670574334799 0.000519696691680557 0
1670574336654 0.0005176385704734579 0
1670574338796 0.0005196461304742537 0
1670574340990 0.000516890541846292 0
1670574343418 0.0005141781857966987 0
1670574345299 0.0005115079476874876 0
1670574347282 0.0005088787525397301 0
1670574349414 0.0005069932083403224 0
1670574351786 0.0005051232345154006 0
1670574353872 0.0005032688327237891 0
1670574355908 0.0005088977833407378 0
1670574358094 0.0005064134426673801 0
1670574359910 0.0005083633056053107 0
1670574361959 0.0005136601577313111 0
1670574363948 0.0005112183714113529 0
1670574365983 0.0005088109925840299 0
1670574368179 0.000510709107801351 0
1670574370401 0.0005089903389468124 0
1670574372798 0.0005139988385247749 0
1670574374884 0.0005187291195331939 0
1670574377353 0.0005205242379591837 0
1670574379853 0.000525021014551669 0
