1670571413405 0.043333333333333335 0
1670571414053 0.056 0
1670571414633 0.06333333333333334 0
1670571415117 0.05433333333333333 0
1670571415765 0.051333333333333335 0
1670571416315 0.05466666666666667 0
1670571417041 0.057 0
1670571417711 0.05366666666666667 0
1670571418320 0.051333333333333335 0
1670571418879 0.044333333333333336 0
1670571419502 0.056 0
1670571420169 0.04566666666666667 0
1670571420586 0.060333333333333336 0
1670571421051 0.04666666666666667 0
1670571421537 0.056666666666666664 0
1670571422175 0.052 0
1670571422699 0.04833333333333333 0
1670571423268 0.05333333333333334 0
1670571423761 0.052 0
1670571424364 0.047 0
1670571424891 0.055 0
1670571425402 0.049666666666666665 0
1670571425917 0.059666666666666666 0
1670571426574 0.049 0
1670571427132 0.05433333333333333 0
1670571427785 0.05366666666666667 0
1670571428388 0.057666666666666665 0
1670571428885 0.05266666666666667 0
1670571429424 0.04533333333333334 0
1670571429953 0.060333333333333336 0
1670571430519 0.051333333333333335 0
1670571431132 0.04566666666666667 0
1670571431768 0.056 0
1670571432442 0.051 0
1670571432947 0.047 0
1670571433645 0.058 0
1670571434202 0.05266666666666667 0
1670571434828 0.053 0
1670571435604 0.05433333333333333 0
1670571436146 0.049 0
1670571436866 0.04766666666666667 0
1670571437396 0.049 0
1670571437766 0.04633333333333333 0
1670571438577 0.04766666666666667 0
1670571439278 0.052333333333333336 0
1670571439821 0.051 0
1670571440271 0.046 0
1670571440734 0.056666666666666664 0
1670571441163 0.055 0
1670571441657 0.049666666666666665 0
1670571442419 0.060333333333333336 0
1670571443028 0.050666666666666665 0
1670571443562 0.04733333333333333 0
1670571444274 0.048 0
1670571444979 0.05433333333333333 0
1670571445540 0.058 0
1670571446232 0.048666666666666664 0
1670571446665 0.05433333333333333 0
1670571447211 0.048666666666666664 0
1670571447833 0.05533333333333333 0
1670571448315 0.055 0
1670571449071 0.05333333333333334 0
1670571449694 0.048666666666666664 0
1670571450115 0.056666666666666664 0
1670571450601 0.051 0
1670571451142 0.056 0
1670571451763 0.05366666666666667 0
1670571452402 0.05 0
1670571453106 0.054 0
1670571453554 0.050666666666666665 0
1670571454079 0.052333333333333336 0
1670571454568 0.05633333333333333 0
1670571455195 0.06 0
1670571455880 0.05333333333333334 0
1670571456404 0.05366666666666667 0
1670571457231 0.055 0
1670571458110 0.051 0
1670571458725 0.052333333333333336 0
1670571459104 0.053 0
1670571459661 0.051 0
1670571460229 0.053 0
1670571460875 0.047 0
1670571461734 0.051666666666666666 0
1670571463068 0.055 0
1670571463510 0.06166666666666667 0
1670571464134 0.050666666666666665 0
1670571464756 0.049 0
1670571465219 0.051666666666666666 0
1670571465828 0.05266666666666667 0
1670571466413 0.051 0
1670571466813 0.052333333333333336 0
1670571467362 0.049 0
1670571467924 0.053 0
1670571468832 0.046 0
1670571469506 0.05266666666666667 0
1670571470043 0.052333333333333336 0
1670571470724 0.051333333333333335 0
1670571471536 0.051666666666666666 0
1670571472031 0.051 0
1670571472544 0.048 0
1670571473047 0.05533333333333333 0
1670571473621 0.050333333333333334 0
1670571474277 0.044 0
1670571474893 0.055 0
1670571476062 0.058666666666666666 0
1670571476982 0.05333333333333334 0
1670571477809 0.053 0
1670571478705 0.05266666666666667 0
1670571479229 0.048666666666666664 0
1670571479690 0.052 0
1670571480602 0.05433333333333333 0
1670571481337 0.04933333333333333 0
1670571482016 0.052 0
1670571482770 0.042666666666666665 0
1670571483289 0.048 0
1670571483946 0.044 0
1670571484374 0.051 0
1670571485296 0.04666666666666667 0
1670571486171 0.04766666666666667 0
1670571486824 0.051 0
1670571487640 0.04666666666666667 0
1670571488319 0.056 0
1670571488904 0.051666666666666666 0
1670571489337 0.048 0
1670571489843 0.049 0
1670571490362 0.06133333333333333 0
1670571491095 0.048 0
1670571491486 0.053 0
1670571492363 0.051333333333333335 0
1670571493061 0.05 0
1670571493821 0.053 0
1670571494647 0.053 0
1670571495349 0.05466666666666667 0
1670571495928 0.049666666666666665 0
1670571496526 0.056666666666666664 0
1670571497461 0.04933333333333333 0
1670571498074 0.048666666666666664 0
1670571498909 0.051333333333333335 0
1670571499404 0.04666666666666667 0
1670571499902 0.057666666666666665 0
1670571500442 0.053 0
1670571501184 0.05433333333333333 0
1670571501972 0.05333333333333334 0
1670571502576 0.04733333333333333 0
1670571503268 0.04833333333333333 0
1670571504020 0.05633333333333333 0
1670571504520 0.04766666666666667 0
1670571505223 0.043666666666666666 0
1670571505886 0.05466666666666667 0
1670571506633 0.055 0
1670571507271 0.05333333333333334 0
1670571507902 0.053 0
1670571508721 0.043666666666666666 0
1670571509214 0.05733333333333333 0
1670571509849 0.047 0
1670571510320 0.051666666666666666 0
1670571511368 0.048666666666666664 0
1670571511850 0.05333333333333334 0
1670571512548 0.046 0
1670571513343 0.05 0
1670571514209 0.048 0
1670571515011 0.04833333333333333 0
1670571515436 0.04833333333333333 0
1670571515984 0.04933333333333333 0
1670571516566 0.05533333333333333 0
1670571517275 0.050666666666666665 0
1670571517953 0.052 0
1670571518445 0.049 0
1670571519117 0.05533333333333333 0
1670571519607 0.056 0
1670571520102 0.04566666666666667 0
1670571520771 0.059 0
1670571521200 0.04566666666666667 0
1670571521946 0.04666666666666667 0
1670571522557 0.050333333333333334 0
1670571523070 0.05266666666666667 0
1670571523512 0.045 0
1670571524008 0.050666666666666665 0
1670571524827 0.04933333333333333 0
1670571525383 0.046 0
1670571525808 0.063 0
