1670634999908 0.0 0
1670635003692 0.0 0
1670635007690 0.0 0
1670635011805 0.0 0
1670635015128 0.0 0
1670635018749 0.0 0
1670635022343 0.0 0
1670635026065 0.0 0
1670635029734 0.0 0
1670635033444 0.0 0
1670635037468 0.0 0
1670635041229 0.0 0
1670635045010 0.0 0
1670635048675 0.0 0
1670635052704 0.0 0
1670635056889 0.0 0
1670635061281 0.0 0
1670635065271 0.0 0
1670635069408 0.0 0
1670635073408 0.0 0
1670635077417 0.0 0
1670635081654 0.0 0
1670635086172 0.0 0
1670635090569 0.0 0
1670635094688 0.0 0
1670635098439 0.0 0
1670635102411 0.0 0
1670635106491 0.0 0
1670635110834 0.0 0
1670635115481 0.0 0
1670635119578 0.0 0
1670635123401 0.0 0
1670635127517 0.0 0
1670635131782 0.0 0
1670635135631 0.0 0
1670635139474 0.0 0
1670635142976 0.0 0
1670635146039 0.0 0
1670635149513 0.0 0
1670635153087 0.0 0
1670635157145 0.0 0
1670635161010 0.0 0
1670635164798 0.0 0
1670635168193 0.0 0
1670635172241 0.0 0
1670635176348 0.0 0
1670635180094 0.0 0
1670635183640 0.0 0
1670635187380 0.0 0
1670635191231 0.0 0
1670635194862 0.0 0
1670635198638 0.0 0
1670635202342 0.0 0
1670635205833 0.0 0
1670635209755 0.0 0
1670635213810 0.0 0
1670635217770 0.0 0
1670635221712 0.0 0
1670635225458 0.0 0
1670635229111 0.0 0
1670635233072 0.0 0
1670635237096 0.0 0
1670635241012 0.0 0
1670635245749 0.0 0
1670635250367 0.0 0
1670635254990 0.0 0
1670635258953 0.0 0
1670635263144 0.0 0
1670635267446 0.0 0
1670635271333 0.0 0
1670635275181 0.0 0
1670635278986 0.0 0
1670635282810 0.0 0
1670635286493 0.0 0
1670635290328 0.0 0
1670635293866 0.0 0
1670635297738 0.0 0
1670635301814 0.0 0
1670635306089 0.0 0
1670635309567 0.0 0
1670635313464 0.0 0
1670635316930 0.0 0
1670635320527 0.0 0
1670635324315 0.0 0
1670635328169 0.0 0
1670635332030 0.0 0
1670635335805 0.0 0
1670635339575 0.0 0
1670635343113 0.0 0
1670635346892 0.0 0
1670635350347 0.0 0
1670635353311 0.0 0
1670635356846 0.0 0
1670635360473 0.0 0
1670635364040 0.0 0
1670635367625 0.0 0
1670635371201 0.0 0
1670635374797 0.0 0
1670635378429 0.0 0
1670635381972 0.0 0
1670635385524 0.0 0
1670635389198 0.0 0
