1670563782090 0.008470803157621396 0
1670563782727 0.0027043865976987317 0
1670563783644 0.0017591633850134558 0
1670563784512 0.0013851341782447596 0
1670563785236 0.0012773323840881811 0
1670563786168 0.001188271549050493 0
1670563787000 0.001307095235129388 0
1670563787665 0.0013449996086486338 0
1670563788460 0.0013488899177805094 0
1670563789544 0.0013368151080663418 0
1670563790334 0.0012648426404040063 0
1670563791361 0.0012739635098835606 0
1670563792383 0.0012724897372660667 0
1670563793034 0.001278903688378367 0
1670563793956 0.0012305929688927806 0
1670563794696 0.0012330696841465834 0
1670563795761 0.001230570701671944 0
1670563796617 0.0012422935980938652 0
1670563797280 0.0012402136477132509 0
1670563798039 0.0012353378897483366 0
1670563798894 0.0012284586946168486 0
1670563799593 0.0012436121635822132 0
1670563800524 0.0012377846846266195 0
1670563801149 0.001230671328657145 0
1670563801898 0.0012226093529067053 0
1670563802880 0.0012138546662919653 0
1670563803632 0.0011916553775865178 0
1670563804436 0.0011706343457710648 0
1670563805014 0.0011155460350136786 0
1670563805973 0.0012157850570876344 0
1670563806898 0.0012106017327308176 0
1670563807776 0.0012048927340414866 0
1670563808641 0.0011987657744455661 0
1670563809690 0.001192309140863277 0
1670563810532 0.001185595496347905 0
1670563811526 0.0011786848550750255 0
1670563812306 0.0011650489676409256 0
1670563813151 0.0011518633582219948 0
1670563814020 0.0011682401094128946 0
1670563814899 0.0011631215108189503 0
1670563815695 0.0011776890492028941 0
1670563816432 0.0011650566517227997 0
1670563817187 0.001152818086908236 0
1670563817835 0.0011490533600742102 0
1670563818476 0.0011618417293044769 0
1670563819212 0.00115833408078547 0
1670563819648 0.0011545989979848059 0
1670563820362 0.0012173335999198164 0
1670563821228 0.0012057982753167881 0
1670563822002 0.0012022514600999934 0
1670563822526 0.0011985169732167396 0
1670563823387 0.0011946206253491197 0
1670563824052 0.0011905851650954227 0
1670563824868 0.0011864306756900508 0
1670563825702 0.0011821749140094216 0
1670563826377 0.0011778336012736477 0
1670563827027 0.0011888893540220222 0
1670563827780 0.0012405986091823043 0
1670563828457 0.0012365255603792996 0
1670563829210 0.0012271461390691823 0
1670563830167 0.0012179750049273847 0
1670563830650 0.0012256131162143929 0
1670563831468 0.0012324407288071587 0
1670563832152 0.001229360560925723 0
1670563833030 0.0012357265294756215 0
1670563834307 0.001232806084129888 0
1670563835248 0.0012387557651585912 0
1670563835922 0.0012359831234371504 0
1670563836883 0.0012275857766189315 0
1670563837687 0.0012248991869086379 0
1670563838255 0.0012221175513488067 0
1670563838802 0.0012192505554715315 0
1670563839553 0.0012163070404590313 0
1670563840311 0.001208783745846599 0
1670563841060 0.0012059402512745517 0
1670563841807 0.0012125691422961414 0
1670563842819 0.0012098485843099215 0
1670563843542 0.0012027502723412175 0
1670563844649 0.0012001167817286109 0
1670563845640 0.0011932868574433167 0
1670563846437 0.0011907365493506175 0
1670563847367 0.0011881293654400868 0
1670563848181 0.0011854707690321798 0
1670563848932 0.001182765803597541 0
1670563849773 0.001218989978647598 0
1670563850554 0.0012162512104860685 0
1670563851474 0.00124972206014195 0
1670563852189 0.0012431582119816849 0
1670563853004 0.0012405249309249066 0
1670563854001 0.0012341810761177937 0
1670563854864 0.001231623381021589 0
1670563855759 0.001236712326343182 0
1670563856478 0.001234247585118472 0
1670563857444 0.0012640340275307793 0
1670563858331 0.0012578085260601252 0
1670563859232 0.0012554372493671683 0
1670563859759 0.0012530265881961853 0
1670563860529 0.0012505798819047599 0
1670563861202 0.0012481002502472522 0
1670563861928 0.001245590608998381 0
1670563862669 0.0012430536843255203 0
