1670569036940 0.0889434331550247 0
1670569037987 0.025042970352704256 0
1670569038589 0.016604387971170212 0
1670569039313 0.01308828774318374 0
1670569039989 0.014223771455229774 0
1670569040813 0.014194365360388886 0
1670569041666 0.01287339510419459 0
1670569042360 0.013343274327450333 0
1670569042822 0.01250909048991701 0
1670569043522 0.011817238161356061 0
1670569044252 0.011378985795337616 0
1670569044829 0.012501231170407787 0
1670569045701 0.011998912452954584 0
1670569046326 0.01256540500667342 0
1670569047018 0.013118711704332653 0
1670569047657 0.012661432093157336 0
1670569048390 0.012260220845852349 0
1670569049014 0.01192705738634834 0
1670569049759 0.011648451419415555 0
1670569050656 0.011882575657371372 0
1670569051297 0.011896336366540944 0
1670569052117 0.011934365965539415 0
1670569052965 0.011887978172263787 0
1670569053594 0.011693838705866023 0
1670569054312 0.011450719503644187 0
1670569055174 0.011597884908795715 0
1670569055800 0.01159569440529045 0
1670569056752 0.01137528640103503 0
1670569057290 0.010877271471314738 0
1670569057852 0.010822890464848474 0
1670569058546 0.010932080538467392 0
1670569059270 0.011532616873535073 0
1670569059850 0.011413325612291463 0
1670569060674 0.011345071505755033 0
1670569061352 0.011299547026223253 0
1670569061999 0.011281142908190094 0
1670569062518 0.01151040999269659 0
1670569063254 0.011437758203559675 0
1670569063989 0.011659726740552934 0
1670569064587 0.011517931465987521 0
1670569065196 0.011757149915795406 0
1670569066315 0.011620013065725951 0
1670569066988 0.01148768077238687 0
1670569067524 0.011363108334132371 0
1670569068230 0.01124891932947504 0
1670569068804 0.011197244786504995 0
1670569069527 0.011083888309041494 0
1670569070158 0.011017875614215515 0
1670569070721 0.010916184177951128 0
1670569071362 0.010920862745498576 0
1670569072189 0.010899852040432999 0
1670569072989 0.011056378843407821 0
1670569073585 0.010953558845642246 0
1670569074273 0.010925029855350862 0
1670569074804 0.011024964075382213 0
1670569075673 0.01099733528373776 0
1670569076926 0.010914617291290125 0
1670569077713 0.01082172563279047 0
1670569078556 0.010777733965612171 0
1670569079180 0.010737098721024338 0
1670569080068 0.010731585463546252 0
1670569080874 0.010678767876179489 0
1670569081967 0.010625556871383467 0
1670569082715 0.010553747948749054 0
1670569083394 0.010494454625875033 0
1670569084128 0.010415853330584222 0
1670569084864 0.010512385479298884 0
1670569085682 0.0104915960296501 0
1670569086267 0.010433139147716562 0
1670569086937 0.010503048305532087 0
1670569087783 0.01056668879153553 0
1670569088354 0.010562963271013324 0
1670569089195 0.01050229916769431 0
1670569090226 0.010460397857967992 0
1670569090735 0.010596416571425078 0
1670569091322 0.010597893897963798 0
1670569092158 0.010564880612778382 0
1670569092876 0.010544444076824068 0
1670569093548 0.010496944500198294 0
1670569094266 0.010557474612772913 0
1670569094984 0.010516300458661039 0
1670569095651 0.010546257958630977 0
1670569096215 0.010514487884742851 0
1670569096936 0.010494271570573768 0
1670569097589 0.010435381989446102 0
1670569098227 0.010381295718466355 0
1670569099236 0.010389324815518755 0
1670569099715 0.010357730501470215 0
1670569100590 0.01049340227593143 0
1670569101387 0.010441043742993664 0
1670569102001 0.010464433581186108 0
1670569102885 0.010521693098477253 0
1670569103828 0.010503786642841344 0
1670569104606 0.010708897821092085 0
1670569105606 0.010700318420242348 0
1670569106860 0.010650131833951956 0
1670569107764 0.01064101575803425 0
1670569108594 0.010673948924138602 0
1670569109429 0.010675030602093384 0
1670569110690 0.010630167234485684 0
1670569111276 0.010625753004673937 0
1670569112242 0.010633240682725961 0
1670569113077 0.010668939206424116 0
1670569113797 0.01062699597345347 0
1670569114489 0.01059140504346908 0
1670569115248 0.010642755797353416 0
1670569115946 0.01065955116004634 0
1670569116897 0.010620073898057976 0
1670569117774 0.010603118900461228 0
1670569118355 0.01058554138728493 0
1670569118914 0.010552194847484993 0
1670569119580 0.010509449774434347 0
1670569120421 0.010554449016622364 0
1670569121267 0.010649964620633848 0
1670569121818 0.010700312491383535 0
1670569122635 0.01067697791662535 0
1670569123244 0.01067791378416097 0
1670569124150 0.010710408885211992 0
1670569124873 0.010677973673708499 0
1670569125638 0.010732440717097044 0
1670569126664 0.010778794961509158 0
1670569127172 0.010752687583748435 0
1670569128399 0.010710203175989474 0
1670569129215 0.01078723660278609 0
1670569129857 0.010781102473545918 0
1670569130419 0.010742116706043074 0
1670569131180 0.01083162674718842 0
1670569132103 0.010833603102888001 0
1670569132875 0.010826221680826524 0
1670569133599 0.01078859108755565 0
