1670581873138 0.0 0
1670581873537 0.0 0
1670581873831 0.0 0
1670581874136 0.0 0
1670581874621 0.0 0
1670581874948 0.0 0
1670581875260 0.0 0
1670581875573 0.0 0
1670581875871 0.0 0
1670581876285 0.0 0
1670581876679 0.0 0
1670581876956 0.0 0
1670581877350 0.0 0
1670581877618 0.0 0
1670581877951 0.0 0
1670581878241 0.0 0
1670581878555 0.0 0
1670581878883 0.0 0
1670581879191 0.0 0
1670581879718 0.0 0
1670581880064 0.0 0
1670581880353 0.0 0
1670581880743 0.0 0
1670581881012 0.0 0
1670581881322 0.0 0
1670581881613 0.0 0
1670581881986 0.0 0
1670581882256 0.0 0
1670581882565 0.0 0
1670581882863 0.0 0
1670581883166 0.0 0
1670581883492 0.0 0
1670581883801 0.0 0
1670581884186 0.0 0
1670581884572 0.0 0
1670581884849 0.0 0
1670581885239 0.0 0
1670581885632 0.0 0
1670581885930 0.0 0
1670581886287 0.0 0
1670581886577 0.0 0
1670581887140 0.0 0
1670581887469 0.0 0
1670581887987 0.0 0
1670581888302 0.0 0
1670581888579 0.0 0
1670581889043 0.0 0
1670581889400 0.0 0
1670581889683 0.0 0
1670581889981 0.0 0
1670581890553 0.0 0
1670581890849 0.0 0
1670581891154 0.0 0
1670581891450 0.0 0
1670581891745 0.0 0
1670581892045 0.0 0
1670581892354 0.0 0
1670581892660 0.0 0
1670581893134 0.0 0
1670581893451 0.0 0
1670581893750 0.0 0
1670581894068 0.0 0
1670581894653 0.0 0
1670581894952 0.0 0
1670581895253 0.0 0
1670581895682 0.0 0
1670581895990 0.0 0
1670581896580 0.0 0
1670581896860 0.0 0
1670581897162 0.0 0
1670581897457 0.0 0
1670581897844 0.0 0
1670581898160 0.0 0
1670581898687 0.0 0
1670581899003 0.0 0
1670581899270 0.0 0
1670581899557 0.0 0
1670581899873 0.0 0
1670581900158 0.0 0
1670581900613 0.0 0
1670581900954 0.0 0
1670581901500 0.0 0
1670581901818 0.0 0
1670581902234 0.0 0
1670581902541 0.0 0
1670581902847 0.0 0
1670581903141 0.0 0
1670581903447 0.0 0
1670581903730 0.0 0
1670581904249 0.0 0
1670581904540 0.0 0
1670581905037 0.0 0
1670581905415 0.0 0
1670581905699 0.0 0
1670581906042 0.0 0
1670581906438 0.0 0
1670581906771 0.0 0
1670581907068 0.0 0
1670581907544 0.0 0
1670581907855 0.0 0
1670581908154 0.0 0
