1670643978629 0.003988152248854284 0
1670643990708 0.0037513233477702167 0
1670644002227 0.0044663448111426415 0
1670644013785 0.003772381393750298 0
1670644028190 0.0035500469558637543 0
1670644060997 0.004182130192986152 0
1670644074799 0.0033090646955105745 0
1670644086350 0.00453514645156324 0
1670644097855 0.0036176583485470694 0
1670644110475 0.004595003166083715 0
1670644122201 0.0038730137897430043 0
1670644145161 0.0032497165196831482 0
1670644156806 0.004212997665772355 0
1670644171865 0.0026074317201461826 0
1670644183375 0.004815528163537547 0
1670644200739 0.003442864006206482 0
1670644212270 0.003557509854300113 0
1670644227306 0.0035975604189231757 0
1670644259272 0.003568413755872547 0
1670644287286 0.003924133750525976 0
1670644301834 0.003587771269650483 0
1670644318106 0.003402150479932179 0
1670644329586 0.004234094127590081 0
1670644343249 0.004466420823389595 0
1670644354796 0.004293731646714175 0
1670644366350 0.004646139211713414 0
1670644377864 0.004171488170699129 0
1670644389610 0.0032158531349533244 0
1670644403291 0.004000602761226652 0
1670644442827 0.0035491724731593764 0
