1670587148523 0.35933333333333334 0
1670587149291 0.37033333333333335 0
1670587150010 0.36766666666666664 0
1670587150715 0.36466666666666664 0
1670587151480 0.362 0
1670587152378 0.36733333333333335 0
1670587153066 0.36133333333333334 0
1670587154012 0.36233333333333334 0
1670587154751 0.36133333333333334 0
1670587155742 0.36766666666666664 0
1670587156773 0.36633333333333334 0
1670587157533 0.36033333333333334 0
1670587158643 0.366 0
1670587159953 0.375 0
1670587160704 0.367 0
1670587161541 0.367 0
1670587162622 0.36966666666666664 0
1670587163523 0.375 0
1670587164502 0.37033333333333335 0
1670587165457 0.36966666666666664 0
1670587166719 0.3636666666666667 0
1670587167776 0.36966666666666664 0
1670587168743 0.36466666666666664 0
1670587169630 0.36766666666666664 0
1670587170652 0.36833333333333335 0
1670587171624 0.36933333333333335 0
1670587172373 0.36566666666666664 0
1670587173181 0.36666666666666664 0
1670587174261 0.369 0
1670587175097 0.37166666666666665 0
1670587175861 0.368 0
1670587176635 0.371 0
1670587177482 0.36866666666666664 0
1670587178444 0.36733333333333335 0
1670587179178 0.369 0
1670587180028 0.36966666666666664 0
1670587180954 0.36966666666666664 0
1670587181909 0.372 0
1670587182935 0.361 0
1670587183901 0.367 0
1670587184710 0.37033333333333335 0
1670587185431 0.37133333333333335 0
1670587186388 0.36833333333333335 0
1670587187291 0.36633333333333334 0
1670587188164 0.369 0
1670587189101 0.36966666666666664 0
1670587190070 0.3636666666666667 0
1670587190880 0.367 0
1670587191642 0.36733333333333335 0
1670587192533 0.36633333333333334 0
1670587193622 0.364 0
1670587194490 0.3626666666666667 0
1670587195335 0.37033333333333335 0
1670587196239 0.36433333333333334 0
1670587197009 0.36433333333333334 0
1670587197934 0.368 0
1670587199122 0.366 0
1670587199821 0.366 0
1670587200642 0.36966666666666664 0
1670587201591 0.36633333333333334 0
1670587202534 0.36733333333333335 0
1670587203493 0.366 0
1670587204336 0.37066666666666664 0
1670587205151 0.368 0
1670587206306 0.36333333333333334 0
1670587207241 0.366 0
1670587208034 0.371 0
1670587208818 0.3606666666666667 0
1670587209740 0.37 0
1670587210550 0.36466666666666664 0
1670587211327 0.36733333333333335 0
1670587212121 0.36833333333333335 0
1670587212841 0.37133333333333335 0
1670587213671 0.36333333333333334 0
1670587214368 0.364 0
1670587215183 0.36766666666666664 0
1670587215889 0.36766666666666664 0
1670587216746 0.36966666666666664 0
1670587217551 0.36533333333333334 0
1670587218558 0.36633333333333334 0
1670587219334 0.36533333333333334 0
1670587220098 0.37066666666666664 0
1670587220988 0.367 0
1670587221677 0.36566666666666664 0
1670587222698 0.3636666666666667 0
1670587223551 0.36533333333333334 0
1670587224320 0.368 0
1670587225259 0.36533333333333334 0
1670587226049 0.37 0
1670587227168 0.36733333333333335 0
1670587228173 0.369 0
1670587228839 0.361 0
1670587229571 0.36433333333333334 0
1670587230289 0.36633333333333334 0
1670587230987 0.3626666666666667 0
1670587231707 0.36433333333333334 0
1670587232392 0.36433333333333334 0
1670587233403 0.36233333333333334 0
1670587234125 0.369 0
1670587234993 0.366 0
1670587235850 0.364 0
1670587236571 0.36966666666666664 0
1670587237454 0.365 0
1670587238182 0.37033333333333335 0
1670587239050 0.367 0
1670587239829 0.36833333333333335 0
1670587240788 0.36933333333333335 0
1670587241509 0.36433333333333334 0
1670587242220 0.37333333333333335 0
1670587242970 0.36833333333333335 0
1670587243697 0.37333333333333335 0
1670587244550 0.364 0
1670587245273 0.3636666666666667 0
1670587246137 0.36533333333333334 0
1670587246846 0.36866666666666664 0
1670587247680 0.36666666666666664 0
1670587248586 0.36633333333333334 0
1670587249515 0.368 0
1670587250421 0.36733333333333335 0
1670587251198 0.36633333333333334 0
1670587252047 0.36833333333333335 0
1670587252880 0.364 0
1670587253879 0.36333333333333334 0
1670587254533 0.36766666666666664 0
1670587255505 0.36633333333333334 0
1670587256629 0.36233333333333334 0
1670587257406 0.36666666666666664 0
1670587258100 0.36633333333333334 0
1670587258772 0.36933333333333335 0
1670587259646 0.369 0
1670587260345 0.366 0
1670587261209 0.366 0
1670587262250 0.36833333333333335 0
1670587263225 0.37066666666666664 0
1670587264011 0.36566666666666664 0
1670587264764 0.365 0
1670587265476 0.36966666666666664 0
1670587266431 0.36766666666666664 0
1670587267222 0.363 0
1670587267905 0.37 0
1670587268676 0.36633333333333334 0
1670587269376 0.368 0
1670587270112 0.36666666666666664 0
1670587270842 0.37 0
1670587271606 0.368 0
1670587272393 0.365 0
1670587273106 0.364 0
1670587273993 0.3636666666666667 0
1670587274909 0.3616666666666667 0
1670587275619 0.362 0
1670587276371 0.36666666666666664 0
1670587277144 0.36033333333333334 0
1670587277847 0.367 0
1670587278618 0.365 0
1670587279576 0.365 0
1670587280368 0.37 0
1670587281356 0.36866666666666664 0
1670587282071 0.36733333333333335 0
1670587282747 0.36566666666666664 0
1670587283481 0.3626666666666667 0
1670587284349 0.36966666666666664 0
1670587285029 0.362 0
1670587285735 0.36666666666666664 0
1670587286796 0.371 0
1670587287631 0.36766666666666664 0
1670587288382 0.37333333333333335 0
1670587289365 0.36633333333333334 0
1670587290074 0.36966666666666664 0
1670587290745 0.37 0
1670587291760 0.36333333333333334 0
1670587292725 0.36633333333333334 0
1670587293565 0.366 0
1670587294226 0.36633333333333334 0
1670587295276 0.36666666666666664 0
1670587296004 0.37133333333333335 0
1670587296961 0.364 0
1670587297799 0.36666666666666664 0
1670587298761 0.36766666666666664 0
1670587299597 0.36833333333333335 0
1670587300576 0.36333333333333334 0
1670587301425 0.37 0
1670587302100 0.36433333333333334 0
1670587302860 0.36133333333333334 0
1670587303552 0.365 0
1670587304308 0.369 0
1670587305200 0.36566666666666664 0
1670587306019 0.36466666666666664 0
1670587306747 0.37133333333333335 0
1670587307460 0.3636666666666667 0
1670587308221 0.36433333333333334 0
1670587309278 0.366 0
1670587310005 0.366 0
1670587310961 0.36733333333333335 0
1670587311651 0.36433333333333334 0
1670587312530 0.36133333333333334 0
1670587313219 0.36333333333333334 0
1670587314134 0.36433333333333334 0
1670587315136 0.361 0
1670587315937 0.364 0
1670587316662 0.36933333333333335 0
1670587317507 0.365 0
1670587318419 0.36766666666666664 0
1670587319365 0.367 0
1670587320095 0.36533333333333334 0
1670587320990 0.369 0
1670587322005 0.37133333333333335 0
1670587322856 0.36566666666666664 0
1670587323520 0.36933333333333335 0
1670587324417 0.363 0
1670587325404 0.365 0
1670587326159 0.36466666666666664 0
1670587327049 0.36333333333333334 0
1670587327941 0.371 0
1670587328598 0.37 0
1670587329282 0.36866666666666664 0
1670587330037 0.365 0
1670587330735 0.36766666666666664 0
1670587331467 0.36533333333333334 0
1670587332327 0.36033333333333334 0
1670587333027 0.366 0
1670587333992 0.3606666666666667 0
1670587334683 0.369 0
1670587335400 0.37166666666666665 0
1670587336442 0.364 0
1670587337131 0.364 0
1670587337816 0.36333333333333334 0
