1670587149295 0.13976825210075317 0
1670587150015 0.04031713471733611 0
1670587150719 0.026006210061992885 0
1670587151485 0.02173128784518208 0
1670587152383 0.01899750135939504 0
1670587153071 0.018018016498091538 0
1670587154017 0.01669136468206267 0
1670587154755 0.015967331190338552 0
1670587155747 0.015655260783073888 0
1670587156778 0.014909399780604238 0
1670587157538 0.015015689528940945 0
1670587158648 0.01442969984304765 0
1670587159958 0.01817391529651391 0
1670587160711 0.017546840317387846 0
1670587161553 0.016980910344255973 0
1670587162627 0.01694007825006172 0
1670587163527 0.018731274155962874 0
1670587164506 0.01857832890284883 0
1670587165461 0.018291721050828214 0
1670587166724 0.017969960912195715 0
1670587167781 0.017733326926663184 0
1670587168747 0.017367347190189952 0
1670587169636 0.016988760976503037 0
1670587170657 0.016673303028167386 0
1670587171629 0.016460813975270217 0
1670587172378 0.016140829812983926 0
1670587173185 0.015821469386085196 0
1670587174266 0.015620055795516397 0
1670587175104 0.015100377728043624 0
1670587175866 0.014874746354066493 0
1670587176641 0.01490199088621591 0
1670587177489 0.014714517331298693 0
1670587178449 0.01449732899710554 0
1670587179182 0.014342054508762803 0
1670587180032 0.014233209683105152 0
1670587180958 0.01412463048783974 0
1670587181914 0.014246487108760864 0
1670587182943 0.01461458588794684 0
1670587183906 0.014431600479340445 0
1670587184715 0.014375930815340277 0
1670587185435 0.014404314145550101 0
1670587186393 0.014246045163645915 0
1670587187303 0.014098109495835565 0
1670587188170 0.013970571996799297 0
1670587189106 0.01387576611710939 0
1670587190075 0.013897562195918534 0
1670587190885 0.013754029277468494 0
1670587191649 0.013613024420175979 0
1670587192537 0.013489109499315588 0
1670587193626 0.01348244080534211 0
1670587194495 0.013585165214826667 0
1670587195339 0.013557750984560024 0
1670587196248 0.01352216661902883 0
1670587197014 0.01348455723628561 0
1670587197939 0.013370365118180794 0
1670587199129 0.013266857901754747 0
1670587199825 0.013165659888021986 0
1670587200646 0.013115320109147288 0
1670587201596 0.013012798606707232 0
1670587202539 0.012905911543121262 0
1670587203497 0.012814793108640976 0
1670587204340 0.012827807635856447 0
1670587205155 0.012732811337910377 0
1670587206310 0.012773896884223257 0
1670587207245 0.012689221708488185 0
1670587208039 0.012725972412276132 0
1670587208822 0.01300433785617594 0
1670587209745 0.012980185124278676 0
1670587210556 0.012939196122533914 0
1670587211331 0.012848116431017909 0
1670587212127 0.012770582498017768 0
1670587212846 0.01282568334673062 0
1670587213675 0.012858430835854029 0
1670587214373 0.01285063400704567 0
1670587215187 0.012768260865574699 0
1670587215905 0.012687449933208916 0
1670587216751 0.012655737902346198 0
1670587217557 0.012600664331122946 0
1670587218562 0.01252647816979835 0
1670587219338 0.012472934919126488 0
1670587220103 0.012491325258263353 0
1670587220993 0.012415997379338739 0
1670587221700 0.012357768481359388 0
1670587222703 0.012371418275473056 0
1670587223576 0.012321222828106104 0
1670587224325 0.01225647445581124 0
1670587225279 0.012208047850990278 0
1670587226053 0.012200181084196515 0
1670587227173 0.012132638129260909 0
1670587228179 0.012091040340017623 0
1670587228844 0.012278900967909956 0
1670587229575 0.012261758182140703 0
1670587230293 0.012199436120448492 0
1670587230992 0.01225866010861587 0
1670587231711 0.012239418709761085 0
1670587232397 0.01221963126785608 0
1670587233411 0.01228993283000801 0
1670587234130 0.01225642818405559 0
1670587234999 0.012199844763480572 0
1670587235855 0.012190414264774962 0
1670587236576 0.012179368787326061 0
1670587237458 0.012141452996814794 0
1670587238186 0.01215600523368121 0
1670587239054 0.012098056397548795 0
1670587239835 0.012053289238770137 0
1670587240793 0.012031817272193268 0
1670587241514 0.012015455379459583 0
1670587242225 0.012199401256968723 0
1670587242990 0.012154563145875485 0
1670587243701 0.01232690399334091 0
1670587244554 0.012322507638495184 0
1670587245277 0.01232885409898321 0
1670587246141 0.012289292166660526 0
1670587246850 0.012251516228810488 0
1670587247685 0.012199101780958066 0
1670587248591 0.012149038000336287 0
1670587249520 0.012103155745729621 0
1670587250428 0.012052878518179821 0
1670587251210 0.0120047485416378 0
1670587252051 0.01196479351522084 0
1670587252884 0.011962222670814482 0
1670587253884 0.011981663718766744 0
1670587254537 0.01193605085835503 0
1670587255511 0.011890070245609619 0
1670587256633 0.01195026333662974 0
1670587257411 0.011903383072474516 0
1670587258105 0.011858364033830449 0
1670587258776 0.011842189282366022 0
1670587259650 0.011818312612562498 0
1670587260351 0.011777329603393505 0
1670587261214 0.011736764145950929 0
1670587262255 0.011702499647315068 0
1670587263229 0.01172707720963595 0
1670587264016 0.011691495230701232 0
1670587264769 0.011666504525453036 0
1670587265480 0.011659818223806684 0
1670587266436 0.011619979736635866 0
1670587267227 0.011651793188837356 0
1670587267910 0.011654514667296945 0
1670587268680 0.011614843741586056 0
1670587269382 0.01157910296758724 0
1670587270116 0.011538906358634748 0
1670587270847 0.011541721217778855 0
1670587271613 0.011506750433429969 0
1670587272398 0.011484992992161214 0
1670587273110 0.011485499231933538 0
1670587273998 0.011494757777305908 0
1670587274914 0.011578688463705578 0
1670587275627 0.011644609598123745 0
1670587276376 0.011606131842043177 0
1670587277149 0.01175065304219236 0
1670587277859 0.011712351517185304 0
1670587278622 0.011688103645439929 0
1670587279581 0.011663941508935238 0
1670587280374 0.011669978598924824 0
1670587281361 0.011647256081708468 0
1670587282076 0.011611455992165287 0
1670587282751 0.011580387363817168 0
1670587283485 0.01161493141311265 0
1670587284354 0.011612755306339761 0
1670587285033 0.011670411859214691 0
1670587285747 0.011634604069138188 0
1670587286800 0.011670582300953414 0
1670587287636 0.0116381588598643 0
1670587288387 0.011770863896398587 0
1670587289372 0.011736582520730843 0
1670587290078 0.011732592475949266 0
1670587290760 0.011735926920882767 0
1670587291764 0.01174944075585993 0
1670587292729 0.01171607244513917 0
1670587293570 0.011684722651204349 0
1670587294231 0.011651902318721263 0
1670587295281 0.01161849032690021 0
1670587296014 0.011660974154070969 0
1670587296965 0.011658475300596494 0
1670587297803 0.011625623004084984 0
1670587298766 0.011595382306704871 0
1670587299602 0.011571003094332899 0
1670587300581 0.011584582406646615 0
1670587301430 0.011588863810528816 0
1670587302122 0.011580184301030694 0
1670587302864 0.011657935332124003 0
1670587303558 0.011638010757250017 0
1670587304312 0.011623601287009677 0
1670587305205 0.011597024744784745 0
1670587306024 0.011582249808513412 0
1670587306767 0.011623431127038786 0
1670587307465 0.011627408907728176 0
1670587308227 0.011618017904708844 0
1670587309283 0.011589754825080067 0
1670587310009 0.011561695386588022 0
1670587310965 0.011532724411660422 0
1670587311660 0.011523632135787887 0
1670587312534 0.011594713256874889 0
1670587313230 0.01160440461720702 0
1670587314138 0.01159420156495461 0
1670587315141 0.011673628645882395 0
1670587315942 0.011668141963553147 0
1670587316666 0.011662060209542413 0
1670587317511 0.011642366418624928 0
1670587318423 0.011616664095179696 0
1670587319370 0.011588332415641722 0
1670587320101 0.011565857152920134 0
1670587320996 0.011554953536222712 0
1670587322010 0.011595959067125294 0
1670587322862 0.01157143641528946 0
1670587323525 0.011565451651577963 0
1670587324422 0.011581648814088852 0
1670587325410 0.011563214581915449 0
1670587326164 0.011548741757852032 0
1670587327054 0.01155666589215576 0
1670587327947 0.011587659824325525 0
1670587328603 0.01159430334340783 0
1670587329287 0.011579090179241525 0
1670587330042 0.011561295887293377 0
1670587330739 0.011537422842784695 0
1670587331472 0.011516740904841782 0
1670587332332 0.011613260233541811 0
1670587333032 0.011588218924419746 0
1670587333997 0.011669552158506291 0
1670587334687 0.011659589013741534 0
1670587335405 0.011707111035213491 0
1670587336446 0.011701951792084442 0
1670587337139 0.011696650393470343 0
1670587337820 0.011702750521914718 0
