1670563961950 0.05082481894572839 0
1670563962443 0.01773384886035568 0
1670563962972 0.012371127542693799 0
1670563963771 0.010956702782073642 0
1670563964288 0.009263962641470707 0
1670563964755 0.00871329886625001 0
1670563965428 0.008369493180689972 0
1670563966012 0.008030127668867796 0
1670563966791 0.007481476600013085 0
1670563967418 0.007586243956646042 0
1670563967911 0.007465906747880455 0
1670563968334 0.007799000574746397 0
1670563969030 0.007518303648565416 0
1670563969643 0.00723080277640441 0
1670563970329 0.00706698660469471 0
1670563970660 0.006864434707495958 0
1670563971290 0.006678226010110517 0
1670563971967 0.0064728011627853054 0
1670563972388 0.0064079815165246495 0
1670563973115 0.006238150559029557 0
1670563973762 0.006255052536837957 0
1670563974237 0.006208755820826704 0
1670563974631 0.006089963109843387 0
1670563975329 0.006050098410993977 0
1670563975992 0.006006276517372967 0
1670563976735 0.005898807228322226 0
1670563977282 0.005845045153666101 0
1670563977784 0.005774602102292876 0
1670563978352 0.005434579379018923 0
1670563978740 0.005380661188961779 0
1670563979243 0.005391756664531863 0
1670563979853 0.005317567426021831 0
1670563980316 0.0053230288095619666 0
1670563980697 0.0052619171189481105 0
1670563981265 0.005202697094837614 0
1670563982170 0.005327484004495004 0
1670563982565 0.0053843523011128476 0
1670563983188 0.005366026839361389 0
1670563983705 0.005346767540227155 0
1670563984206 0.005281855243606772 0
1670563984950 0.0052192508193467995 0
1670563985427 0.005167762394487886 0
1670563986190 0.0051307824163553065 0
1670563986791 0.005073999167843221 0
1670563987616 0.005059648520937597 0
1670563988120 0.005119444850728098 0
1670563988539 0.005074350957050198 0
1670563988936 0.005089398922969424 0
1670563989547 0.005056825250549041 0
1670563990272 0.005078279691671295 0
1670563990695 0.005030320683925216 0
1670563991026 0.004990519339491541 0
1670563991793 0.0049516012934105675 0
1670563992609 0.004925468616730147 0
1670563993298 0.004888786428361377 0
1670563993824 0.005012035000701392 0
1670563994174 0.005031638988621111 0
1670563994742 0.005150284170884214 0
1670563995186 0.005113001776299066 0
1670563995853 0.00507649245174871 0
1670563996502 0.005040731036803453 0
1670563998991 0.0050015668579769905 0
1670563999412 0.0052006269914717865 0
1670563999800 0.0051657555950136 0
1670564000319 0.005141132506349649 0
1670564000952 0.005173691034656707 0
1670564001522 0.00554601253655828 0
1670564001989 0.005508442930053897 0
1670564002478 0.005505806119935009 0
1670564003049 0.005486935083485613 0
1670564003985 0.005502081017169274 0
1670564004327 0.005763547059560705 0
1670564004903 0.005743493787608559 0
1670564005585 0.005737336821711804 0
1670564006333 0.005701410704693032 0
1670564006987 0.005681779941131273 0
1670564007876 0.005653090765545455 0
1670564008634 0.005709507299744539 0
1670564009366 0.005681806608146911 0
1670564009680 0.005691386953691112 0
1670564010345 0.005664768352407555 0
1670564010989 0.005647828628727489 0
1670564011569 0.005679420482764711 0
1670564012094 0.005653024311796097 0
1670564012869 0.005626958369801278 0
1670564013556 0.005638304805215537 0
1670564014006 0.005649173928871737 0
1670564014865 0.005632179276295391 0
1670564015330 0.005602258313311084 0
1670564015758 0.005596950947173947 0
1670564016317 0.005605563524822049 0
1670564016747 0.005577588610109166 0
1670564017520 0.0055608764956817484 0
1670564018002 0.005539245568060394 0
1670564018693 0.005547473712840906 0
1670564019331 0.005526568267914398 0
1670564020059 0.005647015459115506 0
1670564020743 0.0056191758733533 0
1670564021356 0.0056242581061529216 0
1670564021906 0.0056131022123164075 0
1670564022262 0.005601818003520039 0
1670564023109 0.005622451612186684 0
1670564023797 0.005614785686250492 0
1670564024424 0.005665822880381208 0
1670564024984 0.005678704078010174 0
1670564025659 0.005654306779400533 0
1670564026068 0.005635064488368316 0
1670564026562 0.005609992835447355 0
1670564027074 0.005621965238565226 0
1670564027521 0.005616401435094929 0
