1670612169397 0.0 0
1670612169820 0.0 0
1670612170347 0.0 0
1670612170864 0.0 0
1670612171417 0.0 0
1670612171859 0.0005708271881056994 0
1670612172660 0.0005213506426904687 0
1670612173186 0.0006391316596873232 0
1670612173879 0.0006032419100642643 0
1670612174730 0.0005729207605998607 0
1670612175303 0.0005468391594904145 0
1670612176007 0.0006119922745581103 0
1670612176710 0.0005909701469836896 0
1670612177103 0.0005719431167778473 0
1670612177845 0.0005546207560710478 0
1670612178421 0.0005387669235071413 0
1670612178976 0.0005241878946692212 0
1670612179694 0.0005107233286229624 0
1670612180166 0.0004982393827925061 0
1670612180741 0.0005460728650320367 0
1670612181332 0.0005347305643114028 0
1670612181997 0.000570274997622411 0
1670612182647 0.0005600772305160646 0
1670612183421 0.0005503729497674723 0
1670612184143 0.000541127952580992 0
1670612184744 0.0005323104846723131 0
1670612185329 0.0005238912132521146 0
1670612185925 0.0005531801243233029 0
1670612186468 0.0005526478887627751 0
1670612186973 0.000546323370409564 0
1670612187538 0.000540164300180857 0
1670612188025 0.0005341688838144738 0
1670612188667 0.0005283343128554151 0
1670612189100 0.0005226570625440144 0
1670612189704 0.0005432232385603837 0
1670612190190 0.0005378969730422345 0
1670612190866 0.0005326952892133306 0
1670612191469 0.0005505212749898946 0
1670612192014 0.0005456308812776222 0
1670612192722 0.0005611175110771414 0
1670612193223 0.0005565222479851311 0
1670612193884 0.000552007967610328 0
1670612194281 0.0005657928670380859 0
1670612194779 0.000577819123495937 0
1670612195400 0.0005737584330688143 0
1670612196115 0.0005697490624861259 0
1670612196796 0.0005657928670380859 0
1670612197271 0.0005618912084129422 0
1670612197741 0.0005580450355759266 0
1670612198309 0.0005542549524958332 0
1670612198951 0.0005505212749898946 0
1670612199366 0.0005468440785355756 0
1670612200007 0.0005432232385603837 0
1670612200491 0.0005396584644495743 0
1670612201218 0.000536149328292792 0
1670612201767 0.0005326952892133306 0
1670612202356 0.0005292957139794232 0
1670612202771 0.0005259498944791524 0
1670612203283 0.0005226570625440145 0
1670612203867 0.0005194164025267674 0
1670612204788 0.0005162270619736892 0
1670612205261 0.0005287774922279789 0
1670612205808 0.0005401643001808569 0
1670612206398 0.0005371462909246485 0
1670612206996 0.0005341688838144737 0
1670612207787 0.0005312316991070739 0
1670612208271 0.0005283343128554151 0
1670612208929 0.0005254762643434856 0
1670612209468 0.0005226570625440145 0
1670612209971 0.0005198761917282018 0
1670612210715 0.0005171331163385581 0
1670612211316 0.0005144272852205966 0
1670612211765 0.0005117581352960817 0
1670612212509 0.0005091250947493438 0
1670612213054 0.000520060401241927 0
1670612213662 0.0005174966956661071 0
1670612214105 0.0005149654987855368 0
1670612215002 0.0005251217500492382 0
1670612215484 0.0005226570625440144 0
1670612216044 0.0005202217224936345 0
1670612216600 0.0005296928596254364 0
1670612217281 0.0005273211227012585 0
1670612217848 0.0005361493282927919 0
1670612218360 0.00053384055106773 0
1670612219132 0.0005420914812212019 0
1670612219765 0.000539844692780413 0
1670612220264 0.0005475750027321193 0
1670612220950 0.0005453889926546073 0
1670612221642 0.000552647888762775 0
1670612222311 0.0005505212749898946 0
1670612222837 0.0005573517448047804 0
1670612223328 0.0005552830261332856 0
1670612223934 0.0005617228242387309 0
1670612224724 0.0005597104209764916 0
1670612225322 0.000557713230132897 0
1670612225835 0.000563835152490975 0
1670612226555 0.0005618912084129422 0
1670612227307 0.0005599611411513851 0
1670612227925 0.0005580450355759266 0
1670612228360 0.0005639131974646476 0
1670612228811 0.0005620462145395468 0
