1670639564485 0.0 0
1670639566100 0.0 0
1670639567979 0.0 0
1670639569558 0.0 0
1670639571160 0.0 0
1670639572821 0.0 0
1670639574391 0.0 0
1670639575976 0.0 0
1670639577559 0.0 0
1670639579250 0.0 0
1670639581070 0.0 0
1670639582752 0.0 0
1670639584341 0.0 0
1670639585978 0.0 0
1670639587511 0.0 0
1670639588745 0.0 0
1670639589951 0.0 0
1670639591264 0.0 0
1670639592624 0.0 0
1670639594018 0.0 0
1670639595595 0.0 0
1670639597207 0.0 0
1670639598741 0.0 0
1670639600221 0.0 0
1670639601863 0.0 0
1670639603529 0.0 0
1670639604980 0.0 0
1670639606695 0.0 0
1670639608189 0.0 0
1670639609793 0.0 0
1670639611276 0.0 0
1670639612756 0.0 0
1670639614416 0.0 0
1670639615821 0.0 0
1670639617408 0.0 0
1670639618983 0.0 0
1670639620527 0.0 0
1670639622153 0.0 0
1670639623699 0.0 0
1670639625292 0.0 0
1670639626807 0.0 0
1670639628327 0.0 0
1670639629824 0.0 0
1670639631411 0.0 0
1670639632991 0.0 0
1670639634572 0.0 0
1670639636135 0.0 0
1670639637722 0.0 0
1670639639317 0.0 0
1670639640770 0.0 0
1670639642252 0.0 0
1670639643691 0.0 0
1670639645122 0.0 0
1670639646715 0.0 0
1670639648357 0.0 0
1670639649902 0.0 0
1670639651476 0.0 0
1670639653187 0.0 0
1670639654726 0.0 0
1670639656376 0.0 0
1670639658067 0.0 0
1670639659656 0.0 0
1670639661222 0.0 0
1670639662861 0.0 0
1670639664453 0.0 0
1670639666095 0.0 0
1670639667688 0.0 0
1670639669484 0.0 0
1670639671067 0.0 0
1670639672626 0.0 0
1670639674239 0.0 0
1670639675797 0.0 0
1670639677412 0.0 0
1670639678906 0.0 0
1670639680405 0.0 0
1670639681928 0.0 0
1670639683545 0.0 0
1670639685213 0.0 0
1670639686749 0.0 0
1670639688259 0.0 0
1670639689794 0.0 0
1670639691393 0.0 0
1670639692899 0.0 0
1670639694466 0.0 0
1670639696098 0.0 0
1670639697639 0.0 0
1670639699253 0.0 0
1670639700777 0.0 0
1670639702265 0.0 0
1670639703751 0.0 0
1670639705297 0.0 0
1670639706831 0.0 0
1670639708365 0.0 0
1670639709902 0.0 0
1670639711420 0.0 0
1670639712943 0.0 0
1670639714465 0.0 0
1670639715921 0.0 0
1670639717230 0.0 0
1670639718537 0.0 0
1670639719830 0.0 0
