1670611988184 0.0005 0
1670611990466 0.0009 0
1670611992518 0.0009 0
1670611994247 0.0005 0
1670611996506 0.0009 0
1670611998358 0.0007 0
1670612000307 0.0008 0
1670612002443 0.0011 0
1670612004233 0.0007 0
1670612006630 0.0009 0
1670612008841 0.0015 0
1670612011102 0.0007 0
1670612012857 0.001 0
1670612014949 0.0007 0
1670612016739 0.0007 0
1670612018551 0.0011 0
1670612020800 0.0007 0
1670612022908 0.0017 0
1670612024901 0.0008 0
1670612026746 0.0007 0
1670612028593 0.0009 0
1670612030476 0.0008 0
1670612032473 0.0011 0
1670612034188 0.0006 0
1670612036216 0.0009 0
1670612038055 0.0007 0
1670612039956 0.0011 0
1670612041917 0.0008 0
1670612043899 0.0007 0
1670612046213 0.0007 0
1670612047979 0.0009 0
1670612050276 0.0017 0
1670612052634 0.0007 0
1670612054898 0.0013 0
1670612056690 0.0008 0
1670612058988 0.0013 0
1670612061270 0.0009 0
1670612063544 0.001 0
1670612065575 0.0009 0
1670612067993 0.001 0
1670612070085 0.0013 0
1670612071924 0.0004 0
1670612073711 0.0005 0
1670612075744 0.0007 0
1670612077962 0.0013 0
1670612080202 0.001 0
1670612082214 0.0016 0
1670612084437 0.0004 0
1670612086245 0.0013 0
1670612088055 0.0008 0
1670612090208 0.0007 0
1670612092311 0.0006 0
1670612094471 0.0008 0
1670612096228 0.0004 0
1670612098100 0.001 0
1670612099959 0.0006 0
1670612101702 0.0009 0
1670612103853 0.0008 0
1670612105948 0.0008 0
1670612107854 0.0011 0
1670612109789 0.0006 0
1670612111957 0.001 0
1670612114310 0.0008 0
1670612116472 0.0008 0
1670612118700 0.0007 0
1670612120961 0.0009 0
1670612123340 0.001 0
1670612125222 0.0011 0
1670612126859 0.0008 0
1670612129137 0.0009 0
1670612131485 0.0008 0
1670612133708 0.0005 0
1670612135972 0.0009 0
1670612138259 0.0007 0
1670612140372 0.0009 0
1670612142882 0.0003 0
1670612144966 0.001 0
1670612147416 0.0011 0
1670612149564 0.0004 0
1670612151742 0.0008 0
1670612154253 0.0006 0
1670612156187 0.0009 0
1670612158445 0.0005 0
1670612160575 0.0007 0
1670612162640 0.0007 0
1670612164836 0.0008 0
1670612166501 0.0012 0
1670612168186 0.0006 0
1670612170108 0.001 0
1670612172133 0.001 0
1670612174437 0.0008 0
1670612176529 0.0007 0
1670612178670 0.0012 0
1670612180686 0.0012 0
1670612182714 0.0009 0
1670612184802 0.001 0
1670612186728 0.0008 0
1670612188666 0.0008 0
1670612190428 0.0009 0
1670612192208 0.0006 0
1670612194044 0.001 0
1670612196298 0.0008 0
1670612197964 0.0006 0
1670612199929 0.001 0
1670612201943 0.0003 0
1670612203552 0.0008 0
1670612205845 0.0013 0
1670612208073 0.0011 0
1670612209939 0.0008 0
1670612212084 0.0013 0
1670612213948 0.0007 0
1670612215919 0.0014 0
1670612218054 0.0009 0
1670612219883 0.001 0
1670612221900 0.0008 0
1670612223921 0.0007 0
1670612226384 0.0007 0
1670612228273 0.0012 0
1670612230222 0.0005 0
1670612232255 0.0012 0
1670612234110 0.0006 0
1670612236033 0.0005 0
1670612238134 0.0005 0
1670612240402 0.0003 0
1670612242460 0.0009 0
1670612244495 0.0011 0
1670612246681 0.0007 0
1670612248793 0.0011 0
1670612250982 0.0014 0
1670612252841 0.0014 0
1670612255194 0.001 0
1670612257187 0.0008 0
1670612259296 0.0017 0
1670612261351 0.0013 0
1670612263769 0.0011 0
1670612265832 0.0004 0
1670612267901 0.0016 0
