1670576177261 0.0 0
1670576177769 0.0 0
1670576178269 0.0 0
1670576178875 0.0 0
1670576179419 0.0 0
1670576180090 0.0 0
1670576180610 0.0 0
1670576181186 0.0 0
1670576181639 0.0 0
1670576182324 0.0 0
1670576182859 0.0 0
1670576183438 0.0 0
1670576183915 0.0 0
1670576184458 0.0 0
1670576185022 0.0 0
1670576185643 0.0 0
1670576186119 0.0 0
1670576186733 0.0 0
1670576187116 0.0 0
1670576187640 0.0 0
1670576188252 0.0 0
1670576188886 0.0 0
1670576189424 0.0 0
1670576189941 0.0 0
1670576190367 0.0 0
1670576190890 0.0 0
1670576191328 0.0 0
1670576191913 0.0 0
1670576192448 0.0 0
1670576193137 0.0 0
1670576193862 0.0 0
1670576194304 0.0 0
1670576194816 0.0 0
1670576195503 0.0 0
1670576196020 0.0 0
1670576196487 0.0 0
1670576197088 0.0 0
1670576197628 0.0 0
1670576198062 0.0 0
1670576198547 0.0 0
1670576199051 0.0 0
1670576199563 0.0 0
1670576200270 0.0 0
1670576200839 0.0 0
1670576201423 0.0 0
1670576201871 0.0 0
1670576202494 0.0 0
1670576203044 0.0 0
1670576203608 0.0 0
1670576204212 0.0 0
1670576204711 0.0 0
1670576205215 0.0 0
1670576205670 0.0 0
1670576206352 0.0 0
1670576206887 0.0 0
1670576207513 0.0 0
1670576208060 0.0 0
1670576208526 0.0 0
1670576208997 0.0 0
1670576209680 0.0 0
1670576210491 0.0 0
1670576210951 0.0 0
1670576211425 0.0 0
1670576212073 0.0 0
1670576212713 0.0 0
1670576213051 0.0 0
1670576213771 0.0 0
1670576214340 0.0 0
1670576214818 0.0 0
1670576215405 0.0 0
1670576216007 0.0 0
1670576216354 0.0 0
1670576216988 0.0 0
1670576217633 0.0 0
1670576218136 0.0 0
1670576218753 0.0 0
1670576219313 0.0 0
1670576220043 0.0 0
1670576220550 0.0 0
1670576221215 0.0 0
1670576221749 0.0 0
1670576222273 0.0 0
1670576222749 0.0 0
1670576223393 0.0 0
1670576223870 0.0 0
1670576224504 0.0 0
1670576225107 0.0 0
1670576225764 0.0 0
1670576226330 0.0 0
1670576226758 0.0 0
1670576227217 0.0 0
1670576227738 0.0 0
1670576228278 0.0 0
1670576228946 0.0 0
1670576229487 0.0 0
1670576230170 0.0 0
1670576230828 0.0 0
1670576231427 0.0 0
1670576231910 0.0 0
1670576232495 0.0 0
1670576232939 0.0 0
