1670584210343 0.0 0
1670584213082 0.0 0
1670584216738 0.0 0
1670584220127 0.0 0
1670584223840 0.0 0
1670584227439 0.0001 0
1670584230754 0.0 0
1670584234603 0.0 0
1670584237705 0.0 0
1670584241137 0.0001 0
1670584244694 0.0 0
1670584248068 0.0 0
1670584251007 0.0 0
1670584254624 0.0 0
1670584258355 0.0 0
1670584262169 0.0001 0
1670584265414 0.0 0
1670584268719 0.0 0
1670584271939 0.0 0
1670584275869 0.0 0
1670584279255 0.0 0
1670584283298 0.0001 0
1670584287065 0.0 0
1670584290366 0.0001 0
1670584294069 0.0001 0
1670584298067 0.0 0
1670584302164 0.0 0
1670584305945 0.0 0
1670584309863 0.0 0
1670584313350 0.0 0
1670584316739 0.0 0
1670584320536 0.0 0
1670584324313 0.0 0
1670584327952 0.0002 0
1670584331229 0.0 0
1670584334432 0.0 0
1670584338341 0.0 0
1670584342210 0.0 0
1670584345656 0.0001 0
1670584348763 0.0 0
1670584352144 0.0 0
1670584355325 0.0 0
1670584358913 0.0 0
1670584362597 0.0 0
1670584366397 0.0 0
1670584369901 0.0 0
1670584373175 0.0001 0
1670584376494 0.0 0
1670584380155 0.0 0
1670584383871 0.0001 0
1670584387641 0.0001 0
1670584391063 0.0 0
1670584394744 0.0 0
1670584398350 0.0 0
1670584401597 0.0001 0
1670584404980 0.0 0
1670584408272 0.0001 0
1670584411415 0.0 0
1670584414420 0.0 0
1670584417346 0.0 0
1670584421192 0.0 0
1670584424071 0.0 0
1670584427077 0.0 0
1670584429758 0.0 0
1670584433191 0.0 0
1670584436758 0.0 0
1670584439914 0.0 0
1670584443318 0.0 0
1670584447107 0.0 0
1670584450390 0.0 0
1670584453803 0.0 0
1670584457115 0.0 0
1670584460141 0.0 0
1670584463080 0.0 0
1670584466239 0.0 0
1670584469132 0.0 0
1670584471741 0.0 0
1670584475037 0.0 0
1670584478081 0.0 0
1670584481322 0.0 0
1670584484771 0.0 0
1670584487652 0.0 0
1670584491656 0.0 0
1670584495229 0.0 0
1670584498313 0.0 0
1670584501326 0.0 0
1670584505093 0.0 0
1670584508814 0.0 0
1670584511957 0.0 0
1670584514889 0.0001 0
1670584518735 0.0 0
1670584522344 0.0 0
1670584525708 0.0 0
1670584529418 0.0 0
1670584532774 0.0 0
1670584536161 0.0001 0
1670584539826 0.0 0
1670584542838 0.0 0
1670584546218 0.0 0
1670584549662 0.0 0
1670584553351 0.0 0
1670584557009 0.0 0
1670584560420 0.0 0
1670584563882 0.0001 0
1670584567379 0.0 0
1670584570392 0.0 0
1670584573624 0.0 0
1670584576839 0.0 0
1670584580405 0.0 0
1670584584073 0.0001 0
1670584587821 0.0 0
1670584591258 0.0 0
1670584594857 0.0001 0
1670584598329 0.0 0
1670584601480 0.0 0
1670584604877 0.0 0
1670584607862 0.0001 0
1670584611272 0.0 0
1670584614658 0.0001 0
1670584617756 0.0001 0
1670584620766 0.0 0
1670584624463 0.0001 0
1670584628190 0.0001 0
1670584631216 0.0 0
1670584634132 0.0002 0
1670584637069 0.0 0
1670584640265 0.0001 0
1670584643673 0.0 0
1670584647275 0.0 0
