1670565702866 0.01694160631524279 0
1670565703447 0.004684134990522536 0
1670565704142 0.00407413898427573 0
1670565704717 0.0034330256905721096 0
1670565705274 0.0032815263107747006 0
1670565705945 0.0029477389241277098 0
1670565706368 0.002730432895706227 0
1670565706923 0.002556526638749293 0
1670565707633 0.002563778117773123 0
1670565708181 0.0024381875386349007 0
1670565708778 0.0024698733881688213 0
1670565709407 0.002380746962824479 0
1670565710095 0.002401634004810994 0
1670565710785 0.0023271518213282896 0
1670565711395 0.0022729216480424346 0
1670565712115 0.0022213929332090135 0
1670565712759 0.0021725534874552114 0
1670565713451 0.002126310776657179 0
1670565714211 0.002091860940089818 0
1670565714819 0.0021232087606005315 0
1670565715588 0.0020862869294515775 0
1670565716273 0.0021184775916215687 0
1670565716861 0.00208693302786149 0
1670565717509 0.0021130307753885022 0
1670565718171 0.002131404415322854 0
1670565718655 0.0020877036818210035 0
1670565719286 0.0021934990881133263 0
1670565719770 0.0022779015656012127 0
1670565720245 0.0021430532971717605 0
1670565720735 0.002123444659362863 0
1670565721278 0.0021039679329564994 0
1670565721786 0.0021212108528511973 0
1670565722544 0.0021007201998431957 0
1670565723082 0.00217492710957161 0
1670565723646 0.0021558503934328323 0
1670565724363 0.002168332019348046 0
1670565724907 0.00213964099197845 0
1670565725634 0.002112059536668176 0
1670565726025 0.0020964897171249996 0
1670565726459 0.002080069158955205 0
1670565727065 0.002063874217963003 0
1670565727658 0.0020397830099626196 0
1670565728123 0.0020512040425629866 0
1670565728679 0.0020687362516179993 0
1670565729431 0.0020561966335360567 0
1670565730166 0.002043697643673302 0
1670565730830 0.0020223009767655997 0
1670565731447 0.002010424585294517 0
1670565732073 0.001990218800256268 0
1670565732670 0.002003643234206548 0
1670565733369 0.001993027682371721 0
1670565734116 0.0019741389587620605 0
1670565734765 0.0019639926917397812 0
1670565735288 0.001953871247145159 0
1670565735913 0.0019437864044471436 0
1670565736582 0.0019337483048444412 0
1670565737122 0.0019237656611445048 0
1670565737480 0.0019158950251847904 0
1670565737770 0.001899881188107903 0
1670565738153 0.001884262303149252 0
1670565738449 0.0018769663867994313 0
1670565738929 0.0018913570510094052 0
1670565739504 0.0018765226490247721 0
1670565740131 0.0018620319097794077 0
1670565740675 0.0018752428959228399 0
1670565741269 0.001888789015811436 0
1670565741786 0.0018814352775918869 0
1670565742450 0.00187407855494472 0
1670565743006 0.00186672569551376 0
1670565743763 0.0018593828200454418 0
1670565744334 0.001853477456839636 0
1670565745359 0.0018646136723999252 0
1670565745899 0.001858974235886188 0
1670565746674 0.0018519735949661486 0
1670565747178 0.001862133259435912 0
1670565747879 0.0018548710105408678 0
1670565748566 0.001891473625144375 0
1670565749320 0.001879577041973573 0
1670565750062 0.0018751005020610926 0
1670565751053 0.0018705458872325638 0
1670565751870 0.0018835962151346494 0
1670565752443 0.001892005869945081 0
1670565752991 0.0018849495624024648 0
1670565753870 0.001877934871384921 0
1670565754298 0.0018906623920995247 0
1670565755042 0.0018838969901548812 0
1670565755460 0.0018771687232904378 0
1670565756341 0.0019081273727902903 0
1670565756987 0.0019691374096350144 0
1670565757583 0.0019613178641686565 0
1670565758350 0.001950834508852627 0
1670565759108 0.001947118332104906 0
1670565759778 0.0019433311662846765 0
1670565760638 0.0019990391798351795 0
1670565761362 0.0020508184859931553 0
1670565761900 0.0020530981071515517 0
1670565762701 0.002049482608655217 0
1670565763167 0.0020516631157624023 0
1670565763918 0.0020417101608000395 0
1670565765066 0.0020437273019144487 0
1670565765567 0.0020550726721630798 0
1670565766230 0.0020746700017157706 0
1670565766665 0.0020650281612484937 0
1670565767281 0.0020555192737014326 0
1670565767779 0.002057101729356213 0
