1670605897591 0.06353102368216054 0
1670605898180 0.023459676936253615 0
1670605899021 0.01938710951560285 0
1670605899585 0.015574512476623337 0
1670605900234 0.015563025315982859 0
1670605901001 0.017544619169239883 0
1670605901693 0.016941890573995977 0
1670605902215 0.018080601039626387 0
1670605903235 0.017411263937877286 0
1670605904122 0.016806760686433275 0
1670605904678 0.016063952957121597 0
1670605905275 0.015278576401761002 0
1670605906038 0.015286847807793325 0
1670605906976 0.014710790077170355 0
1670605907696 0.014577896078106223 0
1670605908483 0.014347221117711695 0
1670605909371 0.015885574471389496 0
1670605910323 0.01543935290831655 0
1670605911132 0.015541711715118312 0
1670605911702 0.015450666582465411 0
1670605912501 0.015767249021658047 0
1670605913493 0.015393669580745173 0
1670605914081 0.015542999571336868 0
1670605914720 0.015889868512434235 0
1670605915594 0.015549085410692887 0
1670605916492 0.015294171313005811 0
1670605917250 0.015021595766605111 0
1670605918026 0.014763090204851004 0
1670605918819 0.01448095726148868 0
1670605919779 0.014507970504183731 0
1670605920931 0.015496973929995495 0
1670605922065 0.015260559246901284 0
1670605922860 0.01518517159777033 0
1670605924040 0.015385671278000501 0
1670605925181 0.015428503155267226 0
1670605926226 0.015276603848677128 0
1670605927241 0.015694823583827566 0
1670605928175 0.015496084652808273 0
1670605929269 0.015542870026423516 0
1670605930207 0.015353346831765702 0
1670605931221 0.015180668169673561 0
1670605932291 0.015022326615531045 0
1670605933366 0.014863972440886775 0
1670605934829 0.014697921264637759 0
1670605935870 0.01455572886140788 0
1670605936841 0.014456365015743655 0
1670605937860 0.014417133859437992 0
1670605938859 0.014374924353717455 0
1670605939899 0.014269614670103792 0
1670605941088 0.014474031828926703 0
1670605942127 0.014495027583643516 0
1670605943112 0.014442022802377164 0
1670605944194 0.014307845734225055 0
1670605945273 0.014347109263004199 0
1670605946312 0.014261253756014058 0
1670605947395 0.014137274596699001 0
1670605948260 0.014561889589176591 0
1670605949380 0.014439270906087542 0
1670605950179 0.014319698043933182 0
1670605951032 0.014250842867210123 0
1670605952008 0.014136407837322396 0
1670605952991 0.014328001260191736 0
1670605953914 0.014859414002509563 0
1670605955226 0.014760733731627562 0
1670605956157 0.01572264791269906 0
1670605956709 0.016149270317706077 0
1670605957416 0.01604152360814759 0
1670605958077 0.016565057650224757 0
1670605958824 0.016627378152235694 0
1670605959506 0.01665896643233944 0
1670605960279 0.016764328050819843 0
1670605960895 0.016757240381273575 0
1670605961589 0.01664550909420537 0
1670605962250 0.01653444063947951 0
1670605962805 0.016487722383963233 0
1670605963487 0.01648435805198667 0
1670605964057 0.01638719356028251 0
1670605964832 0.01691622572121787 0
1670605965514 0.017111212417638355 0
1670605966230 0.01705769298841786 0
1670605967020 0.017151979136679874 0
1670605967868 0.017062802243197894 0
1670605968865 0.01696299844852389 0
1670605969485 0.016876732511491577 0
1670605970261 0.01685938511660201 0
1670605970860 0.01700012621713709 0
1670605971578 0.017000567307142944 0
1670605972187 0.017579894421979825 0
1670605972870 0.0176674000660606 0
1670605973383 0.017714389514398077 0
1670605973959 0.017714162488739027 0
1670605974597 0.017900250051736344 0
1670605975456 0.0179463902661815 0
1670605976155 0.017888539166708184 0
1670605976764 0.017801237109312362 0
1670605977342 0.01771533619372534 0
1670605978077 0.017645474750727197 0
1670605978590 0.017741001005490142 0
1670605979341 0.01765337093479935 0
1670605980226 0.01825367715028836 0
1670605980966 0.018280258783019976 0
