1670567235159 0.0 0
1670567236925 0.0 0
1670567239291 0.0 0
1670567241299 0.0 0
1670567244078 0.0 0
1670567246861 0.0 0
1670567249413 0.0 0
1670567251654 0.0 0
1670567254096 0.0 0
1670567256325 0.0 0
1670567259139 0.0 0
1670567261967 0.0 0
1670567264817 0.0 0
1670567267604 0.0 0
1670567271334 0.0 0
1670567273850 0.0 0
1670567276910 0.0 0
1670567279594 0.0 0
1670567282389 0.0 0
1670567284644 0.0 0
1670567286871 0.0 0
1670567289838 0.0 0
1670567292586 0.0 0
1670567295901 0.0 0
1670567298778 0.0 0
1670567301066 0.0 0
1670567304225 0.0 0
1670567306343 0.0 0
1670567309280 0.0 0
1670567312725 0.0 0
1670567316202 0.0 0
1670567319018 0.0 0
1670567321531 0.0 0
1670567324414 0.0 0
1670567327311 0.0 0
1670567330012 0.0 0
1670567332884 0.0 0
1670567335721 0.0 0
1670567338343 0.0 0
1670567341232 0.0 0
1670567343938 0.0 0
1670567346815 0.0 0
1670567349281 0.0 0
1670567352164 0.0 0
1670567354528 0.0 0
1670567356584 0.0 0
1670567359618 0.0 0
1670567362564 0.0 0
1670567365237 0.0 0
1670567368265 0.0 0
1670567370981 0.0 0
1670567374287 0.0 0
1670567377225 0.0 0
1670567380238 0.0 0
1670567383265 0.0 0
1670567386495 0.0 0
1670567389484 0.0 0
1670567392284 0.0 0
1670567395022 0.0 0
1670567397553 0.0 0
1670567400021 0.0 0
1670567402275 0.0 0
1670567404816 0.0 0
1670567407823 0.0 0
1670567410862 0.0 0
1670567413612 0.0 0
1670567416272 0.0 0
1670567419288 0.0 0
1670567421059 0.0 0
1670567423475 0.0 0
1670567426482 0.0 0
1670567429050 0.0 0
1670567430905 0.0 0
1670567433406 0.0 0
1670567435242 0.0 0
1670567437985 0.0 0
1670567440505 0.0 0
1670567442504 0.0 0
1670567445795 0.0 0
1670567448422 0.0 0
1670567451331 0.0 0
1670567453705 0.0 0
1670567456327 0.0 0
1670567458385 0.0 0
1670567460553 0.0 0
1670567462284 0.0 0
1670567464314 0.0 0
1670567466390 0.0 0
1670567468587 0.0 0
1670567471044 0.0 0
1670567473450 0.0 0
1670567475447 0.0 0
1670567477861 0.0 0
1670567479817 0.0 0
1670567482064 0.0 0
1670567484329 0.0 0
1670567486506 0.0 0
1670567488950 0.0 0
1670567491274 0.0 0
1670567494012 0.0 0
1670567495945 0.0 0
1670567498217 0.0 0
