1670631723305 0.0021177007894053364 0
1670631726959 0.001171033747630633 0
1670631730299 0.005562963073014234 0
1670631734156 0.004719049256607582 0
1670631737788 0.004424809174787627 0
1670631740999 0.00451879820276601 0
1670631744375 0.004166147624558358 0
1670631747853 0.003868877650344816 0
1670631751302 0.0036639497848524397 0
1670631754730 0.005434364736162718 0
1670631758147 0.005242245587319009 0
1670631761679 0.0049925217987613 0
1670631765192 0.004770380830596336 0
1670631768665 0.005112061008900121 0
1670631772036 0.004922371875571121 0
1670631775449 0.005089511161855402 0
1670631778880 0.0053911846499602005 0
1670631782203 0.005260543255474679 0
1670631785587 0.005227790518524678 0
1670631788964 0.0051392834556426015 0
1670631792102 0.005012653411809211 0
1670631795407 0.005160909960616869 0
1670631798969 0.0050664224495855364 0
1670631802889 0.0050266559129961315 0
1670631806793 0.004948612977845511 0
1670631810697 0.005128647092834303 0
1670631814624 0.005201422271771235 0
1670631818579 0.005173454804564579 0
1670631822541 0.004893905404846868 0
1670631826526 0.004824905310270539 0
1670631830499 0.004758660477387117 0
1670631834002 0.004711915791824589 0
1670631837702 0.004642799880431113 0
1670631841550 0.004578160855226655 0
1670631845338 0.0046591487962895466 0
1670631848919 0.0046842878286756685 0
1670631852492 0.004940282138597794 0
1670631855920 0.004877170639380625 0
1670631859411 0.004830934630856792 0
1670631862873 0.004931309469687509 0
1670631866593 0.004881108803659776 0
1670631870317 0.004832351288580953 0
1670631874081 0.004777156947772945 0
1670631877851 0.004724436316721713 0
1670631881604 0.004695126478897315 0
1670631885369 0.004710428790916325 0
1670631889156 0.004705009078130616 0
1670631892996 0.004658230741013184 0
1670631896806 0.004636298844668669 0
1670631900260 0.004791091576692004 0
1670631903918 0.004757312962389279 0
1670631907671 0.004916283473993855 0
1670631911414 0.004915478904809988 0
1670631915268 0.004904655491617619 0
1670631919029 0.0048608662318675964 0
1670631922834 0.004886455739470191 0
1670631926770 0.00488782817208477 0
1670631930495 0.004855386554968179 0
1670631934469 0.004829277723344547 0
1670631938601 0.004940310430561017 0
1670631942705 0.00490039715213348 0
1670631946857 0.004876124270724185 0
1670631950830 0.004838101113946405 0
1670631954964 0.004839099752410536 0
1670631958665 0.0049784312760896565 0
1670631962373 0.004962477629299088 0
1670631966036 0.004946324985313572 0
1670631969829 0.004993640547152484 0
1670631973937 0.005012663884557768 0
1670631977957 0.005031812105951144 0
1670631981941 0.004996914347008007 0
1670631985862 0.004974178497575352 0
1670631989286 0.005096465845071688 0
1670631993004 0.005078312626447042 0
1670631996978 0.00504506634860917 0
1670632001169 0.0050161686196828065 0
1670632005239 0.005001255650692003 0
1670632009218 0.005051488324196964 0
1670632013058 0.0050554365734777965 0
1670632016680 0.0050483779702649445 0
1670632020225 0.0050661277067602095 0
1670632023859 0.005035727125538677 0
1670632027636 0.005011326357406615 0
1670632031493 0.004991053241359223 0
1670632035321 0.004972994593055471 0
1670632039067 0.0049731323220359586 0
1670632042885 0.004945764232412591 0
1670632046749 0.00492721574770999 0
1670632050703 0.005046679836389345 0
1670632054749 0.005208660583132699 0
1670632058759 0.00523139266650801 0
1670632062807 0.00520337644786531 0
1670632066835 0.005188054582667124 0
1670632070513 0.005161924550106476 0
1670632074272 0.005261856587962254 0
1670632078231 0.005250298522130194 0
1670632082341 0.005272490504266803 0
1670632086374 0.005264660560393139 0
1670632090365 0.00524735392071278 0
1670632094282 0.005224232466083417 0
1670632097698 0.005252585515978788 0
