1670583208622 0.0381186142092963 0
1670583209372 0.02107860745735146 0
1670583210295 0.016331046041159203 0
1670583211425 0.018173406841351047 0
1670583212165 0.015412908863369101 0
1670583213366 0.01615887994827514 0
1670583214292 0.015074157616325579 0
1670583215024 0.015696413300345102 0
1670583215964 0.014624728934567566 0
1670583216826 0.01561552144977485 0
1670583217569 0.015572919341331648 0
1670583218631 0.016078828045613558 0
1670583219771 0.01536797868019446 0
1670583220732 0.0148472829663705 0
1670583221735 0.014297922406775743 0
1670583222727 0.014964961083770989 0
1670583223396 0.01501635421841696 0
1670583224354 0.014579116046796847 0
1670583225307 0.014506936796567671 0
1670583226152 0.014135676351114124 0
1670583227216 0.013811429034017997 0
1670583228191 0.01367762044641796 0
1670583229165 0.013425630981205638 0
1670583230107 0.014163310792021266 0
1670583231002 0.015126898910869269 0
1670583231940 0.01492317471743132 0
1670583232890 0.015299916644247902 0
1670583233829 0.015212708506400996 0
1670583234568 0.014371815316251535 0
1670583235276 0.014764695623430968 0
1670583236236 0.01455834770063169 0
1670583237145 0.014455567948010062 0
1670583237862 0.0142432158535577 0
1670583238694 0.014120725317703142 0
1670583239656 0.013986726921530024 0
1670583240410 0.014027703855917784 0
1670583241448 0.013951676750359576 0
1670583242849 0.01379805755033825 0
1670583243642 0.014343007273198038 0
1670583244394 0.014998034558298401 0
1670583245370 0.014819331652951018 0
1670583246294 0.01464686778149038 0
1670583247270 0.014492950234502033 0
1670583248142 0.014343738821739338 0
1670583248907 0.014192436411824993 0
1670583249929 0.014040641882082983 0
1670583250772 0.01399524828067944 0
1670583251654 0.013898476763942513 0
1670583252603 0.013760107341820538 0
1670583253459 0.013722181737714445 0
1670583254158 0.013590439378691976 0
1670583255183 0.013470995238795913 0
1670583255968 0.01344428522549479 0
1670583256798 0.013542111166382487 0
1670583258060 0.013727919910957342 0
1670583259178 0.013894511341129623 0
1670583260198 0.013843025823233712 0
1670583261131 0.013989113045493107 0
1670583262108 0.013967840910120044 0
1670583263018 0.013893517762630259 0
1670583263965 0.013791686533290104 0
1670583265078 0.013747839329492306 0
1670583266043 0.013944655907359493 0
1670583267263 0.013902611592541247 0
1670583268169 0.014010279226757905 0
1670583268979 0.01405634141593759 0
1670583269913 0.01395393099223452 0
1670583271037 0.01389807410763133 0
1670583271841 0.013801584848448734 0
1670583272796 0.013805900021157003 0
1670583273770 0.013712208235679313 0
1670583274631 0.013676264924812442 0
1670583275739 0.013595687919655264 0
1670583276571 0.013628827851368985 0
1670583277367 0.013719909476040626 0
1670583278444 0.013691486323155533 0
1670583279495 0.013603733167065757 0
1670583280535 0.013560481739672725 0
1670583281414 0.013481145507072245 0
1670583282403 0.013451568204549513 0
1670583283380 0.013514260117339583 0
1670583284188 0.013454662155783725 0
1670583285284 0.013430558960097705 0
1670583286123 0.013360737175572068 0
1670583287093 0.013283029253674417 0
1670583287879 0.013237352469233965 0
1670583288841 0.013259378496425556 0
1670583289920 0.01322556695313426 0
1670583291093 0.013263549330306601 0
1670583292276 0.01325513533080791 0
1670583293038 0.013233169891246122 0
1670583294135 0.013163208984027563 0
1670583294952 0.013093253517816428 0
1670583296060 0.013024270913451708 0
1670583297135 0.012956503092697358 0
1670583298197 0.012902656647188815 0
1670583299492 0.012938874351824725 0
1670583300539 0.012873748982217381 0
1670583301502 0.012916154396592217 0
1670583302466 0.012855710796639275 0
1670583303373 0.012818603669590423 0
1670583304568 0.012905657371055534 0
1670583305403 0.012893097534570575 0
1670583306146 0.012933629725896068 0
1670583307496 0.012899912932127222 0
1670583308632 0.0128647248419127 0
1670583309627 0.012874259777147623 0
1670583310653 0.012833742962383932 0
1670583311457 0.012775427839444187 0
1670583312379 0.012729880034764829 0
1670583313326 0.01268520562353237 0
1670583314175 0.012707120058902732 0
1670583315279 0.012683336165763226 0
1670583316193 0.012694197646811345 0
1670583317045 0.01264673342402578 0
1670583318037 0.012713489190158689 0
1670583319137 0.012684021468683637 0
1670583319960 0.012647797198072075 0
1670583320882 0.012601765149572008 0
1670583322318 0.012600328840744246 0
1670583323289 0.012565124873563538 0
1670583324150 0.01257529585319539 0
1670583325185 0.01255501908776857 0
1670583326315 0.012535726714816287 0
1670583327324 0.012487113269687655 0
1670583328476 0.01243906056887012 0
1670583329618 0.012613067740849027 0
1670583330583 0.012619961439297778 0
1670583331554 0.012580782342632157 0
1670583332558 0.012597674542168424 0
1670583333636 0.012592633898271144 0
1670583334540 0.012617106246733178 0
1670583335266 0.012593363082658682 0
1670583336231 0.012563313586886227 0
1670583337139 0.012580068194066207 0
1670583338064 0.012545513287278487 0
1670583338979 0.012501534173892104 0
1670583339912 0.012457226240986663 0
1670583340946 0.012450172017725136 0
1670583342219 0.012623578228419086 0
1670583343344 0.01259027827150938 0
1670583344489 0.012548401756467542 0
1670583345621 0.012515806530567608 0
1670583346744 0.012701243186728162 0
1670583347926 0.012713407705903568 0
1670583349184 0.012681654119045205 0
1670583350230 0.012667764511496427 0
1670583351262 0.012679141029612984 0
1670583352132 0.012653555189374166 0
1670583353323 0.012615382622317983 0
1670583354216 0.012674575561087087 0
1670583355101 0.012633526237720405 0
1670583355806 0.01265533068656921 0
1670583356794 0.01261605428704382 0
1670583357955 0.01263852777129959 0
1670583358679 0.012625673517834946 0
1670583359693 0.012587438524713113 0
1670583360483 0.0125582840930335 0
1670583361401 0.012600974811878718 0
1670583362536 0.01271467888989164 0
1670583363482 0.012675763197049439 0
1670583364489 0.012662911440699864 0
1670583365634 0.012664461561800122 0
1670583366680 0.01269313709424813 0
1670583367572 0.012710734454345896 0
1670583368436 0.012806122127840158 0
1670583369305 0.012836547495732042 0
1670583370280 0.012798825962703875 0
1670583371001 0.012767037553651273 0
1670583371785 0.012827403832987527 0
1670583372540 0.012791975540808687 0
1670583373723 0.012760459673839653 0
1670583374485 0.012760227797838475 0
1670583375323 0.012723750520174826 0
1670583376089 0.012692778888427125 0
1670583376958 0.012657525489970678 0
1670583377914 0.012692584235490467 0
1670583379113 0.012659648178549476 0
1670583379905 0.012631652877342026 0
1670583380921 0.012616930903969314 0
1670583381726 0.012616829877362679 0
1670583382599 0.012597331579078386 0
1670583383542 0.01261894557190868 0
1670583384412 0.01258748668793408 0
1670583385500 0.01255378331171697 0
1670583386717 0.012534562784224934 0
1670583387746 0.012506214405395233 0
1670583388894 0.012473682129688801 0
1670583389972 0.012529269889751893 0
1670583390815 0.01255980053046346 0
1670583391806 0.01257534547291217 0
1670583392667 0.012556880874683762 0
1670583393502 0.0125246369954356 0
1670583394635 0.012502362082117302 0
1670583395424 0.01247519014853593 0
1670583396369 0.012590839179317692 0
1670583397348 0.012603480176726523 0
1670583398145 0.012581536548688987 0
1670583399104 0.012554583772580896 0
1670583400144 0.012552811580810452 0
1670583400904 0.012535059315228692 0
1670583401844 0.012527053292561319 0
1670583402707 0.012542339258690638 0
1670583403757 0.01260380510936665 0
1670583404860 0.012577483913947307 0
1670583405960 0.012605603010489963 0
1670583406853 0.012579642021066872 0
1670583407997 0.012635763045886539 0
1670583408980 0.012763792563533216 0
1670583410109 0.01273667175396509 0
1670583410890 0.012709164065075051 0
