1670580059635 0.0115 0
1670580061138 0.0135 0
1670580062223 0.0115 0
1670580063522 0.011666666666666667 0
1670580064806 0.012166666666666666 0
1670580066039 0.011833333333333333 0
1670580067510 0.013333333333333334 0
1670580068657 0.012666666666666666 0
1670580070016 0.010833333333333334 0
1670580071429 0.010333333333333333 0
1670580072956 0.009333333333333334 0
1670580074192 0.009 0
1670580076008 0.0115 0
1670580077473 0.012 0
1670580078676 0.012 0
1670580079857 0.010833333333333334 0
1670580080888 0.010333333333333333 0
1670580082447 0.010666666666666666 0
1670580083695 0.009666666666666667 0
1670580084468 0.011666666666666667 0
1670580085177 0.012 0
1670580086178 0.010166666666666666 0
1670580087571 0.012333333333333333 0
1670580088894 0.0155 0
1670580090183 0.010666666666666666 0
1670580091651 0.013333333333333334 0
1670580092759 0.013333333333333334 0
1670580093777 0.011666666666666667 0
1670580094859 0.014166666666666666 0
1670580095975 0.01 0
1670580097428 0.012 0
1670580098724 0.012833333333333334 0
1670580100040 0.010333333333333333 0
1670580101300 0.012 0
1670580102895 0.015333333333333332 0
1670580104029 0.012666666666666666 0
1670580105114 0.010833333333333334 0
1670580106405 0.012333333333333333 0
1670580107727 0.011166666666666667 0
1670580109100 0.013 0
1670580110490 0.009833333333333333 0
1670580111901 0.013666666666666667 0
1670580113323 0.012166666666666666 0
1670580114503 0.009333333333333334 0
1670580115800 0.011666666666666667 0
1670580116932 0.008333333333333333 0
1670580118434 0.0115 0
1670580119699 0.011333333333333334 0
1670580121050 0.009833333333333333 0
1670580122294 0.013 0
1670580123791 0.012 0
1670580124930 0.011166666666666667 0
1670580126303 0.012833333333333334 0
1670580127666 0.013333333333333334 0
1670580129060 0.012833333333333334 0
1670580130156 0.012666666666666666 0
1670580130944 0.011333333333333334 0
1670580132246 0.011833333333333333 0
1670580133538 0.013 0
1670580134880 0.011833333333333333 0
1670580135882 0.014 0
1670580137214 0.009166666666666667 0
1670580138679 0.011666666666666667 0
1670580139958 0.0125 0
1670580141513 0.012166666666666666 0
1670580142797 0.012 0
1670580144002 0.012833333333333334 0
1670580145503 0.0125 0
1670580146816 0.0085 0
1670580148135 0.01 0
1670580149169 0.009333333333333334 0
1670580150221 0.012333333333333333 0
1670580151562 0.010166666666666666 0
1670580152668 0.012 0
1670580153810 0.012333333333333333 0
1670580154944 0.011666666666666667 0
1670580156153 0.014166666666666666 0
1670580157824 0.009666666666666667 0
1670580159353 0.016166666666666666 0
1670580160805 0.013833333333333333 0
1670580162218 0.010666666666666666 0
1670580163923 0.011333333333333334 0
1670580165137 0.011666666666666667 0
1670580166700 0.0115 0
1670580168351 0.0125 0
1670580169706 0.0125 0
1670580171319 0.013333333333333334 0
1670580172932 0.012333333333333333 0
1670580174373 0.014333333333333333 0
1670580175922 0.012833333333333334 0
1670580177574 0.012166666666666666 0
1670580179231 0.013333333333333334 0
1670580180597 0.011166666666666667 0
1670580182578 0.01 0
1670580184525 0.0135 0
1670580186571 0.010166666666666666 0
1670580188068 0.012333333333333333 0
1670580189739 0.0145 0
1670580191750 0.011833333333333333 0
1670580193453 0.013166666666666667 0
1670580195414 0.012333333333333333 0
1670580196934 0.012166666666666666 0
