1670604693086 0.057666666666666665 0
1670604694219 0.0615 0
1670604695379 0.06416666666666666 0
1670604696197 0.059833333333333336 0
1670604697420 0.057833333333333334 0
1670604698290 0.0545 0
1670604699298 0.06233333333333333 0
1670604700361 0.058166666666666665 0
1670604701290 0.05316666666666667 0
1670604702292 0.058166666666666665 0
1670604703462 0.06066666666666667 0
1670604704626 0.053 0
1670604705584 0.056666666666666664 0
1670604706402 0.06133333333333333 0
1670604707442 0.05483333333333333 0
1670604708402 0.0575 0
1670604709403 0.059666666666666666 0
1670604710419 0.05266666666666667 0
1670604711489 0.057833333333333334 0
1670604712364 0.058 0
1670604713334 0.065 0
1670604714445 0.057 0
1670604715585 0.05633333333333333 0
1670604716822 0.058 0
1670604717919 0.057 0
1670604719567 0.058333333333333334 0
1670604720692 0.059666666666666666 0
1670604721785 0.05416666666666667 0
1670604722725 0.058 0
1670604965936 0.05416666666666667 0
1670604967778 0.055 0
1670604968663 0.054 0
1670604969608 0.057 0
1670604970642 0.05383333333333333 0
1670604971960 0.058 0
1670604972938 0.056666666666666664 0
1670604974010 0.0575 0
1670604974977 0.0585 0
1670604976253 0.06 0
1670604977302 0.057166666666666664 0
1670604978660 0.056666666666666664 0
1670604979963 0.058 0
1670604980823 0.06483333333333334 0
1670604982332 0.06166666666666667 0
1670604983525 0.06283333333333334 0
1670604984489 0.058833333333333335 0
1670604985868 0.0635 0
1670604986807 0.060833333333333336 0
1670604988398 0.060333333333333336 0
1670604989568 0.0565 0
1670604990492 0.060333333333333336 0
1670604991413 0.06016666666666667 0
1670604992641 0.05616666666666666 0
1670604993890 0.056 0
1670604995115 0.0545 0
1670604996408 0.056 0
1670604997599 0.0595 0
1670604998950 0.05583333333333333 0
1670605000035 0.059833333333333336 0
1670605001235 0.059833333333333336 0
1670605002450 0.057166666666666664 0
1670605003776 0.0565 0
1670605005340 0.06 0
1670605006503 0.051833333333333335 0
1670605007736 0.062 0
1670605008984 0.064 0
1670605010465 0.059166666666666666 0
1670605011651 0.06116666666666667 0
1670605012864 0.0555 0
1670605029832 0.05566666666666667 0
1670605031013 0.05566666666666667 0
1670605032536 0.060833333333333336 0
1670605033580 0.058833333333333335 0
1670605034682 0.06466666666666666 0
1670605035738 0.052333333333333336 0
1670605036715 0.0595 0
1670605038128 0.06166666666666667 0
1670605039674 0.059666666666666666 0
1670605040570 0.059333333333333335 0
1670605041377 0.06133333333333333 0
1670605042250 0.05316666666666667 0
1670605043297 0.06 0
1670605044937 0.05533333333333333 0
1670605045780 0.05516666666666667 0
1670605046664 0.055 0
1670605047478 0.05383333333333333 0
1670605048398 0.058166666666666665 0
1670605049157 0.057666666666666665 0
1670605050122 0.058 0
1670605051121 0.061 0
1670605052121 0.057 0
1670605053159 0.05566666666666667 0
1670605053934 0.054 0
1670605054734 0.059666666666666666 0
1670605055661 0.05633333333333333 0
1670605056551 0.06483333333333334 0
1670605057613 0.0595 0
1670605058515 0.0615 0
1670605059534 0.0615 0
1670605060556 0.05733333333333333 0
1670605061669 0.059166666666666666 0
1670605062901 0.0615 0
1670605063870 0.059333333333333335 0
1670605064878 0.06266666666666666 0
1670605065608 0.05416666666666667 0
1670605066537 0.059333333333333335 0
1670605067646 0.0635 0
1670605068556 0.05483333333333333 0
1670605069635 0.0575 0
1670605070548 0.057 0
1670605071618 0.0625 0
1670605072510 0.06316666666666666 0
1670605073578 0.06066666666666667 0
1670605074498 0.0545 0
1670605075508 0.056666666666666664 0
1670605076318 0.058 0
