1670632101819 0.0 0
1670632103533 0.0 0
1670632105303 0.0 0
1670632107066 0.0 0
1670632108693 0.0 0
1670632110457 0.0 0
1670632112216 0.0 0
1670632113902 0.0 0
1670632115847 0.0 0
1670632117791 0.0 0
1670632119724 0.0 0
1670632121683 0.0 0
1670632123632 0.0 0
1670632125597 0.0 0
1670632127622 0.0 0
1670632129716 0.0 0
1670632131757 0.0 0
1670632133846 0.0 0
1670632135967 0.0 0
1670632138046 0.0 0
1670632140171 0.0 0
1670632141985 0.0 0
1670632143736 0.0 0
1670632145452 0.0 0
1670632146627 0.0 0
1670632148199 0.0 0
1670632149763 0.0 0
1670632151281 0.0 0
1670632152805 0.0 0
1670632154663 0.0 0
1670632156492 0.0 0
1670632158315 0.0 0
1670632160229 0.0 0
1670632161889 0.0 0
1670632163461 0.0 0
1670632165118 0.0 0
1670632166910 0.0 0
1670632168620 0.0 0
1670632170390 0.0 0
1670632172125 0.0 0
1670632173742 0.0 0
1670632175511 0.0 0
1670632177268 0.0 0
1670632179028 0.0 0
1670632180703 0.0 0
1670632182616 0.0 0
1670632184661 0.0 0
1670632186488 0.0 0
1670632188171 0.0 0
1670632189932 0.0 0
1670632191678 0.0 0
1670632193454 0.0 0
1670632195131 0.0 0
1670632196941 0.0 0
1670632198813 0.0 0
1670632200735 0.0 0
1670632202540 0.0 0
1670632204271 0.0 0
1670632206076 0.0 0
1670632207916 0.0 0
1670632209763 0.0 0
1670632211585 0.0 0
1670632213328 0.0 0
1670632215202 0.0 0
1670632216990 0.0 0
1670632218787 0.0 0
1670632220433 0.0 0
1670632222048 0.0 0
1670632223567 0.0 0
1670632225337 0.0 0
1670632227059 0.0 0
1670632228753 0.00015187987116160854 0
1670632230459 0.00015086432094232159 0
1670632232121 0.00014986886850402176 0
1670632233793 0.0001488928597468647 0
1670632235542 0.00014793566998423218 0
1670632237266 0.00014699670226418922 0
1670632238940 0.00014607538580652192 0
1670632240523 0.00014517117454607105 0
1670632242224 0.0001442835457739229 0
1670632243930 0.00014341199886878442 0
1670632245768 0.00014255605411155503 0
1670632247715 0.00014171525157672353 0
1670632249615 0.00014088915009477732 0
1670632251520 0.00014007732628030958 0
1670632253470 0.00013927937362096627 0
1670632255412 0.00013849490162278326 0
1670632257437 0.00013772353500783512 0
1670632259448 0.00013696491296045444 0
1670632261454 0.00013621868841858496 0
1670632263617 0.0001354845274071097 0
1670632265601 0.000134762108410248 0
1670632267441 0.00013405112178034383 0
1670632269305 0.00013335126918057923 0
1670632271170 0.00013266226305933503 0
1670632273044 0.00013198382615409786 0
1670632274864 0.00013131569102297068 0
1670632276436 0.00013065759960198986 0
1670632278220 0.00013000930278658584 0
1670632280100 0.0001293705600356471 0
1670632281859 0.00012874113899675853 0
