1670632259258 0.006235745151452802 0
1670632295622 0.006486253702651353 0
1670632401331 0.005707820145693751 0
1670632490232 0.00617852894603651 0
1670632558818 0.006316777402431597 0
1670632633713 0.00617421986639533 0
1670632670611 0.005755375374137487 0
1670632711099 0.005621984034975684 0
1670632783769 0.005560886253984359 0
1670632821029 0.0057968770086049915 0
1670632862007 0.006135027210121488 0
1670632899786 0.0060619894290329275 0
1670632936433 0.0057922960798770596 0
1670632973683 0.005983127395987448 0
1670633010347 0.005956496154317775 0
1670633047287 0.006600978687428366 0
1670633085148 0.005456745186295667 0
1670633121882 0.006185027249553693 0
1670633158332 0.005681508288436528 0
1670633221858 0.005793853890688665 0
