1670599572986 0.0 0
1670599573299 0.0 0
1670599573875 0.0 0
1670599574193 0.0 0
1670599574695 0.0 0
1670599574995 0.0 0
1670599575505 0.0 0
1670599575934 0.0 0
1670599576310 0.0 0
1670599576758 0.0 0
1670599577167 0.0 0
1670599577508 0.0 0
1670599578027 0.0 0
1670599578632 0.0 0
1670599578936 0.0 0
1670599579215 0.0 0
1670599579528 0.0 0
1670599579855 0.0 0
1670599580297 0.0 0
1670599580718 0.0 0
1670599581142 0.0 0
1670599581475 0.0 0
1670599581974 0.0 0
1670599582351 0.0 0
1670599582663 0.0 0
1670599582955 0.0 0
1670599583440 0.0 0
1670599583853 0.0 0
1670599584151 0.0 0
1670599584586 0.0 0
1670599584910 0.0 0
1670599585208 0.0 0
1670599585503 0.0 0
1670599585987 0.0 0
1670599586274 0.0 0
1670599586711 0.0 0
1670599587019 0.0 0
1670599587306 0.0 0
1670599587593 0.0 0
1670599587889 0.0 0
1670599588217 0.0 0
1670599588725 0.0 0
1670599589084 0.0 0
1670599589365 0.0 0
1670599589702 0.0 0
1670599589999 0.0 0
1670599590342 0.0 0
1670599590622 0.0 0
1670599591091 0.0 0
1670599591410 0.0 0
1670599591769 0.0 0
1670599592115 0.0 0
1670599592398 0.0 0
1670599592677 0.0 0
1670599592970 0.0 0
1670599593290 0.0 0
1670599593870 0.0 0
1670599594210 0.0 0
1670599594535 0.0 0
1670599594902 0.0 0
1670599595236 0.0 0
1670599595542 0.0 0
1670599595848 0.0 0
1670599596339 0.0 0
1670599596624 0.0 0
1670599597029 0.0 0
1670599597411 0.0 0
1670599597831 0.0 0
1670599598176 0.0 0
1670599598476 0.0 0
1670599598774 0.0 0
1670599599110 0.0 0
1670599599578 0.0 0
1670599599882 0.0 0
1670599600194 0.0 0
1670599600536 0.0 0
1670599600949 0.0 0
1670599601249 0.0 0
1670599601550 0.0 0
1670599601852 0.0 0
1670599602138 0.0 0
1670599602512 0.0 0
1670599602844 0.0 0
1670599603137 0.0 0
1670599603437 0.0 0
1670599603748 0.0 0
1670599604269 0.0 0
1670599604592 0.0 0
1670599604890 0.0 0
1670599605197 0.0 0
1670599605479 0.0 0
1670599605834 0.0 0
1670599606141 0.0 0
1670599606447 0.0 0
1670599606776 0.0 0
1670599607222 0.0 0
1670599607529 0.0 0
1670599607834 0.0 0
1670599608287 0.0 0
1670599608766 0.0 0
1670599609093 0.0 0
1670599609388 0.0 0
