1670598585762 0.2876666666666667 0
1670598586673 0.278 0
1670598587499 0.287 0
1670598588423 0.2816666666666667 0
1670598589156 0.2783333333333333 0
1670598590210 0.287 0
1670598591092 0.27566666666666667 0
1670598591971 0.2803333333333333 0
1670598592836 0.26966666666666667 0
1670598593730 0.2906666666666667 0
1670598594714 0.279 0
1670598595534 0.2866666666666667 0
1670598596306 0.2833333333333333 0
1670598597120 0.279 0
1670598597940 0.283 0
1670598598702 0.27666666666666667 0
1670598599571 0.2813333333333333 0
1670598600352 0.2846666666666667 0
1670598601401 0.2793333333333333 0
1670598602335 0.2843333333333333 0
1670598603182 0.2823333333333333 0
1670598604144 0.27466666666666667 0
1670598604880 0.278 0
1670598605865 0.2783333333333333 0
1670598606620 0.2826666666666667 0
1670598607418 0.2916666666666667 0
1670598608284 0.28 0
1670598609019 0.283 0
1670598609794 0.2713333333333333 0
1670598610547 0.27366666666666667 0
1670598611296 0.285 0
1670598612142 0.281 0
1670598613030 0.27666666666666667 0
1670598613928 0.2806666666666667 0
1670598614881 0.284 0
1670598615630 0.2826666666666667 0
1670598616667 0.2856666666666667 0
1670598617419 0.27066666666666667 0
1670598618200 0.2846666666666667 0
1670598618944 0.2833333333333333 0
1670598619769 0.2806666666666667 0
1670598620682 0.281 0
1670598621447 0.2856666666666667 0
1670598622383 0.2813333333333333 0
1670598623291 0.2803333333333333 0
1670598624151 0.2773333333333333 0
1670598625103 0.27566666666666667 0
1670598625890 0.286 0
1670598626613 0.2786666666666667 0
1670598627380 0.2816666666666667 0
1670598628285 0.28 0
1670598629009 0.282 0
1670598629771 0.2796666666666667 0
1670598630675 0.2836666666666667 0
1670598631431 0.2816666666666667 0
1670598632186 0.2773333333333333 0
1670598632982 0.2826666666666667 0
1670598633831 0.281 0
1670598634776 0.28933333333333333 0
1670598635537 0.2813333333333333 0
1670598636561 0.2833333333333333 0
1670598637627 0.281 0
1670598638565 0.2833333333333333 0
1670598639414 0.278 0
1670598640452 0.284 0
1670598641370 0.2753333333333333 0
1670598642419 0.28833333333333333 0
1670598643140 0.2826666666666667 0
1670598644004 0.28633333333333333 0
1670598644782 0.27466666666666667 0
1670598645719 0.2806666666666667 0
1670598646576 0.2853333333333333 0
1670598647422 0.2793333333333333 0
1670598648164 0.288 0
1670598649045 0.2776666666666667 0
1670598649794 0.291 0
1670598650847 0.2793333333333333 0
1670598651875 0.2783333333333333 0
1670598652668 0.28733333333333333 0
1670598653596 0.2763333333333333 0
1670598654357 0.282 0
1670598655313 0.2743333333333333 0
1670598656126 0.2783333333333333 0
1670598657220 0.283 0
1670598657994 0.2796666666666667 0
1670598659013 0.2776666666666667 0
1670598659749 0.2796666666666667 0
1670598660584 0.2753333333333333 0
1670598661440 0.2813333333333333 0
1670598662486 0.2803333333333333 0
1670598663443 0.2833333333333333 0
1670598664271 0.286 0
1670598664996 0.2813333333333333 0
1670598665758 0.2753333333333333 0
1670598666819 0.2773333333333333 0
1670598667671 0.278 0
1670598668466 0.2823333333333333 0
1670598669251 0.279 0
1670598670008 0.275 0
1670598670912 0.2876666666666667 0
1670598671659 0.2796666666666667 0
1670598672432 0.28933333333333333 0
1670598673251 0.279 0
1670598674093 0.2776666666666667 0
1670598674975 0.289 0
1670598675842 0.28733333333333333 0
1670598676643 0.2743333333333333 0
1670598677475 0.284 0
1670598678381 0.2786666666666667 0
1670598679455 0.2763333333333333 0
1670598680394 0.275 0
1670598681420 0.2856666666666667 0
1670598682409 0.286 0
1670598683533 0.2816666666666667 0
1670598684615 0.2816666666666667 0
1670598685511 0.279 0
1670598686279 0.28633333333333333 0
1670598687440 0.2826666666666667 0
1670598688353 0.2783333333333333 0
1670598689466 0.2856666666666667 0
1670598690502 0.27666666666666667 0
1670598691690 0.2866666666666667 0
1670598692658 0.2806666666666667 0
1670598693779 0.273 0
1670598694737 0.278 0
1670598695775 0.2856666666666667 0
1670598696648 0.277 0
1670598697638 0.274 0
1670598698683 0.2763333333333333 0
1670598699606 0.2813333333333333 0
1670598700769 0.2826666666666667 0
1670598701590 0.274 0
1670598702463 0.2806666666666667 0
1670598703576 0.2803333333333333 0
1670598704527 0.2843333333333333 0
1670598705609 0.279 0
1670598706437 0.285 0
1670598707429 0.2853333333333333 0
1670598708481 0.275 0
1670598709473 0.2703333333333333 0
1670598710418 0.2753333333333333 0
1670598711424 0.2836666666666667 0
1670598712245 0.2793333333333333 0
1670598713040 0.283 0
1670598713823 0.2793333333333333 0
1670598714949 0.2813333333333333 0
