1670571094386 0.0 0
1670571096612 0.0 0
1670571098786 0.0 0
1670571100944 0.0 0
1670571103551 0.0 0
1670571105847 0.0 0
1670571108058 0.0 0
1670571110449 0.0 0
1670571113041 0.0 0
1670571115618 0.0 0
1670571118543 0.0001 0
1670571121500 0.0 0
1670571124260 0.0 0
1670571126788 0.0 0
1670571129486 0.0 0
1670571131851 0.0 0
1670571134767 0.0 0
1670571137191 0.0 0
1670571139639 0.0 0
1670571142562 0.0 0
1670571145110 0.0 0
1670571147593 0.0 0
1670571150341 0.0 0
1670571152839 0.0 0
1670571155649 0.0 0
1670571157878 0.0 0
1670571159663 0.0 0
1670571161888 0.0 0
1670571164086 0.0 0
1670571166340 0.0 0
1670571168770 0.0 0
1670571170700 0.0 0
1670571172954 0.0 0
1670571175255 0.0 0
1670571178024 0.0 0
1670571180269 0.0 0
1670571182877 0.0 0
1670571185012 0.0 0
1670571187314 0.0 0
1670571189639 0.0 0
1670571192259 0.0 0
1670571194406 0.0 0
1670571196904 0.0 0
1670571199468 0.0 0
1670571201419 0.0 0
1670571203544 0.0 0
1670571205720 0.0 0
1670571207964 0.0 0
1670571210266 0.0 0
1670571212502 0.0 0
1670571214326 0.0 0
1670571216387 0.0 0
1670571218380 0.0 0
1670571220631 0.0 0
1670571222541 0.0001 0
1670571224817 0.0 0
1670571226982 0.0 0
1670571229022 0.0 0
1670571231519 0.0 0
1670571233811 0.0 0
1670571235960 0.0 0
1670571238202 0.0 0
1670571240598 0.0 0
1670571242824 0.0 0
1670571244975 0.0 0
1670571247116 0.0 0
1670571249176 0.0 0
1670571251380 0.0 0
1670571253329 0.0 0
1670571255536 0.0 0
1670571258184 0.0 0
1670571260305 0.0 0
1670571262664 0.0 0
1670571265176 0.0 0
1670571267858 0.0 0
1670571270584 0.0 0
1670571273164 0.0 0
1670571275529 0.0 0
1670571278001 0.0 0
1670571280226 0.0 0
1670571282164 0.0 0
1670571284426 0.0 0
1670571286577 0.0 0
1670571288914 0.0 0
1670571291316 0.0 0
1670571293531 0.0 0
1670571295549 0.0 0
1670571297641 0.0 0
1670571299896 0.0 0
1670571301967 0.0 0
1670571304134 0.0 0
1670571306554 0.0 0
1670571308884 0.0001 0
1670571310890 0.0 0
1670571313296 0.0 0
1670571315716 0.0 0
1670571317919 0.0 0
1670571320044 0.0 0
1670571322229 0.0 0
1670571324540 0.0 0
1670571326801 0.0 0
1670571329072 0.0 0
