1670575966647 0.0042354015788107005 0
1670575967170 0.00487540227334019 0
1670575967885 0.004373854088181228 0
1670575968828 0.00343302569057211 0
1670575969622 0.0029267361688512486 0
1670575970464 0.002595014969655018 0
1670575971138 0.0024611789524206056 0
1670575971731 0.0022661186610114783 0
1670575972498 0.0030199774587864347 0
1670575973099 0.0030013855113153213 0
1670575973880 0.0028728579204896736 0
1670575974920 0.002759626012780679 0
1670575975869 0.0026588681652738215 0
1670575976967 0.0026622503246890774 0
1670575977893 0.0025846724885811518 0
1670575978794 0.0025757985629552395 0
1670575979679 0.0025199817762765254 0
1670575980684 0.0024670280560477554 0
1670575981798 0.0026794704692841243 0
1670575982515 0.0026155223730921595 0
1670575983542 0.0025559462185495065 0
1670575984323 0.002494477840164819 0
1670575984938 0.0026004654653874904 0
1670575985462 0.002542460932060683 0
1670575986077 0.0025983802926276356 0
1670575987005 0.0025518621630073847 0
1670575987778 0.0025025001354627165 0
1670575988339 0.002520075378223822 0
1670575989102 0.00245959066946721 0
1670575989879 0.0024381370071618223 0
1670575990640 0.002400455838177655 0
1670575991566 0.0023644686572801468 0
1670575992332 0.002345530331580706 0
1670575993184 0.0023122143217740093 0
1670575994063 0.0022943891010195148 0
1670575994789 0.0022766322170482216 0
1670575995760 0.002246654618111547 0
1670575996328 0.002250987080119295 0
1670575996880 0.0022356575664624744 0
1670575997655 0.0022084321103458286 0
1670575998511 0.002188599362944895 0
1670575999359 0.0022046838292880686 0
1670575999876 0.0022101402716030926 0
1670576000544 0.002214021489705071 0
1670576001131 0.0021951232001240903 0
1670576002240 0.0021837431517801225 0
1670576003051 0.002161171581685536 0
1670576003937 0.0021768487065680713 0
1670576004601 0.00233095674691526 0
1670576005447 0.002308400604457366 0
1670576006013 0.002286486579937571 0
1670576006682 0.0022689382028204088 0
1670576007506 0.0022585099359772524 0
1670576008055 0.0022712620285585683 0
1670576009027 0.0022727734267062316 0
1670576009816 0.0022567771661714435 0
1670576010675 0.002327405697364621 0
1670576011589 0.0023907949355942773 0
1670576012535 0.0023816128857806138 0
1670576013060 0.00237814361900956 0
1670576014042 0.0023742703780289805 0
1670576014736 0.002370034208982087 0
1670576015462 0.0023885316015660627 0
1670576016155 0.0024342753497254553 0
1670576017046 0.002429224762360153 0
1670576017668 0.0024713130132534068 0
1670576018649 0.0024663836395603456 0
1670576019634 0.0024768936629379025 0
1670576020380 0.002472213457782953 0
1670576021208 0.0025170332247036586 0
1670576022024 0.0025271117015543735 0
1670576022862 0.002511381624415188 0
1670576023578 0.0024951255089114017 0
1670576024393 0.002487369323440413 0
1670576024894 0.002479561629586623 0
1670576025495 0.002471711966424318 0
1670576026197 0.0025047205545292934 0
1670576026816 0.0025465891284000494 0
1670576027587 0.00253825005305744 0
1670576028635 0.0025449793416486505 0
1670576029559 0.002536366478479395 0
1670576030459 0.002550411757494866 0
1670576031296 0.0025421327736756564 0
1670576032201 0.0025338606402982612 0
1670576033056 0.002589904602525706 0
1670576033844 0.0025752016654779436 0
1670576034491 0.0025662934182180503 0
1670576035176 0.002552027272635342 0
1670576035964 0.0025560370733290197 0
1670576036753 0.002570409714018308 0
1670576037832 0.0025742060207350845 0
1670576038432 0.0025604800597947112 0
1670576039071 0.002551935547011038 0
1670576039635 0.0025434363914787843 0
1670576040207 0.0025349840387255424 0
1670576040920 0.0025494581567298592 0
1670576041827 0.002547457414283867 0
1670576042635 0.002539519638275335 0
1670576043303 0.0025269266347698635 0
1670576043837 0.002525146311100391 0
1670576044507 0.00251762421131787 0
