1670576503105 0.0485 0
1670576504441 0.04583333333333333 0
1670576505614 0.0505 0
1670576506862 0.04716666666666667 0
1670576507951 0.05216666666666667 0
1670576509185 0.049 0
1670576510442 0.04416666666666667 0
1670576511557 0.050333333333333334 0
1670576512506 0.04633333333333333 0
1670576513565 0.043166666666666666 0
1670576514594 0.04716666666666667 0
1670576515683 0.04733333333333333 0
1670576516813 0.049833333333333334 0
1670576517959 0.049 0
1670576519248 0.044333333333333336 0
1670576520365 0.04816666666666667 0
1670576521698 0.050666666666666665 0
1670576522837 0.044 0
1670576523703 0.04933333333333333 0
1670576524910 0.04416666666666667 0
1670576526122 0.04416666666666667 0
1670576527399 0.04666666666666667 0
1670576528692 0.04833333333333333 0
1670576530026 0.05583333333333333 0
1670576531079 0.04566666666666667 0
1670576532214 0.04883333333333333 0
1670576533538 0.04716666666666667 0
1670576534687 0.04733333333333333 0
1670576535645 0.051 0
1670576536931 0.04516666666666667 0
1670576538267 0.044833333333333336 0
1670576539455 0.044833333333333336 0
1670576540670 0.04883333333333333 0
1670576541677 0.053 0
1670576542803 0.04933333333333333 0
1670576543962 0.051666666666666666 0
1670576545179 0.048 0
1670576546328 0.0485 0
1670576547455 0.05 0
1670576548653 0.046 0
1670576549984 0.04616666666666667 0
1670576551271 0.044833333333333336 0
1670576552613 0.04683333333333333 0
1670576553820 0.04516666666666667 0
1670576554996 0.04733333333333333 0
1670576556096 0.049666666666666665 0
1670576557453 0.04783333333333333 0
1670576558774 0.04633333333333333 0
1670576560091 0.04616666666666667 0
1670576561465 0.049166666666666664 0
1670576562680 0.051833333333333335 0
1670576563734 0.04633333333333333 0
1670576564814 0.0445 0
1670576565952 0.04783333333333333 0
1670576567320 0.044 0
1670576568689 0.049833333333333334 0
1670576569712 0.0515 0
1670576571322 0.04766666666666667 0
1670576572689 0.044 0
1670576573708 0.04733333333333333 0
1670576575070 0.041166666666666664 0
1670576576515 0.04533333333333334 0
1670576577806 0.05366666666666667 0
1670576578908 0.044833333333333336 0
1670576580116 0.04816666666666667 0
1670576581276 0.04633333333333333 0
1670576582567 0.049833333333333334 0
1670576583885 0.04666666666666667 0
1670576584768 0.049166666666666664 0
1670576586120 0.046 0
1670576587396 0.04616666666666667 0
1670576588514 0.04783333333333333 0
1670576590355 0.04666666666666667 0
1670576591758 0.048 0
1670576593023 0.049666666666666665 0
1670576594072 0.049 0
1670576595346 0.050833333333333335 0
1670576596368 0.042333333333333334 0
1670576597711 0.0495 0
1670576598942 0.042666666666666665 0
1670576600456 0.05316666666666667 0
1670576601606 0.0505 0
1670576603083 0.044333333333333336 0
1670576604029 0.042833333333333334 0
1670576605489 0.05 0
1670576606953 0.0465 0
1670576608405 0.051666666666666666 0
1670576609637 0.04616666666666667 0
1670576610871 0.04666666666666667 0
1670576612145 0.044 0
1670576613200 0.050333333333333334 0
1670576614354 0.04583333333333333 0
1670576615669 0.051 0
1670576616782 0.05 0
1670576617739 0.050166666666666665 0
1670576618769 0.04816666666666667 0
1670576619890 0.049666666666666665 0
1670576621197 0.049166666666666664 0
1670576622285 0.04816666666666667 0
1670576623735 0.0495 0
1670576625150 0.04466666666666667 0
1670576626437 0.048 0
1670576627312 0.047 0
1670576628809 0.04716666666666667 0
1670576629928 0.04666666666666667 0
1670576631284 0.05 0
1670576632557 0.050666666666666665 0
1670576633620 0.0515 0
1670576635079 0.051 0
1670576636264 0.04666666666666667 0
1670576637495 0.043666666666666666 0
1670576638567 0.04683333333333333 0
1670576639847 0.044333333333333336 0
1670576640894 0.043166666666666666 0
1670576642170 0.05416666666666667 0
1670576643389 0.04666666666666667 0
1670576644407 0.046 0
1670576645638 0.051166666666666666 0
1670576646816 0.04666666666666667 0
1670576647950 0.0465 0
1670576648911 0.046 0
