1670593292553 0.16666666666666666 0
1670593294777 0.16666666666666666 0
1670593296980 0.16666666666666666 0
1670593299118 0.16666666666666666 0
1670593301176 0.16666666666666666 0
1670593303242 0.16666666666666666 0
1670593305730 0.16666666666666666 0
1670593307835 0.16666666666666666 0
1670593310304 0.16666666666666666 0
1670593312379 0.16666666666666666 0
1670593314459 0.16666666666666666 0
1670593316747 0.16666666666666666 0
1670593319085 0.16666666666666666 0
1670593321135 0.16666666666666666 0
1670593323264 0.16666666666666666 0
1670593325710 0.16666666666666666 0
1670593327972 0.16666666666666666 0
1670593329772 0.16666666666666666 0
1670593331851 0.16666666666666666 0
1670593334344 0.16666666666666666 0
1670593336840 0.16666666666666666 0
1670593339300 0.16666666666666666 0
1670593341371 0.16666666666666666 0
1670593343764 0.16666666666666666 0
1670593345969 0.16666666666666666 0
1670593348145 0.16666666666666666 0
1670593350577 0.16666666666666666 0
1670593352785 0.1665 0
1670593355328 0.16666666666666666 0
1670593357481 0.16666666666666666 0
1670593359323 0.16666666666666666 0
1670593361320 0.16666666666666666 0
1670593363136 0.16666666666666666 0
1670593365121 0.16666666666666666 0
1670593367087 0.16666666666666666 0
1670593368928 0.16666666666666666 0
1670593370917 0.16666666666666666 0
1670593372922 0.16666666666666666 0
1670593375130 0.16666666666666666 0
1670593377466 0.16666666666666666 0
1670593379556 0.16666666666666666 0
1670593381488 0.16666666666666666 0
1670593383730 0.16666666666666666 0
1670593385948 0.16666666666666666 0
1670593388011 0.16666666666666666 0
1670593389827 0.16666666666666666 0
1670593391765 0.16666666666666666 0
1670593393432 0.16666666666666666 0
1670593395689 0.16666666666666666 0
1670593397419 0.16666666666666666 0
1670593399747 0.16666666666666666 0
1670593401503 0.16666666666666666 0
1670593403678 0.16666666666666666 0
1670593405505 0.16666666666666666 0
1670593407421 0.16666666666666666 0
1670593409099 0.16666666666666666 0
1670593411083 0.16666666666666666 0
1670593412907 0.16666666666666666 0
1670593414446 0.16666666666666666 0
1670593416375 0.16666666666666666 0
1670593418439 0.16666666666666666 0
1670593420417 0.16666666666666666 0
1670593422090 0.16666666666666666 0
1670593423661 0.16666666666666666 0
1670593425781 0.16666666666666666 0
1670593427380 0.16666666666666666 0
1670593429327 0.16666666666666666 0
1670593431378 0.16666666666666666 0
1670593432960 0.16666666666666666 0
1670593434708 0.16666666666666666 0
1670593437060 0.16666666666666666 0
1670593438879 0.16666666666666666 0
1670593440586 0.16666666666666666 0
1670593442355 0.16666666666666666 0
1670593444179 0.16666666666666666 0
1670593445932 0.16666666666666666 0
1670593447809 0.16666666666666666 0
1670593449586 0.16666666666666666 0
1670593451073 0.16666666666666666 0
1670593452869 0.16666666666666666 0
1670593454442 0.16666666666666666 0
1670593456280 0.16666666666666666 0
1670593458438 0.16666666666666666 0
1670593460458 0.16666666666666666 0
1670593462070 0.16666666666666666 0
1670593463703 0.16666666666666666 0
1670593465358 0.16666666666666666 0
1670593466962 0.16666666666666666 0
1670593468752 0.16666666666666666 0
1670593470642 0.16666666666666666 0
1670593472277 0.16666666666666666 0
1670593474194 0.16666666666666666 0
1670593476019 0.16666666666666666 0
1670593477899 0.1665 0
1670593479804 0.16666666666666666 0
1670593481670 0.16666666666666666 0
1670593483304 0.16666666666666666 0
1670593485346 0.1665 0
1670593487036 0.16666666666666666 0
1670593488886 0.16666666666666666 0
1670593490636 0.16666666666666666 0
1670593492256 0.16666666666666666 0
1670593494269 0.16666666666666666 0
1670593495861 0.16666666666666666 0
1670593497348 0.16666666666666666 0
1670593499153 0.16666666666666666 0
1670593501300 0.16666666666666666 0
1670593503380 0.16666666666666666 0
1670593505310 0.16666666666666666 0
1670593507017 0.16666666666666666 0
1670593508666 0.1665 0
1670593510668 0.16666666666666666 0
1670593512570 0.16666666666666666 0
1670593514274 0.16666666666666666 0
1670593516222 0.16666666666666666 0
1670593518015 0.16666666666666666 0
1670593519776 0.16666666666666666 0
1670593521635 0.16666666666666666 0
1670593523405 0.16666666666666666 0
1670593525557 0.16666666666666666 0
1670593527323 0.16666666666666666 0
1670593529074 0.16666666666666666 0
1670593531804 0.16666666666666666 0
1670593533978 0.16666666666666666 0
