1670621020459 0.14884411262677555 0
1670621025091 0.04382501186281773 0
1670621029869 0.033479027677268736 0
1670621034227 0.032093631004779355 0
1670621038994 0.02726280198603004 0
1670621043825 0.024185586662302194 0
1670621048434 0.022848602827258313 0
1670621052606 0.021090328368313926 0
1670621057180 0.02454388929466622 0
1670621061650 0.02404456997134108 0
1670621065886 0.023585477226520934 0
1670621070023 0.02317108307298943 0
1670621074309 0.022396814028873724 0
1670621078412 0.021482117211117036 0
1670621082737 0.02095003211245816 0
1670621086849 0.02068212286164617 0
1670621091168 0.020302179421301414 0
1670621095361 0.021451124283893175 0
1670621099475 0.02134078246523874 0
1670621103849 0.02108337380399561 0
1670621107871 0.020956741859922134 0
1670621112199 0.020449275930341182 0
1670621116863 0.020240356066630993 0
1670621121445 0.019870207341550206 0
1670621126043 0.019551955531700527 0
1670621130288 0.01966891453815578 0
1670621134457 0.01945573247346344 0
1670621138801 0.020196279828974872 0
1670621143072 0.019468930837805987 0
1670621147282 0.019622061571654692 0
1670621151609 0.01931342240884848 0
1670621155773 0.019351216011003758 0
1670621159987 0.019290128978235788 0
1670621164244 0.019046465597157836 0
1670621168549 0.01915845394116844 0
1670621172925 0.019457599634719602 0
1670621177149 0.01943122964243349 0
1670621181280 0.019243125765543656 0
1670621185728 0.019059630460922072 0
1670621190034 0.01896286585646334 0
1670621194296 0.01878119191815264 0
1670621198395 0.01862309574645804 0
1670621202625 0.018905081274645963 0
1670621206825 0.01888323534408276 0
1670621211115 0.018793495422740114 0
1670621215142 0.018693733484996256 0
1670621219143 0.018657805208399547 0
1670621223264 0.01858229779332954 0
1670621228047 0.018679232188282602 0
1670621232467 0.018735692910809676 0
1670621236721 0.018576787736740985 0
1670621241064 0.01845494495480826 0
1670621245281 0.018308757306109813 0
1670621249602 0.01816214068301969 0
1670621253855 0.01841795681177827 0
1670621258128 0.018400008427461922 0
1670621262352 0.01827030446357747 0
1670621266813 0.018132197088836288 0
1670621271659 0.0180308836309504 0
1670621276451 0.017989209998476086 0
1670621281199 0.01813537935429388 0
1670621285944 0.018776830497741814 0
1670621290679 0.01864145390574745 0
1670621295231 0.018716677792654846 0
1670621299521 0.01875346054734439 0
1670621303782 0.018875797906108716 0
1670621308172 0.019160429083630692 0
1670621312589 0.019033837427236633 0
1670621317074 0.0189552022200703 0
1670621321768 0.019063851726204173 0
1670621326456 0.018966522890015436 0
1670621331098 0.01910929507947412 0
1670621335457 0.019007145006625925 0
1670621339972 0.019024467995299443 0
1670621344757 0.019045379370297155 0
1670621349696 0.01902667282815651 0
1670621354268 0.018912570791809635 0
1670621359024 0.018800483429980863 0
1670621364128 0.018870073252229558 0
1670621368913 0.01921733074530707 0
1670621373764 0.01912217665914029 0
1670621378288 0.01922354531976056 0
1670621382695 0.01910880780894253 0
1670621387306 0.019152369878277176 0
1670621392138 0.01904152510817325 0
1670621397042 0.018956059844178363 0
1670621401598 0.018851283773877014 0
