1670639906577 0.04174895841970546 0
1670639910663 0.011633610442270279 0
1670639914555 0.007456571470636358 0
1670639918341 0.0059911584444928175 0
1670639921836 0.006284704215370675 0
1670639925748 0.006346516257564116 0
1670639929737 0.0058013503878485695 0
1670639933450 0.007821111224055446 0
1670639937301 0.007798937092485643 0
1670639940831 0.007507095907361892 0
1670639944460 0.00730209881393111 0
1670639947570 0.00718066441090048 0
1670639951162 0.006879180060692492 0
1670639954656 0.006662935672038695 0
1670639957917 0.007346480219624276 0
1670639961400 0.007090551019840682 0
1670639964921 0.006923509376059363 0
1670639968193 0.0067268213155519015 0
1670639971508 0.006541208456117827 0
1670639974921 0.006362287854472935 0
1670639978453 0.007383260353484925 0
1670639981774 0.007300810975454094 0
1670639984962 0.007141242128165404 0
1670639988134 0.0071258192772134105 0
1670639991320 0.0069816126577623636 0
1670639994837 0.006927135703175193 0
1670639998187 0.007026960515319959 0
1670640001751 0.007052682052549764 0
1670640005060 0.006734999962885485 0
1670640008569 0.006674172154736163 0
1670640012008 0.006569608631032259 0
1670640015352 0.006505673648841485 0
1670640018456 0.006426303584634176 0
1670640021802 0.006352427327817132 0
1670640025231 0.006296080688563483 0
1670640028590 0.006217424318023704 0
1670640031600 0.0061359550878876505 0
1670640034611 0.0060790106923465335 0
1670640037973 0.00600939670842892 0
1670640041492 0.005964653234355501 0
1670640043885 0.005896677963908432 0
1670640046863 0.005841138671042842 0
1670640049625 0.005800444826451302 0
1670640052486 0.00577770880553323 0
1670640055296 0.005794637765611968 0
1670640058080 0.005739634060632083 0
1670640060892 0.0056806758326533105 0
1670640063770 0.005652823848708421 0
1670640066532 0.0056427515317533025 0
1670640069286 0.005797686094576707 0
1670640071951 0.005757506092416369 0
1670640074747 0.005894396166225609 0
1670640077498 0.00584811945035155 0
1670640080276 0.005796433965861315 0
1670640082972 0.005746093155766966 0
1670640085123 0.005706485521064786 0
1670640088141 0.0057327584675693904 0
1670640091100 0.005709881913857011 0
1670640093920 0.005722948412538984 0
1670640096813 0.005715207612972787 0
1670640099600 0.005739700876537388 0
1670640102983 0.005694059589143586 0
1670640106563 0.005763899718065065 0
1670640110145 0.005786995712087389 0
1670640113709 0.005786883789621836 0
1670640117235 0.005781624012713024 0
1670640120768 0.00576184640630209 0
1670640124289 0.005741922040491326 0
1670640127832 0.005762004844241962 0
1670640131093 0.0057237992245734795 0
1670640134046 0.005704925654140321 0
1670640136920 0.005668319260387609 0
1670640139934 0.005688552336262032 0
1670640143354 0.005726034665027805 0
1670640146316 0.005689347229618908 0
1670640149110 0.005653355234459551 0
1670640152401 0.005617027714794987 0
1670640155789 0.005595202379303461 0
1670640159291 0.005589523305422606 0
1670640162741 0.005589825125737021 0
1670640165947 0.005631985416460376 0
1670640168581 0.005613593553261482 0
1670640170900 0.005592888873763687 0
1670640173672 0.005581653182062902 0
1670640176186 0.005622264132461634 0
1670640178864 0.005644421609639412 0
1670640181686 0.005617192901107022 0
1670640184306 0.005686572271879194 0
1670640186877 0.005669279329326857 0
1670640189596 0.00565832995636582 0
1670640192575 0.005627731474614366 0
1670640195614 0.005597624046444816 0
1670640198663 0.00565150398115543 0
1670640201476 0.005641698427680704 0
1670640204434 0.005634389195664554 0
1670640207484 0.005605298581813075 0
1670640210549 0.00563758011065342 0
1670640213575 0.005633989204711868 0
1670640216528 0.005613709011317858 0
1670640219447 0.005658574964114458 0
1670640222461 0.005640016772131409 0
1670640225872 0.005613878069043635 0
1670640229171 0.00558770394432773 0
1670640231934 0.005562321561419583 0
1670640235353 0.00554612442164951 0
1670640238737 0.005524614909717056 0
1670640242142 0.005501202012664422 0
1670640245547 0.005496436036988645 0
1670640248963 0.005481286084716701 0
1670640252368 0.005476657684965691 0
1670640255843 0.00545296315793159 0
1670640259195 0.005431427227506513 0
1670640262536 0.005411185242559919 0
1670640265985 0.00543821690033143 0
1670640269381 0.005423965745250035 0
1670640272717 0.005416696534291585 0
1670640275560 0.005418108858571233 0
1670640278223 0.0054011631942753775 0
1670640281175 0.005397584228860348 0
1670640284293 0.005420627612269212 0
1670640285962 0.005398480007156942 0
1670640288695 0.0054032902122811595 0
1670640291714 0.005418344444299915 0
1670640294763 0.005417396833994278 0
1670640298312 0.0054084516879508646 0
1670640301829 0.005387146794359875 0
1670640305444 0.005370931489774734 0
1670640308900 0.0054275138881700775 0
1670640312311 0.005407935113575214 0
1670640315638 0.005446506722661816 0
1670640318669 0.005437443552335771 0
1670640322266 0.0055048878686042545 0
1670640325211 0.005494989185925149 0
1670640328496 0.005499780256974975 0
1670640331766 0.005482644884237761 0
1670640335073 0.005462744718677075 0
1670640338076 0.005448447967561516 0
1670640341116 0.0054342409335788565 0
1670640344154 0.00543567936124649 0
1670640347136 0.005416564808503822 0
1670640350189 0.005398248292362146 0
1670640353527 0.005413217651555991 0
1670640356652 0.005419175574941842 0
1670640359860 0.005400677986293834 0
1670640362997 0.00539800735507109 0
1670640366301 0.005384754252558296 0
1670640369750 0.00536725835480913 0
1670640373181 0.005350873986271019 0
1670640376666 0.005333872508976583 0
1670640379634 0.005319141802745602 0
1670640382445 0.005308296270154517 0
1670640385718 0.005299921025025939 0
1670640389047 0.005283614353437521 0
1670640392358 0.005269314787107272 0
1670640395616 0.00525251659455701 0
1670640398912 0.005271639250729137 0
1670640402209 0.0052554689976973094 0
1670640405475 0.005242400166172306 0
1670640408875 0.005249687696213982 0
1670640412025 0.005233471797354006 0
1670640415095 0.005221498527277994 0
1670640418147 0.005205745396527864 0
1670640421173 0.005253856004815833 0
1670640424163 0.005238244426027723 0
1670640427215 0.00522370360734736 0
1670640430254 0.005224640750534179 0
1670640433301 0.005241785232820231 0
1670640436327 0.005228407972816901 0
1670640439368 0.005213047033968982 0
1670640442347 0.005199966004686536 0
1670640445277 0.0051852164822528204 0
1670640448412 0.005172364453462513 0
1670640451601 0.0051609919593577705 0
1670640455010 0.005146263587563316 0
1670640458404 0.005132674498607721 0
1670640461725 0.0051234446018030184 0
1670640464992 0.00516728797689512 0
1670640468348 0.005187681507659889 0
1670640471685 0.005173332866690725 0
1670640475068 0.005162116710426795 0
1670640478501 0.005149145113985204 0
1670640481902 0.00514646706763016 0
1670640485423 0.005133710435258704 0
1670640488987 0.005126277731537308 0
1670640492570 0.005119984538556173 0
1670640496348 0.005114898557689023 0
1670640500105 0.005101373396685441 0
1670640503935 0.005094159212194027 0
1670640507475 0.00508200143063605 0
1670640510942 0.005068687805146365 0
1670640514602 0.005131169617608681 0
1670640518429 0.005226176155311204 0
1670640522000 0.005213193582791577 0
1670640525810 0.005214560201997967 0
1670640529952 0.0052013265201842525 0
1670640533371 0.005225809076740945 0
1670640537168 0.005268799767200287 0
1670640540671 0.005272795167990493 0
1670640544279 0.005259844016222783 0
1670640547802 0.00528315200395358 0
1670640551255 0.005273208723595553 0
1670640554781 0.0052872151880401196 0
1670640558556 0.005274270191641936 0
1670640562094 0.005386219696584801 0
1670640565776 0.005374079734357579 0
1670640569451 0.0053832978665919115 0
