1670631571460 0.0 0
1670631573008 0.0 0
1670631574564 0.0 0
1670631576259 0.0 0
1670631577768 0.0 0
1670631579298 0.0 0
1670631580789 0.0 0
1670631582355 0.0 0
1670631583878 0.0 0
1670631585373 0.0 0
1670631586915 0.0 0
1670631588360 0.0 0
1670631589802 0.0 0
1670631591346 0.0 0
1670631592876 0.0 0
1670631594379 0.0 0
1670631595892 0.0 0
1670631597415 0.0 0
1670631599002 0.0 0
1670631600590 0.0 0
1670631602044 0.0 0
1670631603486 0.0 0
1670631604923 0.0 0
1670631606358 0.0 0
1670631607803 0.0 0
1670631609236 0.0 0
1670631610752 0.0 0
1670631612198 0.0 0
1670631613740 0.0 0
1670631614976 0.0 0
1670631616472 0.0 0
1670631617976 0.0 0
1670631619494 0.0 0
1670631621005 0.0 0
1670631622591 0.0 0
1670631624074 0.0 0
1670631625512 0.0 0
1670631626995 0.0 0
1670631628460 0.0 0
1670631630000 0.0 0
1670631631427 0.0 0
1670631632966 0.0 0
1670631634706 0.0 0
1670631636329 0.0 0
1670631637884 0.0 0
1670631639610 0.0 0
1670631641105 0.0 0
1670631642731 0.0 0
1670631644475 0.0 0
1670631646118 0.0 0
1670631647643 0.0 0
1670631649144 0.0 0
1670631650562 0.0003333333333333333 0
1670631652142 0.0 0
1670631653750 0.0 0
1670631655447 0.0 0
1670631656942 0.0003333333333333333 0
1670631658714 0.0 0
1670631660434 0.0 0
1670631662074 0.0 0
1670631663590 0.0 0
1670631665018 0.0 0
1670631666558 0.0 0
1670631668080 0.0 0
1670631669465 0.0 0
1670631671116 0.0 0
1670631672733 0.0 0
1670631674470 0.0 0
1670631676124 0.0 0
1670631677795 0.0 0
1670631679362 0.0 0
1670631680847 0.0 0
1670631682486 0.0 0
1670631684297 0.0 0
1670631686032 0.0 0
1670631687778 0.0 0
1670631689411 0.0 0
1670631691083 0.0 0
1670631692876 0.0 0
1670631694618 0.0 0
1670631696339 0.0 0
1670631698180 0.0 0
1670631700070 0.0 0
1670631701936 0.0 0
1670631703823 0.0 0
1670631705613 0.0 0
1670631707297 0.0 0
1670631709000 0.0 0
1670631710690 0.0 0
1670631712417 0.0 0
1670631714141 0.0 0
1670631715868 0.0 0
1670631717573 0.0 0
1670631719349 0.0 0
1670631721128 0.0 0
1670631722847 0.0 0
1670631724777 0.0 0
1670631726806 0.0 0
1670631728817 0.0 0
1670631730796 0.0 0
1670631732534 0.0 0
1670631734194 0.0 0
