1670572527188 0.002 0
1670572527591 0.0 0
1670572528039 0.0013333333333333333 0
1670572528784 0.0003333333333333333 0
1670572529607 0.0003333333333333333 0
1670572530221 0.001 0
1670572530755 0.0003333333333333333 0
1670572531765 0.0006666666666666666 0
1670572532635 0.0006666666666666666 0
1670572533208 0.0013333333333333333 0
1670572533884 0.001 0
1670572534557 0.0003333333333333333 0
1670572535067 0.002 0
1670572535839 0.0006666666666666666 0
1670572536673 0.0003333333333333333 0
1670572537545 0.0006666666666666666 0
1670572538478 0.0003333333333333333 0
1670572539200 0.0006666666666666666 0
1670572540175 0.001 0
1670572541190 0.001 0
1670572541889 0.0006666666666666666 0
1670572542644 0.0006666666666666666 0
1670572543361 0.0006666666666666666 0
1670572544111 0.0006666666666666666 0
1670572545050 0.0 0
1670572545918 0.0016666666666666668 0
1670572546640 0.0016666666666666668 0
1670572547456 0.0003333333333333333 0
1670572548534 0.001 0
1670572549351 0.0 0
1670572550267 0.001 0
1670572551092 0.001 0
1670572551857 0.001 0
1670572552773 0.0003333333333333333 0
1670572553526 0.0 0
1670572554230 0.0013333333333333333 0
1670572554908 0.001 0
1670572556023 0.0003333333333333333 0
1670572556890 0.0013333333333333333 0
1670572557803 0.0016666666666666668 0
1670572558663 0.0016666666666666668 0
1670572559635 0.0 0
1670572560505 0.002 0
1670572561559 0.0013333333333333333 0
1670572562641 0.003 0
1670572563179 0.0003333333333333333 0
1670572564086 0.0006666666666666666 0
1670572565073 0.0003333333333333333 0
1670572566025 0.0003333333333333333 0
1670572567209 0.001 0
1670572568209 0.0016666666666666668 0
1670572569188 0.0016666666666666668 0
1670572570153 0.0003333333333333333 0
1670572571037 0.0013333333333333333 0
1670572571984 0.0006666666666666666 0
1670572572950 0.0003333333333333333 0
1670572573894 0.0003333333333333333 0
1670572574838 0.0016666666666666668 0
1670572575708 0.0006666666666666666 0
1670572576673 0.0006666666666666666 0
1670572577577 0.002 0
1670572578355 0.001 0
1670572579275 0.0016666666666666668 0
1670572580406 0.0013333333333333333 0
1670572581436 0.0003333333333333333 0
1670572582335 0.001 0
1670572583086 0.0006666666666666666 0
1670572583836 0.0013333333333333333 0
1670572584722 0.0006666666666666666 0
1670572585662 0.0006666666666666666 0
1670572586578 0.0 0
1670572587410 0.0003333333333333333 0
1670572588354 0.0013333333333333333 0
1670572589365 0.0006666666666666666 0
1670572590093 0.0003333333333333333 0
1670572590759 0.002 0
1670572591900 0.001 0
1670572592685 0.0006666666666666666 0
1670572593508 0.001 0
1670572593922 0.0 0
1670572594340 0.0003333333333333333 0
1670572594761 0.0006666666666666666 0
1670572595259 0.0003333333333333333 0
1670572595830 0.0016666666666666668 0
1670572596759 0.001 0
1670572597580 0.001 0
1670572598470 0.0013333333333333333 0
1670572599111 0.0016666666666666668 0
1670572599721 0.0013333333333333333 0
1670572600614 0.0006666666666666666 0
1670572601395 0.0013333333333333333 0
1670572602146 0.0006666666666666666 0
1670572602826 0.0003333333333333333 0
1670572603798 0.0003333333333333333 0
1670572604635 0.0013333333333333333 0
1670572605658 0.0 0
1670572606384 0.0033333333333333335 0
1670572607016 0.0006666666666666666 0
1670572607913 0.0 0
1670572608721 0.002 0
1670572609695 0.0013333333333333333 0
1670572610120 0.001 0
1670572610942 0.001 0
