1670562624205 0.0 0
1670562624845 0.0 0
1670562625384 0.0 0
1670562626022 0.0007403853613860797 0
1670562626636 0.0006386661920440906 0
1670562626997 0.0005708271881056994 0
1670562627680 0.0005213506426904687 0
1670562628160 0.0004831381218744638 0
1670562628836 0.00045243143254819826 0
1670562629447 0.0005729207605998607 0
1670562629935 0.0005468391594904145 0
1670562630793 0.0005240788735363475 0
1670562631402 0.000503981034726812 0
1670562631991 0.00048605818551922004 0
1670562632536 0.0004699404524693003 0
1670562633243 0.0004553411577090536 0
1670562633839 0.0004420340450781797 0
1670562634632 0.00042983773163036065 0
1670562635097 0.00041860481088165256 0
1670562636040 0.00040821404076212583 0
1670562636496 0.00039856463048237336 0
1670562637276 0.0003895719882463048 0
1670562637785 0.000381164506304064 0
1670562638342 0.0003732810959109024 0
1670562639027 0.0003658692731810851 0
1670562639619 0.0003588836555538151 0
1670562640168 0.00035228476836816284 0
1670562640653 0.00034603808847387987 0
1670562641439 0.00032593394313623023 0
1670562641896 0.00032100303229939795 0
1670562642547 0.000316287827970415 0
1670562643202 0.00031177316862723126 0
1670562643911 0.00037061192492212697 0
1670562644303 0.0003657837467699283 0
1670562645097 0.00036113695218496056 0
1670562645742 0.00035666064758331696 0
1670562646297 0.0004009984459467499 0
1670562647145 0.0003964206257962661 0
1670562647559 0.00039199279690801085 0
1670562648069 0.00038770717027298337 0
1670562648538 0.0003835564898924946 0
1670562649200 0.00037953398946932054 0
1670562649748 0.0003756333529118555 0
1670562650458 0.0004106381701776823 0
1670562650979 0.0004067016466827629 0
1670562651536 0.00040287342565861745 0
1670562652240 0.000399148796874718 0
1670562652839 0.0004283222201129742 0
1670562653329 0.0004246086048561792 0
1670562653887 0.00042098685734521347 0
1670562654628 0.0004174534257548822 0
1670562655347 0.00041400493358647 0
1670562655915 0.0004106381701776824 0
1670562656609 0.0004073500816301474 0
1670562657100 0.00040413776217006127 0
1670562657441 0.0004009984459467499 0
1670562657997 0.0003979294992660424 0
1670562658484 0.0003949284132496791 0
1670562659003 0.0003919927969080108 0
1670562659598 0.00038912037061055897 0
1670562660144 0.00038630895993729266 0
1670562660799 0.00038355648989249453 0
1670562661358 0.00038086097946265395 0
1670562661925 0.0003782205364997881 0
1670562662449 0.00037563335291185545 0
1670562663000 0.00037309770014239336 0
1670562663691 0.00037061192492212697 0
1670562664280 0.00036817444527601054 0
1670562664827 0.0003919927969080108 0
1670562665457 0.0003895269319614067 0
1670562665981 0.00038710611684332247 0
1670562666733 0.0003847290318450489 0
1670562667237 0.00040573462681616694 0
1670562667970 0.0004033461941400627 0
1670562668576 0.0004009984459467499 0
1670562668966 0.00039869027806242264 0
1670562669771 0.0003964206257962661 0
1670562670468 0.0003941884622848367 0
1670562671091 0.00039199279690801085 0
1670562671846 0.0003898326737742728 0
1670562672355 0.00038770717027298337 0
1670562673138 0.0004062710290771675 0
1670562673685 0.0004041377621700613 0
1670562674227 0.000402036938427737 0
1670562674897 0.0003999677712769799 0
1670562675691 0.00039792949926604235 0
1670562676292 0.0003959213851256483 0
1670562676897 0.00039394271486587937 0
1670562677551 0.00039199279690801085 0
1670562678175 0.0003900709612502988 0
1670562678790 0.00038817655866667754 0
1670562679364 0.00038630895993729266 0
1670562679871 0.0003844675551097858 0
1670562680541 0.00038265175279023365 0
1670562681126 0.00038086097946265395 0
1670562681480 0.00037909467883599974 0
1670562682394 0.0003773523112175785 0
1670562682817 0.00037563335291185545 0
1670562683589 0.0003739372956436227 0
1670562684271 0.0003722636460045463 0
1670562685027 0.00037061192492212697 0
1670562685641 0.00036898166715014643 0
1670562686157 0.0003673724207796969 0
1670562686905 0.0003657837467699283 0
1670562687556 0.00036421521849767333 0
1670562688155 0.0003626664213251493 0
1670562688741 0.00036113695218496056 0
1670562689413 0.0003596264191816612 0
1670562689940 0.00037563335291185545 0
1670562690484 0.0003741058849999668 0
1670562690959 0.00037259660651977407 0
1670562691530 0.000371105166692733 0
1670562692187 0.00036963122387705615 0
1670562692725 0.00036817444527601043 0
1670562693291 0.00036673450665683087 0
1670562694003 0.00036531109207984017 0
1670562694516 0.0003798945437952574 0
1670562695105 0.0003784583493831472 0
1670562695727 0.00037703804725047627 0
1670562696362 0.0003756333529118555 0
1670562697053 0.0003742439887456997 0
1670562697824 0.00038770717027298337 0
1670562698287 0.00038630895993729266 0
1670562698907 0.0003849254832908826 0
1670562699609 0.00038355648989249464 0
1670562700047 0.0003822017350099218 0
1670562700779 0.00039470030196017214 0
1670562701579 0.000393339709256819 0
