1670585954666 0.012706204736432108 0
1670585955783 0.0058940739418172836 0
1670585957135 0.005059767145025304 0
1670585958339 0.00415540253473428 0
1670585959518 0.0059912199448600365 0
1670585960937 0.010385290445784283 0
1670585961901 0.011406912420706926 0
1670585963018 0.011785005501101335 0
1670585964001 0.011429802620291196 0
1670585965334 0.011213906576954459 0
1670585966596 0.011684329096832612 0
1670585967746 0.01134636537832441 0
1670585969048 0.011294217611957466 0
1670585970116 0.010887803504521336 0
1670585971426 0.010572541215512411 0
1670585972536 0.010643041530696055 0
1670585973773 0.010358662538433587 0
1670585974902 0.010052517687293948 0
1670585976063 0.00979009375688289 0
1670585977075 0.009667821445866386 0
1670585978222 0.009425231909531352 0
1670585979244 0.009421338784931461 0
1670585980302 0.009265583804543155 0
1670585981392 0.009062956453658018 0
1670585982292 0.008885835384861034 0
1670585983396 0.00879696975190375 0
1670585984582 0.00890615062528595 0
1670585985586 0.00927824800717958 0
1670585986660 0.009401775908130232 0
1670585987705 0.009752548028647293 0
1670585988796 0.009610067907201238 0
1670585989956 0.009557308097584184 0
1670585990890 0.009794091325511019 0
1670585991906 0.009656390708752405 0
1670585993176 0.009523228939556205 0
1670585994152 0.009456552898746425 0
1670585995370 0.00941530447236217 0
1670585996392 0.009946468077915036 0
1670585997648 0.009821518833831831 0
1670585998797 0.009859116991126786 0
1670585999686 0.009782422082674644 0
1670586000869 0.009710263623721828 0
1670586002164 0.009658599273148383 0
1670586003408 0.009798260430836404 0
1670586004366 0.009699517653573499 0
1670586005503 0.009643188729508548 0
1670586006466 0.009843842916529032 0
1670586007785 0.009743048813432138 0
1670586008835 0.009764074676101346 0
1670586009844 0.009673745067205655 0
1670586011101 0.009752769639205495 0
1670586012103 0.009700821630370879 0
1670586013328 0.009875049971709966 0
1670586014398 0.009793475432705999 0
1670586015437 0.009713861169993919 0
1670586016663 0.009628384463903024 0
1670586017945 0.009687623631446471 0
1670586019125 0.01010287627176163 0
1670586020309 0.010019108532233138 0
1670586021576 0.00996183154241917 0
1670586022590 0.009927231182298643 0
1670586023828 0.009928286887929627 0
1670586024999 0.009858172893801781 0
1670586026047 0.010173299507084406 0
1670586027150 0.010095949522904171 0
1670586028297 0.01007967693885247 0
1670586029270 0.010006060726796877 0
1670586030489 0.009939339104001625 0
1670586031464 0.010400610219483956 0
1670586032668 0.010366794001783322 0
1670586033625 0.010363466836999805 0
1670586034779 0.01039702492975568 0
1670586035864 0.010333085868267339 0
1670586037023 0.010340981278257298 0
1670586038140 0.010278396672106623 0
1670586039145 0.010411682384411758 0
1670586040243 0.010563764952202279 0
1670586041417 0.010765681988835332 0
1670586042533 0.010712664531127354 0
1670586043884 0.010656416799011685 0
1670586044896 0.010624157352224599 0
1670586046302 0.010581706166879798 0
1670586047597 0.010696179438767627 0
1670586048690 0.01085399589980341 0
1670586050042 0.010803265303489691 0
1670586051357 0.010900169605028528 0
1670586052530 0.010846961866409523 0
1670586053573 0.01084390483255733 0
1670586054767 0.010783494393403058 0
1670586055940 0.010732096369559366 0
1670586057152 0.010918974462022286 0
1670586058117 0.010864141755709489 0
1670586059218 0.010808977136953862 0
1670586060529 0.010779801366559871 0
1670586061467 0.010836160285776573 0
1670586062783 0.010785724948948944 0
1670586063863 0.010732606081763074 0
1670586065106 0.010870603960529822 0
1670586066432 0.01082527220882118 0
1670586067385 0.010805439335505096 0
1670586068569 0.011134198204256165 0
