1670610630755 0.0 0
1670610632100 0.0 0
1670610633531 0.0 0
1670610635298 0.0 0
1670610636397 0.0 0
1670610637804 0.0 0
1670610639547 0.0 0
1670610641194 0.0 0
1670610642815 0.0 0
1670610644418 0.0 0
1670610646027 0.0 0
1670610647818 0.0 0
1670610648995 0.0 0
1670610650590 0.0 0
1670610652052 0.0 0
1670610653671 0.0 0
1670610655224 0.0 0
1670610656639 0.0 0
1670610658213 0.0 0
1670610659876 0.0 0
1670610661194 0.0 0
1670610662674 0.0 0
1670610664116 0.0 0
1670610665424 0.0 0
1670610666795 0.0 0
1670610668012 0.0 0
1670610669406 0.0 0
1670610670666 0.0 0
1670610672073 0.0 0
1670610673297 0.0 0
1670610674441 0.0 0
1670610675690 0.0 0
1670610676928 0.0 0
1670610678441 0.0 0
1670610679966 0.0 0
1670610681612 0.0 0
1670610682842 0.0 0
1670610684284 0.0 0
1670610685457 0.0 0
1670610687045 0.0 0
1670610688504 0.0 0
1670610690267 0.0 0
1670610692213 0.0 0
1670610693964 0.0 0
1670610695528 0.0 0
1670610696561 0.0 0
1670610698482 0.0 0
1670610700133 0.0 0
1670610701140 0.0 0
1670610702576 0.0 0
1670610703875 0.0 0
1670610705488 0.0 0
1670610707044 0.0 0
1670610708541 0.0 0
1670610709803 0.0 0
1670610711199 0.0 0
1670610712402 0.0 0
1670610714245 0.0 0
1670610715704 0.0 0
1670610717091 0.0 0
1670610718723 0.0 0
1670610719824 0.0 0
1670610721431 0.0 0
1670610722909 0.0 0
1670610724284 0.0 0
1670610726053 0.0 0
1670610727705 0.0 0
1670610729553 0.0 0
1670610731030 0.0 0
1670610732632 0.0 0
1670610734259 0.0 0
1670610735946 0.0 0
1670610737517 0.0 0
1670610739165 0.0 0
1670610740562 0.0 0
1670610742206 0.0 0
1670610743318 0.0 0
1670610745029 0.0 0
1670610746638 0.0 0
1670610748424 0.0 0
1670610749775 0.0 0
1670610751244 0.0 0
1670610753031 0.0 0
1670610754668 0.0 0
1670610755746 0.0 0
1670610757313 0.0 0
1670610758737 0.0 0
1670610760314 0.0 0
1670610762336 0.0 0
1670610763948 0.0 0
1670610766052 0.0 0
1670610768035 0.0 0
1670610769926 0.0 0
1670610771835 0.0 0
1670610773670 0.0 0
1670610774870 0.0 0
1670610776481 0.0 0
1670610778054 0.0 0
1670610779903 0.0 0
1670610781346 0.0 0
1670610782869 0.0 0
1670610784620 0.0 0
