1670588890894 0.04616666666666667 0
1670588892550 0.04933333333333333 0
1670588894709 0.044333333333333336 0
1670588896390 0.050666666666666665 0
1670588898564 0.043666666666666666 0
1670588900199 0.046 0
1670588902117 0.04766666666666667 0
1670588903516 0.043833333333333335 0
1670588905364 0.045 0
1670588906864 0.044333333333333336 0
1670588908688 0.044833333333333336 0
1670588910231 0.05483333333333333 0
1670588912040 0.0455 0
1670588913872 0.04883333333333333 0
1670588915379 0.043666666666666666 0
1670588917177 0.04733333333333333 0
1670588918838 0.05 0
1670588920610 0.04683333333333333 0
1670588922697 0.04133333333333333 0
1670588924722 0.044 0
1670588926423 0.046 0
1670588928271 0.050833333333333335 0
1670588929971 0.0455 0
1670588931753 0.0505 0
1670588933541 0.04683333333333333 0
1670588935477 0.0455 0
1670588937145 0.0435 0
1670588939011 0.04616666666666667 0
1670588940712 0.042333333333333334 0
1670588942526 0.04816666666666667 0
1670588944342 0.0465 0
1670588946131 0.04666666666666667 0
1670588947857 0.04683333333333333 0
1670588949436 0.04633333333333333 0
1670588951085 0.049666666666666665 0
1670588952978 0.05466666666666667 0
1670588954614 0.049833333333333334 0
1670588956238 0.045 0
1670588957911 0.05316666666666667 0
1670588959904 0.04733333333333333 0
1670588961491 0.04616666666666667 0
1670588963235 0.049166666666666664 0
1670588965138 0.052333333333333336 0
1670588967003 0.04516666666666667 0
1670588968705 0.04883333333333333 0
1670588970554 0.04716666666666667 0
1670588972449 0.0505 0
1670588973983 0.04566666666666667 0
1670588976110 0.044333333333333336 0
1670588977970 0.04783333333333333 0
1670588979813 0.0485 0
1670588981844 0.04933333333333333 0
1670588983876 0.042 0
1670588985579 0.04616666666666667 0
1670588987604 0.04466666666666667 0
1670588989570 0.052333333333333336 0
1670588991399 0.04683333333333333 0
1670588993484 0.048666666666666664 0
1670588995402 0.049666666666666665 0
1670588997657 0.048666666666666664 0
1670588999322 0.051333333333333335 0
1670589001448 0.048 0
1670589003435 0.041166666666666664 0
1670589005108 0.04833333333333333 0
1670589007381 0.04716666666666667 0
1670589009379 0.04933333333333333 0
1670589011213 0.04766666666666667 0
1670589013097 0.044333333333333336 0
1670589015399 0.04883333333333333 0
1670589017336 0.04516666666666667 0
1670589019259 0.04816666666666667 0
1670589020924 0.05333333333333334 0
1670589022958 0.0505 0
1670589024795 0.048666666666666664 0
1670589026768 0.049833333333333334 0
1670589028451 0.0445 0
1670589030260 0.041666666666666664 0
1670589032467 0.047 0
1670589034436 0.04716666666666667 0
1670589036763 0.0455 0
1670589038920 0.04733333333333333 0
1670589041227 0.0475 0
1670589043465 0.049833333333333334 0
1670589046071 0.0455 0
1670589048532 0.04466666666666667 0
1670589050972 0.050166666666666665 0
1670589053476 0.048 0
1670589055614 0.043666666666666666 0
1670589057630 0.05416666666666667 0
1670589059769 0.044 0
1670589062068 0.04666666666666667 0
1670589064212 0.050166666666666665 0
1670589066557 0.04933333333333333 0
1670589068441 0.0465 0
1670589070417 0.04933333333333333 0
1670589072397 0.050666666666666665 0
1670589074540 0.04816666666666667 0
1670589076743 0.04566666666666667 0
1670589078579 0.042833333333333334 0
1670589080580 0.051666666666666666 0
1670589082774 0.048666666666666664 0
1670589085083 0.043833333333333335 0
1670589087077 0.04466666666666667 0
1670589089319 0.04583333333333333 0
1670589091343 0.046 0
1670589093528 0.04583333333333333 0
1670589095697 0.050833333333333335 0
1670589097832 0.051333333333333335 0
1670589099963 0.043666666666666666 0
1670589101980 0.051333333333333335 0
1670589104108 0.043833333333333335 0
1670589106068 0.043333333333333335 0
1670589108197 0.04533333333333334 0
1670589110145 0.04816666666666667 0
1670589112449 0.04816666666666667 0
1670589114432 0.04683333333333333 0
1670589116423 0.052333333333333336 0
1670589118407 0.045 0
1670589120623 0.048666666666666664 0
1670589122665 0.050333333333333334 0
1670589124967 0.0515 0
1670589127021 0.04733333333333333 0
1670589128977 0.04816666666666667 0
1670589130843 0.049666666666666665 0
1670589132814 0.048666666666666664 0
1670589134773 0.04633333333333333 0
1670589137018 0.046 0
1670589139004 0.04883333333333333 0
1670589140738 0.043333333333333335 0
1670589142828 0.0455 0
1670589144787 0.049666666666666665 0
1670589146654 0.044833333333333336 0
1670589148813 0.049 0
1670589150740 0.0455 0
1670589152637 0.049166666666666664 0
1670589154362 0.04883333333333333 0
1670589156193 0.04766666666666667 0
1670589158301 0.047 0
1670589160568 0.049666666666666665 0
1670589162396 0.04716666666666667 0
1670589164235 0.04466666666666667 0
1670589166178 0.050666666666666665 0
1670589168275 0.051666666666666666 0
1670589170081 0.04816666666666667 0
1670589172221 0.05416666666666667 0
1670589174265 0.047 0
1670589176575 0.043333333333333335 0
1670589178909 0.04466666666666667 0
1670589180814 0.052 0
1670589182810 0.049666666666666665 0
1670589185124 0.049 0
1670589187234 0.049 0
1670589189621 0.04766666666666667 0
1670589191539 0.0505 0
1670589193535 0.04633333333333333 0
1670589195575 0.048 0
1670589197403 0.04816666666666667 0
1670589199476 0.043833333333333335 0
1670589201359 0.04616666666666667 0
1670589202999 0.043166666666666666 0
1670589204886 0.04016666666666667 0
1670589207147 0.055 0
1670589209350 0.04616666666666667 0
1670589211108 0.050666666666666665 0
1670589212959 0.04883333333333333 0
1670589215236 0.050166666666666665 0
1670589217596 0.049833333333333334 0
1670589219436 0.0465 0
