1670604679599 0.0003333333333333333 0
1670604680013 0.0003333333333333333 0
1670604680654 0.0003333333333333333 0
1670604681127 0.0003333333333333333 0
1670604681875 0.0003333333333333333 0
1670604682289 0.0 0
1670604682633 0.001 0
1670604683312 0.0006666666666666666 0
1670604683676 0.0 0
1670604684443 0.0 0
1670604684792 0.0003333333333333333 0
1670604685340 0.0 0
1670604685898 0.0003333333333333333 0
1670604686293 0.0003333333333333333 0
1670604686995 0.0006666666666666666 0
1670604687500 0.0 0
1670604687941 0.0003333333333333333 0
1670604688544 0.0 0
1670604689153 0.0003333333333333333 0
1670604689805 0.0003333333333333333 0
1670604690144 0.0006666666666666666 0
1670604690721 0.0006666666666666666 0
1670604691226 0.0003333333333333333 0
1670604691819 0.0006666666666666666 0
1670604692362 0.0003333333333333333 0
1670604692836 0.0003333333333333333 0
1670604693427 0.0006666666666666666 0
1670604693994 0.0 0
1670604694558 0.0 0
1670604695268 0.0 0
1670604695739 0.0003333333333333333 0
1670604696132 0.0003333333333333333 0
1670604696800 0.0 0
1670604697406 0.001 0
1670604697779 0.001 0
1670604698436 0.0 0
1670604699003 0.0003333333333333333 0
1670604699336 0.0 0
1670604699944 0.0 0
1670604700406 0.0 0
1670604700878 0.0 0
1670604701388 0.0006666666666666666 0
1670604701889 0.0 0
1670604702464 0.0006666666666666666 0
1670604702959 0.0003333333333333333 0
1670604703455 0.0003333333333333333 0
1670604704019 0.0006666666666666666 0
1670604704582 0.0 0
1670604705023 0.0003333333333333333 0
1670604705500 0.0003333333333333333 0
1670604705917 0.0003333333333333333 0
1670604706357 0.0013333333333333333 0
1670604706933 0.0 0
1670604707526 0.0006666666666666666 0
1670604708118 0.0 0
1670604708536 0.0 0
1670604709133 0.0003333333333333333 0
1670604709651 0.0 0
1670604710265 0.0003333333333333333 0
1670604710649 0.0003333333333333333 0
1670604711247 0.0003333333333333333 0
1670604711585 0.0 0
1670604712013 0.0 0
1670604712518 0.0 0
1670604712915 0.0006666666666666666 0
1670604713716 0.0 0
1670604714220 0.0 0
1670604714678 0.0 0
1670604715295 0.0 0
1670604715723 0.0006666666666666666 0
1670604716429 0.0 0
1670604716798 0.0 0
1670604717520 0.001 0
1670604718213 0.0 0
1670604718905 0.0006666666666666666 0
1670604719505 0.0006666666666666666 0
1670604720222 0.0 0
1670604720966 0.0003333333333333333 0
1670604721339 0.0 0
1670604721951 0.0003333333333333333 0
1670604722374 0.0003333333333333333 0
1670604723220 0.0 0
1670604965551 0.0 0
1670604966165 0.0 0
1670604967263 0.0006666666666666666 0
1670604968058 0.0006666666666666666 0
1670604968555 0.0006666666666666666 0
1670604969059 0.0003333333333333333 0
1670604969457 0.0003333333333333333 0
1670604970003 0.0 0
1670604970535 0.001 0
1670604970817 0.0003333333333333333 0
1670604971551 0.0 0
1670604972161 0.001 0
1670604972736 0.0 0
1670604973098 0.0 0
1670604973671 0.001 0
1670604974067 0.0003333333333333333 0
1670604974805 0.0 0
1670604975523 0.0003333333333333333 0
1670604976089 0.0 0
1670604976629 0.001 0
1670604977330 0.0 0
1670604977671 0.0003333333333333333 0
1670604978303 0.0003333333333333333 0
