1670570908851 0.004235401578810698 0
1670570909321 0.0013521932988493658 0
1670570909997 0.0009186931155186995 0
1670570910578 0.0009067831742110094 0
1670570911224 0.0008078559325623343 0
1670570911797 0.000807271551190378 0
1670570912538 0.0007631791953500897 0
1670570912980 0.0007247071828116957 0
1670570913659 0.000738817435559674 0
1670570914014 0.0007145577319782046 0
1670570914635 0.0006917029031047164 0
1670570915213 0.0007066678089161926 0
1670570915847 0.0006901044531866734 0
1670570916541 0.0006740414272109755 0
1670570917079 0.0006586355372957412 0
1670570917458 0.0006753800809828542 0
1670570917969 0.0006630510676172694 0
1670570918529 0.0006510470546738866 0
1670570919050 0.0006394294107126158 0
1670570919643 0.0006282281532587215 0
1670570920033 0.0009944167562347304 0
1670570920645 0.0010685789579342386 0
1670570921148 0.0010533088985213027 0
1670570921572 0.001038441604740134 0
1670570922010 0.0010253591093173865 0
1670570922541 0.0010766509666614455 0
1670570923288 0.0010647287941202882 0
1670570924008 0.0010529603711839578 0
1670570924347 0.0009979648131713396 0
1670570924946 0.0010410223548785497 0
1670570925685 0.0010321843802353755 0
1670570926332 0.001023366328282563 0
1670570926774 0.0010145987057206707 0
1670570927424 0.0010519595456438238 0
1670570928142 0.0010418805654052957 0
1670570928542 0.0010320103271946163 0
1670570929448 0.001025236633360838 0
1670570929920 0.0010184230274666028 0
1670570930601 0.0010100102629544006 0
1670570931159 0.0010395461856589462 0
1670570931655 0.0010304118756520964 0
1670570932314 0.0010250841239616505 0
1670570932862 0.0010166417982160941 0
1670570933298 0.0010083654853501568 0
1670570934120 0.0010002529545288174 0
1670570934722 0.0009923015917980371 0
1670570935263 0.000984508492072148 0
1670570935912 0.0009812283423262498 0
1670570936354 0.0009778018294086907 0
1670570936881 0.0010008383141176665 0
1670570937626 0.0009975429299087027 0
1670570938350 0.0009941255437242542 0
1670570938919 0.0010715239165039055 0
1670570939401 0.0010635134852043661 0
1670570940132 0.0010600434123116639 0
1670570940751 0.0010564750193561717 0
1670570941325 0.0010492008032544028 0
1670570941866 0.001045820743941803 0
1670570942373 0.0010423609335678428 0
1670570942841 0.0010388328050535346 0
1670570943329 0.0010324541239473785 0
1670570944149 0.0010291064657028176 0
1670570944631 0.0010257027815692619 0
1670570945290 0.0010222514508175023 0
1670570945930 0.0010187600048463562 0
1670570946454 0.0010152352177553322 0
1670570947152 0.0010116831861711846 0
1670570947591 0.001008109399750752 0
1670570948206 0.0010257989812711768 0
1670570948861 0.0010206848034976313 0
1670570949291 0.0010366517195840037 0
1670570949887 0.0010335149652896953 0
1670570950391 0.001030347378249469 0
1670570950982 0.0010271537415349548 0
1670570951623 0.0010223494504014298 0
1670570952356 0.0010192937733967589 0
1670570952969 0.001014696319604456 0
1670570953662 0.0010117696138814487 0
1670570954410 0.0010073655601617675 0
1670570954833 0.0010045596165204006 0
1670570955308 0.0010017317696845527 0
1670570956190 0.0009976439923728602 0
1670570956687 0.000994929448718686 0
1670570957436 0.0009921961535120794 0
1670570958076 0.0009894469564582426 0
1670570958677 0.0009866844806968526 0
1670570959087 0.0009839111413962526 0
1670570959615 0.000981129162661069 0
1670570960114 0.0009778018294086907 0
1670570960856 0.0009744900440119251 0
1670570961589 0.0009719212632141375 0
1670570962017 0.0009687316121875437 0
1670570962673 0.000966256528343884 0
1670570963218 0.0009808924790105779 0
1670570963704 0.0009784685056644987 0
1670570964190 0.0009760335570079908 0
1670570964673 0.0009735893771261853 0
1670570965212 0.0009875022286327437 0
1670570965827 0.0009843278317362713 0
1670570966563 0.0009820239624076638 0
1670570967055 0.0009797098419192544 0
