1670570908245 0.0003333333333333333 0
1670570908850 0.0 0
1670570909320 0.0 0
1670570909996 0.0 0
1670570910577 0.0003333333333333333 0
1670570911223 0.0 0
1670570911796 0.0003333333333333333 0
1670570912536 0.0 0
1670570912979 0.0 0
1670570913658 0.0003333333333333333 0
1670570914013 0.0 0
1670570914634 0.0 0
1670570915212 0.0003333333333333333 0
1670570915846 0.0 0
1670570916535 0.0 0
1670570917078 0.0 0
1670570917457 0.0003333333333333333 0
1670570917968 0.0 0
1670570918527 0.0 0
1670570919048 0.0 0
1670570919641 0.0 0
1670570920032 0.001 0
1670570920644 0.0006666666666666666 0
1670570921146 0.0003333333333333333 0
1670570921571 0.0 0
1670570922008 0.0003333333333333333 0
1670570922539 0.0006666666666666666 0
1670570923287 0.0 0
1670570924006 0.0 0
1670570924346 0.0 0
1670570924945 0.0006666666666666666 0
1670570925684 0.0 0
1670570926331 0.0 0
1670570926773 0.0 0
1670570927423 0.0006666666666666666 0
1670570928141 0.0003333333333333333 0
1670570928538 0.0003333333333333333 0
1670570929446 0.0 0
1670570929919 0.0 0
1670570930598 0.0003333333333333333 0
1670570931157 0.0006666666666666666 0
1670570931654 0.0003333333333333333 0
1670570932313 0.0 0
1670570932861 0.0003333333333333333 0
1670570933297 0.0003333333333333333 0
1670570934119 0.0003333333333333333 0
1670570934721 0.0003333333333333333 0
1670570935262 0.0003333333333333333 0
1670570935911 0.0 0
1670570936353 0.0 0
1670570936880 0.0006666666666666666 0
1670570937625 0.0 0
1670570938333 0.0 0
1670570938918 0.001 0
1670570939400 0.0003333333333333333 0
1670570940131 0.0 0
1670570940750 0.0 0
1670570941324 0.0003333333333333333 0
1670570941864 0.0 0
1670570942372 0.0 0
1670570942840 0.0 0
1670570943328 0.0003333333333333333 0
1670570944148 0.0 0
1670570944629 0.0 0
1670570945289 0.0 0
1670570945928 0.0 0
1670570946453 0.0 0
1670570947151 0.0 0
1670570947590 0.0 0
1670570948194 0.0006666666666666666 0
1670570948860 0.0003333333333333333 0
1670570949290 0.0006666666666666666 0
1670570949883 0.0 0
1670570950390 0.0 0
1670570950981 0.0 0
1670570951622 0.0003333333333333333 0
1670570952353 0.0 0
1670570952961 0.0003333333333333333 0
1670570953661 0.0 0
1670570954409 0.0003333333333333333 0
1670570954832 0.0 0
1670570955306 0.0 0
1670570956188 0.0003333333333333333 0
1670570956686 0.0 0
1670570957435 0.0 0
1670570958075 0.0 0
1670570958676 0.0 0
1670570959085 0.0 0
1670570959614 0.0 0
1670570960112 0.0003333333333333333 0
1670570960855 0.0003333333333333333 0
1670570961588 0.0 0
1670570962015 0.0003333333333333333 0
1670570962672 0.0 0
1670570963216 0.0006666666666666666 0
1670570963692 0.0 0
1670570964189 0.0 0
1670570964672 0.0 0
1670570965211 0.0006666666666666666 0
1670570965825 0.0003333333333333333 0
1670570966562 0.0 0
1670570967054 0.0 0
