1670638846011 0.011435584262788883 0
1670638851565 0.004984808831859857 0
1670638856931 0.004100295238978405 0
1670638862132 0.003199544307655515 0
1670638867510 0.0027646206307680877 0
1670638872499 0.00243790662231662 0
1670638877705 0.002491286236424325 0
1670638883248 0.002319062984997426 0
1670638888768 0.0023175797372206666 0
1670638893970 0.002201835185333314 0
1670638899533 0.002089004321156512 0
1670638905460 0.0022867556286115965 0
1670638911352 0.002210274316777956 0
1670638917370 0.00225609630392586 0
1670638923016 0.0021782277691907437 0
1670638928670 0.002400472903152002 0
1670638934647 0.0024199093138659346 0
1670638940296 0.002348772112009602 0
1670638945753 0.0022816842319582425 0
1670638951342 0.0023806448698142618 0
1670638956753 0.002335738361606397 0
1670638962708 0.0022849461042985606 0
1670638968663 0.0022555852679231464 0
1670638974595 0.0022393213794020903 0
1670638980303 0.002191382097844777 0
1670638985898 0.0021464003068089052 0
1670638991585 0.0021077554212649216 0
1670638997249 0.0021065734766399146 0
1670639002904 0.0019878153608214088 0
1670639008119 0.0019674956805086448 0
1670639013864 0.0019470592373301114 0
1670639019391 0.0019287958843550333 0
1670639024710 0.0019013045429306609 0
1670639030732 0.0018845629823005172 0
1670639036554 0.001862793396438937 0
1670639041838 0.0018384870945895903 0
1670639047521 0.0018416451830869495 0
1670639053564 0.0018268681672392473 0
1670639059040 0.0019221391877991278 0
1670639064620 0.001917315865808506 0
1670639070366 0.0019316037634619098 0
1670639075980 0.001922397512461222 0
1670639081565 0.0019018420897195364 0
1670639087085 0.002052422813860388 0
1670639092659 0.002037656327243424 0
1670639098276 0.0020230963231227337 0
1670639104029 0.0020091456605779807 0
1670639109680 0.0020007310880217916 0
1670639115426 0.002000315851968133 0
1670639121148 0.0020401146466323796 0
1670639126745 0.0020276267307286523 0
1670639132362 0.002008961169610116 0
1670639137959 0.001992719300497884 0
1670639143492 0.0019800887885062686 0
1670639149016 0.001962362472875204 0
1670639154753 0.0019571266489611956 0
1670639160559 0.0019401947275030744 0
1670639166193 0.0019302234586761283 0
1670639171872 0.0019241283644179366 0
1670639177569 0.0019087606310934223 0
1670639182920 0.0019027572094203523 0
1670639188395 0.0018876279745580525 0
1670639193897 0.0019648195993048345 0
1670639199503 0.0019549009699727418 0
1670639205281 0.0019543044940362837 0
1670639210545 0.0019533074029854606 0
1670639216312 0.0019686256546213015 0
1670639221924 0.0019627531270195826 0
1670639227521 0.00198543007132837 0
1670639233072 0.001973687398658888 0
1670639238725 0.0019731599053330277 0
1670639244572 0.0019684709432597532 0
1670639251178 0.001959963984540054 0
1670639257792 0.0019798012207220177 0
1670639264370 0.002006450478707949 0
1670639271002 0.0019934037202523694 0
1670639277692 0.002010074981605846 0
1670639283983 0.0020108754637200646 0
1670639290209 0.0020032843085447264 0
1670639296337 0.0020089586214219147 0
1670639302373 0.0020412755646721124 0
1670639308531 0.002033714539270307 0
1670639313710 0.0020364693918578447 0
1670639319276 0.0020251839579623334 0
1670639324827 0.002018060857880662 0
1670639330581 0.00202625691408056 0
1670639336273 0.0020285325969682765 0
1670639341811 0.002022657044521662 0
1670639347402 0.0020115319395417053 0
1670639353238 0.002037168588505574 0
1670639358830 0.002026775599376339 0
1670639364453 0.0020247686283729254 0
1670639370282 0.002014136901750443 0
1670639375748 0.002003560389898007 0
1670639380784 0.0019932616844500484 0
1670639385900 0.001987430580228393 0
1670639391128 0.0019846085881083265 0
1670639396383 0.0020109388867142683 0
1670639401478 0.002001003246411814 0
1670639406455 0.0019932321651316195 0
1670639410832 0.0019905935190720923 0
1670639415603 0.001989045163037012 0
1670639420932 0.0019956455541708757 0
1670639425637 0.0019861880619660606 0
1670639430791 0.0019789380080454727 0
1670639434866 0.0019720980925786967 0
1670639439154 0.0020026604799031856 0
1670639444086 0.002003916372551575 0
1670639449357 0.0019970913811465573 0
1670639454575 0.001998279703260413 0
1670639459080 0.0019913003967715597 0
1670639464057 0.0019889654525819065 0
1670639469046 0.001982063180611858 0
1670639474303 0.0019913069543645552 0
1670639479523 0.002024200729193055 0
1670639484538 0.002015539513182005 0
1670639489485 0.002026686606429979 0
1670639495048 0.0020394762995569584 0
