1670594102005 0.1895 0
1670594105466 0.1872 0
1670594109390 0.1896 0
1670594112417 0.1893 0
1670594115664 0.1866 0
1670594119330 0.1898 0
1670594122483 0.1891 0
1670594125712 0.1881 0
1670594128921 0.189 0
1670594132134 0.188 0
1670594135600 0.1881 0
1670594139317 0.1869 0
1670594142641 0.1897 0
1670594146486 0.1884 0
1670594150090 0.1872 0
1670594153608 0.1878 0
1670594157147 0.1889 0
1670594161138 0.1885 0
1670594165190 0.189 0
1670594168592 0.1885 0
1670594172074 0.1876 0
1670594175882 0.189 0
1670594179557 0.1873 0
1670594183004 0.1876 0
1670594186990 0.1865 0
1670594191013 0.1864 0
1670594194163 0.187 0
1670594198146 0.1875 0
1670594201812 0.1888 0
1670594205925 0.1872 0
1670594209965 0.1875 0
1670594213237 0.1881 0
1670594216420 0.1889 0
1670594219719 0.1878 0
1670594223693 0.1893 0
1670594227173 0.1878 0
1670594230337 0.1886 0
1670594233403 0.1882 0
1670594236531 0.1881 0
1670594239626 0.1893 0
1670594242990 0.1894 0
1670594245859 0.1884 0
1670594249166 0.1887 0
1670594252597 0.188 0
1670594255451 0.1868 0
1670594258717 0.1903 0
1670594261764 0.1881 0
1670594264996 0.1889 0
1670594268197 0.1891 0
1670594271249 0.1887 0
1670594274648 0.1887 0
1670594277887 0.1872 0
1670594280945 0.1874 0
1670594284430 0.1866 0
1670594287610 0.1903 0
1670594290796 0.1883 0
1670594293543 0.1881 0
1670594296577 0.1891 0
1670594300021 0.1857 0
1670594303116 0.1895 0
1670594306802 0.1881 0
1670594310256 0.1859 0
1670594314589 0.1895 0
1670594318668 0.1868 0
1670594322326 0.1873 0
1670594326167 0.1887 0
1670594329518 0.1868 0
1670594333465 0.1869 0
1670594337345 0.1881 0
1670594341161 0.1879 0
1670594345400 0.1886 0
1670594349260 0.1881 0
1670594352944 0.1886 0
1670594357065 0.1867 0
1670594360891 0.1869 0
1670594364755 0.1877 0
1670594368704 0.1865 0
1670594372150 0.1874 0
1670594375663 0.1888 0
1670594379676 0.1882 0
1670594383811 0.1877 0
1670594387463 0.1878 0
1670594391249 0.1864 0
1670594394800 0.1884 0
1670594398842 0.1885 0
1670594402971 0.1869 0
1670594406764 0.1863 0
1670594410433 0.1903 0
1670594414248 0.1878 0
1670594418662 0.1886 0
1670594422448 0.188 0
1670594426686 0.1884 0
1670594431080 0.1884 0
1670594435484 0.1872 0
1670594439945 0.1881 0
1670594444639 0.1881 0
1670594448957 0.1889 0
1670594452899 0.1891 0
1670594457129 0.1884 0
1670594460782 0.187 0
1670594464924 0.1875 0
1670594469175 0.1875 0
1670594473112 0.1889 0
1670594477503 0.188 0
1670594481426 0.1876 0
1670594485226 0.1894 0
1670594489251 0.19 0
1670594492996 0.1879 0
1670594497210 0.1895 0
1670594501443 0.1887 0
1670594505201 0.1888 0
1670594509355 0.1886 0
1670594513137 0.1884 0
1670594516945 0.1873 0
1670594520201 0.1888 0
1670594524019 0.1883 0
1670594527181 0.1886 0
1670594530590 0.1897 0
1670594534414 0.1872 0
1670594538337 0.1901 0
1670594542195 0.1877 0
1670594545968 0.1888 0
1670594549418 0.1876 0
1670594553006 0.1882 0
1670594556390 0.188 0
1670594560014 0.1866 0
1670594563961 0.188 0
1670594567226 0.186 0
1670594570854 0.1856 0
1670594574561 0.1867 0
1670594578831 0.1892 0
