1670616954539 0.0027 0
1670616962345 0.0033 0
1670616970556 0.0026 0
1670616978803 0.0019 0
1670616987321 0.0032 0
1670616995760 0.0029 0
1670617004167 0.0032 0
1670617012387 0.0024 0
1670617020204 0.0031 0
1670617028593 0.0025 0
1670617036981 0.0022 0
1670617045326 0.0021 0
1670617053864 0.002 0
1670617062617 0.0024 0
1670617071391 0.0033 0
1670617080407 0.0012 0
1670617088758 0.0024 0
1670617096919 0.0017 0
1670617104873 0.0022 0
1670617113297 0.0023 0
1670617121748 0.002 0
1670617130357 0.0021 0
1670617137937 0.003 0
1670617146176 0.0022 0
1670617154881 0.0024 0
1670617163335 0.0028 0
1670617171728 0.0035 0
1670617179874 0.003 0
1670617187424 0.0018 0
1670617194819 0.0027 0
1670617200636 0.0022 0
1670617206630 0.0028 0
1670617212615 0.0024 0
1670617218397 0.0023 0
1670617224347 0.003 0
1670617230246 0.0027 0
1670617236219 0.0028 0
1670617242838 0.0026 0
1670617249343 0.0023 0
1670617255833 0.0029 0
1670617262306 0.0026 0
1670617268988 0.0026 0
1670617275662 0.0015 0
1670617282369 0.0025 0
