1670617237327 0.2160054805193451 0
1670617238733 0.0710770217462928 0
1670617240066 0.04706901561873067 0
1670617241397 0.04056271324491756 0
1670617242761 0.03470021006200119 0
1670617244206 0.03058589873605433 0
1670617245635 0.028056222173831302 0
1670617246890 0.033426559614871065 0
1670617248328 0.031135698750509255 0
1670617249736 0.029642767344645216 0
1670617251161 0.03100221169877837 0
1670617252631 0.029485920737663873 0
1670617254004 0.028174898866566545 0
1670617255391 0.028125221594350935 0
1670617256828 0.02780871812061292 0
1670617258300 0.029044912925066058 0
1670617259712 0.029182722249229465 0
1670617261187 0.028350320515982408 0
1670617262605 0.027614524555817033 0
1670617263978 0.026886892816296304 0
1670617265420 0.026317416007504923 0
1670617266909 0.02682084952695407 0
1670617268463 0.027272882808012766 0
1670617269993 0.027176054225094726 0
1670617271587 0.02732204993664311 0
1670617273167 0.026780705396589832 0
1670617274757 0.026490279417008766 0
1670617276358 0.02909312546886711 0
1670617277884 0.027456083057727065 0
1670617279441 0.027175845255477227 0
1670617280994 0.027154005413474458 0
1670617282709 0.0288251113469018 0
1670617284437 0.028473674660544068 0
