1670594139618 0.1043 0
1670594142930 0.1043 0
1670594146806 0.1053 0
1670594150415 0.1053 0
1670594154147 0.1062 0
1670594157768 0.1049 0
1670594161990 0.1045 0
1670594165593 0.1056 0
1670594169086 0.1056 0
1670594172719 0.105 0
1670594176404 0.1041 0
1670594180377 0.1052 0
1670594184138 0.1053 0
1670594188233 0.1047 0
1670594191911 0.1049 0
1670594195446 0.105 0
1670594199217 0.1065 0
1670594202809 0.1049 0
1670594207131 0.1048 0
1670594211175 0.1046 0
1670594214501 0.1053 0
1670594217571 0.1056 0
1670594221305 0.1054 0
1670594224974 0.1059 0
1670594228415 0.105 0
1670594231475 0.1062 0
1670594234829 0.1055 0
1670594237799 0.1051 0
1670594241120 0.1051 0
1670594244243 0.1042 0
1670594247463 0.104 0
1670594250860 0.104 0
1670594253895 0.1056 0
1670594257046 0.1053 0
1670594260105 0.1059 0
1670594263414 0.1064 0
1670594266944 0.1055 0
1670594269911 0.1053 0
1670594273436 0.1057 0
1670594276641 0.1057 0
1670594279682 0.1054 0
1670594283412 0.1043 0
1670594286193 0.1058 0
1670594289709 0.1048 0
1670594292723 0.1049 0
1670594295736 0.1049 0
1670594299129 0.1063 0
1670594302164 0.1056 0
1670594305811 0.1054 0
1670594309514 0.1051 0
1670594313449 0.1049 0
1670594317489 0.1046 0
1670594321008 0.1048 0
1670594325024 0.1043 0
1670594328507 0.1055 0
1670594331903 0.1056 0
1670594335876 0.105 0
1670594339898 0.1044 0
1670594344124 0.1055 0
1670594348299 0.1052 0
1670594351916 0.104 0
1670594355867 0.1046 0
1670594360129 0.1051 0
1670594364168 0.1053 0
1670594368007 0.1062 0
1670594371724 0.104 0
1670594375075 0.1053 0
1670594379183 0.1063 0
1670594383114 0.1043 0
1670594386742 0.1049 0
1670594390807 0.1048 0
1670594394329 0.105 0
1670594398151 0.1051 0
1670594402166 0.1041 0
1670594406183 0.1051 0
1670594409903 0.1046 0
1670594413561 0.1055 0
1670594417825 0.1045 0
1670594421811 0.1044 0
1670594425872 0.1047 0
1670594430636 0.1055 0
1670594434866 0.1046 0
1670594439425 0.1061 0
1670594443960 0.1045 0
1670594448382 0.1062 0
1670594452674 0.1045 0
1670594456875 0.1047 0
1670594460553 0.1033 0
1670594464712 0.1046 0
1670594469346 0.1049 0
1670594473268 0.1053 0
1670594477493 0.1038 0
1670594481501 0.1045 0
1670594485597 0.1054 0
1670594489471 0.1058 0
1670594493348 0.1048 0
1670594497271 0.1045 0
1670594501655 0.1043 0
1670594505551 0.1043 0
1670594509535 0.1055 0
1670594513276 0.1053 0
1670594517232 0.1041 0
