1670601198466 0.033883212630485326 0
1670601199272 0.013317559520908961 0
1670601200043 0.00861810533494034 0
1670601200738 0.006724884004707499 0
1670601201453 0.012824315356368632 0
1670601202123 0.011530144010449717 0
1670601202825 0.010454905046805574 0
1670601203623 0.00995721765516655 0
1670601204411 0.009515412146199997 0
1670601205090 0.008941154100590154 0
1670601205760 0.008474242791216002 0
1670601206490 0.00806499633159452 0
1670601207208 0.009885075501529728 0
1670601207922 0.009562840262269612 0
1670601208737 0.009344525218366262 0
1670601209713 0.009093912669966175 0
1670601210449 0.008798101655635548 0
1670601211356 0.009268373798010154 0
1670601212051 0.01281520341102138 0
1670601212972 0.012472082588397382 0
1670601213795 0.012191941557737507 0
1670601214623 0.011961283007142831 0
1670601215477 0.011774108163754793 0
1670601216223 0.011520293206936816 0
1670601216937 0.012016266917362017 0
1670601217873 0.01216144400117869 0
1670601218679 0.011921759872229876 0
1670601219538 0.01223501891915224 0
1670601220275 0.011512717312715859 0
1670601221301 0.011441312320810582 0
1670601222262 0.011322853917667186 0
1670601222949 0.011709616260326072 0
1670601223648 0.011578541781480323 0
1670601224552 0.011495424729226933 0
1670601225378 0.01133603791836646 0
1670601226097 0.011181874826305616 0
1670601226878 0.011087017311147918 0
1670601227973 0.010951340802062393 0
1670601228649 0.01084277238825726 0
1670601229589 0.010753338260010126 0
1670601230428 0.010684692727170875 0
1670601231109 0.010582806963364777 0
1670601231913 0.01049906140906065 0
1670601232825 0.01038208292516929 0
1670601233602 0.010291219814203667 0
1670601234416 0.010337527396472646 0
1670601235198 0.010232145247861868 0
1670601235879 0.010129918605775834 0
1670601236809 0.010036512683883614 0
1670601237597 0.010142654653846783 0
1670601238330 0.010044656308562105 0
1670601238982 0.010140468953130477 0
1670601239868 0.010051202830540729 0
1670601240640 0.009959484661099083 0
1670601241341 0.00992863755934248 0
1670601242258 0.009847795038103402 0
1670601243047 0.010234901911974736 0
1670601243800 0.010254755572510876 0
1670601244551 0.010532036048986781 0
1670601245473 0.010511882226088565 0
1670601246246 0.010431959929987356 0
1670601247167 0.010348836759427105 0
1670601247990 0.01029999377182722 0
1670601248862 0.010300173119807021 0
1670601249610 0.01022601965048242 0
1670601250311 0.010794353638937104 0
1670601251018 0.010731793686569069 0
1670601251851 0.010697728147545438 0
1670601252533 0.011069554873611831 0
1670601253266 0.011032323193455706 0
1670601254028 0.011043165176436442 0
1670601254915 0.010968407290701365 0
1670601255563 0.011192813455175421 0
1670601256490 0.011125845466030793 0
1670601257280 0.011085630867402996 0
1670601258124 0.011139906990342618 0
1670601258892 0.011076088359275538 0
1670601259578 0.011070835055305484 0
1670601260297 0.011080479476493266 0
1670601261177 0.011045704095774322 0
1670601261889 0.011052319633026997 0
1670601262859 0.010985572849437353 0
1670601263602 0.010955195580652721 0
1670601264498 0.010890575509907574 0
1670601265378 0.010842425780911769 0
1670601266122 0.010853695548837083 0
1670601266958 0.010863047696687 0
1670601267946 0.010994107664236141 0
1670601268800 0.010933275018806587 0
1670601269623 0.010875469713289565 0
1670601270388 0.010840278843186058 0
1670601271096 0.01081989883140777 0
1670601271869 0.010839751764951666 0
1670601272776 0.010909550970024884 0
1670601273716 0.010895891670196 0
1670601274501 0.01084207166448925 0
1670601275307 0.010817868407807185 0
1670601276008 0.0110224826030616 0
1670601276768 0.01097411821570593 0
1670601277779 0.010932156795407377 0
1670601278552 0.010890617700894056 0
