1670650816509 0.08521852185474103 0
1670650883851 0.08938189178671599 0
1670650906569 0.08627066610521084 0
1670650929222 0.09410276942385118 0
1670650956398 0.08758895146389167 0
1670651016737 0.08986066229959548 0
1670651055508 0.08805981856492254 0
1670651113403 0.08868745620575821 0
1670651171985 0.09076750554765436 0
1670651215725 0.09020344139161643 0
1670651238293 0.09076531926021303 0
1670651260903 0.09063280779348577 0
1670651290793 0.08631695062213438 0
1670651321100 0.08849825489267332 0
1670651343963 0.08920394867505392 0
1670651413163 0.09007458453841055 0
1670651462791 0.08728238589591435 0
1670651485324 0.08776273461178641 0
1670651507881 0.08733368955649576 0
1670651530775 0.0892909299344892 0
1670651560661 0.09105325472278888 0
1670651597637 0.08931356162928988 0
1670651620165 0.08955392803304502 0
1670651642772 0.0903851647465098 0
1670651680086 0.08802011572698008 0
1670651704154 0.09056190573013395 0
1670651749664 0.0876170745785639 0
1670651815948 0.0898155330390313 0
1670651838575 0.08922739119975645 0
1670651872617 0.09079586625754343 0
