1670619850796 0.0 0
1670619854568 0.0 0
1670619858590 0.0 0
1670619862602 0.0 0
1670619866579 0.0 0
1670619870735 0.00014285714285714287 0
1670619874989 0.0 0
1670619879070 0.0 0
1670619883115 0.0 0
1670619887493 0.0 0
1670619891983 0.0 0
1670619896676 0.00014285714285714287 0
1670619901358 0.00028571428571428574 0
1670619905703 0.0 0
1670619910401 0.0 0
1670619915089 0.0 0
1670619919681 0.0 0
1670619924273 0.0 0
1670619928865 0.0 0
1670619933455 0.0 0
1670619938149 0.0 0
1670619942725 0.0 0
1670619947321 0.0 0
1670619951880 0.0 0
1670619956461 0.00014285714285714287 0
1670619961039 0.00014285714285714287 0
1670619965630 0.0 0
1670619970196 0.0 0
1670619974845 0.0 0
1670619979511 0.0 0
1670619983899 0.0 0
1670619988240 0.0 0
1670619992913 0.0 0
1670619997153 0.00014285714285714287 0
1670620001167 0.0 0
1670620005175 0.0 0
1670620009673 0.00028571428571428574 0
1670620013533 0.0 0
1670620018063 0.0 0
1670620022642 0.0 0
1670620027477 0.00028571428571428574 0
1670620032231 0.0 0
1670620036899 0.00014285714285714287 0
1670620041676 0.0 0
1670620046386 0.0 0
1670620051103 0.00028571428571428574 0
1670620055807 0.0 0
1670620060463 0.0 0
1670620065110 0.00014285714285714287 0
1670620070191 0.0 0
1670620075020 0.00014285714285714287 0
1670620079475 0.0 0
1670620084104 0.0 0
1670620088974 0.0 0
1670620093647 0.0 0
1670620098652 0.00014285714285714287 0
1670620103300 0.00014285714285714287 0
1670620107704 0.0 0
1670620112115 0.0 0
1670620116242 0.00028571428571428574 0
1670620120616 0.00014285714285714287 0
1670620125120 0.0 0
1670620129645 0.00014285714285714287 0
1670620134054 0.0 0
1670620138472 0.00014285714285714287 0
1670620142943 0.0 0
1670620147488 0.0 0
1670620151921 0.0 0
1670620156548 0.0 0
1670620160998 0.00014285714285714287 0
1670620165447 0.0 0
1670620169999 0.0 0
1670620174553 0.00028571428571428574 0
1670620178980 0.0 0
1670620183471 0.0 0
1670620187687 0.0 0
1670620191920 0.00014285714285714287 0
1670620196153 0.0 0
1670620200352 0.0 0
1670620204833 0.0 0
1670620209189 0.0 0
1670620213344 0.0 0
1670620217423 0.0 0
1670620221977 0.0 0
1670620226120 0.0 0
1670620230246 0.0 0
1670620234433 0.0 0
1670620238964 0.00014285714285714287 0
1670620243306 0.00014285714285714287 0
1670620247709 0.0 0
1670620252037 0.0 0
1670620256354 0.0 0
1670620260679 0.0 0
1670620265325 0.00014285714285714287 0
1670620269797 0.0 0
1670620274316 0.0 0
1670620278536 0.0 0
1670620282735 0.0 0
1670620286867 0.0 0
1670620291036 0.0 0
1670620295862 0.00014285714285714287 0
1670620301017 0.0 0
