1670612451297 0.012706204736432108 0
1670612454145 0.009591045206601173 0
1670612457643 0.006892035507701788 0
1670612460815 0.005406587743197605 0
1670612464045 0.005724957576656697 0
1670612466611 0.0050452857380462734 0
1670612469316 0.005128768611677409 0
1670612472057 0.004768220808692575 0
1670612474891 0.0044824973826686765 0
1670612477690 0.00421087015377819 0
1670612480090 0.004253181961705349 0
1670612482841 0.004047763353633882 0
1670612486007 0.003909793463749284 0
1670612488992 0.0037769904006043076 0
1670612491624 0.0036569076484704865 0
1670612493897 0.0035325201500106818 0
