1670571453307 0.25233333333333335 0
1670571454014 0.25633333333333336 0
1670571454618 0.25566666666666665 0
1670571455564 0.27066666666666667 0
1670571456282 0.263 0
1670571457167 0.267 0
1670571457893 0.263 0
1670571458742 0.269 0
1670571459241 0.26066666666666666 0
1670571460073 0.26066666666666666 0
1670571460851 0.266 0
1670571462472 0.264 0
1670571463454 0.27066666666666667 0
1670571464119 0.2683333333333333 0
1670571464679 0.264 0
1670571465365 0.26866666666666666 0
1670571465947 0.266 0
1670571466873 0.26866666666666666 0
1670571467676 0.258 0
1670571468404 0.26166666666666666 0
1670571469041 0.267 0
1670571469899 0.2653333333333333 0
1670571470461 0.262 0
1670571471028 0.2683333333333333 0
1670571471640 0.26766666666666666 0
1670571472354 0.2663333333333333 0
1670571473005 0.26366666666666666 0
1670571473476 0.269 0
1670571474414 0.27066666666666667 0
1670571475238 0.273 0
1670571476917 0.26 0
1670571478118 0.25466666666666665 0
1670571478825 0.27466666666666667 0
1670571479485 0.25233333333333335 0
1670571480553 0.25533333333333336 0
1670571481533 0.26266666666666666 0
1670571482353 0.26466666666666666 0
1670571483144 0.26466666666666666 0
1670571484056 0.267 0
1670571484785 0.26 0
1670571486108 0.26366666666666666 0
1670571486976 0.268 0
1670571487870 0.25 0
1670571488625 0.262 0
1670571489226 0.26166666666666666 0
1670571489986 0.2673333333333333 0
1670571490653 0.261 0
1670571491349 0.2643333333333333 0
1670571492085 0.25966666666666666 0
1670571492846 0.262 0
1670571493411 0.26166666666666666 0
1670571494060 0.266 0
1670571495075 0.266 0
1670571495778 0.272 0
1670571496808 0.253 0
1670571497759 0.268 0
1670571498512 0.26366666666666666 0
1670571499351 0.25366666666666665 0
1670571500006 0.262 0
1670571500621 0.26 0
1670571501605 0.272 0
1670571502542 0.25733333333333336 0
1670571503338 0.264 0
1670571504258 0.2693333333333333 0
1670571505089 0.266 0
1670571505893 0.25566666666666665 0
1670571506798 0.2633333333333333 0
1670571507609 0.25566666666666665 0
1670571508528 0.266 0
1670571509227 0.2613333333333333 0
1670571510061 0.2613333333333333 0
1670571511299 0.262 0
1670571512194 0.263 0
1670571513185 0.26033333333333336 0
1670571514470 0.265 0
1670571515353 0.2673333333333333 0
1670571516346 0.261 0
1670571516916 0.263 0
1670571517780 0.263 0
1670571518370 0.26366666666666666 0
1670571518914 0.26033333333333336 0
1670571519791 0.26866666666666666 0
1670571520407 0.2693333333333333 0
1670571521036 0.257 0
1670571521581 0.27 0
1670571522489 0.26266666666666666 0
1670571523255 0.26766666666666666 0
1670571523911 0.2703333333333333 0
1670571524730 0.26 0
1670571525562 0.2623333333333333 0
1670571526230 0.26966666666666667 0
1670571527510 0.27066666666666667 0
1670571528388 0.2673333333333333 0
1670571529378 0.2693333333333333 0
1670571530359 0.25733333333333336 0
1670571531503 0.25366666666666665 0
1670571532619 0.26866666666666666 0
1670571533510 0.26166666666666666 0
1670571534396 0.26766666666666666 0
1670571535556 0.27166666666666667 0
1670571536580 0.247 0
1670571537426 0.265 0
1670571538313 0.26166666666666666 0
1670571539463 0.2663333333333333 0
1670571540287 0.276 0
1670571541376 0.259 0
1670571542453 0.274 0
1670571543667 0.2653333333333333 0
