1670590122645 0.010164963789145998 0
1670590126269 0.005975715337251386 0
1670590129621 0.004038071671291776 0
1670590133098 0.003920198910878359 0
1670590137194 0.004700253415746092 0
1670590141088 0.0053206483443069 0
1670590144127 0.004822906079286482 0
1670590147791 0.004472095154531286 0
1670590151282 0.004207612322698284 0
1670590154893 0.003951492259306022 0
1670590159023 0.0038590536733684733 0
1670590162841 0.003915698554170843 0
1670590166827 0.003931173218289619 0
1670590170855 0.0037834804513280362 0
1670590175332 0.004053170727107647 0
1670590178917 0.003959269263153042 0
1670590182938 0.0038857847455731065 0
1670590186873 0.003975161805078287 0
1670590190690 0.003878537916341296 0
1670590194771 0.0037885855984924888 0
1670590199504 0.003828321681338065 0
1670590203992 0.003741195230276051 0
1670590207942 0.0036734046711665025 0
1670590211710 0.0036096494284820757 0
1670590215637 0.003583546654048364 0
1670590219401 0.003514436798367493 0
1670590222674 0.0034601349361583766 0
1670590226684 0.003401163055538947 0
1670590229962 0.003305470204838179 0
1670590233768 0.003251837150791359 0
1670590237352 0.00320202180295881 0
1670590241114 0.00315818083609376 0
1670590244362 0.003366861966989654 0
1670590248032 0.0033236415362265515 0
1670590251487 0.0033370589285228736 0
1670590255375 0.003386199596158601 0
1670590259001 0.003371434124640249 0
1670590262601 0.0033421674609336316 0
1670590265828 0.003382911463921223 0
1670590269321 0.0034447550187231 0
1670590272410 0.003403623824050017 0
1670590275787 0.003365018442744505 0
1670590279083 0.0033297346335383615 0
1670590282657 0.003292693404016611 0
1670590286493 0.003312134254398136 0
1670590290025 0.0032801984429767783 0
1670590293593 0.003265463128426016 0
1670590296786 0.0032426750624000578 0
1670590299935 0.0032353063216065125 0
1670590303074 0.0032140354597405274 0
1670590306975 0.003195715542981703 0
1670590310578 0.0031668916092892907 0
1670590314139 0.0031437630692506824 0
1670590317485 0.0031650929620272716 0
1670590321264 0.0031376840470972445 0
1670590324525 0.003133785009226453 0
1670590328027 0.0031292130729988488 0
1670590331081 0.00310575859697082 0
1670590334574 0.003082811450530465 0
1670590337731 0.0030812651456776363 0
1670590341136 0.003056439146108203 0
1670590344783 0.0030438256704347078 0
1670590348565 0.0030226676391656992 0
1670590352124 0.0030161492650162547 0
1670590356354 0.0030276374475378676 0
1670590360337 0.0030643945763004776 0
1670590363611 0.0030742725595415132 0
1670590367198 0.003055847895790831 0
1670590370642 0.0031566784355537836 0
1670590374364 0.0031960585579826617 0
1670590377977 0.003218560851240615 0
1670590381933 0.0032198174477025 0
1670590385271 0.003256826061904361 0
1670590388581 0.0033098927211393514 0
1670590392003 0.0034114977186834317 0
1670590395439 0.003393707331412532 0
1670590399408 0.003382746801700587 0
1670590402800 0.0033656913010516876 0
1670590406276 0.0033448121969580358 0
1670590409999 0.003403407701088934 0
1670590413475 0.0033972738961532967 0
1670590416949 0.0033805650567335643 0
1670590420946 0.0033807277257345003 0
1670590424013 0.0033691281244533355 0
1670590427820 0.003372985913769444 0
1670590431287 0.0033542545144868985 0
1670590434585 0.0033356259584325088 0
1670590437705 0.003331850713395923 0
1670590441090 0.0033148030271862305 0
1670590444527 0.003350016098501385 0
1670590447721 0.003336618543696379 0
1670590450990 0.003332018086844468 0
1670590454394 0.0033146601934436193 0
1670590458668 0.0033067482176706298 0
1670590461746 0.003294974400506523 0
1670590465361 0.0032857859941083367 0
1670590469175 0.003272174582327425 0
1670590472504 0.0032569286681174425 0
1670590475676 0.0032761687682999474 0
1670590479147 0.0032705128333860856 0
1670590482529 0.0032665885558306185 0
1670590485693 0.003259460014552351 0
1670590489036 0.0032440527388909457 0
1670590492575 0.0032461246706916302 0
1670590496208 0.003230788087726144 0
1670590499892 0.0032188039131850754 0
1670590503767 0.00322466189774806 0
1670590507505 0.0032249768583093585 0
1670590510979 0.0033250255157190045 0
1670590514477 0.0033107909386448364 0
1670590518003 0.0032962185444932457 0
1670590521433 0.0032824821100331247 0
1670590525313 0.0032712363313119885 0
1670590528779 0.003262241662313481 0
1670590531692 0.0032483699418408563 0
1670590534877 0.003254662657188767 0
1670590538080 0.003256755180228943 0
1670590541670 0.0032879046606866247 0
1670590545040 0.003279020657322773 0
1670590548145 0.0032778897340532964 0
1670590551482 0.003296482420157343 0
1670590554715 0.003284904356926188 0
1670590558213 0.00336047610516943 0
