1670582748118 0.0555 0
1670582749616 0.059666666666666666 0
1670582751100 0.0555 0
1670582752589 0.061 0
1670582754167 0.0575 0
1670582755706 0.058666666666666666 0
1670582757054 0.058333333333333334 0
1670582758368 0.05683333333333333 0
1670582760346 0.059833333333333336 0
1670582762397 0.059666666666666666 0
1670582763875 0.0625 0
1670582765538 0.057 0
1670582767016 0.0625 0
1670582768711 0.06266666666666666 0
1670582770067 0.057166666666666664 0
1670582771693 0.05416666666666667 0
1670582773223 0.06133333333333333 0
1670582774793 0.066 0
1670582776692 0.0585 0
1670582778451 0.06133333333333333 0
1670582779833 0.05633333333333333 0
1670582781323 0.057 0
1670582783076 0.058333333333333334 0
1670582784687 0.055 0
1670582786331 0.059833333333333336 0
1670582787971 0.059666666666666666 0
1670582789482 0.06216666666666667 0
1670582791038 0.06183333333333333 0
1670582792704 0.060833333333333336 0
1670582794411 0.0635 0
1670582795951 0.06116666666666667 0
1670582797457 0.06133333333333333 0
1670582799263 0.059333333333333335 0
1670582800860 0.06 0
1670582802859 0.06133333333333333 0
1670582804428 0.0585 0
1670582805920 0.054 0
1670582807620 0.05433333333333333 0
1670582809128 0.06183333333333333 0
1670582810737 0.059833333333333336 0
1670582812152 0.060833333333333336 0
1670582813794 0.059166666666666666 0
1670582815250 0.060833333333333336 0
1670582816802 0.058666666666666666 0
1670582818485 0.057666666666666665 0
1670582820035 0.06016666666666667 0
1670582821767 0.058 0
1670582823643 0.056666666666666664 0
1670582825150 0.0585 0
1670582826740 0.060833333333333336 0
1670582828305 0.059333333333333335 0
1670582829719 0.060833333333333336 0
1670582831123 0.06166666666666667 0
1670582832410 0.055 0
1670582833809 0.06466666666666666 0
1670582835231 0.056666666666666664 0
1670582836751 0.066 0
1670582838145 0.05683333333333333 0
1670582839421 0.059166666666666666 0
1670582840894 0.0625 0
1670582842373 0.06183333333333333 0
1670582843770 0.057666666666666665 0
1670582845281 0.059166666666666666 0
1670582846677 0.058666666666666666 0
1670582848241 0.05733333333333333 0
1670582849611 0.0585 0
1670582851211 0.05516666666666667 0
1670582852699 0.06133333333333333 0
1670582854118 0.059833333333333336 0
1670582855787 0.0545 0
1670582857588 0.06116666666666667 0
1670582859143 0.058333333333333334 0
1670582860833 0.05616666666666666 0
1670582862225 0.056 0
1670582863515 0.059833333333333336 0
1670582865012 0.05616666666666666 0
1670582866633 0.059666666666666666 0
1670582868154 0.056666666666666664 0
1670582869767 0.059166666666666666 0
1670582871457 0.06133333333333333 0
1670582872809 0.062 0
1670582874399 0.05616666666666666 0
1670582875912 0.059833333333333336 0
1670582877368 0.0575 0
1670582878700 0.06016666666666667 0
1670582880287 0.06133333333333333 0
1670582881932 0.057166666666666664 0
1670582883272 0.0535 0
1670582884667 0.058 0
1670582886208 0.060333333333333336 0
1670582887618 0.0625 0
1670582889229 0.05683333333333333 0
1670582890720 0.05616666666666666 0
1670582892445 0.06516666666666666 0
1670582893812 0.06283333333333334 0
1670582895215 0.061 0
1670582896851 0.060333333333333336 0
1670582898487 0.057833333333333334 0
1670582899923 0.059833333333333336 0
1670582901262 0.05733333333333333 0
1670582902721 0.05466666666666667 0
1670582904630 0.0595 0
1670582906764 0.059333333333333335 0
1670582908485 0.058333333333333334 0
1670582910285 0.059333333333333335 0
1670582911742 0.059166666666666666 0
1670582913292 0.06016666666666667 0
1670582915080 0.063 0
1670582916725 0.055 0
1670582918344 0.058333333333333334 0
1670582920452 0.0605 0
1670582922207 0.0585 0
1670582923856 0.058 0
1670582925558 0.06116666666666667 0
1670582927554 0.057666666666666665 0
1670582929180 0.06183333333333333 0
1670582930895 0.05566666666666667 0
1670582932525 0.059333333333333335 0
1670582934397 0.059666666666666666 0
1670582936126 0.0595 0
1670582938013 0.06116666666666667 0
1670582939679 0.06383333333333334 0
1670582941656 0.060833333333333336 0
1670582943428 0.06133333333333333 0
1670582945290 0.05733333333333333 0
1670582947208 0.0545 0
1670582948816 0.057833333333333334 0
1670582950386 0.056666666666666664 0
1670582952095 0.058 0
1670582953987 0.052333333333333336 0
1670582955443 0.057666666666666665 0
1670582957278 0.056 0
1670582959046 0.058666666666666666 0
1670582960647 0.05533333333333333 0
1670582962054 0.06333333333333334 0
1670582963618 0.06833333333333333 0
1670582965433 0.0595 0
