1670636902188 nan 0
1670636903881 nan 0
1670636905631 nan 0
1670636907396 0.0007403853613860796 0
1670636909212 0.001308876205151739 0
1670636911125 0.001188271549050493 0
1670636913035 0.001717859691599908 0
1670636914893 0.001791524104251819 0
1670636916729 0.0017907752003353094 0
1670636918537 0.0017081196885628956 0
1670636920316 0.0016359541386762764 0
1670636921978 0.0015722366206090427 0
1670636923996 0.0015154389310534048 0
1670636926015 0.0014643928131536266 0
1670636928070 0.001496659425404295 0
1670636929914 0.0014589877259065266 0
1670636931537 0.0014238025693402326 0
1670636933310 0.0014520478896135139 0
1670636935073 0.001470091782242498 0
1670636936732 0.001480747957671812 0
1670636938613 0.0014439375545064626 0
1670636940397 0.0014250537142985222 0
1670636942338 0.0013933966996093677 0
1670636944034 0.001363770419371052 0
1670636945469 0.0013740408780938762 0
1670636947148 0.0013466508431621265 0
1670636948861 0.0013538570297387204 0
1670636950611 0.0014064019230712117 0
1670636952380 0.0013239499357065843 0
1670636954066 0.0013315589829343128 0
1670636955918 0.001324386434093158 0
1670636957321 0.0013310124378598123 0
1670636959020 0.001311719206413444 0
1670636960851 0.0013061092239408426 0
1670636962386 0.0013000727618856715 0
1670636964127 0.0012936934097933785 0
1670636965876 0.0012773584301647382 0
1670636967625 0.0012713744252401261 0
1670636969370 0.00126515131188166 0
1670636970942 0.0012506429395619462 0
1670636972625 0.0012602648748334582 0
1670636974351 0.0012550987290597185 0
1670636976096 0.0012497220601419498 0
1670636977833 0.0012809015056712576 0
1670636979582 0.0013081855104296227 0
1670636981303 0.0013004169837822867 0
1670636982906 0.0013108891500258199 0
1670636984637 0.0013199084041425504 0
1670636986338 0.0013076875526936405 0
1670636987996 0.0013154046077655179 0
1670636989595 0.001322015451743465 0
1670636991229 0.0013989716002588384 0
1670636993076 0.0014185767518978675 0
1670636994933 0.0014066955006172839 0
1670636996867 0.0013951047841796382 0
1670636998669 0.0013879640151943386 0
1670637000405 0.0013940280790458134 0
1670637002027 0.001411827607277689 0
1670637003658 0.001417371047739585 0
1670637005347 0.0014221578075166942 0
1670637007042 0.0014262573039100514 0
1670637008788 0.001415520047856524 0
1670637010594 0.0014050206422252043 0
1670637012288 0.0013947504759768447 0
1670637013862 0.001384701365909385 0
1670637015617 0.001374865529879861 0
1670637017241 0.0013652355620320544 0
1670637018798 0.0013558044098562051 0
1670637020252 0.0013465653529240382 0
1670637021972 0.0013503644896627398 0
1670637023697 0.0013536858715430767 0
1670637025460 0.0013565668103955155 0
1670637027258 0.0013476374681041395 0
1670637029097 0.0013662592851842246 0
1670637030895 0.001357567612888301 0
1670637032792 0.0013490394375418268 0
1670637034437 0.0013406697066642827 0
1670637036261 0.0013434945105838768 0
1670637038062 0.0013459648246222494 0
1670637039868 0.001337836063363035 0
1670637041666 0.001329852701799221 0
1670637043421 0.0013272491294434696 0
1670637045190 0.001319541711982635 0
1670637046934 0.0013119668896605051 0
1670637048753 0.0013045209077510087 0
1670637050530 0.001322002831608229 0
1670637052352 0.001319320245723947 0
1670637054011 0.0013352792130993099 0
1670637055744 0.0013322028802484854 0
1670637057482 0.0013252086363723038 0
1670637059173 0.00132221902835551 0
1670637060813 0.001325466899617301 0
1670637062581 0.0013284209228448909 0
1670637064275 0.0013216856105745629 0
1670637065983 0.001315051497225092 0
1670637067668 0.0013085160796051096 0
1670637069378 0.0013060983352964825 0
1670637071096 0.0013089736295920482 0
1670637072630 0.001311598500173891 0
1670637074191 0.0013052970219995083 0
1670637075817 0.0012990853769188325 0
1670637077637 0.001301521330465466 0
1670637079261 0.0013037400774557016 0
1670637080763 0.0013468528287183777 0
1670637082316 0.0013487588916836308 0
1670637084053 0.0013426112439496936 0
1670637085636 0.0013443544854653108 0
1670637087222 0.0013422841648556428 0
1670637088607 0.0013439592340950273 0
1670637090175 0.0013454635570323528 0
1670637091700 0.001339560726949666 0
1670637093342 0.0013409334937660598 0
1670637094937 0.0013351372164249764 0
1670637096502 0.001336388953961048 0
1670637097914 0.001330697445338134 0
1670637099601 0.00132921302701005 0
1670637101322 0.0013424223426722213 0
1670637102707 0.0013437169214263937 0
1670637104256 0.0013420502205967707 0
1670637105942 0.0013365981149762861 0
1670637107499 0.001337873255396595 0
1670637109069 0.0013325125052315013 0
1670637110561 0.0013272156601650898 0
1670637112002 0.0013219814609901368 0
1670637113575 0.0013232040607188164 0
1670637115169 0.0013219052917153508 0
1670637116783 0.001320564811570434 0
1670637118079 0.0013155244307774135 0
1670637119545 0.0013276963183654724 0
1670637121043 0.0013261788610542877 0
1670637122529 0.0013275847899660341 0
1670637123998 0.001326109472650678 0
1670637125692 0.0013594606800879615 0
1670637127526 0.0013545528006441948 0
1670637128990 0.0013558729058493015 0
1670637130540 0.0013510352138245206 0
1670637132260 0.001349341927970493 0
