1670590883247 0.0006 0
1670590886130 0.0006 0
1670590889119 0.0014 0
1670590892098 0.0008 0
1670590895032 0.0012 0
1670590897955 0.0012 0
1670590900902 0.0008 0
1670590903741 0.0005 0
1670590907013 0.0006 0
1670590909911 0.0007 0
1670590912533 0.0006 0
1670590915369 0.001 0
1670590918600 0.0002 0
1670590921620 0.0005 0
1670590924756 0.0008 0
1670590927780 0.0011 0
1670590930851 0.0008 0
1670590933891 0.001 0
1670590936850 0.0006 0
1670590939995 0.0008 0
1670590943051 0.0007 0
1670590946496 0.0005 0
1670590949461 0.0009 0
1670590952517 0.0009 0
1670590955736 0.0006 0
1670590958532 0.0005 0
1670590961542 0.0004 0
1670590964537 0.0007 0
1670590967602 0.0004 0
1670590970508 0.0002 0
1670590973567 0.0011 0
1670590976968 0.0009 0
1670590979485 0.0006 0
1670590982392 0.001 0
1670590985583 0.001 0
1670590988545 0.001 0
1670590991384 0.0006 0
1670590994192 0.0006 0
1670590997338 0.0008 0
1670591000448 0.0006 0
1670591003858 0.0008 0
1670591007366 0.0008 0
1670591010319 0.0009 0
1670591013694 0.0006 0
1670591016693 0.0005 0
1670591019570 0.0011 0
1670591022106 0.0005 0
1670591025472 0.001 0
1670591028122 0.0011 0
1670591030844 0.001 0
1670591033452 0.0013 0
1670591036709 0.0007 0
1670591039467 0.0009 0
1670591041951 0.0008 0
1670591044890 0.0006 0
1670591047831 0.0007 0
1670591050320 0.0011 0
1670591053192 0.0006 0
1670591055687 0.0008 0
1670591059009 0.0007 0
1670591061824 0.0009 0
1670591064216 0.0007 0
1670591066902 0.0004 0
1670591069695 0.0005 0
1670591072679 0.0012 0
1670591075307 0.001 0
1670591078595 0.0003 0
1670591081260 0.0003 0
1670591083940 0.0005 0
1670591086853 0.0004 0
1670591089752 0.0008 0
1670591092757 0.001 0
1670591095575 0.0004 0
1670591098451 0.0009 0
1670591101312 0.0006 0
1670591104177 0.0007 0
1670591107177 0.0013 0
1670591109672 0.0006 0
1670591112139 0.0008 0
1670591115034 0.0008 0
1670591117729 0.0006 0
1670591120493 0.0011 0
1670591123398 0.0005 0
1670591126170 0.0009 0
1670591128570 0.0005 0
1670591131183 0.0008 0
1670591134335 0.0006 0
1670591137592 0.0012 0
1670591140899 0.0006 0
1670591143759 0.0009 0
1670591146716 0.0007 0
1670591149591 0.0008 0
1670591152471 0.0004 0
1670591155062 0.0013 0
1670591158297 0.0006 0
1670591161482 0.0009 0
1670591164892 0.0005 0
1670591167558 0.0007 0
1670591169719 0.0006 0
1670591172107 0.0002 0
1670591174775 0.0007 0
1670591177410 0.0004 0
1670591180091 0.0004 0
1670591183352 0.0005 0
1670591185954 0.0006 0
1670591188712 0.0012 0
1670591191602 0.0009 0
1670591194407 0.0008 0
1670591197538 0.0005 0
1670591200167 0.0009 0
1670591202544 0.0005 0
1670591205160 0.0007 0
1670591207533 0.001 0
1670591210192 0.0009 0
1670591212732 0.0009 0
1670591215402 0.0006 0
1670591217767 0.001 0
1670591220611 0.0006 0
1670591223979 0.0009 0
1670591226493 0.0009 0
1670591229101 0.0003 0
1670591231543 0.0006 0
1670591234011 0.0006 0
1670591236680 0.001 0
1670591239087 0.0005 0
1670591241456 0.0011 0
1670591243951 0.0006 0
1670591246471 0.0008 0
1670591248875 0.0009 0
1670591251003 0.0004 0
1670591253439 0.0006 0
1670591255797 0.0013 0
1670591258256 0.0006 0
1670591260462 0.0011 0
1670591262698 0.0009 0
1670591264792 0.0003 0
1670591266916 0.001 0
1670591269349 0.0004 0
1670591271494 0.0006 0
1670591273620 0.0008 0
