1670574065873 0.008666666666666666 0
1670574066481 0.005 0
1670574066988 0.006 0
1670574067657 0.006666666666666667 0
1670574068201 0.009 0
1670574068824 0.007666666666666666 0
1670574069664 0.006 0
1670574070328 0.007333333333333333 0
1670574070934 0.006666666666666667 0
1670574072019 0.007 0
1670574072938 0.008333333333333333 0
1670574073573 0.006333333333333333 0
1670574074587 0.005666666666666667 0
1670574075526 0.008 0
1670574076342 0.006333333333333333 0
1670574076926 0.007666666666666666 0
1670574077555 0.0023333333333333335 0
1670574078394 0.005 0
1670574079035 0.004333333333333333 0
1670574079615 0.006666666666666667 0
1670574080303 0.007 0
1670574081020 0.006 0
1670574081865 0.005333333333333333 0
1670574082660 0.009666666666666667 0
1670574083149 0.005666666666666667 0
1670574084053 0.007333333333333333 0
1670574085093 0.005666666666666667 0
1670574085903 0.008333333333333333 0
1670574086606 0.005666666666666667 0
1670574087216 0.005333333333333333 0
1670574087918 0.006333333333333333 0
1670574088537 0.004333333333333333 0
1670574089452 0.006 0
1670574090295 0.007 0
1670574091045 0.006333333333333333 0
1670574091721 0.005666666666666667 0
1670574092511 0.008333333333333333 0
1670574093120 0.005333333333333333 0
1670574093813 0.007333333333333333 0
1670574094323 0.006 0
1670574095109 0.010333333333333333 0
1670574095651 0.005666666666666667 0
1670574096346 0.007666666666666666 0
1670574096955 0.007 0
1670574097800 0.007666666666666666 0
1670574098485 0.005666666666666667 0
1670574099242 0.007 0
1670574099775 0.004666666666666667 0
1670574100508 0.0036666666666666666 0
1670574101128 0.006 0
1670574101840 0.005 0
1670574102447 0.0033333333333333335 0
1670574102989 0.007666666666666666 0
1670574103966 0.008333333333333333 0
1670574104483 0.005666666666666667 0
1670574105222 0.004 0
1670574105832 0.007333333333333333 0
1670574106469 0.006 0
1670574107364 0.008 0
1670574108156 0.006333333333333333 0
1670574108694 0.005 0
1670574109543 0.004666666666666667 0
1670574110078 0.006666666666666667 0
1670574110740 0.006 0
1670574111299 0.004 0
1670574111891 0.005666666666666667 0
1670574112552 0.005333333333333333 0
1670574113241 0.005 0
1670574114082 0.006 0
1670574114790 0.005333333333333333 0
1670574115349 0.007 0
1670574116068 0.005333333333333333 0
1670574116598 0.004333333333333333 0
1670574117222 0.006333333333333333 0
1670574117763 0.006666666666666667 0
1670574118450 0.007666666666666666 0
1670574118986 0.006666666666666667 0
1670574119717 0.007333333333333333 0
1670574120538 0.007 0
1670574121432 0.007333333333333333 0
1670574121949 0.007333333333333333 0
1670574122823 0.008 0
1670574123389 0.006 0
1670574123988 0.004666666666666667 0
1670574124787 0.005 0
1670574125437 0.007333333333333333 0
1670574125977 0.006333333333333333 0
1670574126669 0.008 0
1670574127530 0.005333333333333333 0
1670574128155 0.007 0
1670574128899 0.004 0
1670574129480 0.005666666666666667 0
1670574130111 0.01 0
1670574130737 0.005333333333333333 0
1670574131416 0.005333333333333333 0
1670574131976 0.007 0
1670574132869 0.007333333333333333 0
1670574133459 0.005666666666666667 0
1670574134034 0.006333333333333333 0
1670574134629 0.007333333333333333 0
1670574135155 0.006 0
1670574135786 0.005666666666666667 0
1670574136231 0.005333333333333333 0
1670574136826 0.006666666666666667 0
1670574137372 0.005333333333333333 0
1670574138030 0.008333333333333333 0
1670574138810 0.006 0
1670574139224 0.005 0
1670574140166 0.007666666666666666 0
1670574140819 0.006666666666666667 0
1670574141434 0.005 0
1670574142193 0.004666666666666667 0
1670574142888 0.005666666666666667 0
1670574143663 0.006333333333333333 0
1670574144488 0.006666666666666667 0
1670574145109 0.006 0
1670574145619 0.007 0
1670574146271 0.006 0
1670574146891 0.005666666666666667 0
1670574147443 0.010666666666666666 0
1670574148236 0.004 0
1670574148813 0.006333333333333333 0
1670574149603 0.006666666666666667 0
1670574150341 0.005666666666666667 0
1670574151164 0.007 0
1670574151730 0.008 0
1670574152277 0.005 0
1670574152834 0.010333333333333333 0
1670574153523 0.005333333333333333 0
1670574154283 0.007333333333333333 0
1670574154854 0.006666666666666667 0
1670574155453 0.006333333333333333 0
1670574156139 0.005666666666666667 0
1670574156938 0.008 0
1670574157736 0.007333333333333333 0
1670574158395 0.006333333333333333 0
1670574158980 0.01 0
1670574159876 0.006333333333333333 0
1670574160364 0.006333333333333333 0
1670574160810 0.004333333333333333 0
1670574161471 0.004666666666666667 0
1670574162283 0.007 0
1670574162860 0.004 0
1670574163492 0.006333333333333333 0
1670574164145 0.004 0
1670574164861 0.005 0
1670574165558 0.008 0
1670574166158 0.008 0
1670574166848 0.005 0
