1670606081586 0.013666666666666667 0
1670606082194 0.019333333333333334 0
1670606082837 0.017333333333333333 0
1670606083434 0.013666666666666667 0
1670606084069 0.016 0
1670606084786 0.017666666666666667 0
1670606085248 0.012333333333333333 0
1670606085787 0.017 0
1670606086366 0.019333333333333334 0
1670606086852 0.016 0
1670606087634 0.016666666666666666 0
1670606088104 0.01633333333333333 0
1670606088698 0.021333333333333333 0
1670606089176 0.018 0
1670606089821 0.015333333333333332 0
1670606090324 0.015333333333333332 0
1670606090981 0.018333333333333333 0
1670606091511 0.016 0
1670606092092 0.017333333333333333 0
1670606092929 0.018333333333333333 0
1670606093888 0.017666666666666667 0
1670606094681 0.014666666666666666 0
1670606095450 0.015666666666666666 0
1670606096134 0.017 0
1670606096645 0.012666666666666666 0
1670606097335 0.018333333333333333 0
1670606098329 0.014333333333333333 0
1670606099068 0.017333333333333333 0
1670606099996 0.014666666666666666 0
1670606100719 0.018333333333333333 0
1670606101615 0.020666666666666667 0
1670606102292 0.015333333333333332 0
1670606102936 0.02 0
1670606103750 0.013666666666666667 0
1670606104465 0.015666666666666666 0
1670606105044 0.013 0
1670606105908 0.017666666666666667 0
1670606106721 0.018333333333333333 0
1670606107504 0.017666666666666667 0
1670606108175 0.024666666666666667 0
1670606108762 0.017333333333333333 0
1670606109259 0.013333333333333334 0
1670606109909 0.015 0
1670606110667 0.016666666666666666 0
1670606111325 0.017 0
1670606111862 0.013 0
1670606112647 0.017666666666666667 0
1670606113162 0.016666666666666666 0
1670606113760 0.017666666666666667 0
1670606114390 0.014 0
1670606115269 0.017333333333333333 0
1670606115970 0.019 0
1670606116515 0.019333333333333334 0
1670606117138 0.018 0
1670606117690 0.017333333333333333 0
1670606118259 0.017 0
1670606118643 0.016 0
1670606118987 0.015333333333333332 0
1670606119366 0.019333333333333334 0
1670606119949 0.013333333333333334 0
1670606120758 0.018 0
1670606121498 0.013666666666666667 0
1670606122240 0.014 0
1670606122743 0.016666666666666666 0
1670606123431 0.018666666666666668 0
1670606124230 0.011666666666666667 0
1670606124926 0.014 0
1670606125457 0.018666666666666668 0
1670606126103 0.015333333333333332 0
1670606126690 0.02033333333333333 0
1670606127474 0.014333333333333333 0
1670606128037 0.02033333333333333 0
1670606128744 0.01633333333333333 0
1670606129394 0.015 0
1670606129859 0.023 0
1670606130402 0.015666666666666666 0
1670606130968 0.016666666666666666 0
1670606131573 0.015666666666666666 0
1670606132153 0.019 0
1670606132691 0.012333333333333333 0
1670606133558 0.014 0
1670606134139 0.01633333333333333 0
1670606134769 0.017 0
1670606135559 0.018666666666666668 0
1670606136233 0.014 0
1670606136793 0.014333333333333333 0
1670606137466 0.015333333333333332 0
1670606138220 0.015666666666666666 0
1670606138727 0.02033333333333333 0
1670606139521 0.015333333333333332 0
1670606140095 0.018666666666666668 0
1670606140925 0.017333333333333333 0
1670606141503 0.017666666666666667 0
1670606142150 0.013 0
1670606142756 0.012333333333333333 0
1670606143261 0.014 0
1670606143853 0.016 0
1670606144522 0.017 0
1670606145203 0.014333333333333333 0
1670606145692 0.016666666666666666 0
1670606146518 0.013333333333333334 0
1670606147034 0.015333333333333332 0
1670606147811 0.015333333333333332 0
