1670563809726 0.03 0
1670563810559 0.027333333333333334 0
1670563811419 0.027333333333333334 0
1670563812424 0.027666666666666666 0
1670563813186 0.03 0
1670563814056 0.029666666666666668 0
1670563814967 0.023666666666666666 0
1670563815987 0.033 0
1670563816891 0.028666666666666667 0
1670563817667 0.025666666666666667 0
1670563818481 0.029666666666666668 0
1670563819251 0.029 0
1670563819987 0.028333333333333332 0
1670563820830 0.029 0
1670563821690 0.029333333333333333 0
1670563822174 0.027333333333333334 0
1670563823140 0.027 0
1670563824132 0.02666666666666667 0
1670563825150 0.03266666666666666 0
1670563826082 0.023 0
1670563826931 0.030666666666666665 0
1670563827816 0.029 0
1670563828972 0.028 0
1670563829851 0.025 0
1670563830612 0.03333333333333333 0
1670563831539 0.03166666666666667 0
1670563832258 0.027666666666666666 0
1670563833141 0.03166666666666667 0
1670563834496 0.023 0
1670563835294 0.027333333333333334 0
1670563836233 0.033 0
1670563837228 0.024666666666666667 0
1670563838105 0.029333333333333333 0
1670563839068 0.03166666666666667 0
1670563839724 0.027666666666666666 0
1670563840942 0.03233333333333333 0
1670563841690 0.024333333333333332 0
1670563842533 0.028333333333333332 0
1670563843304 0.03266666666666666 0
1670563844165 0.025666666666666667 0
1670563845029 0.026 0
1670563846024 0.027 0
1670563846836 0.030333333333333334 0
1670563848161 0.024666666666666667 0
1670563849145 0.030333333333333334 0
1670563850330 0.027 0
1670563851395 0.026 0
1670563852133 0.025333333333333333 0
1670563853036 0.027 0
1670563854190 0.027333333333333334 0
1670563854972 0.029666666666666668 0
1670563856012 0.029333333333333333 0
1670563857135 0.030666666666666665 0
1670563858050 0.030333333333333334 0
1670563859015 0.026333333333333334 0
1670563859996 0.02666666666666667 0
1670563861107 0.028 0
1670563862137 0.03266666666666666 0
1670563863031 0.029333333333333333 0
1670563863781 0.021333333333333333 0
1670563864556 0.028666666666666667 0
1670563865311 0.029333333333333333 0
1670563866394 0.029 0
1670563867262 0.027666666666666666 0
1670563867951 0.03 0
1670563868709 0.028 0
1670563869475 0.025333333333333333 0
1670563870179 0.027333333333333334 0
1670563871376 0.03 0
1670563872425 0.025666666666666667 0
1670563873503 0.02666666666666667 0
1670563874525 0.023333333333333334 0
1670563875359 0.029 0
1670563876264 0.022 0
1670563877015 0.024 0
1670563877811 0.034333333333333334 0
1670563878536 0.025 0
1670563879376 0.028333333333333332 0
1670563880033 0.030666666666666665 0
1670563880558 0.024666666666666667 0
1670563881156 0.030666666666666665 0
1670563882145 0.027 0
1670563882775 0.030333333333333334 0
1670563883355 0.028333333333333332 0
1670563884108 0.035 0
1670563885059 0.027666666666666666 0
1670563885568 0.030333333333333334 0
1670563886120 0.030666666666666665 0
1670563886620 0.03133333333333333 0
1670563887133 0.02266666666666667 0
1670563887660 0.024 0
1670563888129 0.025666666666666667 0
1670563888599 0.026 0
1670563889117 0.029333333333333333 0
1670563889633 0.036333333333333336 0
1670563890472 0.02666666666666667 0
1670563891631 0.032 0
1670563892430 0.025666666666666667 0
1670563893197 0.028333333333333332 0
1670563894123 0.017666666666666667 0
1670563895243 0.034 0
1670563896167 0.03133333333333333 0
