1670624281510 0.0 0
1670624289778 0.0 0
1670624298147 0.0 0
1670624306549 0.0 0
1670624314714 0.0 0
1670624323182 0.0 0
1670624331149 0.0 0
1670624339360 0.0 0
1670624347986 0.0 0
1670624356232 0.0 0
1670624364289 0.0 0
1670624372480 0.0 0
1670624381043 0.0 0
1670624390135 0.0 0
1670624399163 0.0 0
1670624407803 0.0 0
1670624416369 0.0 0
1670624424737 0.0 0
1670624433489 0.0 0
1670624441695 0.0 0
1670624450939 0.0 0
1670624459480 0.0 0
1670624467969 0.0 0
1670624476487 0.0 0
1670624485026 0.0 0
1670624492947 0.0 0
1670624501396 0.0 0
1670624510199 0.0 0
1670624518952 0.0 0
1670624527629 0.0 0
1670624536493 0.0 0
1670624544936 0.0 0
1670624553333 0.0 0
1670624561509 0.0 0
1670624569673 0.0 0
1670624577762 0.0 0
1670624586073 0.0 0
1670624594748 0.0 0
1670624603471 0.0 0
1670624611808 0.0 0
1670624619839 0.0 0
1670624628472 0.0 0
1670624637195 0.0 0
1670624645468 0.0 0
1670624653839 0.0 0
1670624661843 0.0 0
1670624670268 0.0 0
1670624678737 0.0 0
1670624687226 0.0 0
1670624696366 0.0 0
1670624705397 0.0 0
1670624713878 0.0 0
1670624722794 0.0 0
1670624731235 0.0 0
1670624739309 0.0 0
1670624747688 0.0 0
1670624756389 0.0 0
1670624765139 0.0 0
1670624773845 0.0 0
1670624782244 0.0 0
1670624790690 0.0 0
1670624799151 0.0 0
1670624807410 0.0 0
1670624815765 0.0 0
1670624823866 0.0 0
1670624832514 0.0 0
1670624840928 0.0 0
1670624849343 0.0 0
1670624857764 0.0 0
1670624866611 0.0 0
1670624875545 0.0 0
1670624884246 0.0 0
1670624892976 0.0 0
1670624901508 0.0 0
1670624909840 0.0 0
1670624918564 0.0 0
1670624926921 0.0 0
1670624935070 0.0 0
1670624943625 0.0 0
1670624951682 0.0 0
1670624959828 0.0 0
1670624968520 0.0 0
1670624977088 0.0 0
1670624985689 0.0 0
1670624994312 0.0 0
1670625002800 0.0 0
1670625011762 0.0 0
1670625020549 0.0 0
1670625029084 0.0 0
1670625037692 0.0 0
1670625045813 0.0 0
1670625054378 0.0 0
1670625063238 0.0 0
1670625071793 0.0 0
1670625079832 0.0 0
1670625088083 0.0 0
1670625096155 0.0 0
1670625104674 0.0 0
1670625113021 0.0 0
1670625120901 0.0 0
1670625129141 0.0 0
1670625137805 0.0 0
