1670624257938 0.0 0
1670624267039 0.0 0
1670624275964 0.0 0
1670624284191 0.0 0
1670624292675 0.0 0
1670624301096 0.0 0
1670624309585 0.0 0
1670624318232 0.0 0
1670624326977 0.0 0
1670624335858 0.0 0
1670624344302 0.0 0
1670624352546 0.0 0
1670624360848 0.0 0
1670624369427 0.0 0
1670624377873 0.0 0
1670624386178 0.0 0
1670624394611 0.0 0
1670624403157 0.0 0
1670624411744 0.0 0
1670624420533 0.0 0
1670624429213 0.0 0
1670624437689 0.0 0
1670624446509 0.0 0
1670624455338 0.0 0
1670624463807 0.0 0
1670624472999 0.0 0
1670624481979 0.0 0
1670624490511 0.0 0
1670624499116 0.0 0
1670624507627 0.0 0
1670624515759 0.0 0
1670624523795 0.0 0
1670624532065 0.0 0
1670624540364 0.0 0
1670624549271 0.0 0
1670624557878 0.0 0
1670624566230 0.0 0
1670624574879 0.0 0
1670624583008 0.0 0
1670624592093 0.0 0
1670624600641 0.0 0
1670624609640 0.0 0
1670624618608 0.0 0
1670624626593 0.0 0
1670624634824 0.0 0
1670624643454 0.0 0
1670624652204 0.0 0
1670624661297 0.0 0
1670624670205 0.0 0
1670624678813 0.0 0
1670624687345 0.0 0
1670624695764 0.0 0
1670624703576 0.0 0
1670624711839 0.0 0
1670624719915 0.0 0
1670624728649 0.0 0
1670624734631 0.0 0
1670624742232 0.0 0
1670624750670 0.0 0
1670624759173 0.0 0
1670624767786 0.0 0
1670624775957 0.0 0
1670624784836 0.0 0
1670624793803 0.0 0
1670624802829 0.0 0
1670624811581 0.0 0
1670624820164 0.0 0
1670624828513 0.0 0
1670624836926 0.0 0
1670624845164 0.0 0
1670624853907 0.0 0
1670624862783 0.0 0
1670624871240 0.0 0
1670624879369 0.0 0
1670624887392 0.0 0
1670624895583 0.0 0
1670624904338 0.0 0
1670624912928 0.0 0
1670624921294 0.0 0
1670624929729 0.0 0
1670624938597 0.0 0
1670624947332 0.0 0
1670624956218 0.0 0
1670624964736 0.0 0
1670624973264 0.0 0
1670624981771 0.0 0
1670624990544 0.0 0
1670624999146 0.0 0
1670625007904 0.0 0
1670625016431 0.0 0
1670625025101 0.0 0
1670625033938 0.0 0
1670625042276 0.0 0
1670625050707 0.0 0
1670625058911 0.0 0
1670625066937 0.0 0
1670625074986 0.0 0
1670625082916 0.0 0
1670625090905 0.0 0
1670625099469 0.0 0
1670625107806 0.0 0
