1670624248453 0.0 0
1670624257908 0.0 0
1670624266999 0.0 0
1670624275929 0.0 0
1670624284159 0.0 0
1670624292641 0.0 0
1670624301068 0.0 0
1670624309550 0.0 0
1670624318204 0.0 0
1670624326941 0.0 0
1670624335819 0.0 0
1670624344253 0.0 0
1670624352496 0.0 0
1670624360820 0.0 0
1670624369382 0.0 0
1670624377825 0.0 0
1670624386146 0.0 0
1670624394570 0.0 0
1670624403128 0.0 0
1670624411708 0.0 0
1670624420499 0.0 0
1670624429143 0.0 0
1670624437655 0.0 0
1670624446476 0.0 0
1670624455309 0.0 0
1670624463772 0.0 0
1670624472960 0.0 0
1670624481925 0.0 0
1670624490461 0.0 0
1670624499084 0.0 0
1670624507592 0.0 0
1670624515732 0.0 0
1670624523760 0.0 0
1670624532031 0.0 0
1670624540329 0.0 0
1670624549244 0.0 0
1670624557843 0.0 0
1670624566181 0.0 0
1670624574853 0.0 0
1670624582977 0.0 0
1670624592068 0.0 0
1670624600593 0.0 0
1670624609613 0.0 0
1670624618569 0.0 0
1670624626542 0.0 0
1670624634777 0.0 0
1670624643405 0.0 0
1670624652172 0.0 0
1670624661245 0.0 0
1670624670170 0.0 0
1670624678781 0.0 0
1670624687309 0.0 0
1670624695715 0.0 0
1670624703543 0.0 0
1670624711789 0.0 0
1670624719879 0.0 0
1670624728601 0.0 0
1670624734596 0.0 0
1670624742199 0.0 0
1670624750630 0.0 0
1670624759130 0.0 0
1670624767736 0.0 0
1670624775909 0.0 0
1670624784790 0.0 0
1670624793748 0.0 0
1670624802794 0.0 0
1670624811553 0.0 0
1670624820126 0.0 0
1670624828462 0.0 0
1670624836890 0.0 0
1670624845131 0.0 0
1670624853868 0.0 0
1670624862737 0.0 0
1670624871208 0.0 0
1670624879339 0.0 0
1670624887345 0.0 0
1670624895529 0.0 0
1670624904313 0.0 0
1670624912901 0.0 0
1670624921263 0.0 0
1670624929695 0.0 0
1670624938558 0.0 0
1670624947304 0.0 0
1670624956189 0.0 0
1670624964702 0.0 0
1670624973230 0.0 0
1670624981734 0.0 0
1670624990495 0.0 0
1670624999097 0.0 0
1670625007861 0.0 0
1670625016397 0.0 0
1670625025069 0.0 0
1670625033908 0.0 0
1670625042232 0.0 0
1670625050681 0.0 0
1670625058872 0.0 0
1670625066888 0.0 0
1670625074950 0.0 0
1670625082888 0.0 0
1670625090877 0.0 0
1670625099417 0.0 0
1670625107774 0.0 0
