1670587449660 0.0 0
1670587452130 0.0 0
1670587454853 0.0 0
1670587457683 0.0 0
1670587460856 0.0 0
1670587463515 0.0 0
1670587466455 0.0 0
1670587469465 0.0 0
1670587472251 0.0 0
1670587475196 0.0 0
1670587478032 0.0 0
1670587480991 0.0 0
1670587484400 0.0 0
1670587487197 0.0 0
1670587490469 0.0 0
1670587493621 0.0001 0
1670587496980 0.0 0
1670587500069 0.0 0
1670587503401 0.0 0
1670587506386 0.0 0
1670587509638 0.0 0
1670587512241 0.0 0
1670587515247 0.0 0
1670587518457 0.0 0
1670587521571 0.0 0
1670587524419 0.0 0
1670587527825 0.0 0
1670587530775 0.0 0
1670587534251 0.0 0
1670587537107 0.0 0
1670587540161 0.0 0
1670587543047 0.0 0
1670587545854 0.0 0
1670587548688 0.0 0
1670587551530 0.0 0
1670587554906 0.0 0
1670587557660 0.0 0
1670587560783 0.0 0
1670587563846 0.0 0
1670587567070 0.0 0
1670587569963 0.0 0
1670587572575 0.0 0
1670587575791 0.0 0
1670587578823 0.0 0
1670587581961 0.0 0
1670587584901 0.0 0
1670587588184 0.0 0
1670587591081 0.0 0
1670587594191 0.0 0
1670587597308 0.0 0
1670587600153 0.0 0
1670587603154 0.0 0
1670587606137 0.0 0
1670587609375 0.0 0
1670587612216 0.0 0
1670587615344 0.0 0
1670587618383 0.0 0
1670587621548 0.0 0
1670587624715 0.0 0
1670587627970 0.0 0
1670587630911 0.0 0
1670587634122 0.0 0
1670587636740 0.0 0
1670587639873 0.0 0
1670587643614 0.0 0
1670587646709 0.0 0
1670587649535 0.0 0
1670587652690 0.0 0
1670587655837 0.0 0
1670587659612 0.0 0
1670587662847 0.0 0
1670587666223 0.0 0
1670587669118 0.0 0
1670587672075 0.0 0
1670587675201 0.0 0
1670587678195 0.0 0
1670587681235 0.0 0
1670587684290 0.0 0
1670587687114 0.0001 0
1670587690127 0.0 0
1670587693098 0.0 0
1670587696324 0.0 0
1670587699878 0.0 0
1670587702829 0.0 0
1670587705664 0.0 0
1670587708713 0.0 0
1670587711394 0.0 0
1670587714608 0.0 0
1670587717762 0.0 0
1670587721081 0.0 0
1670587724175 0.0 0
1670587727027 0.0 0
1670587730207 0.0 0
1670587733519 0.0 0
1670587736405 0.0 0
1670587739290 0.0 0
1670587742309 0.0 0
1670587745389 0.0 0
1670587748239 0.0001 0
1670587750829 0.0 0
1670587753774 0.0001 0
1670587756696 0.0 0
