1670646455259 0.1634033940140193 0
1670646484509 0.1633739996959801 0
1670646511278 0.1588190959193671 0
1670646523060 0.15908078568019027 0
1670646534530 0.16294671686535647 0
1670646546107 0.1566098461937897 0
1670646560522 0.15825240064318705 0
1670646599245 0.15888307055213036 0
1670646612992 0.1623388067489124 0
1670646655680 0.1629781674477515 0
1670646667210 0.1668919787819445 0
1670646690775 0.15960731754193364 0
1670646702462 0.1650903020070239 0
1670646714019 0.1551287023016547 0
1670646729476 0.1623331145990336 0
1670646741003 0.1611600861674075 0
1670646753538 0.15224081395117328 0
1670646794142 0.1622742328607668 0
1670646813462 0.15650395186802796 0
1670646825428 0.156137073188364 0
1670646857638 0.16167972821438642 0
1670646869081 0.15875264633251696 0
1670646884563 0.1566532292270321 0
1670646896079 0.15045545332081187 0
1670646907618 0.164552573226301 0
1670646919100 0.15457806450730355 0
1670646930556 0.15781020937383025 0
1670646942462 0.16130426407029103 0
1670646958110 0.1593132724955782 0
1670646986843 0.15956557050890088 0
