1670625690283 0.062 0
1670625697802 0.056857142857142856 0
1670625705465 0.05457142857142857 0
1670625713081 0.05842857142857143 0
1670625720295 0.056285714285714286 0
1670625727677 0.05785714285714286 0
1670625735519 0.05714285714285714 0
1670625743483 0.06 0
1670625751321 0.059 0
1670625759121 0.06 0
1670625766753 0.056 0
1670625774620 0.051571428571428574 0
1670625782516 0.054142857142857145 0
1670625790196 0.05814285714285714 0
1670625797822 0.056428571428571425 0
1670625805405 0.057 0
1670625813379 0.057 0
1670625821295 0.061285714285714284 0
1670625828868 0.05942857142857143 0
1670625836111 0.060714285714285714 0
1670625843832 0.06371428571428571 0
1670625851518 0.05728571428571429 0
1670625859329 0.053714285714285714 0
1670625866983 0.059 0
1670625874515 0.05714285714285714 0
1670625882042 0.060714285714285714 0
1670625889520 0.05914285714285714 0
1670625897001 0.05714285714285714 0
1670625904557 0.059571428571428574 0
1670625912095 0.05814285714285714 0
1670625919663 0.06042857142857143 0
1670625927335 0.06157142857142857 0
1670625934487 0.05342857142857143 0
1670625941752 0.055714285714285716 0
1670625949074 0.057428571428571426 0
1670625956316 0.06085714285714286 0
1670625963650 0.061 0
1670625971308 0.06371428571428571 0
1670625979024 0.05828571428571429 0
1670625986857 0.06542857142857143 0
1670625994672 0.05828571428571429 0
1670626002334 0.060142857142857144 0
1670626009883 0.059571428571428574 0
1670626017131 0.05728571428571429 0
1670626024310 0.060142857142857144 0
1670626031526 0.061142857142857145 0
1670626039026 0.05942857142857143 0
1670626046189 0.055714285714285716 0
1670626053661 0.05814285714285714 0
1670626061567 0.056857142857142856 0
1670626069221 0.06728571428571428 0
1670626075198 0.06271428571428571 0
1670626082613 0.064 0
1670626090030 0.056428571428571425 0
1670626097425 0.05914285714285714 0
1670626104859 0.054 0
1670626112139 0.05785714285714286 0
1670626119549 0.05728571428571429 0
1670626127159 0.059571428571428574 0
1670626134691 0.06085714285714286 0
1670626142216 0.06142857142857143 0
1670626149765 0.06614285714285714 0
1670626157172 0.06414285714285714 0
1670626164499 0.061142857142857145 0
1670626171837 0.05385714285714286 0
1670626179239 0.061285714285714284 0
1670626186540 0.05857142857142857 0
1670626193776 0.06085714285714286 0
1670626201169 0.05771428571428571 0
1670626208776 0.05814285714285714 0
1670626216358 0.056857142857142856 0
1670626224320 0.06142857142857143 0
1670626231821 0.056285714285714286 0
1670626239275 0.057428571428571426 0
1670626246314 0.053285714285714283 0
1670626253589 0.055 0
1670626260620 0.052142857142857144 0
1670626267801 0.062 0
1670626275454 0.060714285714285714 0
1670626283182 0.05942857142857143 0
1670626290959 0.063 0
1670626298771 0.05728571428571429 0
1670626306470 0.053714285714285714 0
1670626314158 0.06242857142857143 0
1670626321659 0.060714285714285714 0
1670626328947 0.05914285714285714 0
1670626336637 0.05728571428571429 0
1670626344334 0.061285714285714284 0
1670626351947 0.05757142857142857 0
1670626359371 0.060142857142857144 0
1670626366488 0.05342857142857143 0
1670626373843 0.05757142857142857 0
1670626381512 0.05971428571428571 0
1670626389034 0.06142857142857143 0
1670626396911 0.05542857142857143 0
1670626404939 0.06328571428571429 0
1670626412848 0.059571428571428574 0
1670626420485 0.05714285714285714 0
1670626428087 0.06242857142857143 0
1670626435561 0.05914285714285714 0
1670626442172 0.054857142857142854 0
1670626449866 0.05928571428571429 0
