1670605841095 0.005666666666666667 0
1670605841886 0.004 0
1670605842786 0.005666666666666667 0
1670605843414 0.007 0
1670605844492 0.004666666666666667 0
1670605845305 0.006 0
1670605846085 0.006333333333333333 0
1670605846784 0.006666666666666667 0
1670605847357 0.005666666666666667 0
1670605848217 0.006333333333333333 0
1670605849099 0.005333333333333333 0
1670605850001 0.005 0
1670605850835 0.006 0
1670605851730 0.007666666666666666 0
1670605852505 0.007333333333333333 0
1670605853229 0.005 0
1670605853885 0.005333333333333333 0
1670605854796 0.007666666666666666 0
1670605855592 0.005 0
1670605856406 0.006666666666666667 0
1670605857458 0.006 0
1670605858458 0.007333333333333333 0
1670605859212 0.007666666666666666 0
1670605859900 0.004333333333333333 0
1670605860644 0.005333333333333333 0
1670605861443 0.004 0
1670605862366 0.006666666666666667 0
1670605863161 0.007 0
1670605863956 0.005666666666666667 0
1670605864796 0.004666666666666667 0
1670605865743 0.004 0
1670605866509 0.006 0
1670605867421 0.005666666666666667 0
1670605868344 0.004333333333333333 0
1670605868969 0.006666666666666667 0
1670605869817 0.005 0
1670605870572 0.005666666666666667 0
1670605871408 0.005 0
1670605872132 0.007333333333333333 0
1670605872646 0.006333333333333333 0
1670605873234 0.006 0
1670605874078 0.007 0
1670605874839 0.005666666666666667 0
1670605875676 0.005666666666666667 0
1670605876347 0.003 0
1670605877050 0.007666666666666666 0
1670605877870 0.006666666666666667 0
1670605878671 0.007 0
1670605879455 0.005333333333333333 0
1670605880106 0.006 0
1670605880893 0.006666666666666667 0
1670605881572 0.005 0
1670605882360 0.008 0
1670605883256 0.005 0
1670605883965 0.009 0
1670605884759 0.007666666666666666 0
1670605885482 0.006333333333333333 0
1670605886378 0.005 0
1670605887397 0.004333333333333333 0
1670605888096 0.004 0
1670605888868 0.007 0
1670605889541 0.005 0
1670605890252 0.0026666666666666666 0
1670605891288 0.0033333333333333335 0
1670605892069 0.006666666666666667 0
1670605892461 0.004 0
1670605893149 0.0036666666666666666 0
1670605893952 0.003 0
1670605894749 0.004666666666666667 0
1670605895217 0.005666666666666667 0
1670605895940 0.004666666666666667 0
1670605896851 0.007 0
1670605897567 0.006666666666666667 0
1670605898336 0.006 0
1670605898833 0.005666666666666667 0
1670605899398 0.008666666666666666 0
1670605900143 0.005666666666666667 0
1670605900801 0.0036666666666666666 0
1670605901337 0.006333333333333333 0
1670605902154 0.006 0
1670605902695 0.004 0
1670605903599 0.009 0
1670605904042 0.005333333333333333 0
1670605904605 0.008 0
1670605905226 0.007 0
1670605905982 0.008333333333333333 0
1670605906533 0.006666666666666667 0
1670605907293 0.006 0
1670605907961 0.0016666666666666668 0
1670605908959 0.007 0
1670605909803 0.006 0
1670605910529 0.007 0
1670605911196 0.005666666666666667 0
1670605911868 0.0036666666666666666 0
1670605912470 0.005333333333333333 0
1670605913347 0.006666666666666667 0
1670605913846 0.004666666666666667 0
1670605914753 0.006333333333333333 0
1670605915271 0.005666666666666667 0
1670605916023 0.006333333333333333 0
1670605916755 0.005 0
1670605917456 0.01 0
