1670578850316 0.014823905525837441 0
1670578851376 0.004433462215088918 0
1670578852297 0.00346799045949462 0
1670578853672 0.005764792758927634 0
1670578854597 0.005235504820606952 0
1670578855500 0.005920755787740359 0
1670578856642 0.005969570559029684 0
1670578857880 0.005488723374618372 0
1670578858800 0.005881608623126575 0
1670578860000 0.007306455761970254 0
1670578861111 0.007442840555980081 0
1670578862199 0.007084763309689497 0
1670578863332 0.007963325637777782 0
1670578864272 0.007981914225799004 0
1670578865471 0.007777757871931676 0
1670578866499 0.007662730152939105 0
1670578867577 0.007429694402947759 0
1670578868577 0.0074016348235637075 0
1670578869601 0.007198231300879862 0
1670578870646 0.007113294956841175 0
1670578871842 0.006951497336048239 0
1670578872905 0.006845939624400839 0
1670578873940 0.0068416229692720085 0
1670578875224 0.006734707590062526 0
1670578876411 0.006661224286868994 0
1670578877628 0.006523987634399209 0
1670578878630 0.006793920008400366 0
1670578879753 0.006907452137342507 0
1670578880599 0.006525259697596632 0
1670578881769 0.006750610579655508 0
1670578883392 0.006656086780193797 0
1670578884734 0.0065545957116768735 0
1670578885797 0.006460010975691058 0
1670578886941 0.006407309063969156 0
1670578888252 0.006344238255929398 0
1670578889631 0.006258422493476433 0
1670578890667 0.006195302895185155 0
1670578891943 0.0066952850131118125 0
1670578893192 0.006613386125837367 0
1670578894253 0.006573817664524979 0
1670578895551 0.006521202461809553 0
1670578896890 0.00649636223499598 0
1670578898209 0.00643446886012556 0
1670578899444 0.0066204501440846955 0
1670578900645 0.006549818527851151 0
1670578901928 0.00687776136652684 0
1670578903161 0.006811743013733225 0
1670578904742 0.006818020438782525 0
1670578906087 0.006750425037624623 0
1670578907066 0.006707469490355687 0
1670578908366 0.006682090171042716 0
1670578909824 0.006667748676372522 0
1670578911213 0.006606203381516074 0
1670578912645 0.0066025402588088256 0
1670578914235 0.006549515559055398 0
1670578915824 0.006550864704208369 0
1670578917177 0.006520966594246093 0
1670578918798 0.006529627570032601 0
1670578920013 0.00647505380766774 0
1670578921581 0.006427771289134743 0
1670578923142 0.006460894991000013 0
1670578924685 0.006415781424472536 0
1670578926182 0.006365562653765533 0
1670578927555 0.006453211543896276 0
1670578928818 0.006429753955666036 0
1670578930090 0.006398823637519965 0
1670578931278 0.00694874776773436 0
1670578932592 0.0069014102458300475 0
1670578934163 0.006954483275674529 0
1670578935405 0.0069789123102023745 0
1670578936723 0.006980607101077889 0
1670578938267 0.007063060421536156 0
1670578939553 0.007068162326914776 0
1670578940808 0.00704214531322913 0
1670578942179 0.007013954761485627 0
1670578943876 0.006976966366384056 0
1670578945215 0.006940515418827932 0
1670578946625 0.006899041614670004 0
1670578948342 0.006936733615239873 0
1670578949742 0.006960980189116575 0
1670578950965 0.006928483899122699 0
1670578952335 0.0068963821475312714 0
1670578953668 0.006868012707188238 0
1670578955153 0.0068626281289999105 0
1670578956823 0.006847158831788373 0
1670578958305 0.006824267886724203 0
1670578959548 0.00679512569002827 0
1670578961001 0.006756856082417238 0
1670578962510 0.006779666036073238 0
1670578963914 0.006938348217853961 0
1670578965357 0.006903983054416779 0
1670578966788 0.006869384142843327 0
1670578968204 0.00688627204121324 0
1670578969769 0.0069075333016194035 0
1670578970960 0.006871476574619867 0
1670578972212 0.006848231091209189 0
1670578973886 0.006817903105974479 0
1670578975384 0.006974426598182447 0
1670578976921 0.006945810519214911 0
1670578978404 0.0070371579611578985 0
1670578979885 0.007010811736200842 0
