1670563481032 0.16666666666666666 0
1670563482409 0.16666666666666666 0
1670563483806 0.16666666666666666 0
1670563485101 0.16666666666666666 0
1670563486560 0.16666666666666666 0
1670563487765 0.16666666666666666 0
1670563489325 0.16666666666666666 0
1670563490518 0.16666666666666666 0
1670563492107 0.1665 0
1670563493421 0.16666666666666666 0
1670563494789 0.16666666666666666 0
1670563496259 0.16666666666666666 0
1670563497552 0.16666666666666666 0
1670563498605 0.16666666666666666 0
1670563499994 0.16666666666666666 0
1670563501448 0.16666666666666666 0
1670563502863 0.16666666666666666 0
1670563504276 0.16666666666666666 0
1670563505486 0.16666666666666666 0
1670563506961 0.16666666666666666 0
1670563508047 0.16666666666666666 0
1670563509254 0.16666666666666666 0
1670563510725 0.16666666666666666 0
1670563512516 0.16666666666666666 0
1670563514251 0.16666666666666666 0
1670563516290 0.16666666666666666 0
1670563518299 0.16666666666666666 0
1670563520106 0.16666666666666666 0
1670563521520 0.16666666666666666 0
1670563522991 0.16666666666666666 0
1670563524147 0.16666666666666666 0
1670563525455 0.16666666666666666 0
1670563527071 0.16666666666666666 0
1670563528608 0.16666666666666666 0
1670563530207 0.16666666666666666 0
1670563531952 0.16666666666666666 0
1670563533356 0.16666666666666666 0
1670563534541 0.16666666666666666 0
1670563535699 0.16666666666666666 0
1670563537103 0.16666666666666666 0
1670563538290 0.16666666666666666 0
1670563539701 0.16666666666666666 0
1670563541010 0.16666666666666666 0
1670563542441 0.16666666666666666 0
1670563544141 0.16666666666666666 0
1670563545626 0.16666666666666666 0
1670563547211 0.16666666666666666 0
1670563548848 0.16666666666666666 0
1670563550294 0.16666666666666666 0
1670563552012 0.16666666666666666 0
1670563553912 0.16666666666666666 0
1670563555130 0.16666666666666666 0
1670563556760 0.16666666666666666 0
1670563558285 0.16666666666666666 0
1670563559365 0.16666666666666666 0
1670563560838 0.16666666666666666 0
1670563562262 0.16666666666666666 0
1670563563667 0.16666666666666666 0
1670563565003 0.16666666666666666 0
1670563566795 0.16666666666666666 0
1670563568551 0.16666666666666666 0
1670563569991 0.16666666666666666 0
1670563571496 0.16666666666666666 0
1670563572733 0.16666666666666666 0
1670563574566 0.16666666666666666 0
1670563576192 0.16666666666666666 0
1670563577393 0.16666666666666666 0
1670563578655 0.16666666666666666 0
1670563580242 0.16666666666666666 0
1670563581249 0.16666666666666666 0
1670563582570 0.16666666666666666 0
1670563584172 0.16666666666666666 0
1670563585477 0.16666666666666666 0
1670563586721 0.16666666666666666 0
1670563587940 0.16666666666666666 0
1670563589210 0.16666666666666666 0
1670563590814 0.16666666666666666 0
1670563591983 0.16666666666666666 0
1670563593467 0.16666666666666666 0
1670563595084 0.16666666666666666 0
1670563596825 0.16666666666666666 0
1670563598209 0.16666666666666666 0
1670563599486 0.16666666666666666 0
1670563600825 0.16666666666666666 0
1670563602177 0.1665 0
1670563603311 0.16666666666666666 0
1670563604872 0.16666666666666666 0
1670563606468 0.16666666666666666 0
1670563608035 0.16666666666666666 0
1670563609376 0.16666666666666666 0
1670563610749 0.16666666666666666 0
1670563612291 0.16666666666666666 0
1670563613807 0.16666666666666666 0
1670563615068 0.16666666666666666 0
1670563616584 0.16666666666666666 0
1670563618302 0.16666666666666666 0
1670563620065 0.16666666666666666 0
1670563621427 0.16666666666666666 0
1670563622537 0.16666666666666666 0
1670563624107 0.16666666666666666 0
1670563625454 0.16666666666666666 0
1670563627362 0.16666666666666666 0
1670563628739 0.1665 0
1670563630285 0.16666666666666666 0
1670563631852 0.16666666666666666 0
1670563633531 0.16666666666666666 0
1670563634862 0.16666666666666666 0
1670563636718 0.16666666666666666 0
1670563638249 0.16666666666666666 0
1670563639556 0.16666666666666666 0
