1670644490971 0.0029443522218758475 0
1670644571632 0.0032380352677491776 0
1670644609523 0.0030692792997579887 0
1670644648205 0.0032457614450009105 0
1670644686592 0.0027797911936773365 0
1670644734885 0.003322384823283931 0
1670644782561 0.0033708943319587467 0
1670644836862 0.0032241118897253524 0
1670644874870 0.003180928518106072 0
1670644966208 0.003282136418827778 0
1670645011995 0.0029893971369751534 0
1670645050851 0.0025960867199419594 0
1670645110750 0.0030175182607631032 0
1670645148647 0.0027674770683233513 0
1670645189092 0.0032157161407263134 0
1670645227461 0.0030233936487164444 0
1670645291111 0.00313214288157841 0
1670645413049 0.0030956309187725956 0
1670645495541 0.0031854625002670856 0
1670645537259 0.0032696781145232206 0
1670645575288 0.003125513752798913 0
1670645633014 0.0027601939635107284 0
1670645671033 0.0032603932742243454 0
1670645774603 0.003096843681072866 0
1670645821327 0.003209631726096544 0
1670645859233 0.002857607870909825 0
1670645899327 0.0029956562776901076 0
1670645937205 0.0026925814096841745 0
1670645975091 0.003029880531123507 0
1670646012930 0.0031439167480839733 0
