1670595518627 0.0 0
1670595519522 0.0 0
1670595520562 0.0003333333333333333 0
1670595521383 0.0003333333333333333 0
1670595522137 0.0 0
1670595522859 0.0 0
1670595523708 0.0003333333333333333 0
1670595524708 0.0 0
1670595525531 0.0006666666666666666 0
1670595526436 0.0003333333333333333 0
1670595527353 0.0 0
1670595528105 0.0003333333333333333 0
1670595528945 0.0 0
1670595529692 0.0 0
1670595530667 0.0003333333333333333 0
1670595531433 0.0 0
1670595532155 0.0003333333333333333 0
1670595532891 0.0003333333333333333 0
1670595533731 0.0 0
1670595534524 0.0 0
1670595535290 0.0 0
1670595535987 0.0003333333333333333 0
1670595536893 0.0006666666666666666 0
1670595537790 0.0006666666666666666 0
1670595538618 0.0 0
1670595539498 0.0 0
1670595540289 0.0 0
1670595541101 0.0 0
1670595542023 0.0 0
1670595542870 0.0 0
1670595543714 0.0 0
1670595544433 0.0 0
1670595545338 0.0003333333333333333 0
1670595546121 0.0003333333333333333 0
1670595547004 0.001 0
1670595547734 0.0003333333333333333 0
1670595548566 0.0 0
1670595549324 0.0003333333333333333 0
1670595550039 0.0 0
1670595550747 0.0003333333333333333 0
1670595551471 0.0 0
1670595552503 0.0006666666666666666 0
1670595553315 0.0 0
1670595554166 0.0 0
1670595554944 0.0 0
1670595555686 0.0003333333333333333 0
1670595556603 0.0 0
1670595557439 0.0003333333333333333 0
1670595558478 0.0 0
1670595559319 0.0 0
1670595560257 0.0 0
1670595561344 0.0 0
1670595562394 0.0 0
1670595563288 0.0003333333333333333 0
1670595563987 0.0006666666666666666 0
1670595564977 0.0003333333333333333 0
1670595565819 0.0 0
1670595566813 0.0003333333333333333 0
1670595567563 0.0 0
1670595568218 0.0003333333333333333 0
1670595569137 0.0003333333333333333 0
1670595569851 0.0 0
1670595570747 0.0 0
1670595571500 0.0 0
1670595572287 0.0003333333333333333 0
1670595573041 0.0 0
1670595573967 0.0 0
1670595574869 0.0003333333333333333 0
1670595575637 0.0 0
1670595576672 0.0 0
1670595577638 0.0003333333333333333 0
1670595578361 0.0 0
1670595579192 0.0 0
1670595580106 0.0 0
1670595581078 0.0 0
1670595581816 0.0 0
1670595582896 0.0006666666666666666 0
1670595583713 0.0 0
1670595584579 0.0 0
1670595585369 0.0006666666666666666 0
1670595586375 0.0 0
1670595587257 0.0 0
1670595588245 0.0003333333333333333 0
1670595589258 0.0006666666666666666 0
1670595589986 0.0 0
1670595590665 0.0 0
1670595591657 0.0 0
1670595592458 0.0 0
1670595593251 0.0003333333333333333 0
1670595594174 0.0003333333333333333 0
1670595594974 0.0 0
1670595595774 0.0 0
1670595596601 0.0003333333333333333 0
1670595597528 0.0 0
1670595598275 0.0003333333333333333 0
1670595599012 0.0 0
1670595599699 0.0 0
1670595600470 0.0 0
1670595601383 0.0003333333333333333 0
1670595602300 0.0 0
1670595603238 0.0 0
1670595604126 0.0 0
1670595605105 0.0 0
1670595605915 0.0 0
1670595606704 0.0 0
1670595607636 0.0 0
1670595608393 0.0 0
1670595609178 0.0 0
1670595610133 0.0 0
1670595611061 0.0003333333333333333 0
1670595611813 0.0 0
1670595612563 0.0 0
1670595613298 0.0 0
1670595614084 0.0 0
1670595614815 0.0003333333333333333 0
1670595615750 0.0 0
1670595616622 0.0003333333333333333 0
1670595617698 0.0 0
1670595618471 0.0 0
1670595619420 0.0 0
1670595620640 0.0003333333333333333 0
1670595621548 0.0 0
1670595622473 0.0003333333333333333 0
1670595623450 0.0 0
1670595624510 0.0 0
1670595625350 0.0 0
1670595626118 0.0003333333333333333 0
1670595626983 0.0 0
1670595627904 0.0 0
1670595628778 0.0 0
1670595629718 0.0 0
1670595630632 0.0003333333333333333 0
1670595631429 0.0003333333333333333 0
1670595632152 0.0 0
1670595633063 0.0003333333333333333 0
1670595633862 0.0 0
1670595634702 0.0 0
1670595635850 0.0 0
1670595636826 0.0 0
1670595637562 0.0 0
1670595638543 0.0 0
1670595639249 0.0003333333333333333 0
1670595640038 0.0003333333333333333 0
1670595640964 0.0 0
1670595641699 0.0 0
1670595642481 0.0 0
1670595643289 0.0003333333333333333 0
1670595643990 0.0 0
1670595644684 0.0003333333333333333 0
1670595645414 0.0 0
1670595646323 0.0 0
1670595647012 0.0003333333333333333 0
1670595647773 0.0 0
1670595648486 0.0003333333333333333 0
1670595649227 0.0 0
1670595650028 0.0003333333333333333 0
1670595650719 0.0 0
1670595651536 0.0003333333333333333 0
1670595652269 0.0 0
1670595653074 0.0003333333333333333 0
1670595654004 0.0 0
1670595654842 0.0003333333333333333 0
1670595655518 0.0 0
1670595656407 0.0 0
1670595657202 0.0 0
1670595658033 0.0006666666666666666 0
1670595658888 0.0 0
1670595659712 0.0 0
1670595660608 0.0 0
1670595661417 0.0003333333333333333 0
1670595662376 0.0003333333333333333 0
1670595663162 0.0 0
1670595663934 0.0 0
1670595664749 0.0003333333333333333 0
1670595665494 0.0006666666666666666 0
1670595666255 0.0 0
1670595667114 0.0 0
1670595667979 0.0 0
1670595668704 0.0003333333333333333 0
1670595669638 0.0 0
1670595670519 0.0003333333333333333 0
1670595671239 0.0 0
1670595671975 0.0 0
1670595672992 0.0 0
1670595673939 0.0 0
1670595674654 0.0003333333333333333 0
1670595675417 0.0 0
1670595676242 0.0003333333333333333 0
1670595677249 0.0 0
1670595677957 0.0003333333333333333 0
1670595678783 0.0003333333333333333 0
1670595679599 0.0003333333333333333 0
1670595680355 0.0 0
1670595681157 0.0 0
1670595681981 0.0 0
1670595682817 0.0003333333333333333 0
1670595683535 0.0 0
1670595684294 0.0 0
1670595685332 0.0003333333333333333 0
1670595686175 0.0 0
1670595686970 0.0 0
1670595687811 0.0003333333333333333 0
1670595688800 0.0 0
1670595689604 0.0006666666666666666 0
1670595690321 0.0006666666666666666 0
1670595691343 0.0 0
1670595692101 0.0 0
1670595693155 0.0003333333333333333 0
1670595693936 0.0 0
1670595694930 0.0 0
1670595695691 0.0003333333333333333 0
1670595696509 0.0 0
1670595697296 0.0 0
1670595698276 0.0 0
1670595699224 0.0 0
1670595699979 0.0 0
1670595700989 0.0 0
1670595701957 0.0003333333333333333 0
1670595702890 0.0 0
1670595703616 0.0 0
1670595704613 0.0 0
1670595705444 0.0 0
1670595706210 0.0 0
1670595706967 0.0 0
1670595707726 0.0 0
1670595708513 0.0003333333333333333 0
1670595709262 0.0 0
1670595710267 0.0 0
1670595711249 0.0 0
1670595712022 0.0 0
1670595713171 0.0003333333333333333 0
1670595714282 0.0 0
1670595715318 0.0003333333333333333 0
1670595716232 0.0003333333333333333 0
1670595716991 0.0003333333333333333 0
1670595717913 0.0 0
1670595718952 0.0 0
1670595719697 0.0006666666666666666 0
1670595720688 0.0 0
1670595721439 0.0 0
1670595722428 0.0 0
1670595723193 0.0 0
1670595724427 0.0 0
1670595725194 0.0003333333333333333 0
1670595726196 0.0 0
1670595726996 0.0 0
1670595727892 0.0 0
1670595728632 0.0 0
1670595729395 0.0003333333333333333 0
1670595730145 0.0003333333333333333 0
1670595730900 0.0 0
1670595731888 0.0 0
1670595732816 0.0 0
1670595733957 0.0 0
1670595734712 0.0 0
1670595735541 0.0003333333333333333 0
1670595736381 0.0 0
1670595737320 0.0 0
1670595738265 0.0 0
1670595739214 0.0003333333333333333 0
1670595740093 0.0 0
1670595740841 0.0 0
1670595741815 0.0 0
1670595742726 0.0 0
1670595743753 0.0 0
1670595744522 0.0 0
1670595745583 0.0 0
1670595746331 0.0 0
1670595747083 0.0 0
1670595747938 0.0003333333333333333 0
1670595748892 0.0 0
1670595749655 0.0 0
1670595750573 0.0 0
1670595751287 0.0 0
1670595752135 0.0 0
1670595752948 0.0003333333333333333 0
1670595753844 0.0 0
1670595754726 0.0 0
1670595755588 0.0 0
1670595756608 0.0003333333333333333 0
1670595757653 0.0003333333333333333 0
1670595758604 0.0 0
1670595759483 0.0 0
1670595760537 0.0 0
1670595761277 0.0003333333333333333 0
1670595762096 0.0003333333333333333 0
1670595762808 0.0 0
1670595763701 0.0 0
1670595764550 0.0 0
1670595765279 0.0003333333333333333 0
1670595766020 0.0 0
1670595766778 0.0 0
1670595767775 0.0 0
1670595768672 0.0 0
1670595769591 0.0003333333333333333 0
1670595770382 0.0 0
1670595771353 0.0 0
1670595772118 0.0003333333333333333 0
1670595772885 0.0006666666666666666 0
1670595773895 0.0003333333333333333 0
1670595774910 0.0 0
1670595775912 0.0 0
1670595776838 0.0003333333333333333 0
1670595777786 0.0 0
1670595778667 0.0 0
1670595779626 0.0 0
1670595780390 0.0 0
1670595781268 0.0006666666666666666 0
1670595782215 0.0003333333333333333 0
1670595783121 0.0 0
1670595783914 0.0 0
1670595784885 0.0 0
1670595786034 0.0 0
1670595786922 0.0 0
1670595787948 0.0 0
1670595788719 0.0003333333333333333 0
1670595789591 0.0 0
1670595790334 0.0 0
1670595791106 0.0006666666666666666 0
1670595791880 0.0003333333333333333 0
1670595792583 0.0 0
1670595793416 0.0 0
1670595794377 0.0 0
1670595795251 0.0003333333333333333 0
1670595796206 0.0003333333333333333 0
1670595797243 0.0003333333333333333 0
1670595798287 0.001 0
1670595799095 0.0 0
