1670596635539 0.35533333333333333 0
1670596636509 0.35033333333333333 0
1670596637405 0.3536666666666667 0
1670596638385 0.35 0
1670596639381 0.352 0
1670596640377 0.351 0
1670596641417 0.3556666666666667 0
1670596642408 0.3496666666666667 0
1670596643390 0.3496666666666667 0
1670596644261 0.3476666666666667 0
1670596645366 0.34933333333333333 0
1670596646222 0.3506666666666667 0
1670596647197 0.352 0
1670596648126 0.353 0
1670596649105 0.3476666666666667 0
1670596649917 0.3516666666666667 0
1670596650679 0.3556666666666667 0
1670596651653 0.3496666666666667 0
1670596652594 0.35333333333333333 0
1670596653409 0.35333333333333333 0
1670596654123 0.3453333333333333 0
1670596655190 0.3466666666666667 0
1670596656058 0.3536666666666667 0
1670596656795 0.35233333333333333 0
1670596657516 0.3546666666666667 0
1670596658499 0.352 0
1670596659282 0.3496666666666667 0
1670596660200 0.3486666666666667 0
1670596660936 0.358 0
1670596661617 0.35033333333333333 0
1670596662515 0.3496666666666667 0
1670596663484 0.3546666666666667 0
1670596664315 0.35 0
1670596665423 0.347 0
1670596666141 0.3473333333333333 0
1670596667009 0.3496666666666667 0
1670596668214 0.353 0
1670596669020 0.353 0
1670596669782 0.35233333333333333 0
1670596670626 0.353 0
1670596671434 0.35133333333333333 0
1670596672224 0.347 0
1670596673069 0.35133333333333333 0
1670596673895 0.35333333333333333 0
1670596674641 0.35133333333333333 0
1670596675696 0.3506666666666667 0
1670596676406 0.351 0
1670596677417 0.3496666666666667 0
1670596678277 0.349 0
1670596679328 0.3506666666666667 0
1670596680339 0.34933333333333333 0
1670596681269 0.34833333333333333 0
1670596682389 0.3486666666666667 0
1670596683209 0.35 0
1670596683965 0.351 0
1670596684807 0.34833333333333333 0
1670596685565 0.35033333333333333 0
1670596686515 0.35 0
1670596687463 0.3506666666666667 0
1670596688421 0.3473333333333333 0
1670596689166 0.35333333333333333 0
1670596690019 0.35133333333333333 0
1670596690746 0.3466666666666667 0
1670596691500 0.34933333333333333 0
1670596692321 0.351 0
1670596693007 0.35133333333333333 0
1670596693722 0.35 0
1670596694474 0.3476666666666667 0
1670596695411 0.3526666666666667 0
1670596696187 0.351 0
1670596697119 0.34833333333333333 0
1670596697927 0.35133333333333333 0
1670596698733 0.35033333333333333 0
1670596699484 0.3486666666666667 0
1670596700218 0.355 0
1670596701111 0.3546666666666667 0
1670596701818 0.35233333333333333 0
1670596702676 0.3556666666666667 0
1670596703659 0.35233333333333333 0
1670596704322 0.3526666666666667 0
1670596705048 0.348 0
1670596705758 0.3506666666666667 0
1670596706752 0.349 0
1670596707450 0.3516666666666667 0
1670596708288 0.349 0
1670596709269 0.3476666666666667 0
1670596710230 0.35733333333333334 0
1670596711373 0.3516666666666667 0
1670596712182 0.34933333333333333 0
1670596713171 0.352 0
1670596713932 0.35033333333333333 0
1670596714838 0.35233333333333333 0
1670596715766 0.349 0
1670596716777 0.3506666666666667 0
1670596717918 0.349 0
1670596718652 0.3466666666666667 0
1670596719697 0.351 0
1670596720592 0.349 0
1670596721667 0.347 0
1670596722588 0.35 0
1670596723466 0.3516666666666667 0
1670596724224 0.34833333333333333 0
1670596725119 0.3496666666666667 0
1670596725864 0.352 0
1670596726826 0.355 0
1670596727695 0.351 0
1670596728578 0.3466666666666667 0
1670596729434 0.3526666666666667 0
1670596730327 0.3536666666666667 0
1670596731249 0.3516666666666667 0
1670596732357 0.35133333333333333 0
1670596733283 0.347 0
1670596733978 0.351 0
1670596734696 0.352 0
1670596735619 0.351 0
1670596736511 0.352 0
1670596737521 0.354 0
1670596738352 0.3486666666666667 0
1670596739121 0.354 0
1670596740248 0.3476666666666667 0
1670596741174 0.3526666666666667 0
1670596742456 0.3516666666666667 0
1670596743218 0.348 0
1670596744155 0.351 0
1670596744875 0.351 0
1670596745776 0.348 0
1670596746606 0.35533333333333333 0
1670596747292 0.3526666666666667 0
1670596747984 0.352 0
1670596748868 0.34933333333333333 0
1670596749683 0.3536666666666667 0
1670596750430 0.354 0
1670596751162 0.3506666666666667 0
1670596752011 0.353 0
1670596753016 0.3536666666666667 0
1670596753703 0.35133333333333333 0
1670596754722 0.3476666666666667 0
1670596755769 0.351 0
1670596756687 0.3506666666666667 0
1670596757403 0.35233333333333333 0
1670596758341 0.35 0
1670596759261 0.35233333333333333 0
1670596759955 0.35033333333333333 0
1670596760974 0.35533333333333333 0
1670596761733 0.355 0
1670596762527 0.349 0
1670596763267 0.35533333333333333 0
1670596764332 0.351 0
1670596765181 0.352 0
1670596765985 0.352 0
1670596766905 0.3516666666666667 0
1670596767703 0.346 0
1670596768491 0.3546666666666667 0
1670596769315 0.353 0
1670596770079 0.35 0
1670596771087 0.35033333333333333 0
1670596772014 0.354 0
1670596772951 0.349 0
1670596773952 0.3516666666666667 0
1670596774824 0.34833333333333333 0
1670596775635 0.35 0
1670596776503 0.351 0
1670596777720 0.3466666666666667 0
1670596778779 0.355 0
1670596779600 0.3516666666666667 0
1670596780491 0.351 0
1670596781533 0.34933333333333333 0
1670596782291 0.352 0
1670596783247 0.3456666666666667 0
1670596784151 0.349 0
1670596785071 0.354 0
1670596786175 0.34833333333333333 0
1670596787160 0.34833333333333333 0
1670596787921 0.3446666666666667 0
1670596788670 0.352 0
1670596789404 0.34833333333333333 0
