1670612081583 0.0 0
1670612081742 0.0 0
1670612081883 0.0 0
1670612082338 0.0 0
1670612082432 0.0 0
1670612082533 0.0 0
1670612082772 0.0 0
1670612083013 0.0 0
1670612083167 0.0 0
1670612083318 0.0 0
1670612083656 0.0 0
1670612083756 0.0 0
1670612083969 0.0 0
1670612084352 0.0 0
1670612084500 0.0 0
1670612084705 0.0 0
1670612084861 0.0 0
1670612085135 0.0 0
1670612085510 0.0 0
1670612085647 0.0 0
1670612085925 0.0 0
1670612086175 0.0 0
1670612086401 0.0 0
1670612086709 0.0 0
1670612086841 0.0 0
1670612087039 0.0 0
1670612087286 0.0 0
1670612087534 0.0 0
1670612087670 0.0 0
1670612087801 0.0 0
1670612087947 0.0 0
1670612088066 0.0 0
1670612088225 0.0 0
1670612088355 0.0 0
1670612088831 0.0 0
1670612089082 0.0 0
1670612089404 0.0 0
1670612089516 0.0 0
1670612089740 0.0 0
1670612090098 0.0 0
1670612090216 0.0 0
1670612090386 0.0 0
1670612090799 0.0 0
1670612090937 0.0 0
1670612091089 0.0 0
1670612091434 0.0 0
1670612091598 0.0 0
1670612091805 0.0 0
1670612091976 0.0 0
1670612092214 0.0 0
1670612092461 0.0 0
1670612092701 0.0 0
1670612092842 0.0 0
1670612092977 0.0 0
1670612093256 0.0 0
1670612093400 0.0 0
1670612093532 0.0 0
1670612093776 0.0 0
1670612093955 0.0 0
1670612094466 0.0 0
1670612094542 0.0 0
1670612094737 0.0 0
1670612094892 0.0 0
1670612095054 0.0 0
1670612095205 0.0 0
1670612095331 0.0 0
1670612095455 0.0 0
1670612095593 0.0 0
1670612095735 0.0 0
1670612095915 0.0 0
1670612096034 0.0 0
1670612096400 0.0 0
1670612096476 0.0 0
1670612096590 0.0 0
1670612096741 0.0 0
1670612096955 0.0 0
1670612097274 0.0 0
1670612097592 0.0 0
1670612097674 0.0 0
1670612097949 0.0 0
1670612098076 0.0 0
1670612098205 0.0 0
1670612098537 0.0 0
1670612098752 0.0 0
1670612098905 0.0 0
1670612099034 0.0 0
1670612099155 0.0 0
1670612099286 0.0 0
1670612099676 0.0 0
1670612099773 0.0 0
1670612099910 0.0 0
1670612100194 0.0 0
1670612100386 0.0 0
1670612100518 0.0 0
1670612100810 0.0 0
1670612101051 0.0 0
1670612101340 0.0 0
1670612101451 0.0 0
1670612101559 0.0 0
1670612101784 0.0 0
1670612101988 0.0 0
1670612102241 0.0 0
