1670639380058 0.1276319452146085 0
1670639405197 0.12682898452412367 0
1670639428649 0.12441682948115891 0
1670639455381 0.12717828875740622 0
1670639481100 0.12580427367700528 0
1670639504509 0.12545097589828066 0
1670639573666 0.1277519517118821 0
1670639622112 0.12778123791151041 0
1670639647098 0.12881973743197597 0
1670639670597 0.12784318240343187 0
1670639703119 0.13020748580097063 0
1670639747661 0.12871252119874568 0
1670639772229 0.12690044927819033 0
1670639820781 0.12579250912477657 0
1670639847514 0.1297220807653805 0
1670639898503 0.12809076264710437 0
1670639926282 0.12562381481627957 0
1670639950534 0.12646889285714805 0
1670639973869 0.1265923064325196 0
1670639997194 0.12873053020141811 0
1670640025562 0.1301668863625542 0
1670640067836 0.13127451440058613 0
1670640091091 0.12438772491099447 0
1670640114263 0.1269148724292538 0
1670640161803 0.12734491269117987 0
1670640203662 0.12791868516065646 0
1670640227049 0.12559575984977034 0
1670640250687 0.12257939692193276 0
1670640273916 0.12676523866229983 0
1670640305283 0.12909686875384746 0
