1670595138922 0.017788686631004913 0
1670595143125 0.005320154658106702 0
1670595147024 0.0055006630420320335 0
1670595150701 0.004295511432847371 0
1670595155097 0.003632320973455505 0
1670595159262 0.00320223368417738 0
1670595163002 0.003119153612172826 0
1670595166901 0.00294109711646634 0
1670595170858 0.003117840216075085 0
1670595174814 0.0029280679175585356 0
1670595179121 0.0027724260021714797 0
1670595183256 0.0032938604515118375 0
1670595187131 0.003349673465073616 0
1670595190646 0.0032648384792989538 0
1670595194676 0.00315740636512446 0
1670595198676 0.0031227906101524427 0
1670595203022 0.00303893382835585 0
1670595206967 0.002972633534693847 0
1670595211050 0.002999676627246539 0
1670595214849 0.002925951969422358 0
1670595218810 0.002858996357922805 0
1670595222736 0.00319750907821173 0
1670595227139 0.0031710046388703506 0
1670595231257 0.003102434303983631 0
1670595235204 0.003056432141401 0
1670595239510 0.002993941592027455 0
1670595243750 0.0030080029031512856 0
1670595248151 0.0029710951989957712 0
1670595252006 0.002832010432819193 0
1670595255980 0.0028441815638638457 0
1670595260051 0.003004567893829524 0
1670595264124 0.002990758692982265 0
1670595268485 0.002956604815918612 0
1670595273230 0.0029225669284008993 0
1670595277275 0.0028829333020009007 0
1670595281468 0.002859506846220383 0
1670595285765 0.002896186199560863 0
1670595289966 0.002937053789883015 0
1670595294526 0.0029454287634664567 0
1670595298532 0.0029123270021802206 0
1670595302973 0.0028774608666508328 0
1670595307098 0.0028438177197648573 0
1670595311096 0.0028485728774004238 0
1670595314932 0.0030090504874396296 0
1670595319198 0.0031863882477931593 0
1670595323474 0.0031677447670403758 0
1670595327550 0.0031347511986941634 0
1670595331717 0.003112240997018789 0
1670595335492 0.0030811830738292356 0
1670595339236 0.003051036718302619 0
1670595343164 0.003183948848673984 0
1670595346776 0.0031599748007141437 0
1670595350667 0.003190458079383812 0
1670595354478 0.003162395603332535 0
1670595358467 0.003172965331794675 0
1670595362286 0.003153058170702411 0
1670595365931 0.0031696195721372944 0
1670595369534 0.0031440819063576486 0
1670595373246 0.0031183075585880238 0
1670595377009 0.003102115020575086 0
1670595381087 0.0030789363335301523 0
1670595384948 0.0030805655522290754 0
1670595388583 0.0030750351089588734 0
1670595392229 0.00306428667400252 0
1670595395546 0.0030607146358672954 0
1670595399174 0.0030408353735348614 0
1670595402916 0.003022118672165397 0
1670595407049 0.003102459468440233 0
1670595411249 0.003154432523674172 0
1670595415652 0.003136107612865424 0
1670595419855 0.0031522283930540684 0
1670595424336 0.0031345904479640474 0
1670595428417 0.0031274706236619765 0
1670595432137 0.003107309425842114 0
1670595435855 0.003129297212125931 0
1670595439822 0.0031157371572734793 0
1670595443609 0.00309632941031604 0
1670595447168 0.0030802702399702897 0
1670595450323 0.003089648707046533 0
1670595453868 0.0030724621244588857 0
1670595457239 0.003054357614132336 0
1670595461125 0.0030365908635403005 0
1670595464983 0.0030648425200444085 0
1670595468639 0.003047563376652296 0
1670595472191 0.003041575968998761 0
1670595475458 0.003056972885744441 0
1670595479179 0.0031062881817821297 0
1670595482880 0.003088948009433573 0
1670595486004 0.0030842456581622324 0
1670595489754 0.0031672588022685078 0
1670595492636 0.0031502061642634804 0
1670595496028 0.0031357610807199177 0
1670595499365 0.0031923447585809894 0
1670595502518 0.003237281793833424 0
1670595505270 0.0032477282691930343 0
1670595508501 0.0032413098883822544 0
1670595511392 0.003225290326899277 0
1670595514326 0.0032261683818703424 0
1670595517736 0.0032100356914884776 0
1670595521148 0.0032009732871459418 0
1670595524175 0.0032421113262080803 0
