1670586923877 nan 0
1670586926033 nan 0
1670586928156 nan 0
1670586930442 nan 0
1670586932889 nan 0
1670586935174 nan 0
1670586937543 nan 0
1670586939622 nan 0
1670586941763 1.1102230246251565e-16 0
1670586944203 1.1102230246251565e-16 0
1670586946365 nan 0
1670586948640 nan 0
1670586950587 nan 0
1670586952737 1.1102230246251565e-16 0
1670586955384 nan 0
1670586957612 nan 0
1670586959798 1.1102230246251565e-16 0
1670586962130 1.1102230246251565e-16 0
1670586964361 1.1102230246251565e-16 0
1670586966897 1.1102230246251565e-16 0
1670586969137 1.1102230246251565e-16 0
1670586971206 2.220446049250313e-16 0
1670586973422 nan 0
1670586975737 1.1102230246251565e-16 0
1670586978412 1.1102230246251565e-16 0
1670586980720 2.220446049250313e-16 0
1670586983085 2.220446049250313e-16 0
1670586985241 0.00012458795128733602 0
1670586987331 0.00011727476747552812 0
1670586989540 0.00011543188023982465 0
1670586991996 0.00011367310026616506 0
1670586994400 0.00011199222823027322 0
1670586996760 0.00011038368523674791 0
1670586999473 0.00010884243532838234 0
1670587001885 0.0001073639194864584 0
1670587004413 0.00010594399916430408 0
1670587006708 0.00010457890777099133 0
1670587008699 0.0001032652088172048 0
1670587010847 0.00010199975966984631 0
1670587013209 0.00010077968004951199 0
1670587015413 9.960232455480389e-05 0
1670587017675 9.846525862033939e-05 0
1670587019775 9.736623741263273e-05 0
1670587022479 9.630318724929143e-05 0
1670587024381 9.527418919308417e-05 0
1670587026832 9.427746452617125e-05 0
1670587028789 9.33113618557524e-05 0
1670587030582 9.237434563885705e-05 0
1670587032846 9.146498594519992e-05 0
1670587034844 9.058194930389174e-05 0
1670587036917 8.9723990500723e-05 0
1670587039089 8.888994521161209e-05 0
1670587041505 8.807872337335265e-05 0
1670587043799 8.728930320645034e-05 0
1670587045608 8.652072581494252e-05 0
1670587048156 8.577209029897448e-05 0
1670587049904 8.504254932395483e-05 0
1670587052231 8.433130509560849e-05 0
1670587054586 8.363760569901624e-05 0
1670587057097 8.296074176272761e-05 0
1670587059279 8.230004341419628e-05 0
1670587061849 8.165487749761668e-05 0
1670587064156 8.102464502712792e-05 0
1670587066174 8.040877885290287e-05 0
1670587068590 7.980674151891742e-05 0
1670587070962 7.92180232940809e-05 0
1670587073237 7.864214036090722e-05 0
1670587075128 0.00010960494405976018 0
1670587077398 0.00010884243532838234 0
1670587079606 0.00010809560355917736 0
1670587081806 0.0001073639194864584 0
1670587084316 0.00010664687849487597 0
1670587086326 0.00010594399916430408 0
1670587088688 0.0001052548219190319 0
1670587090729 0.00010457890777099133 0
1670587092689 0.00010391583715052555 0
1670587094938 0.0001032652088172048 0
1670587096865 0.00010262663884402778 0
1670587099240 0.00010199975966984631 0
1670587101475 0.00010138421921412899 0
1670587103506 0.00010077968004951199 0
1670587105750 0.00010018581862769604 0
1670587107659 9.960232455480389e-05 0
1670587109795 9.902889991231234e-05 0
1670587111715 9.846525862033939e-05 0
1670587113751 9.791112584001116e-05 0
1670587115902 9.736623741263273e-05 0
1670587118273 9.683033933211016e-05 0
1670587120414 9.630318724929143e-05 0
1670587122622 9.578454600556174e-05 0
1670587124711 9.527418919308417e-05 0
1670587126932 9.477189874124159e-05 0
1670587128923 9.427746452617125e-05 0
1670587130663 9.379068400244828e-05 0
1670587132759 9.33113618557524e-05 0
1670587134945 9.283930967435294e-05 0
1670587136911 9.237434563885705e-05 0
1670587138856 9.191629422883318e-05 0
1670587140802 9.146498594519992e-05 0
1670587142894 9.102025704726957e-05 0
1670587145046 9.058194930389174e-05 0
1670587147160 9.014990975758641e-05 0
1670587149036 8.9723990500723e-05 0
1670587150764 8.93040484633012e-05 0
1670587152601 8.888994521161209e-05 0
1670587154506 8.84815467567801e-05 0
1670587156778 8.807872337335265e-05 0
1670587159097 8.768134942616079e-05 0
1670587161303 8.728930320645034e-05 0
1670587163542 8.69024667752849e-05 0
1670587165833 8.652072581494252e-05 0
1670587168319 8.614396948730674e-05 0
1670587170694 8.577209029897448e-05 0
1670587172697 8.540498397252572e-05 0
1670587175038 8.504254932395483e-05 0
1670587176798 8.468468814581964e-05 0
1670587178842 8.433130509560849e-05 0
1670587180863 8.398230758915881e-05 0
1670587183002 8.363760569901624e-05 0
1670587185159 8.329711205729007e-05 0
1670587187261 8.296074176272761e-05 0
1670587189436 8.262841229184081e-05 0
1670587191408 8.230004341419628e-05 0
1670587193555 8.197555711103588e-05 0
1670587195467 8.165487749761668e-05 0
1670587197594 8.133793074860396e-05 0
1670587199836 9.883994624076964e-05 0
1670587201992 9.846525862033939e-05 0
1670587204134 9.809479678540844e-05 0
1670587206287 9.772848196143435e-05 0
1670587208240 9.736623741263273e-05 0
1670587210212 9.700798837491975e-05 0
1670587211993 9.665366199118619e-05 0
1670587213829 9.630318724929143e-05 0
