1670575769660 0.0 0
1670575770092 0.0 0
1670575770408 0.0 0
1670575770718 0.0 0
1670575771046 0.0 0
1670575771340 0.0 0
1670575771818 0.0 0
1670575772077 0.0 0
1670575772552 0.0 0
1670575772853 0.0 0
1670575773169 0.0 0
1670575773401 0.0 0
1670575773580 0.0 0
1670575773762 0.0 0
1670575774031 0.0 0
1670575774316 0.0 0
1670575774636 0.0 0
1670575775082 0.0 0
1670575775290 0.0 0
1670575775638 0.0 0
1670575775832 0.0 0
1670575776202 0.0 0
1670575776622 0.0 0
1670575776941 0.0 0
1670575777560 0.0 0
1670575777877 0.0 0
1670575778288 0.0 0
1670575778550 0.0 0
1670575778781 0.0 0
1670575778995 0.0 0
1670575779180 0.0 0
1670575779428 0.0 0
1670575779881 0.0 0
1670575780146 0.0 0
1670575780397 0.0 0
1670575780807 0.0 0
1670575781136 0.0 0
1670575781369 0.0 0
1670575781597 0.0 0
1670575781930 0.0 0
1670575782239 0.0 0
1670575782515 0.0 0
1670575782859 0.0 0
1670575783268 0.0 0
1670575783456 0.0 0
1670575783935 0.0 0
1670575784252 0.0 0
1670575784663 0.0 0
1670575785038 0.0 0
1670575785346 0.0 0
1670575785528 0.0 0
1670575785718 0.0 0
1670575785894 0.0 0
1670575786052 0.0 0
1670575786275 0.0 0
1670575786652 0.0 0
1670575787060 0.0 0
1670575787306 0.0 0
1670575787622 0.0 0
1670575787925 0.0 0
1670575788242 0.0 0
1670575788592 0.0 0
1670575788919 0.0 0
1670575789305 0.0 0
1670575789510 0.0 0
1670575789899 0.0 0
1670575790347 0.0 0
1670575790548 0.0 0
1670575790914 0.0 0
1670575791195 0.0 0
1670575791430 0.0 0
1670575791819 0.0 0
1670575792076 0.0 0
1670575792429 0.0 0
1670575792609 0.0 0
1670575792810 0.0 0
1670575793152 0.0 0
1670575793469 0.0 0
1670575793822 0.0 0
1670575794192 0.0 0
1670575794409 0.0 0
1670575794799 0.0 0
1670575795172 0.0 0
1670575795567 0.0 0
1670575795917 0.0 0
1670575796282 0.0 0
1670575796700 0.0 0
1670575797057 0.0 0
1670575797456 0.0 0
1670575797787 0.0 0
1670575798126 0.0 0
1670575798315 0.0 0
1670575798521 0.0 0
1670575798716 0.0 0
1670575798876 0.0 0
1670575799044 0.0 0
1670575799348 0.0 0
1670575799740 0.0 0
1670575799982 0.0 0
1670575800316 0.0 0
1670575800548 0.0 0
1670575800822 0.0 0
