1670646904691 0.06653801403246894 0
1670646937025 0.06937923801109534 0
1670646963371 0.06854823820836678 0
1670646990111 0.06898241895210508 0
1670647060555 0.06882335536319897 0
1670647094876 0.06879909390982449 0
1670647125576 0.07119535469773537 0
1670647158780 0.0696993912567538 0
1670647185174 0.06884756856649066 0
1670647214205 0.06746349768447792 0
1670647252358 0.0680187351208466 0
1670647284295 0.0659798611482959 0
1670647317039 0.0680483860071486 0
1670647344191 0.07060283201735063 0
1670647396327 0.06786052160752118 0
1670647437535 0.0695302641173108 0
1670647463825 0.06675321193604558 0
1670647490023 0.06666285880765203 0
1670647516128 0.06857625973083409 0
1670647542266 0.0675036055927595 0
1670647568744 0.0651291870829137 0
1670647594973 0.06543856715298321 0
1670647622359 0.06733304892815889 0
1670647649140 0.07088236789315978 0
1670647690058 0.06685238513672735 0
1670647716125 0.06779655670192009 0
1670647785321 0.06946445423907335 0
1670647828569 0.06895272307963093 0
1670647866085 0.06888160171464239 0
1670647893719 0.06918516334693113 0
