1670630809676 0.0001 0
1670630815489 0.0002 0
1670630820987 0.0002 0
1670630826153 0.0 0
1670630831882 0.0 0
1670630837242 0.0003 0
1670630843063 0.0001 0
1670630848500 0.0 0
1670630853960 0.0 0
1670630859178 0.0 0
1670630864546 0.0001 0
1670630869914 0.0 0
1670630875477 0.0001 0
1670630881262 0.0 0
1670630886904 0.0 0
1670630892289 0.0003 0
1670630897146 0.0001 0
1670630902525 0.0002 0
1670630908048 0.0001 0
1670630913317 0.0001 0
1670630918840 0.0001 0
1670630924275 0.0 0
1670630929778 0.0 0
1670630935199 0.0004 0
1670630940883 0.0001 0
1670630946337 0.0001 0
1670630951063 0.0 0
1670630956216 0.0002 0
1670630961487 0.0002 0
1670630966625 0.0001 0
1670630972159 0.0002 0
1670630977707 0.0001 0
1670630983130 0.0001 0
1670630988760 0.0002 0
1670630994643 0.0002 0
1670631000395 0.0 0
1670631006048 0.0002 0
1670631011803 0.0 0
1670631017471 0.0001 0
1670631023258 0.0001 0
1670631029013 0.0001 0
1670631034572 0.0001 0
1670631040082 0.0001 0
1670631045680 0.0003 0
1670631051286 0.0 0
1670631056285 0.0002 0
1670631062150 0.0 0
1670631068026 0.0001 0
1670631073359 0.0004 0
1670631078499 0.0003 0
1670631083675 0.0 0
1670631089235 0.0002 0
1670631094914 0.0001 0
1670631100719 0.0001 0
1670631106367 0.0 0
1670631112118 0.0 0
1670631117628 0.0001 0
1670631122638 0.0002 0
1670631128359 0.0003 0
1670631133643 0.0002 0
1670631139029 0.0001 0
1670631144721 0.0001 0
1670631150053 0.0003 0
1670631155209 0.0001 0
1670631160414 0.0 0
1670631166076 0.0 0
1670631171306 0.0001 0
1670631176173 0.0001 0
1670631181166 0.0003 0
1670631186163 0.0003 0
1670631191193 0.0 0
1670631196621 0.0 0
1670631202235 0.0002 0
1670631207515 0.0 0
1670631212559 0.0001 0
1670631217527 0.0002 0
1670631222745 0.0 0
1670631227891 0.0002 0
1670631232944 0.0001 0
1670631238388 0.0 0
1670631243663 0.0002 0
1670631248574 0.0001 0
1670631253590 0.0001 0
1670631258581 0.0 0
1670631263297 0.0002 0
1670631267907 0.0003 0
1670631272693 0.0001 0
1670631277117 0.0001 0
1670631281542 0.0 0
1670631285953 0.0002 0
1670631289925 0.0001 0
1670631293755 0.0001 0
1670631297671 0.0001 0
1670631302491 0.0003 0
1670631306448 0.0001 0
1670631310179 0.0002 0
1670631314572 0.0001 0
1670631318947 0.0 0
1670631323178 0.0002 0
1670631327423 0.0 0
1670631331490 0.0003 0
1670631335638 0.0 0
1670631340708 0.0002 0
1670631345695 0.0 0
1670631350473 0.0001 0
1670631355245 0.0002 0
1670631360026 0.0003 0
1670631364802 0.0003 0
1670631369620 0.0 0
1670631373853 0.0002 0
1670631378140 0.0002 0
1670631382499 0.0 0
1670631386763 0.0001 0
1670631391132 0.0 0
1670631395409 0.0001 0
1670631399714 0.0 0
