1670634366659 0.0 0
1670634367193 0.0 0
1670634367710 0.0 0
1670634368223 0.0 0
1670634368756 0.0 0
1670634369275 0.0 0
1670634369803 0.0 0
1670634370327 0.0 0
1670634370841 0.0 0
1670634371357 0.0 0
1670634371888 0.0 0
1670634372412 0.0 0
1670634372939 0.0 0
1670634373464 0.0 0
1670634374000 0.0 0
1670634374511 0.0 0
1670634375030 0.0 0
1670634375554 0.0 0
1670634376099 0.0 0
1670634376626 0.0 0
1670634377152 0.0 0
1670634377688 0.0 0
1670634378221 0.0 0
1670634378751 0.0 0
1670634379278 0.0 0
1670634379817 0.0 0
1670634380339 0.0 0
1670634380875 0.0 0
1670634381405 0.0 0
1670634381939 0.0 0
1670634382460 0.0 0
1670634382990 0.0 0
1670634383516 0.0 0
1670634384045 0.0 0
1670634384590 0.0 0
1670634385125 0.0 0
1670634385662 0.0 0
1670634386200 0.0 0
1670634386731 0.0 0
1670634387252 0.0 0
1670634387774 0.0 0
1670634388297 0.0 0
1670634388807 0.0 0
1670634389323 0.0 0
1670634389837 0.0 0
1670634390359 0.0 0
1670634390901 0.0 0
1670634391412 0.0 0
1670634391932 0.0 0
1670634392447 0.0 0
1670634392962 0.0 0
1670634393480 0.0 0
1670634394018 0.0 0
1670634394549 0.0 0
1670634395079 0.0 0
1670634395612 0.0 0
1670634396137 0.0 0
1670634396663 0.0 0
1670634397190 0.0 0
1670634397719 0.0 0
1670634398185 0.0 0
1670634398673 0.0 0
1670634399155 0.0 0
1670634399642 0.0 0
1670634400129 0.0 0
1670634400616 0.0 0
1670634401098 0.0 0
1670634401583 0.0 0
1670634402161 0.0 0
1670634402788 0.0 0
1670634403320 0.0 0
1670634403845 0.0 0
1670634404362 0.0 0
1670634404890 0.0 0
1670634405418 0.0 0
1670634405938 0.0 0
1670634406446 0.0 0
1670634406965 0.0 0
1670634407494 0.0 0
1670634408033 0.0 0
1670634408546 0.0 0
1670634409083 0.0 0
1670634409596 0.0 0
1670634410119 0.0 0
1670634410629 0.0 0
1670634411144 0.0 0
1670634411663 0.0 0
1670634412185 0.0 0
1670634412706 0.0 0
1670634413222 0.0 0
1670634413731 0.0 0
1670634414249 0.0 0
1670634414761 0.0 0
1670634415299 0.0 0
1670634415816 0.0 0
1670634416340 0.0 0
1670634416865 0.0 0
1670634417387 0.0 0
1670634417832 0.0 0
1670634418232 0.0 0
1670634418632 0.0 0
