1670612335225 0.0 0
1670612336010 0.0 0
1670612336919 0.0 0
1670612337599 0.0 0
1670612338302 0.0 0
1670612339217 0.0 0
1670612339993 0.0 0
1670612340783 0.0 0
1670612341458 0.0003333333333333333 0
1670612342256 0.0 0
1670612343083 0.0003333333333333333 0
1670612343809 0.0 0
1670612344738 0.0 0
1670612345558 0.0 0
1670612346091 0.0003333333333333333 0
1670612347062 0.0 0
1670612347665 0.0 0
1670612348261 0.0 0
1670612348800 0.0 0
1670612349288 0.0 0
1670612350092 0.0 0
1670612350825 0.0 0
1670612351361 0.0 0
1670612351759 0.0 0
1670612352318 0.0 0
1670612352908 0.0 0
1670612353263 0.0 0
1670612353975 0.0 0
1670612354650 0.0 0
1670612355262 0.0 0
1670612355950 0.0 0
1670612356702 0.0 0
1670612357330 0.0 0
1670612357798 0.0 0
1670612358366 0.0 0
1670612359074 0.0003333333333333333 0
1670612359561 0.0 0
1670612360148 0.0 0
1670612360866 0.0 0
1670612361640 0.0 0
1670612362147 0.0 0
1670612362794 0.0 0
1670612363500 0.0 0
1670612363978 0.0 0
1670612364549 0.0 0
1670612365177 0.0 0
1670612365783 0.0 0
1670612366338 0.0 0
1670612366948 0.0 0
1670612367570 0.0 0
1670612368210 0.0 0
1670612368816 0.0 0
1670612369209 0.0 0
1670612369738 0.0 0
1670612370457 0.0 0
1670612370938 0.0 0
1670612371578 0.0 0
1670612372070 0.0 0
1670612372637 0.0 0
1670612373098 0.0 0
1670612373730 0.0 0
1670612374318 0.0 0
1670612375077 0.0 0
1670612375580 0.0 0
1670612376048 0.0 0
1670612376714 0.0003333333333333333 0
1670612377318 0.0003333333333333333 0
1670612378034 0.0 0
1670612378470 0.0 0
1670612379042 0.0 0
1670612379749 0.0 0
1670612380324 0.0 0
1670612380827 0.0 0
1670612381316 0.0 0
1670612381959 0.0 0
1670612382672 0.0 0
1670612383210 0.0 0
1670612383888 0.0 0
1670612384464 0.0 0
1670612385014 0.0 0
1670612385641 0.0 0
1670612386352 0.0003333333333333333 0
1670612386915 0.0 0
1670612387477 0.0 0
1670612388132 0.0 0
1670612388697 0.0 0
1670612389253 0.0 0
1670612389843 0.0 0
1670612390505 0.0 0
1670612390982 0.0 0
1670612391729 0.0 0
1670612392259 0.0 0
1670612392792 0.0 0
1670612393617 0.0 0
1670612394034 0.0 0
1670612394772 0.0 0
1670612395423 0.0 0
1670612396209 0.0 0
1670612396795 0.0 0
1670612397215 0.0 0
1670612397913 0.0 0
1670612398634 0.0 0
1670612399290 0.0 0
1670612400177 0.0 0
1670612400554 0.0 0
1670612400924 0.0 0
1670612401821 0.0 0
1670612402493 0.0 0
1670612403443 0.0 0
1670612404036 0.0 0
1670612404761 0.0003333333333333333 0
1670612405429 0.0 0
1670612406027 0.0 0
1670612406773 0.0003333333333333333 0
1670612407694 0.0 0
1670612408062 0.0 0
1670612408707 0.0 0
1670612409264 0.0 0
1670612410065 0.0 0
1670612410783 0.0 0
1670612411691 0.0 0
1670612412457 0.0 0
1670612413090 0.0 0
1670612413532 0.0 0
1670612414198 0.0 0
1670612414694 0.0 0
1670612415215 0.0 0
1670612415722 0.0003333333333333333 0
1670612416254 0.0 0
1670612416847 0.0 0
1670612417586 0.0 0
1670612418135 0.0 0
1670612418779 0.0 0
1670612419461 0.0 0
1670612420234 0.0 0
1670612420793 0.0 0
1670612421351 0.0 0
1670612421836 0.0003333333333333333 0
1670612422366 0.0 0
1670612422976 0.0 0
