1670632947971 0.0 0
1670632951760 0.0 0
1670632955543 0.0 0
1670632959393 0.0 0
1670632963408 0.0 0
1670632967484 0.0 0
1670632971319 0.0 0
1670632975120 0.0 0
1670632978919 0.0 0
1670632982754 0.0 0
1670632986556 0.0 0
1670632990395 0.0 0
1670632994217 0.0 0
1670632998028 0.0 0
1670633001818 0.0 0
1670633005627 0.0 0
1670633009425 0.0 0
1670633013274 0.0 0
1670633017255 0.0 0
1670633021039 0.0 0
1670633024846 0.0 0
1670633028660 0.0 0
1670633032455 0.0 0
1670633036279 0.0 0
1670633040119 0.0 0
1670633043939 0.0 0
1670633047722 0.0 0
1670633051487 0.0 0
1670633055283 0.0 0
1670633059070 0.0 0
