1670611895853 0.0 0
1670611896018 0.0 0
1670611896318 0.0 0
1670611896654 0.0 0
1670611896786 0.0 0
1670611896964 0.0 0
1670611897094 0.0 0
1670611897408 0.0 0
1670611897589 0.0 0
1670611897859 0.0 0
1670611898204 0.0 0
1670611898460 0.0 0
1670611898694 0.0 0
1670611898854 0.0 0
1670611899111 0.0 0
1670611899286 0.0 0
1670611899634 0.0 0
1670611899954 0.0 0
1670611900099 0.0 0
1670611900267 0.0 0
1670611900538 0.0 0
1670611900781 0.0 0
1670611900980 0.0 0
1670611901170 0.0 0
1670611901341 0.0 0
1670611901519 0.0 0
1670611901749 0.0 0
1670611902059 0.0 0
1670611902195 0.0 0
1670611902429 0.0 0
1670611902661 0.0 0
1670611902840 0.0 0
1670611903128 0.0 0
1670611903287 0.0 0
1670611903472 0.0 0
1670611903755 0.0 0
1670611903912 0.0 0
1670611904003 0.0 0
1670611904364 0.0 0
1670611904575 0.0 0
1670611904807 0.0 0
1670611905077 0.0 0
1670611905301 0.0 0
1670611905473 0.0 0
1670611905785 0.0 0
1670611905919 0.0 0
1670611906103 0.0 0
1670611906313 0.0 0
1670611906460 0.0 0
1670611906763 0.0 0
1670611907088 0.0 0
1670611907252 0.0 0
1670611907655 0.0 0
1670611907750 0.0 0
1670611907962 0.0 0
1670611908208 0.0 0
1670611908394 0.0 0
1670611908562 0.0 0
1670611908716 0.0 0
1670611908983 0.0 0
1670611909080 0.0 0
1670611909320 0.0 0
1670611909488 0.0 0
1670611909640 0.0 0
1670611909891 0.0 0
1670611910174 0.0 0
1670611910447 0.0 0
1670611910639 0.0 0
1670611910798 0.0 0
1670611911089 0.0 0
1670611911231 0.0 0
1670611911459 0.0 0
1670611911707 0.0 0
1670611912037 0.0 0
1670611912271 0.0 0
1670611912510 0.0 0
1670611912748 0.0 0
1670611912966 0.0 0
1670611913391 0.0 0
1670611913515 0.0 0
1670611913939 0.0 0
1670611914107 0.0 0
1670611914322 0.0 0
1670611914489 0.0 0
1670611914632 0.0 0
1670611914772 0.0 0
1670611915036 0.0 0
1670611915225 0.0 0
1670611915441 0.0 0
1670611915653 0.0 0
1670611915849 0.0 0
1670611916055 0.0 0
1670611916296 0.0 0
1670611916532 0.0 0
1670611916785 0.0 0
1670611916976 0.0 0
1670611917088 0.0 0
1670611917315 0.0 0
1670611917469 0.0 0
1670611917629 0.0 0
1670611917821 0.0 0
1670611918015 0.0 0
