1670585291728 0.004235401578810698 0
1670585292564 0.0013521932988493658 0
1670585293564 0.0009186931155186995 0
1670585294387 0.0007403853613860797 0
1670585295584 0.0006386661920440906 0
1670585296705 0.0007369347310319274 0
1670585297716 0.0007631791953500897 0
1670585298795 0.0007247071828116957 0
1670585299742 0.0006911004288098087 0
1670585300765 0.0006615519107133094 0
1670585301856 0.0006353696873281309 0
1670585302855 0.0006704039475887438 0
1670585303574 0.0006506367181004414 0
1670585304333 0.0006323069065928471 0
1670585305568 0.0006152964844463903 0
1670585306265 0.0005994844906250343 0
1670585307206 0.0005847560771503889 0
1670585308309 0.0005710060402479542 0
1670585309066 0.0005581397478422035 0
1670585310270 0.0005922991830687249 0
1670585311220 0.0006174536704982179 0
1670585311932 0.0006071040953864554 0
1670585312889 0.0005971700141183006 0
1670585313858 0.0005876375052468599 0
1670585314589 0.0005784901145612938 0
1670585315526 0.0006005272175566019 0
1670585316330 0.0005923124505106904 0
1670585317567 0.0005843692902022044 0
1670585318333 0.0005526478887627751 0
1670585319235 0.0005463233704095641 0
1670585320133 0.0005401643001808569 0
1670585321084 0.0005341688838144737 0
1670585321858 0.000528334312855415 0
1670585322848 0.0005226570625440144 0
1670585323952 0.000517133116338558 0
1670585324708 0.0005117581352960817 0
1670585325389 0.0005065275857886306 0
1670585326061 0.0005014368355942002 0
1670585327066 0.000496481225889969 0
1670585327919 0.0005178153717758284 0
1670585328836 0.0005130881606771493 0
1670585329648 0.0005084724090887175 0
1670585330666 0.0005039650270362465 0
1670585331331 0.0005226570625440144 0
1670585332108 0.0005183476298214886 0
1670585333097 0.0005141289119835565 0
1670585333891 0.0005099987983493994 0
1670585334972 0.000505955128411887 0
1670585336065 0.0005019957157561553 0
1670585336985 0.0004981183671381318 0
1670585337742 0.0004943208976333617 0
1670585338917 0.0004906011425908898 0
1670585339825 0.0005075623627359097 0
1670585340630 0.0005039650270362465 0
1670585341574 0.0005004350513084907 0
1670585342378 0.0004969708379560796 0
1670585343199 0.0005122407326113731 0
1670585344373 0.0005088874980406161 0
1670585345369 0.0005055917330589447 0
1670585346219 0.0005194164025267673 0
1670585347011 0.0005162270619736893 0
1670585347709 0.0005130881606771493 0
1670585348480 0.000525694728633164 0
1670585349353 0.0005226570625440144 0
1670585350267 0.0005196638510182541 0
1670585351065 0.000516714424420085 0
1670585351852 0.0005138080925206097 0
1670585352628 0.0005109441497355836 0
1670585353416 0.0005081218796187909 0
1670585354331 0.0005053405587124225 0
1670585355195 0.000502599459841488 0
1670585356030 0.0004998978549271079 0
1670585357032 0.0004972350173831356 0
1670585358163 0.0004946102241517198 0
1670585358956 0.0004920227574258194 0
1670585359874 0.0004894719061002163 0
1670585360587 0.0004869569669869897 0
1670585361249 0.00048447724582663984 0
1670585362035 0.000482032058121929 0
1670585362740 0.0004796207298179546 0
1670585363865 0.0004772425978489087 0
1670585364703 0.0004892910849018783 0
1670585365546 0.0004869569669869897 0
1670585366517 0.0004846532154754981 0
1670585367333 0.0004823792820219745 0
1670585368295 0.0004801346260141485 0
1670585369120 0.0004779187149592547 0
1670585369962 0.000475731024794845 0
1670585370990 0.00047357104013351993 0
1670585371704 0.00047143825444989716 0
1670585372710 0.0004693321702171441 0
1670585373565 0.0004672522989995319 0
1670585374518 0.00046519816150669897 0
1670585375275 0.00046316928761464286 0
1670585376282 0.0004611652163578664 0
1670585377050 0.0004591854958965805 0
1670585377986 0.00045722968346241055 0
1670585378694 0.0004552973452856434 0
1670585379414 0.00045338805650669845 0
1670585380464 0.00046465467744421444 0
1670585381282 0.0004751884511774144 0
1670585382022 0.0004733029647691233 0
1670585382758 0.00047143825444989716 0
1670585383526 0.0004695939872929867 0
1670585384526 0.0004677698357015559 0
1670585385353 0.0004659654774375362 0
1670585386376 0.0004641805956352986 0
1670585387013 0.0004624148788019198 0
1670585387842 0.00046066802080563734 0
1670585388635 0.00045893972085391584 0
1670585389482 0.0004572296834624104 0
1670585390351 0.00045553761841596904 0
1670585391277 0.0004538632407227015 0
1670585392140 0.0004522062705620376 0
1670585392906 0.00045056643322759866 0
1670585393721 0.00044894345906561933 0
1670585394794 0.00044733708340958394 0
1670585395548 0.00045722968346241055 0
1670585396333 0.0004665647506038153 0
1670585397274 0.00046497149199905776 0
1670585398248 0.00046339348487356544 0
1670585399243 0.00046183051234036646 0
1670585400413 0.0004602823608543129 0
1670585401373 0.00045874882019783655 0
1670585402458 0.0004572296834624105 0
1670585403322 0.0004557247470262036 0
1670585404423 0.000454233810528373 0
1670585405217 0.0004630631958231415 0
1670585406105 0.0004615850874694706 0
1670585406940 0.0004601202510943217 0
1670585407729 0.0004586685083274528 0
1670585408705 0.00045722968346241033 0
1670585409465 0.00046560695300524625 0
1670585410216 0.00047357104013351993 0
1670585411008 0.00047214619180034937 0
1670585411774 0.000479729610510299 0
1670585412686 0.0004869569669869897 0
1670585413519 0.0004855511022286937 0
1670585414368 0.0004924514400318045 0
1670585415388 0.0004990415637255894 0
1670585416419 0.0004976584960790052 0
1670585417344 0.0004962857467299939 0
