1670643706674 0.0036046624168524265 0
1670643744204 0.0038644233070475355 0
1670643781857 0.004041410692668304 0
1670643819885 0.004249567414329394 0
1670643857539 0.0037844468196656872 0
1670643895163 0.0035931532473570914 0
1670643943029 0.0036583547768058756 0
1670643980580 0.0041781938506310744 0
1670644050194 0.00424532254574278 0
1670644108984 0.004464943357987727 0
1670644151347 0.00388993584188486 0
1670644195921 0.003595591414316408 0
1670644234286 0.004317309645838951 0
1670644272010 0.004024120397616698 0
1670644309691 0.0040576917504717685 0
1670644349250 0.004061256883509296 0
1670644391749 0.004393881569372275 0
1670644431751 0.00402294260452426 0
1670644497003 0.0037959436516731447 0
1670644537935 0.0037932618766232497 0
1670644575570 0.004145228942429854 0
1670644618304 0.00405636833987402 0
1670644678393 0.004121242740880561 0
1670644716606 0.003902356541573013 0
1670644754583 0.004130022145655949 0
1670644792847 0.004358704852056818 0
1670644834748 0.003946828764236155 0
1670644872649 0.00335867084668349 0
1670644910521 0.00427814597627671 0
1670644978624 0.00396939815269646 0
