1670598838946 0.002541240947286419 0
1670598842245 0.001768222182545184 0
1670598845468 0.0013501976179371455 0
1670598848188 0.0012466207604202835 0
1670598850635 0.0010564087112937073 0
1670598853200 0.000958581855596829 0
1670598855654 0.0008668049403629523 0
1670598858396 0.0008544171675114105 0
1670598861445 0.0008354682674688887 0
1670598864350 0.0007897167695193092 0
1670598867412 0.0007481910853594063 0
1670598870271 0.0007374443423476183 0
1670598873543 0.0007591148985053408 0
1670598876506 0.0007424253464677817 0
1670598879628 0.0007262388482138563 0
1670598882511 0.0007106823821410718 0
1670598885604 0.0007110430549612737 0
1670598888713 0.0007200112206205127 0
1670598891943 0.0008400826003641673 0
1670598894826 0.0008234343400390295 0
1670598897652 0.0008223384195127888 0
1670598900420 0.0008020426716967063 0
1670598903657 0.0007875326965515999 0
1670598906659 0.0007698535295840539 0
1670598909612 0.0007889553292297086 0
1670598912442 0.0008283917937641046 0
1670598914940 0.0008137672568768996 0
1670598917864 0.0008169235453905219 0
1670598920809 0.0007845298393475993 0
1670598923425 0.0009568460418783445 0
1670598926086 0.0009437893112599072 0
1670598928875 0.0009324487987453379 0
1670598931460 0.0009290131707225789 0
1670598934294 0.0009178366301615679 0
1670598936684 0.0009146498594520252 0
1670598939237 0.0009044416312216556 0
1670598941899 0.0008924633541968899 0
1670598944549 0.0008893943386963188 0
1670598946724 0.0008873573247411544 0
1670598949080 0.0008764703961022455 0
1670598951460 0.000868134572113152 0
1670598953849 0.0008660785760255297 0
1670598956293 0.0008733929838565335 0
1670598958585 0.0008651513796870218 0
1670598960951 0.0008557298341820591 0
1670598963422 0.0008648987009637775 0
1670598965898 0.0008579119065067508 0
1670598968293 0.0008560216524735238 0
1670598970791 0.000862419788170189 0
1670598973014 0.0008561676280153335 0
1670598975665 0.0008539293063040386 0
1670598978008 0.0008515466892679176 0
1670598980187 0.0008459607264347758 0
1670598982628 0.0008808293764648175 0
1670598984939 0.0008729375662873324 0
1670598987264 0.0008670014730532735 0
1670598989424 0.0008608531281740555 0
1670598991659 0.0008675375202003069 0
1670598993756 0.0008617900200556575 0
1670598995976 0.000854696977460163 0
1670598998415 0.0008492131302104179 0
1670599000453 0.0008480347298493313 0
1670599002584 0.0008543284941589409 0
1670599004913 0.0008532049692624238 0
1670599007211 0.0008585708167336014 0
1670599009639 0.0008532710851826451 0
1670599011996 0.0008803621859802275 0
1670599014504 0.0008790411566314475 0
1670599016898 0.0009030257309748679 0
1670599019185 0.0008976378994792165 0
1670599021712 0.0008956401603286658 0
1670599024279 0.0008935778357623202 0
1670599026712 0.0008883516464342465 0
1670599029093 0.0008824395483943129 0
1670599031442 0.0008804592655245944 0
1670599033516 0.000874761517325179 0
1670599035988 0.0008706971574049466 0
1670599038979 0.0008659392542992043 0
1670599041605 0.0008657185546801132 0
1670599044429 0.0008617968140154444 0
1670599046991 0.00086027278682198 0
1670599050002 0.0008558316504600561 0
1670599053191 0.0008514560211822621 0
1670599055642 0.0008471443958263224 0
1670599058777 0.000847210034335494 0
1670599061231 0.0008430530219035999 0
1670599064192 0.0008430947619041621 0
1670599066760 0.0008383671133201903 0
1670599069170 0.0008677021140282145 0
1670599071961 0.0008629644744386419 0
1670599074645 0.0008583035909727318 0
1670599077372 0.0008852253068984922 0
1670599079683 0.0008931979927311936 0
1670599082664 0.0008885702328003183 0
1670599085146 0.0008854552922563199 0
1670599087864 0.0008930329882834746 0
1670599090217 0.0008931935287847419 0
1670599092510 0.000890144496106161 0
1670599095080 0.0008871170271405467 0
1670599097440 0.0008841112515520363 0
1670599099700 0.000880221673815331 0
