1670640025427 0.0038118614209296303 0
1670640029424 0.0012169739689644296 0
1670640033597 0.0007795369581752028 0
1670640037442 0.0012662537912333284 0
1670640041603 0.001136754059327168 0
1670640045684 0.0013556394608298036 0
1670640049738 0.001337633474278035 0
1670640053740 0.0013596711966068864 0
1670640057753 0.0014018075228479487 0
1670640061759 0.0013411731150885218 0
1670640065748 0.0013666603573806242 0
1670640069683 0.0014315910817751434 0
1670640073760 0.001402118353506488 0
1670640077695 0.001425848569335364 0
1670640081680 0.0014035134002305214 0
1670640085650 0.0013805174966496892 0
1670640089566 0.0013767293857670946 0
1670640093560 0.0013346159248158545 0
1670640097597 0.001297674913733123 0
1670640101675 0.0012785639120392492 0
1670640105662 0.0012473385605497552 0
1670640110015 0.0012183081493513993 0
1670640114681 0.0011898528237876077 0
1670640119388 0.0011717128588938273 0
1670640124082 0.0011965099984939127 0
1670640128789 0.0011925094199054273 0
1670640133569 0.0011690804838692382 0
1670640138307 0.001238345861795795 0
1670640142716 0.001199053788601018 0
1670640147240 0.0011820134355056766 0
1670640151621 0.001182023937592765 0
1670640156006 0.0011639786049158054 0
1670640160297 0.0011930354564785456 0
1670640165126 0.0011770978373275595 0
1670640169928 0.0011692545591606741 0
1670640174078 0.0011987131622545662 0
1670640177645 0.001184498614675275 0
1670640182006 0.001195531449860274 0
1670640186844 0.001193970421894776 0
1670640191510 0.0012499443334498834 0
1670640196392 0.0012544338922112757 0
1670640201223 0.00123999224600659 0
1670640206061 0.0012524253386085743 0
1670640210913 0.0012385489839176747 0
1670640215287 0.0012319803690415449 0
1670640219250 0.001222867091895725 0
1670640223988 0.0012107394497817981 0
1670640228753 0.0013135846318942568 0
1670640233026 0.001335079358241327 0
1670640237298 0.0013247826087044382 0
1670640241412 0.001312187986396189 0
1670640245541 0.0013333491781739384 0
1670640250308 0.0013273882820812888 0
1670640255101 0.0013213882281980427 0
1670640259881 0.0013538554713493703 0
1670640264647 0.001353961513382068 0
1670640269447 0.0013425443263842954 0
1670640274195 0.0013334317935866711 0
1670640279009 0.0013889801962246114 0
1670640283769 0.0013839284067578687 0
1670640289109 0.0013728485843514382 0
1670640293996 0.0013972200109703204 0
1670640298897 0.0014433827171057346 0
1670640303726 0.0014350432911449762 0
1670640308650 0.0014305664720838439 0
1670640313504 0.0014379722748459308 0
1670640318676 0.001427422507095137 0
1670640323664 0.0014227612252837268 0
1670640328540 0.001412917404418187 0
1670640333629 0.001407049303945689 0
1670640338499 0.0013973098436683685 0
1670640343650 0.0013880814856013822 0
1670640348803 0.0013993935074638883 0
1670640353843 0.0013923097580045114 0
1670640359060 0.0013853182426509163 0
1670640363944 0.0013921681920293343 0
1670640368944 0.001392612092907202 0
1670640373705 0.0013984734047836973 0
1670640378452 0.0014492803892570375 0
1670640382954 0.0014406027459107579 0
1670640387599 0.001460238096435897 0
1670640392261 0.0014526751772891222 0
1670640397123 0.001445224363334808 0
1670640401983 0.0014367881171230012 0
1670640406891 0.0014286505828409813 0
1670640411556 0.001432177696722111 0
1670640416220 0.0014562485642182568 0
1670640420930 0.001456309832499789 0
1670640425587 0.001461059178855522 0
1670640430248 0.0014561643993742856 0
1670640434929 0.0014498402761772946 0
1670640439557 0.0014722158655112914 0
1670640444258 0.0014824584696333314 0
1670640448960 0.0014748869449395375 0
1670640453807 0.0014710387861409172 0
1670640458514 0.0014749524743039102 0
1670640463360 0.0014704558934069594 0
1670640468397 0.0014630853463069898 0
1670640473232 0.0014567372157985687 0
1670640478054 0.0014509045291336946 0
1670640482891 0.001454777126705414 0
