1670640021161 0.0012 0
1670640025406 0.0015 0
1670640029412 0.0012 0
1670640033581 0.0013 0
1670640037423 0.0018 0
1670640041596 0.0012 0
1670640045677 0.0019 0
1670640049716 0.0011 0
1670640053712 0.001 0
1670640057732 0.0018 0
1670640061744 0.0012 0
1670640065735 0.0018 0
1670640069668 0.0009 0
1670640073739 0.0011 0
1670640077679 0.0018 0
1670640081651 0.0011 0
1670640085629 0.0011 0
1670640089537 0.0017 0
1670640093538 0.0014 0
1670640097590 0.0013 0
1670640101657 0.0016 0
1670640105647 0.0013 0
1670640109994 0.0013 0
1670640114661 0.0014 0
1670640119368 0.0012 0
1670640124061 0.0018 0
1670640128768 0.0011 0
1670640133548 0.0014 0
1670640138287 0.002 0
1670640142695 0.0018 0
1670640147219 0.0013 0
1670640151601 0.0011 0
1670640155984 0.0014 0
1670640160283 0.0009 0
1670640165104 0.0013 0
1670640169907 0.0016 0
1670640174063 0.0019 0
1670640177631 0.0013 0
1670640181984 0.0018 0
1670640186823 0.0017 0
1670640191488 0.0021 0
1670640196370 0.0018 0
1670640201201 0.0014 0
1670640206042 0.001 0
1670640210906 0.0014 0
1670640215274 0.0012 0
1670640219228 0.0016 0
1670640223966 0.0015 0
1670640228724 0.0024 0
1670640233005 0.002 0
1670640237277 0.0013 0
1670640241398 0.0015 0
1670640245519 0.0009 0
1670640250288 0.0012 0
1670640255081 0.0012 0
1670640259859 0.0021 0
1670640264632 0.0018 0
1670640269424 0.0014 0
1670640274174 0.0013 0
1670640278990 0.0023 0
1670640283750 0.0012 0
1670640289102 0.0015 0
1670640293974 0.0021 0
1670640298875 0.0023 0
1670640303705 0.0013 0
1670640308629 0.0012 0
1670640313483 0.001 0
1670640318654 0.0015 0
1670640323637 0.0012 0
1670640328519 0.0014 0
1670640333607 0.0017 0
1670640338478 0.0015 0
1670640343629 0.0014 0
1670640348782 0.002 0
1670640353810 0.0013 0
1670640359039 0.0013 0
1670640363921 0.001 0
1670640368927 0.0011 0
1670640373698 0.001 0
1670640378430 0.0024 0
1670640382933 0.0014 0
1670640387578 0.0008 0
1670640392239 0.0016 0
1670640397108 0.0016 0
1670640401967 0.0015 0
1670640406875 0.0014 0
1670640411540 0.0019 0
1670640416198 0.0022 0
1670640420908 0.0011 0
1670640425568 0.001 0
1670640430227 0.0017 0
1670640434910 0.0013 0
1670640439534 0.0022 0
1670640444236 0.0009 0
1670640448943 0.0014 0
1670640453785 0.0012 0
1670640458493 0.001 0
1670640463338 0.0017 0
1670640468376 0.0015 0
1670640473225 0.0016 0
1670640478039 0.0013 0
1670640482885 0.001 0
