1670637974693 0.0 0
1670637979093 0.0 0
1670637983451 0.0 0
1670637987861 0.0 0
1670637992229 0.0 0
1670637996616 0.0 0
1670638000986 0.0 0
1670638005375 0.0 0
1670638009763 0.0 0
1670638014174 0.0 0
1670638018548 0.0 0
1670638022928 0.0 0
1670638027397 0.0 0
1670638031756 0.0 0
1670638036080 0.0 0
1670638040500 0.0 0
1670638044852 0.0 0
1670638049265 0.0 0
1670638053660 0.0 0
1670638058026 0.0 0
1670638062395 0.0 0
1670638066731 0.0 0
1670638071146 0.0 0
1670638075619 0.0 0
1670638079999 0.0 0
1670638084407 0.0 0
1670638088776 0.0 0
1670638093124 0.0 0
1670638097464 0.0 0
1670638101844 0.0 0
