1670614440174 nan 0
1670614445584 nan 0
1670614450986 nan 0
1670614456346 nan 0
1670614461639 nan 0
1670614466810 nan 0
1670614472388 nan 0
1670614477946 nan 0
1670614483408 1.1102230246251565e-16 0
1670614488751 1.1102230246251565e-16 0
1670614493766 nan 0
1670614498720 nan 0
1670614503485 nan 0
1670614508673 1.1102230246251565e-16 0
1670614514106 nan 0
1670614519254 nan 0
1670614524195 1.1102230246251565e-16 0
1670614529193 1.1102230246251565e-16 0
1670614534157 1.1102230246251565e-16 0
1670614539202 1.1102230246251565e-16 0
1670614544097 1.1102230246251565e-16 0
1670614549013 2.220446049250313e-16 0
1670614554288 nan 0
1670614559494 1.1102230246251565e-16 0
1670614564730 1.1102230246251565e-16 0
1670614569840 2.220446049250313e-16 0
1670614574956 2.220446049250313e-16 0
1670614580064 2.220446049250313e-16 0
1670614585214 2.220446049250313e-16 0
1670614590176 3.3306690738754696e-16 0
1670614595069 nan 0
1670614600115 nan 0
1670614605030 1.1102230246251565e-16 0
1670614609925 1.1102230246251565e-16 0
1670614614726 1.1102230246251565e-16 0
1670614619539 1.1102230246251565e-16 0
1670614624312 2.220446049250313e-16 0
1670614629217 2.220446049250313e-16 0
1670614634177 nan 0
1670614639656 nan 0
1670614644645 nan 0
1670614649442 1.1102230246251565e-16 0
1670614654768 1.1102230246251565e-16 0
1670614659950 1.1102230246251565e-16 0
1670614665128 1.1102230246251565e-16 0
1670614670102 1.1102230246251565e-16 0
1670614675061 nan 0
1670614680132 nan 0
1670614685243 1.1102230246251565e-16 0
1670614690325 1.1102230246251565e-16 0
1670614695291 1.1102230246251565e-16 0
1670614700478 2.220446049250313e-16 0
1670614705559 2.220446049250313e-16 0
1670614710891 2.220446049250313e-16 0
1670614716172 nan 0
1670614721402 1.1102230246251565e-16 0
1670614726255 1.1102230246251565e-16 0
1670614731045 1.1102230246251565e-16 0
1670614735693 2.220446049250313e-16 0
1670614740271 2.220446049250313e-16 0
1670614744696 2.220446049250313e-16 0
1670614749249 3.3306690738754696e-16 0
1670614753977 nan 0
1670614758953 nan 0
1670614763098 1.1102230246251565e-16 0
1670614767504 1.1102230246251565e-16 0
1670614771674 1.1102230246251565e-16 0
1670614776314 2.220446049250313e-16 0
1670614780974 2.220446049250313e-16 0
1670614785686 2.220446049250313e-16 0
1670614790374 nan 0
1670614794559 nan 0
1670614798559 nan 0
1670614802736 1.1102230246251565e-16 0
1670614806684 1.1102230246251565e-16 0
1670614810768 1.1102230246251565e-16 0
1670614815036 1.1102230246251565e-16 0
1670614819173 2.220446049250313e-16 0
1670614823368 1.1102230246251565e-16 0
1670614827463 nan 0
1670614831998 nan 0
1670614836293 nan 0
1670614840429 nan 0
1670614844453 1.1102230246251565e-16 0
1670614848632 1.1102230246251565e-16 0
1670614852680 1.1102230246251565e-16 0
1670614856799 1.1102230246251565e-16 0
1670614860990 1.1102230246251565e-16 0
1670614865159 nan 0
1670614869482 nan 0
1670614874148 nan 0
1670614878756 nan 0
1670614883308 1.1102230246251565e-16 0
1670614888001 1.1102230246251565e-16 0
1670614892729 nan 0
1670614897313 1.1102230246251565e-16 0
1670614902020 1.1102230246251565e-16 0
1670614906698 2.220446049250313e-16 0
1670614911316 2.220446049250313e-16 0
1670614915957 2.220446049250313e-16 0
1670614920654 3.3306690738754696e-16 0
1670614925347 3.3306690738754696e-16 0
1670614930040 nan 0
1670614934756 nan 0
1670614939320 1.1102230246251565e-16 0
1670614943918 1.1102230246251565e-16 0
1670614948449 2.220446049250313e-16 0
1670614952904 2.220446049250313e-16 0
1670614957406 2.220446049250313e-16 0
1670614961832 3.3306690738754696e-16 0
1670614966305 nan 0
1670614970746 nan 0
1670614975221 nan 0
1670614979690 1.1102230246251565e-16 0
1670614984181 1.1102230246251565e-16 0
1670614988688 1.1102230246251565e-16 0
1670614993153 2.220446049250313e-16 0
1670614997602 2.220446049250313e-16 0
1670615002321 1.1102230246251565e-16 0
1670615007126 nan 0
1670615011723 nan 0
1670615016275 nan 0
1670615021150 1.1102230246251565e-16 0
1670615025988 1.1102230246251565e-16 0
1670615030797 1.1102230246251565e-16 0
1670615035580 2.220446049250313e-16 0
1670615040478 1.1102230246251565e-16 0
1670615045288 nan 0
1670615049988 nan 0
1670615054598 1.1102230246251565e-16 0
1670615059184 1.1102230246251565e-16 0
1670615064078 nan 0
1670615068998 1.1102230246251565e-16 0
1670615073746 2.220446049250313e-16 0
1670615078324 nan 0
1670615082725 nan 0
1670615087175 nan 0
1670615091997 nan 0
1670615096663 1.1102230246251565e-16 0
1670615101590 1.1102230246251565e-16 0
1670615106286 nan 0
1670615111010 1.1102230246251565e-16 0
1670615115836 nan 0
1670615120406 nan 0
1670615125401 nan 0
1670615131427 nan 0
1670615135780 nan 0
1670615140811 1.1102230246251565e-16 0
1670615143431 1.1102230246251565e-16 0
1670615149660 nan 0
1670615154415 1.1102230246251565e-16 0
1670615158085 nan 0
1670615163211 nan 0
1670615168381 nan 0
1670615172932 nan 0
1670615175302 nan 0
1670615178428 1.1102230246251565e-16 0
1670615183201 nan 0
1670615187289 1.1102230246251565e-16 0
1670615191592 1.1102230246251565e-16 0
1670615195829 nan 0
1670615197563 nan 0
1670615200797 nan 0
1670615206122 nan 0
1670615210077 nan 0
1670615214627 1.1102230246251565e-16 0
1670615219318 nan 0
1670615223388 1.1102230246251565e-16 0
1670615227085 1.1102230246251565e-16 0
1670615231738 nan 0
1670615236537 nan 0
1670615239760 nan 0
1670615243928 nan 0
1670615249169 nan 0
1670615252813 1.1102230246251565e-16 0
1670615258491 nan 0
1670615260529 1.1102230246251565e-16 0
1670615265176 1.1102230246251565e-16 0
1670615269317 nan 0
1670615274076 nan 0
1670615278420 nan 0
1670615283408 nan 0
1670615288311 1.1102230246251565e-16 0
1670615292391 1.1102230246251565e-16 0
1670615297661 1.1102230246251565e-16 0
1670615302378 1.1102230246251565e-16 0
1670615307886 1.1102230246251565e-16 0
1670615312968 2.220446049250313e-16 0
1670615317125 2.220446049250313e-16 0
1670615321464 2.220446049250313e-16 0
1670615326099 nan 0
1670615331361 1.1102230246251565e-16 0
1670615332874 1.1102230246251565e-16 0
1670615334321 nan 0
1670615335605 1.1102230246251565e-16 0
1670615339149 2.220446049250313e-16 0
1670615344699 2.220446049250313e-16 0
1670615349787 1.1102230246251565e-16 0
1670615351257 1.1102230246251565e-16 0
1670615352952 nan 0
1670615358417 1.1102230246251565e-16 0
1670615364379 1.1102230246251565e-16 0
1670615369823 nan 0
1670615375353 1.1102230246251565e-16 0
1670615377156 2.220446049250313e-16 0
1670615382663 2.220446049250313e-16 0
1670615387741 nan 0
1670615393736 nan 0
1670615400288 nan 0
1670615405715 1.1102230246251565e-16 0
1670615412060 1.1102230246251565e-16 0
1670615413576 nan 0
1670615419777 1.1102230246251565e-16 0
1670615425575 2.220446049250313e-16 0
1670615430900 nan 0
1670615436088 nan 0
1670615442944 nan 0
1670615449346 nan 0
1670615452709 1.1102230246251565e-16 0
1670615458712 1.1102230246251565e-16 0
1670615464082 nan 0
1670615469881 1.1102230246251565e-16 0
1670615474684 nan 0
1670615479157 nan 0
1670615480585 nan 0
1670615483048 nan 0
1670615489598 nan 0
1670615494864 1.1102230246251565e-16 0
1670615501644 1.1102230246251565e-16 0
1670615505186 nan 0
1670615511404 1.1102230246251565e-16 0
1670615513704 nan 0
1670615522566 nan 0
1670615527168 nan 0
1670615534219 nan 0
1670615536033 nan 0
1670615537959 1.1102230246251565e-16 0
1670615543707 1.1102230246251565e-16 0
1670615550584 1.1102230246251565e-16 0
1670615556892 1.1102230246251565e-16 0
1670615562898 nan 0
1670615568849 nan 0
1670615575001 nan 0
1670615581123 nan 0
1670615587358 nan 0
1670615593506 1.1102230246251565e-16 0
1670615600061 nan 0
1670615606695 nan 0
1670615613409 1.1102230246251565e-16 0
1670615619985 nan 0
1670615627328 1.1102230246251565e-16 0
1670615631998 1.1102230246251565e-16 0
1670615639760 nan 0
1670615645496 2.220446049250313e-16 0
1670615651565 1.1102230246251565e-16 0
1670615657618 nan 0
1670615663655 1.1102230246251565e-16 0
1670615669661 1.1102230246251565e-16 0
1670615675704 nan 0
1670615681904 1.1102230246251565e-16 0
1670615688110 1.1102230246251565e-16 0
1670615694286 1.1102230246251565e-16 0
1670615701008 1.1102230246251565e-16 0
1670615707436 1.1102230246251565e-16 0
1670615713707 nan 0
1670615719866 1.1102230246251565e-16 0
1670615726135 1.1102230246251565e-16 0
1670615732376 nan 0
1670615738206 1.1102230246251565e-16 0
1670615744583 1.1102230246251565e-16 0
1670615750280 nan 0
1670615756126 nan 0
1670615762048 nan 0
1670615768016 nan 0
1670615774230 1.1102230246251565e-16 0
1670615780635 1.1102230246251565e-16 0
1670615786595 nan 0
1670615792324 1.1102230246251565e-16 0
1670615798077 nan 0
1670615804053 nan 0
1670615810233 nan 0
1670615815904 nan 0
1670615821551 nan 0
1670615827483 1.1102230246251565e-16 0
1670615833590 1.1102230246251565e-16 0
1670615839640 nan 0
1670615845686 nan 0
1670615851759 nan 0
1670615857809 nan 0
1670615863942 nan 0
1670615870315 nan 0
1670615876249 nan 0
1670615882248 nan 0
1670615887652 nan 0
1670615893662 1.1102230246251565e-16 0
1670615899844 nan 0
1670615906054 nan 0
1670615911682 nan 0
1670615917503 3.7656606119373937e-05 0
1670615922991 3.759421043442179e-05 0
1670615928192 3.753212388302174e-05 0
1670615934204 3.747034392093118e-05 0
1670615940578 3.740886803321741e-05 0
1670615947114 3.73476937337025e-05 0
1670615953428 3.728681856463023e-05 0
1670615959649 3.722624009605546e-05 0
1670615965541 3.716595592567762e-05 0
1670615971599 3.710596367834107e-05 0
1670615977673 3.7046261005646564e-05 0
1670615983618 3.698684558545162e-05 0
1670615989364 3.692771512181503e-05 0
1670615994629 3.686886734410866e-05 0
1670616000057 3.6810300007295016e-05 0
1670616005563 3.6752010890872544e-05 0
1670616011127 3.6693997799153166e-05 0
1670616016512 3.6636258560540647e-05 0
1670616021615 3.657879102714201e-05 0
1670616027505 3.6521593074823056e-05 0
1670616033395 3.64646626024312e-05 0
1670616038792 3.6407997531739955e-05 0
1670616044137 3.635159580706038e-05 0
1670616049659 3.629545539496348e-05 0
1670616055004 3.6239574283891685e-05 0
1670616060382 3.618395048382572e-05 0
1670616066320 3.612858202617364e-05 0
1670616072337 3.6073466963382206e-05 0
1670616078024 3.601860336849283e-05 0
1670616083851 3.5963989335141555e-05 0
1670616089859 3.590962297705946e-05 0
1670616096032 3.585550242785063e-05 0
1670616102286 3.580162584088109e-05 0
1670616108126 3.5747991388723754e-05 0
1670616113716 3.569459726315838e-05 0
1670616119792 3.5641441674783e-05 0
1670616125417 3.558852285273639e-05 0
1670616131514 3.5535839044698037e-05 0
1670616137508 3.54833885161665e-05 0
1670616143624 3.5431169550736996e-05 0
1670616149765 3.5379180449546244e-05 0
1670616155576 3.5327419531105964e-05 0
1670616161550 3.527588513113633e-05 0
1670616167637 3.522457560234393e-05 0
1670616173357 3.51734893140887e-05 0
1670616179041 3.512262465221738e-05 0
1670616185061 3.507198001895251e-05 0
1670616190840 3.502155383255934e-05 0
1670616196684 3.4971344527123804e-05 0
1670616202588 3.49213505524415e-05 0
1670616208547 3.4871570373851135e-05 0
1670616214297 3.482200247179046e-05 0
1670616220267 3.4772645342018293e-05 0
1670616226421 3.4723497494892896e-05 0
1670616232597 3.467455745564951e-05 0
1670616238339 3.462582376406731e-05 0
1670616244335 3.45772949740808e-05 0
1670616250184 3.452896965389085e-05 0
1670616256043 3.448084638563165e-05 0
1670616261918 3.443292376531515e-05 0
1670616267385 3.438520040238702e-05 0
1670616272893 3.4337674919893146e-05 0
1670616278991 3.4290345954202106e-05 0
1670616284846 3.4243212154616565e-05 0
1670616290356 3.419627218359533e-05 0
1670616296148 3.4149524716309276e-05 0
1670616301950 3.410296844053029e-05 0
1670616307653 3.405660205657579e-05 0
1670616312895 3.401042427714218e-05 0
1670616318077 3.3964433826971785e-05 0
1670616323343 3.3918629442963866e-05 0
1670616328557 3.3873009873897075e-05 0
1670616334054 3.382757388026292e-05 0
1670616339969 3.378232023421024e-05 0
1670616345331 4.764767369108691e-05 0
1670616350458 4.7584442152914797e-05 0
1670616355629 5.812380467234979e-05 0
1670616360891 5.804728539016146e-05 0
1670616366061 5.7971067498441275e-05 0
1670616371219 5.7895149023934334e-05 0
1670616376572 5.78195280115934e-05 0
1670616382115 5.774420252413481e-05 0
1670616387594 5.7669170641816425e-05 0
1670616392970 5.759443046243762e-05 0
1670616398345 5.751998010095072e-05 0
1670616404000 5.7445817689294465e-05 0
1670616409933 5.7371941376171964e-05 0
1670616415335 5.72983493271062e-05 0
1670616420937 5.722503972382942e-05 0
1670616425953 5.7152010764394134e-05 0
1670616431661 5.7079260662951103e-05 0
1670616437424 5.7006787649416246e-05 0
1670616443056 5.693458996947065e-05 0
1670616448729 5.6862665884283015e-05 0
1670616454285 5.6791013670343116e-05 0
1670616459668 5.6719631619406297e-05 0
1670616465491 5.664851803799387e-05 0
1670616470853 5.657767124767066e-05 0
1670616476423 5.650708958454542e-05 0
1670616482283 5.6436771399215324e-05 0
