1670620984495 0.09620412157584307 0
1670620989700 0.04354826809769338 0
1670620994901 0.029021077241781733 0
1670621000074 0.02424033847835988 0
1670621005292 0.020506282010049774 0
1670621010473 0.01887961162528705 0
1670621015881 0.017180718738392303 0
1670621021305 0.016089112363281387 0
1670621026834 0.015149664309475848 0
1670621032357 0.014376935777533358 0
1670621037824 0.016162576493673426 0
1670621043209 0.015459836483050993 0
1670621049138 0.014828121243967249 0
1670621055261 0.014280240636722327 0
1670621061079 0.013838466721775154 0
1670621066830 0.014785937029845077 0
1670621072210 0.01439569383941769 0
1670621077478 0.014608046488884217 0
1670621082780 0.014368476279774604 0
1670621088243 0.013979095568950689 0
1670621094008 0.013627147881152983 0
1670621099501 0.013417585362243016 0
1670621104888 0.01328425390054215 0
1670621110058 0.013083340263378526 0
1670621115243 0.013129850561647526 0
1670621120483 0.012877886021517362 0
1670621125885 0.012702059124540956 0
1670621131614 0.013023149587088709 0
1670621137344 0.012373393318134703 0
1670621142962 0.01266426862610038 0
1670621148783 0.012685758181540684 0
1670621154617 0.012662391005511607 0
1670621160363 0.012492817472438335 0
1670621165615 0.012481144935125685 0
1670621170633 0.012320038760898655 0
1670621175996 0.012155297324574488 0
1670621181465 0.013585048759332911 0
1670621186747 0.013648420743874914 0
1670621192143 0.01349072626812288 0
1670621197022 0.013327463673868785 0
1670621202543 0.013189167534792545 0
1670621208512 0.013226410480977203 0
1670621214331 0.013076361997554312 0
1670621219654 0.012932623927785644 0
1670621224908 0.01289582189557216 0
1670621230390 0.012818207712267646 0
1670621235766 0.01269618253320428 0
1670621241061 0.013065391417364139 0
1670621246232 0.013156607564777573 0
1670621251473 0.01309462169168956 0
1670621256832 0.0130053183208505 0
1670621262026 0.012898164566595864 0
1670621267491 0.01299486152320594 0
1670621273029 0.013174794576250148 0
1670621278514 0.013227783995674897 0
1670621283782 0.013131467550403328 0
1670621289310 0.01304842837077623 0
1670621294994 0.0129620166830101 0
1670621300737 0.012863721264033692 0
1670621306499 0.012762765615334869 0
1670621312401 0.012659423584344999 0
1670621318067 0.012559407487958987 0
1670621323666 0.01255476008961632 0
1670621329412 0.012654925832354225 0
1670621334556 0.012681944850535518 0
1670621339565 0.01268859616575451 0
1670621345289 0.012624224103988987 0
1670621351350 0.012542615930037145 0
1670621357217 0.012490186651676914 0
1670621363145 0.012576625687492751 0
1670621368967 0.012539814860823145 0
1670621374398 0.012596147826948775 0
1670621379688 0.01257327734835275 0
1670621385621 0.012726764632431338 0
1670621391342 0.012692543084403263 0
1670621397227 0.012635260268574297 0
1670621402977 0.01258291742252364 0
