1670582670623 0.008470803157621396 0
1670582671398 0.0027043865976987317 0
1670582672136 0.0018373862310373987 0
1670582672855 0.0036271326968440373 0
1670582673648 0.004246049589302554 0
1670582674246 0.004076521508923219 0
1670582674958 0.0036917684286309083 0
1670582675643 0.003399177991517217 0
1670582676449 0.003978653652873321 0
1670582677088 0.003978489075292893 0
1670582677736 0.0037886128312226344 0
1670582678488 0.003921847176838882 0
1670582679286 0.003799406471788918 0
1670582680052 0.0036497958453717057 0
1670582680896 0.0036184107004481967 0
1670582681604 0.0035795723515604705 0
1670582682232 0.0035749119090463122 0
1670582682997 0.0035445327387757493 0
1670582683689 0.003463166059788687 0
1670582684389 0.003376624864206278 0
1670582685127 0.0033518550843369445 0
1670582685848 0.0032781857547599207 0
1670582686622 0.0032566709694440313 0
1670582687354 0.0031836113838130667 0
1670582688076 0.0031152646062106862 0
1670582688749 0.003098061987312043 0
1670582689602 0.0030367619781018667 0
1670582690228 0.0029893691439612973 0
1670582690832 0.0028122344548198604 0
1670582691667 0.002776770602805478 0
1670582692386 0.002816856389049543 0
1670582693356 0.00277392790269921 0
1670582694383 0.00276513918970811 0
1670582695211 0.002736765703041843 0
1670582695927 0.0027090742633282244 0
1670582696796 0.002679263949495721 0
1670582697639 0.00271208524542203 0
1670582698775 0.0027148301528658065 0
1670582699670 0.0026905419032639422 0
1670582700401 0.0026576043038098775 0
1670582701150 0.0026529830585809593 0
1670582702164 0.0026816453890857236 0
1670582702904 0.0026614358670000093 0
1670582703667 0.002687092690152388 0
1670582704607 0.002658132804205385 0
1670582705662 0.002630089283349695 0
1670582706626 0.002606470997829032 0
1670582707377 0.0025801506857311427 0
1670582708088 0.002554611707500442 0
1670582708828 0.002533187009915414 0
1670582709551 0.002541134288319939 0
1670582710274 0.002517328093931314 0
1670582710985 0.0025138199045245946 0
1670582711740 0.002509725594999579 0
1670582712405 0.0025051108706455206 0
1670582713235 0.002708280066728401 0
1670582714298 0.0027106167994335713 0
1670582715275 0.0027646763032335934 0
1670582716054 0.0027417882730392633 0
1670582717032 0.002735273235484316 0
1670582717901 0.00271342680670383 0
1670582718637 0.0027070738161012967 0
1670582719434 0.0026884465377485277 0
1670582720240 0.0026680694256329108 0
1670582721089 0.002662024875719625 0
1670582721799 0.0027286259648110467 0
1670582722611 0.002711133026245917 0
1670582723358 0.002698484526811719 0
1670582724216 0.0026859406335296245 0
1670582725209 0.002669701034685185 0
1670582726041 0.0026537417284710546 0
1670582727089 0.0026357466981916378 0
1670582727884 0.002618112759285979 0
1670582728602 0.002607122306762706 0
1670582729351 0.002633734703934143 0
1670582730048 0.0026166989982953975 0
1670582731039 0.0026055422281071514 0
1670582731824 0.002608045952798974 0
1670582732578 0.002625049242889312 0
1670582733527 0.002608900268300657 0
1670582734368 0.00259573712661365 0
1670582735080 0.0026113879151616237 0
1670582736043 0.0026014066816201498 0
1670582736837 0.002588572839779122 0
1670582737650 0.0025789628358015076 0
1670582738387 0.002566603305361876 0
1670582739405 0.002564187767657252 0
1670582740438 0.002561553413009481 0
1670582741230 0.002552901539050366 0
1670582741968 0.002550359221621056 0
1670582742929 0.002536672181037738 0
1670582743587 0.0025502832121923756 0
1670582744521 0.002542377418277616 0
1670582745325 0.0025309100104035707 0
1670582746380 0.0025179357123973145 0
1670582746994 0.0025308852246000973 0
1670582747926 0.002527947921624837 0
1670582748715 0.0025154661115425803 0
1670582749410 0.002596078983106815 0
1670582750150 0.002583397600397181 0
1670582750876 0.002615701810904595 0
1670582751772 0.0026122382123229303 0
1670582752539 0.0026086603731157337 0
1670582753366 0.0026128112043502915 0
1670582754141 0.002601980660735304 0
1670582754867 0.002598578581280634 0
1670582755715 0.002587928994387227 0
1670582756428 0.002597510921547995 0
1670582757200 0.0025869386583213406 0
1670582757945 0.0026142925940611317 0
1670582758675 0.0026223319872994487 0
1670582759721 0.0026116987271566365 0
1670582760583 0.002607371784758764 0
1670582761728 0.002596534264229929 0
1670582762611 0.002591050822070096 0
1670582763422 0.002586999259390973 0
1670582764356 0.002594378328188796 0
1670582765127 0.0025840099892351933 0
1670582765860 0.0025798380828920774 0
1670582766615 0.002569954392495277 0
1670582767633 0.0025757940961119268 0
1670582768429 0.002565827695507836 0
1670582769145 0.0025563014725687888 0
1670582769854 0.002552493570620551 0
1670582770644 0.0025479428392459463 0
1670582771603 0.0025384107397735675 0
1670582772333 0.0025348287398875473 0
1670582773168 0.0025311995734627066 0
1670582774164 0.0025522861377696975 0
1670582774800 0.0025745860190701905 0
1670582775602 0.002565357786897457 0
1670582776644 0.0025610184306149968 0
1670582777306 0.0025521909769826755 0
1670582778474 0.002543232327917226 0
1670582779119 0.0025397517269161235 0
1670582779848 0.00253116977126006 0
1670582780540 0.0025272182496070767 0
1670582781373 0.0025186157160784943 0
1670582782340 0.0025153693617192066 0
1670582783226 0.002512083746354146 0
1670582784106 0.002503879495224068 0
1670582785042 0.0025101646827194644 0
1670582785879 0.0025300422911710614 0
1670582786600 0.0025354362470807273 0
1670582787465 0.0025272144252592617 0
1670582788291 0.0025334271271495092 0
1670582789049 0.0025301639985658266 0
1670582789737 0.0025359531477391947 0
1670582790687 0.002528037457583652 0
1670582791607 0.0025246181036356254 0
1670582792376 0.0025213940842212343 0
1670582793161 0.0025268160879018 0
1670582793957 0.0025233652597063325 0
1670582794720 0.0025203161750054683 0
1670582795480 0.0025127184991037047 0
1670582796223 0.0025184251273756147 0
1670582797131 0.0025238751163092097 0
1670582797809 0.002520652504126162 0
1670582798897 0.00251332426246175 0
1670582799772 0.002506006510578351 0
1670582800488 0.00251148970388984 0
1670582801583 0.0025167333251994153 0
1670582802625 0.0025344010741083214 0
1670582803469 0.0025272058130804357 0
1670582804190 0.0025201079854365064 0
1670582804922 0.0025130691982516986 0
1670582805833 0.0025181766944698523 0
1670582806521 0.0025233029600182835 0
1670582807539 0.0025203134553586524 0
1670582808315 0.0025134505085293154 0
1670582809036 0.002530017509603766 0
1670582809692 0.0025272374741643015 0
1670582810684 0.0025322296758941714 0
1670582811499 0.0025254756415026883 0
1670582812174 0.0025302045987773748 0
1670582812949 0.002523490305360831 0
1670582813829 0.002516828876583682 0
1670582814583 0.0025102196269692614 0
1670582815400 0.0025265408181740093 0
1670582816275 0.0025200274999960972 0
1670582817019 0.0025172830317496606 0
1670582817817 0.002510847657907897 0
1670582818799 0.0025263833591778768 0
1670582819488 0.0025234942383144266 0
1670582820317 0.002517093447386244 0
1670582821167 0.0025212972673272407 0
1670582822118 0.00253712794632346 0
1670582822952 0.002534230925596886 0
1670582823807 0.0025313210817178907 0
1670582824616 0.0025250466534245267 0
1670582825439 0.0025298541435213352 0
1670582826090 0.002545007370844066 0
1670582826914 0.002549039974284787 0
1670582827776 0.0025529171725613762 0
1670582828505 0.0025467507553528527 0
1670582829314 0.0025438645881806204 0
1670582829984 0.0025379500453442602 0
1670582830660 0.002531905878261565 0
1670582831439 0.002536502703409098 0
1670582832107 0.002533742831103525 0
1670582832786 0.0025279616537829956 0
1670582833492 0.0025252401060387635 0
1670582834197 0.0025289321990046507 0
1670582834946 0.002526142744459248 0
1670582835679 0.002539175364368017 0
1670582836671 0.0025333104999147454 0
1670582837307 0.002527774801518627 0
1670582837967 0.002522274743961058 0
1670582838701 0.002520291662790742 0
1670582839421 0.0025148439393173814 0
1670582840136 0.0025121542988756243 0
1670582840814 0.0025065307769190776 0
1670582841622 0.0025012055822833616 0
1670582842408 0.0025138438657585725 0
1670582843045 0.0025085739092551105 0
1670582843858 0.0025030467850532833 0
1670582844612 0.002501264296469723 0
1670582845377 0.0024960830908569917 0
1670582846165 0.0024942945615220747 0
1670582846847 0.0024889210559036765 0
1670582847647 0.0024923263081468128 0
1670582848373 0.0025044874829271146 0
1670582849102 0.002499447214290603 0
1670582849785 0.002496842163433313 0
1670582850531 0.0024999273524347015 0
1670582851380 0.0024946321633322215 0
1670582852137 0.0024976157752509614 0
1670582852953 0.002492750484678856 0
1670582853664 0.002495664907096694 0
1670582854409 0.002500527176178392 0
1670582855284 0.0024953357971832825 0
1670582855948 0.002490555396338545 0
1670582856919 0.002495291618732071 0
1670582857682 0.0024937646549145903 0
1670582858552 0.0024890115464646233 0
1670582859381 0.002487476428344944 0
1670582860324 0.002498831769873083 0
1670582861060 0.00249730903498169 0
1670582861732 0.0024957672847501656 0
1670582862530 0.002491093782810292 0
1670582863160 0.002486170478724887 0
1670582863962 0.0024815558160009013 0
1670582864708 0.0024792344941722754 0
1670582865455 0.0024903068246654504 0
1670582866376 0.0024854447705743707 0
1670582867087 0.002484038180214974 0
1670582867887 0.0024795417663934227 0
1670582868699 0.0024747688443934896 0
1670582869483 0.0024703274236716577 0
1670582870137 0.002465909409730309 0
1670582871208 0.002461514602503375 0
1670582871868 0.0024593129079033176 0
1670582872622 0.002463731158717915 0
1670582873395 0.0024615580974226454 0
1670582874178 0.002474243746877517 0
1670582875047 0.0024720882942821177 0
1670582875837 0.002469927121657411 0
1670582876690 0.002482362634887473 0
1670582877279 0.002480219015646054 0
1670582877933 0.002475924793152588 0
1670582878649 0.002471415968906137 0
1670582879357 0.0024669316100608967 0
1670582880327 0.002462715210221132 0
1670582881187 0.002466812710363713 0
1670582882058 0.0024773029151897398 0
1670582882768 0.0024752046955993255 0
1670582883407 0.0024731014440844516 0
1670582884242 0.0024709933946027 0
1670582884915 0.0024697201490275 0
1670582885678 0.0024656232079044785 0
1670582886532 0.0024612884194054694 0
1670582887271 0.0024569763483254523 0
1670582888079 0.0024526867975598263 0
1670582888736 0.002448419572381404 0
1670582889557 0.0024525368535830514 0
1670582890267 0.0024483087567290654 0
1670582891190 0.002447101385175154 0
1670582892009 0.00244517966238399 0
1670582892875 0.002466988784444485 0
1670582893535 0.0024656702918319376 0
1670582894195 0.0024617019489463427 0
1670582894930 0.0024603791555992704 0
1670582895781 0.002458540080510059 0
1670582896720 0.0024546236532546773 0
1670582897427 0.0024574745753431224 0
1670582898347 0.00245359653282111 0
1670582899105 0.0024495474611286555 0
1670582899955 0.002448308562927986 0
1670582900671 0.0024444796591303816 0
1670582901410 0.0024404949281178726 0
1670582902130 0.0024392728742690713 0
1670582902914 0.002437548941472173 0
1670582903936 0.0024358189678944674 0
1670582904917 0.00243208346003973 0
1670582906018 0.0024309112638742957 0
1670582906954 0.002441820912414826 0
1670582907850 0.002440565043122272 0
1670582908753 0.0024367130312881345 0
1670582909777 0.0024350808867720196 0
1670582910639 0.0024386407386890255 0
1670582911365 0.0024370266965847093 0
1670582912174 0.0024405321730446338 0
1670582913137 0.0024439603760958587 0
1670582913881 0.002440283320822782 0
1670582914941 0.002438731959239619 0
1670582915659 0.0024349951108293393 0
1670582916603 0.002431375227169021 0
1670582917313 0.002427675505293427 0
1670582918227 0.002423992529227782 0
1670582919412 0.002420428276678097 0
1670582920329 0.002418939589944241 0
1670582921275 0.0024218304978823454 0
1670582922060 0.002418317339563177 0
1670582922807 0.00241717657916327 0
1670582923711 0.0024136854452073446 0
1670582924625 0.0024122244400972643 0
1670582925331 0.0024087672440109963 0
1670582926183 0.0024076532816009635 0
1670582927260 0.002406529171059127 0
1670582928317 0.0024254189827581157 0
1670582929040 0.00242860610567044 0
1670582929905 0.0024272269495934067 0
1670582930900 0.0024691667897036584 0
1670582931687 0.00246562739729016 0
1670582932527 0.0024621030714430973 0
1670582933470 0.002458606695035479 0
1670582934432 0.0024572475160269417 0
1670582935098 0.0024558813590127987 0
1670582936083 0.0024524252376973915 0
1670582937064 0.0024489771878003904 0
1670582938066 0.0024476296186110285 0
1670582938992 0.0024462753738784923 0
