1670582669898 0.0013333333333333333 0
1670582670618 0.0006666666666666666 0
1670582671388 0.0006666666666666666 0
1670582672131 0.0006666666666666666 0
1670582672851 0.0023333333333333335 0
1670582673643 0.0026666666666666666 0
1670582674242 0.0023333333333333335 0
1670582674954 0.0016666666666666668 0
1670582675639 0.0016666666666666668 0
1670582676445 0.0033333333333333335 0
1670582677083 0.0006666666666666666 0
1670582677731 0.002 0
1670582678483 0.0003333333333333333 0
1670582679281 0.001 0
1670582680048 0.0013333333333333333 0
1670582680893 0.0006666666666666666 0
1670582681600 0.0006666666666666666 0
1670582682228 0.0023333333333333335 0
1670582682993 0.0006666666666666666 0
1670582683685 0.001 0
1670582684385 0.0016666666666666668 0
1670582685122 0.0006666666666666666 0
1670582685843 0.0016666666666666668 0
1670582686618 0.0006666666666666666 0
1670582687350 0.0013333333333333333 0
1670582688069 0.0013333333333333333 0
1670582688744 0.0006666666666666666 0
1670582689598 0.0013333333333333333 0
1670582690223 0.001 0
1670582690827 0.0013333333333333333 0
1670582691663 0.0016666666666666668 0
1670582692382 0.0003333333333333333 0
1670582693352 0.0013333333333333333 0
1670582694378 0.0006666666666666666 0
1670582695206 0.0016666666666666668 0
1670582695923 0.0016666666666666668 0
1670582696791 0.001 0
1670582697634 0.0003333333333333333 0
1670582698770 0.002 0
1670582699665 0.0016666666666666668 0
1670582700396 0.0013333333333333333 0
1670582701146 0.0006666666666666666 0
1670582702154 0.0003333333333333333 0
1670582702897 0.0016666666666666668 0
1670582703660 0.0003333333333333333 0
1670582704602 0.0013333333333333333 0
1670582705657 0.0013333333333333333 0
1670582706622 0.001 0
1670582707373 0.0013333333333333333 0
1670582708083 0.0013333333333333333 0
1670582708824 0.001 0
1670582709547 0.002 0
1670582710270 0.0013333333333333333 0
1670582710981 0.0006666666666666666 0
1670582711735 0.0006666666666666666 0
1670582712401 0.0006666666666666666 0
1670582713231 0.0033333333333333335 0
1670582714294 0.002 0
1670582715271 0.0 0
1670582716049 0.0013333333333333333 0
1670582717027 0.0006666666666666666 0
1670582717896 0.0013333333333333333 0
1670582718632 0.0006666666666666666 0
1670582719419 0.001 0
1670582720236 0.0013333333333333333 0
1670582721084 0.0006666666666666666 0
1670582721794 0.0026666666666666666 0
1670582722606 0.001 0
1670582723354 0.0016666666666666668 0
1670582724211 0.0016666666666666668 0
1670582725205 0.001 0
1670582726032 0.001 0
1670582727085 0.0013333333333333333 0
1670582727880 0.0013333333333333333 0
1670582728597 0.0016666666666666668 0
1670582729347 0.0023333333333333335 0
1670582730044 0.0013333333333333333 0
1670582731035 0.0016666666666666668 0
1670582731820 0.002 0
1670582732574 0.0003333333333333333 0
1670582733523 0.0013333333333333333 0
1670582734364 0.001 0
1670582735075 0.0003333333333333333 0
1670582736038 0.0016666666666666668 0
1670582736832 0.001 0
1670582737646 0.0016666666666666668 0
1670582738383 0.001 0
1670582739401 0.0006666666666666666 0
1670582740434 0.0006666666666666666 0
1670582741226 0.0016666666666666668 0
1670582741964 0.0006666666666666666 0
1670582742925 0.0013333333333333333 0
1670582743582 0.0003333333333333333 0
1670582744517 0.0016666666666666668 0
1670582745321 0.001 0
1670582746375 0.0013333333333333333 0
1670582746989 0.0003333333333333333 0
1670582747921 0.0006666666666666666 0
1670582748710 0.0013333333333333333 0
1670582749405 0.003 0
1670582750146 0.0013333333333333333 0
1670582750872 0.0 0
1670582751762 0.0006666666666666666 0
1670582752534 0.0006666666666666666 0
1670582753361 0.002 0
1670582754136 0.001 0
1670582754863 0.0006666666666666666 0
1670582755706 0.001 0
1670582756422 0.0003333333333333333 0
1670582757197 0.001 0
1670582757940 0.0 0
1670582758671 0.0003333333333333333 0
1670582759716 0.001 0
1670582760578 0.0006666666666666666 0
1670582761721 0.0013333333333333333 0
1670582762599 0.0016666666666666668 0
1670582763407 0.0006666666666666666 0
1670582764352 0.0003333333333333333 0
1670582765118 0.0013333333333333333 0
1670582765855 0.0006666666666666666 0
1670582766605 0.001 0
1670582767628 0.002 0
1670582768425 0.0013333333333333333 0
1670582769141 0.001 0
1670582769850 0.0006666666666666666 0
1670582770639 0.0016666666666666668 0
1670582771599 0.0013333333333333333 0
1670582772328 0.0006666666666666666 0
1670582773164 0.0006666666666666666 0
1670582774159 0.0023333333333333335 0
1670582774796 0.0 0
1670582775598 0.0013333333333333333 0
1670582776638 0.0016666666666666668 0
1670582777302 0.001 0
1670582778470 0.0013333333333333333 0
1670582779115 0.0006666666666666666 0
1670582779844 0.001 0
1670582780535 0.0016666666666666668 0
1670582781369 0.0013333333333333333 0
1670582782333 0.0006666666666666666 0
1670582783221 0.0006666666666666666 0
1670582784102 0.001 0
1670582785038 0.0003333333333333333 0
1670582785875 0.0023333333333333335 0
1670582786596 0.002 0
1670582787460 0.0013333333333333333 0
1670582788286 0.0003333333333333333 0
1670582789028 0.0006666666666666666 0
1670582789732 0.0003333333333333333 0
1670582790683 0.0013333333333333333 0
1670582791603 0.0016666666666666668 0
1670582792367 0.0006666666666666666 0
1670582793156 0.002 0
1670582793947 0.0016666666666666668 0
1670582794716 0.0006666666666666666 0
1670582795471 0.0013333333333333333 0
1670582796218 0.0003333333333333333 0
1670582797116 0.0003333333333333333 0
1670582797801 0.0006666666666666666 0
1670582798893 0.0013333333333333333 0
1670582799768 0.001 0
1670582800483 0.002 0
1670582801579 0.0003333333333333333 0
1670582802620 0.0023333333333333335 0
1670582803465 0.0013333333333333333 0
1670582804180 0.001 0
1670582804917 0.001 0
1670582805828 0.0003333333333333333 0
1670582806499 0.002 0
1670582807535 0.0016666666666666668 0
1670582808311 0.001 0
1670582809032 0.0023333333333333335 0
1670582809688 0.0006666666666666666 0
1670582810679 0.0003333333333333333 0
1670582811494 0.001 0
1670582812169 0.002 0
1670582812944 0.0013333333333333333 0
1670582813824 0.0013333333333333333 0
1670582814578 0.0013333333333333333 0
1670582815392 0.0 0
1670582816271 0.001 0
1670582817015 0.0006666666666666666 0
1670582817809 0.001 0
1670582818794 0.0 0
1670582819484 0.0006666666666666666 0
1670582820311 0.001 0
1670582821162 0.0003333333333333333 0
1670582822111 0.0023333333333333335 0
1670582822947 0.0006666666666666666 0
1670582823800 0.0006666666666666666 0
1670582824611 0.001 0
1670582825433 0.002 0
1670582826085 0.0023333333333333335 0
1670582826903 0.0003333333333333333 0
1670582827772 0.0003333333333333333 0
1670582828500 0.001 0
1670582829309 0.0006666666666666666 0
1670582829980 0.0013333333333333333 0
1670582830656 0.001 0
1670582831434 0.002 0
1670582832103 0.0006666666666666666 0
1670582832782 0.0013333333333333333 0
1670582833488 0.0006666666666666666 0
1670582834192 0.0003333333333333333 0
1670582834942 0.0006666666666666666 0
1670582835674 0.0 0
1670582836667 0.001 0
1670582837303 0.0013333333333333333 0
1670582837962 0.0013333333333333333 0
1670582838697 0.0016666666666666668 0
1670582839415 0.0013333333333333333 0
1670582840131 0.0006666666666666666 0
1670582840805 0.001 0
1670582841612 0.0013333333333333333 0
1670582842392 0.0 0
1670582843040 0.0013333333333333333 0
1670582843852 0.001 0
1670582844607 0.0016666666666666668 0
1670582845372 0.0013333333333333333 0
1670582846150 0.0016666666666666668 0
1670582846842 0.001 0
1670582847642 0.0003333333333333333 0
1670582848368 0.0 0
1670582849097 0.0013333333333333333 0
1670582849775 0.0006666666666666666 0
1670582850527 0.0003333333333333333 0
1670582851375 0.001 0
1670582852132 0.0003333333333333333 0
1670582852931 0.0013333333333333333 0
1670582853659 0.0003333333333333333 0
1670582854405 0.002 0
1670582855279 0.001 0
1670582855943 0.0013333333333333333 0
1670582856915 0.002 0
1670582857677 0.0016666666666666668 0
1670582858547 0.0013333333333333333 0
1670582859376 0.0016666666666666668 0
1670582860320 0.0 0
1670582861055 0.0016666666666666668 0
1670582861728 0.0016666666666666668 0
1670582862525 0.0013333333333333333 0
1670582863155 0.001 0
1670582863958 0.0013333333333333333 0
1670582864700 0.0006666666666666666 0
1670582865451 0.0 0
1670582866372 0.001 0
1670582867083 0.0016666666666666668 0
1670582867883 0.0013333333333333333 0
1670582868694 0.001 0
1670582869478 0.0013333333333333333 0
1670582870133 0.0013333333333333333 0
1670582871203 0.0013333333333333333 0
1670582871863 0.0006666666666666666 0
1670582872617 0.002 0
1670582873390 0.0006666666666666666 0
1670582874173 0.0023333333333333335 0
1670582875042 0.0006666666666666666 0
1670582875832 0.0006666666666666666 0
1670582876686 0.0023333333333333335 0
1670582877274 0.0006666666666666666 0
1670582877924 0.0013333333333333333 0
1670582878644 0.001 0
1670582879351 0.001 0
1670582880313 0.0013333333333333333 0
1670582881182 0.002 0
1670582882053 0.0 0
1670582882763 0.0006666666666666666 0
1670582883402 0.0006666666666666666 0
1670582884237 0.0006666666666666666 0
1670582884910 0.0016666666666666668 0
1670582885674 0.0013333333333333333 0
1670582886527 0.001 0
1670582887267 0.001 0
1670582888072 0.001 0
1670582888731 0.001 0
1670582889553 0.002 0
1670582890262 0.001 0
1670582891186 0.0016666666666666668 0
1670582892004 0.0006666666666666666 0
1670582892867 0.0026666666666666666 0
1670582893531 0.0016666666666666668 0
1670582894191 0.0013333333333333333 0
1670582894925 0.0016666666666666668 0
1670582895773 0.0006666666666666666 0
1670582896715 0.0013333333333333333 0
1670582897423 0.0003333333333333333 0
1670582898343 0.0013333333333333333 0
1670582899095 0.001 0
1670582899950 0.0016666666666666668 0
1670582900667 0.0013333333333333333 0
1670582901406 0.001 0
1670582902126 0.0016666666666666668 0
1670582902909 0.0006666666666666666 0
1670582903932 0.0006666666666666666 0
1670582904912 0.0013333333333333333 0
1670582906014 0.0016666666666666668 0
1670582906950 0.0023333333333333335 0
1670582907845 0.0016666666666666668 0
1670582908749 0.001 0
1670582909773 0.0006666666666666666 0
1670582910635 0.002 0
1670582911361 0.0006666666666666666 0
1670582912170 0.002 0
1670582913132 0.002 0
1670582913876 0.0013333333333333333 0
1670582914936 0.0006666666666666666 0
1670582915654 0.001 0
1670582916599 0.0013333333333333333 0
1670582917308 0.001 0
1670582918222 0.001 0
1670582919394 0.0013333333333333333 0
1670582920325 0.0006666666666666666 0
1670582921268 0.0003333333333333333 0
1670582922051 0.0013333333333333333 0
1670582922780 0.0016666666666666668 0
1670582923700 0.0013333333333333333 0
1670582924621 0.0006666666666666666 0
1670582925321 0.0013333333333333333 0
1670582926172 0.0016666666666666668 0
1670582927231 0.0016666666666666668 0
1670582928312 0.0026666666666666666 0
1670582929036 0.002 0
1670582929899 0.0006666666666666666 0
1670582930894 0.0033333333333333335 0
1670582931682 0.001 0
1670582932522 0.001 0
1670582933465 0.0013333333333333333 0
1670582934428 0.0016666666666666668 0
1670582935093 0.0016666666666666668 0
1670582936075 0.001 0
1670582937059 0.0013333333333333333 0
1670582938062 0.0016666666666666668 0
1670582938988 0.0016666666666666668 0
