1670605137564 0.0 0
1670605138791 0.0 0
1670605139911 0.0 0
1670605140924 0.0 0
1670605142093 0.0 0
1670605143420 0.0 0
1670605144697 0.0 0
1670605146160 0.0 0
1670605147295 0.0 0
1670605148535 0.0 0
1670605149708 0.0 0
1670605150717 0.0 0
1670605152125 0.0 0
1670605153359 0.0 0
1670605154419 0.0 0
1670605155676 0.0 0
1670605156786 0.0 0
1670605158170 0.0 0
1670605159214 0.0 0
1670605160541 0.0 0
1670605161686 0.0 0
1670605162967 0.0 0
1670605164002 0.0 0
1670605165200 0.0 0
1670605166695 0.0 0
1670605167909 0.0 0
1670605168893 0.0 0
1670605170383 0.0 0
1670605171782 0.0 0
1670605172842 0.0 0
1670605173861 0.0 0
1670605174862 0.0 0
1670605175791 0.0 0
1670605176820 0.0 0
1670605178131 0.0 0
1670605179343 0.0 0
1670605180570 0.0 0
1670605181755 0.0 0
1670605478242 0.0 0
1670605480942 0.0 0
1670605482325 0.0 0
1670605484360 0.0 0
1670605485656 0.0 0
1670605486991 0.0 0
1670605488171 0.0 0
1670605489424 0.0 0
1670605491003 0.0 0
1670605492676 0.0 0
1670605494153 0.0 0
1670605495647 0.0 0
1670605496926 0.0 0
1670605498581 0.0 0
1670605500472 0.0 0
1670605502027 0.0 0
1670605504089 0.0 0
1670605505814 0.0 0
1670605507266 0.0 0
1670605509678 0.0 0
1670605510928 0.0 0
1670605512732 0.0 0
1670605514426 0.0 0
1670605515890 0.0 0
1670605517412 0.0 0
1670605518896 0.0 0
1670605520477 0.0 0
1670605521893 0.0 0
1670605523221 0.0 0
1670605524112 0.0 0
1670605525546 0.0 0
1670605527188 0.0 0
1670605528831 0.0 0
1670605530457 0.0 0
1670605532070 0.0 0
1670605533953 0.0 0
1670605535979 0.0 0
1670605538037 0.0 0
1670605540083 0.0 0
1670605541941 0.0 0
1670605543521 0.0 0
1670605545284 0.0 0
1670605546364 0.0 0
1670605548497 0.0 0
1670605550076 0.0 0
1670605551461 0.0 0
1670605552919 0.0 0
1670605554728 0.0 0
1670605556917 0.0 0
1670605558706 0.0 0
1670605560384 0.0 0
1670605562557 0.0 0
1670605563965 0.0 0
1670605565745 0.0 0
1670605567259 0.0 0
1670605568646 0.0 0
1670605570390 0.0 0
1670605571825 0.0 0
1670605573457 0.0 0
1670605574983 0.0 0
1670605576312 0.0 0
1670605577553 0.0 0
1670605578935 0.0 0
1670605580781 0.0 0
