1670568669313 0.0 0
1670568669819 0.0 0
1670568670389 0.0 0
1670568670913 0.0 0
1670568671417 0.0 0
1670568671863 0.0 0
1670568672534 0.0 0
1670568673077 0.0 0
1670568673716 0.0 0
1670568674615 0.0 0
1670568675147 0.0 0
1670568675777 0.0 0
1670568676533 0.0 0
1670568677325 0.0 0
1670568678174 0.0 0
1670568678592 0.0 0
1670568679014 0.0 0
1670568679507 0.0 0
1670568680009 0.0 0
1670568680353 0.0 0
1670568681000 0.0 0
1670568681616 0.0 0
1670568682172 0.0 0
1670568682977 0.0 0
1670568683674 0.0 0
1670568684443 0.0 0
1670568685073 0.0 0
1670568685767 0.0002491759025746592 0
1670568686383 0.000234549534951027 0
1670568687229 0.00023086376047963317 0
1670568688034 0.00022734620053234262 0
1670568688691 0.00022398445646055397 0
1670568689339 0.00022076737047350257 0
1670568689910 0.0002176848706568071 0
1670568690325 0.00021472783897297744 0
1670568691034 0.00021188799832865449 0
1670568691684 0.00020915781554200414 0
1670568692226 0.0002065304176344201 0
1670568692736 0.0002039995193397598 0
1670568693225 0.00020155936009904441 0
1670568693738 0.00019920464910958542 0
1670568694352 0.00019693051724065677 0
1670568694983 0.00019473247482526367 0
1670568695500 0.00019260637449864564 0
1670568696027 0.00019054837838621333 0
1670568697191 0.00018855492905236424 0
1670568697838 0.00018662272371156084 0
1670568698368 0.0001847486912777423 0
1670568698892 0.00018292997189040507 0
1670568699354 0.00018116389860780102 0
1670568700060 0.00017944798100146746 0
1670568700596 0.0001777798904231918 0
1670568701193 0.00017615744674671224 0
1670568701787 0.0001745786064129204 0
1670568702345 0.00017304145162985637 0
1670568702783 0.00017154418059801594 0
1670568703419 0.00017008509864794213 0
1670568703800 0.00016866261019120914 0
1670568704411 0.00016727521139806058 0
1670568704831 0.00016592148352546362 0
1670568705682 0.00016460008682841587 0
1670568706188 0.00016330975499521632 0
1670568707003 0.00016204929005425708 0
1670568707773 0.00016081755770585058 0
1670568708534 0.0001596134830378197 0
1670568709261 0.00015843604658812656 0
1670568710164 0.00015728428072181477 0
1670568710625 0.00015615726629304545 0
1670568711225 0.0001550541295660991 0
1670568712129 0.0001539740393719356 0
1670568712827 0.00015291620447931484 0
1670568713576 0.00015187987116160854 0
1670568714028 0.00015086432094232159 0
1670568714552 0.00014986886850402176 0
1670568715019 0.0001488928597468647 0
1670568715542 0.00014793566998423218 0
1670568716152 0.00014699670226418925 0
1670568716883 0.00014607538580652192 0
1670568717785 0.00014517117454607107 0
1670568718543 0.0001442835457739229 0
1670568719145 0.00014341199886878442 0
1670568720044 0.00014255605411155503 0
1670568720761 0.0001417152515767235 0
1670568721496 0.0001408891500947773 0
1670568722187 0.00014007732628030958 0
1670568722913 0.00019582225168006262 0
1670568723506 0.00019473247482526367 0
1670568724164 0.00019366067866419273 0
1670568724729 0.00019260637449864564 0
1670568725414 0.00019156909201113484 0
1670568725805 0.00019054837838621336 0
1670568726609 0.0001895437974825552 0
1670568727121 0.0001885549290523642 0
1670568727881 0.00018758136800495185 0
1670568728901 0.00018662272371156087 0
1670568729910 0.0001856786193487362 0
1670568730391 0.0001847486912777423 0
1670568731118 0.0001838325884577156 0
1670568731714 0.00018292997189040507 0
1670568732613 0.00018204051409451472 0
1670568733124 0.000181163898607801 0
