1670630435262 0.001 0
1670630436983 0.001 0
1670630438569 0.001 0
1670630440324 0.0013333333333333333 0
1670630441911 0.0013333333333333333 0
1670630443711 0.0 0
1670630445617 0.0013333333333333333 0
1670630447455 0.0003333333333333333 0
1670630449116 0.0013333333333333333 0
1670630450827 0.0003333333333333333 0
1670630452561 0.0 0
1670630454228 0.001 0
1670630456025 0.0016666666666666668 0
1670630457539 0.0013333333333333333 0
1670630459263 0.001 0
1670630461029 0.0003333333333333333 0
1670630462656 0.0006666666666666666 0
1670630464502 0.001 0
1670630466238 0.002 0
1670630468065 0.001 0
1670630469946 0.0006666666666666666 0
1670630471906 0.0013333333333333333 0
1670630473802 0.0016666666666666668 0
1670630475483 0.0006666666666666666 0
1670630476941 0.0026666666666666666 0
1670630478580 0.001 0
1670630480300 0.0006666666666666666 0
1670630482167 0.0003333333333333333 0
1670630483929 0.0 0
1670630485617 0.002 0
1670630487405 0.0006666666666666666 0
1670630489151 0.002 0
1670630490942 0.001 0
1670630492722 0.0 0
1670630494537 0.0006666666666666666 0
1670630496365 0.0006666666666666666 0
1670630498171 0.0013333333333333333 0
1670630499812 0.0026666666666666666 0
1670630501605 0.0003333333333333333 0
1670630503295 0.001 0
1670630504935 0.0013333333333333333 0
1670630506534 0.001 0
1670630508191 0.0006666666666666666 0
1670630510120 0.0016666666666666668 0
1670630512072 0.0013333333333333333 0
1670630513985 0.001 0
1670630515911 0.001 0
1670630517830 0.001 0
1670630519735 0.002 0
1670630521657 0.0016666666666666668 0
1670630523605 0.0 0
1670630525536 0.001 0
1670630527500 0.001 0
1670630529437 0.0 0
1670630531400 0.0 0
1670630533398 0.001 0
1670630535418 0.0003333333333333333 0
1670630537457 0.0003333333333333333 0
1670630539540 0.0003333333333333333 0
1670630541566 0.001 0
1670630543378 0.001 0
1670630545103 0.0003333333333333333 0
1670630546608 0.0013333333333333333 0
1670630548362 0.0003333333333333333 0
1670630549848 0.0006666666666666666 0
1670630551633 0.002 0
1670630553489 0.001 0
1670630555293 0.0006666666666666666 0
1670630557108 0.0 0
1670630559185 0.0013333333333333333 0
1670630560979 0.001 0
1670630562792 0.001 0
1670630564443 0.0006666666666666666 0
1670630566123 0.001 0
1670630567840 0.0003333333333333333 0
1670630569608 0.001 0
1670630571321 0.0003333333333333333 0
1670630573349 0.002 0
1670630575351 0.0013333333333333333 0
1670630577346 0.0003333333333333333 0
1670630579333 0.001 0
1670630581199 0.0016666666666666668 0
1670630582915 0.0006666666666666666 0
1670630584616 0.0003333333333333333 0
1670630586334 0.001 0
1670630587967 0.0013333333333333333 0
1670630589629 0.001 0
1670630591301 0.0016666666666666668 0
1670630592968 0.002 0
1670630594745 0.0 0
1670630596673 0.001 0
1670630598442 0.001 0
1670630600178 0.0023333333333333335 0
1670630602008 0.0023333333333333335 0
1670630603826 0.0013333333333333333 0
1670630605617 0.001 0
1670630607412 0.0016666666666666668 0
1670630609217 0.001 0
1670630610995 0.0003333333333333333 0
1670630612748 0.0003333333333333333 0
1670630614472 0.0003333333333333333 0
1670630616418 0.0013333333333333333 0
1670630618393 0.0013333333333333333 0
