1670614175194 0.012706204736432098 0
1670614180845 0.010096276021286859 0
1670614186224 0.00759428279042417 0
1670614191701 0.00606596601500459 0
1670614197381 0.005495870093523895 0
1670614203047 0.005153276609349994 0
1670614208732 0.004790431491846981 0
1670614214485 0.005742031028232456 0
1670614220163 0.005610474077831162 0
1670614225853 0.0055939289891491105 0
1670614231620 0.005386782079883123 0
1670614237384 0.005320579789175237 0
1670614243091 0.005359613794666759 0
1670614248762 0.005159830050685901 0
1670614254196 0.004965247883436521 0
1670614259607 0.004811701567282967 0
1670614264891 0.004771261763709431 0
1670614270809 0.0047135387112931795 0
1670614276745 0.004577617942589738 0
1670614282719 0.0048216482341129395 0
1670614288749 0.004715143391437076 0
1670614294807 0.004609477927451771 0
1670614300739 0.004607061911809419 0
1670614306650 0.004503651774020913 0
1670614312727 0.004507105669579197 0
1670614318646 0.004422722353689939 0
1670614324478 0.004364294487551391 0
1670614329993 0.004329575355655585 0
1670614335628 0.004179668264925551 0
1670614341549 0.004111816870634245 0
1670614347471 0.004359535620153915 0
1670614353391 0.004295033362622599 0
1670614359282 0.004280363730130059 0
1670614365122 0.004263774055911884 0
1670614370993 0.004261916812609448 0
1670614376831 0.004207635428506187 0
1670614382459 0.004154404292958968 0
1670614388245 0.004100948997645723 0
1670614394185 0.004051645841765981 0
1670614400045 0.0040040744736488144 0
1670614405901 0.003990768034134918 0
1670614411746 0.004113264782605594 0
1670614417426 0.004066648514720694 0
1670614422973 0.004035865081864123 0
1670614428154 0.004005748116459025 0
1670614433728 0.003965212563835728 0
1670614439512 0.003968937337505498 0
1670614445604 0.003939831719485873 0
1670614451965 0.0039054410205110295 0
1670614457579 0.003931632267344071 0
1670614463141 0.003895428368620754 0
1670614469262 0.003945852602395239 0
1670614475342 0.004029832023623158 0
1670614481125 0.0039964988013432914 0
1670614487044 0.003961374754349826 0
1670614492688 0.003951172524425279 0
1670614498193 0.003920462009293132 0
1670614503481 0.003961900447875134 0
1670614509046 0.003937115588755306 0
1670614514649 0.0039364850111631 0
1670614520187 0.003911988521739708 0
1670614525744 0.003881911671722283 0
1670614531285 0.0038809082515026856 0
1670614536978 0.003850974036105896 0
1670614542692 0.0038646447462252096 0
1670614549034 0.00383570244947274 0
1670614554597 0.0038083583329481738 0
1670614560215 0.003793070454612569 0
1670614565708 0.0037868261826189582 0
1670614571114 0.003760066398335664 0
1670614576559 0.003733866010435306 0
1670614581896 0.0037088969172075735 0
1670614587142 0.003830715605274557 0
1670614592891 0.0038062570105832656 0
1670614598505 0.003794285564388839 0
1670614604134 0.0037890208959086803 0
1670614609546 0.0037894047805442817 0
1670614615076 0.003775601153700235 0
1670614620807 0.003755452374804827 0
1670614626469 0.0037322300605088336 0
1670614631934 0.003732565963858762 0
1670614637332 0.0037194732168511734 0
1670614642663 0.0037064245274645233 0
1670614648273 0.003698971102321557 0
1670614653688 0.0037380689263100605 0
1670614659372 0.0037246673746495953 0
1670614664744 0.0037164973799278314 0
1670614670232 0.003696895210107149 0
1670614675569 0.00367759811276155 0
1670614680949 0.0038278824919025416 0
1670614686387 0.0038147964606301283 0
1670614691930 0.003795676595484668 0
1670614697412 0.0037790384788284406 0
1670614703015 0.0037605420110716874 0
1670614708503 0.0037444403811998147 0
1670614713775 0.0037325437705725776 0
1670614719238 0.003746271596683625 0
1670614724584 0.0037386696923332983 0
1670614729275 0.0037272253750320027 0
1670614734360 0.0037198816788911442 0
1670614739529 0.0037080891236361997 0
1670614744719 0.0036915172589290493 0
1670614749833 0.0036843647467995613 0
1670614754904 0.0036786499462803475 0
1670614760168 0.0037439499534250853 0
1670614764765 0.0037337695075260633 0
1670614769438 0.0037312581715466444 0
1670614774347 0.0037143894575139575 0
1670614779536 0.003732825141650905 0
1670614784693 0.0037278120504259105 0
1670614789849 0.003712718989646537 0
1670614794358 0.003777684743747188 0
1670614798910 0.0037897471405118587 0
1670614803318 0.003825902701738924 0
1670614807528 0.0038305600323133467 0
1670614811900 0.003857635795393121 0
1670614816652 0.0038413620498125266 0
1670614821372 0.0038253161646471263 0
1670614826037 0.003870308578000487 0
1670614830638 0.003872971352457467 0
1670614835161 0.00388143395343036 0
1670614839463 0.0038688401960336434 0
1670614843742 0.003903293371942105 0
1670614848146 0.0038901979947688313 0
1670614852631 0.003875579833341346 0
1670614857263 0.003860356805553196 0
1670614861851 0.0038481866265559217 0
1670614866657 0.0038518160095576395 0
