1670610295228 0.025412409472864172 0
1670610296455 0.008866924430177833 0
1670610297684 0.009048077858232719 0
1670610298702 0.009836264042415777 0
1670610299808 0.00859237483933738 0
1670610300991 0.012011131867391268 0
1670610302378 0.011229804326315308 0
1670610303497 0.010639327837286803 0
1670610304778 0.010008181441523708 0
1670610305984 0.009417922024622452 0
1670610307265 0.009511504418940449 0
1670610308211 0.009180564084604832 0
1670610309365 0.008812015075227237 0
1670610310623 0.008876641931598903 0
1670610311650 0.008984237348223872 0
1670610312859 0.008669835942842215 0
1670610313833 0.008737251157616192 0
1670610315037 0.00847660341892155 0
1670610316117 0.008511845601078066 0
1670610317202 0.008926712120804946 0
1670610318359 0.008852711720185497 0
1670610319622 0.008690432977752786 0
1670610320764 0.008486602462182868 0
1670610321859 0.008327108172454613 0
1670610322989 0.008176141423840374 0
1670610323975 0.008008575418327578 0
1670610324918 0.008179759562562415 0
1670610326006 0.00805366705343901 0
1670610327134 0.007576806297993177 0
1670610328476 0.007860789565887972 0
1670610329649 0.007900445344215606 0
1670610330858 0.007781344613437529 0
1670610332136 0.007671708236646386 0
1670610333370 0.007722310213013561 0
1670610334433 0.007675367147554912 0
1670610335959 0.0076274774425838555 0
1670610336979 0.0075572086255524425 0
1670610338518 0.007482537760087778 0
1670610339555 0.0074179846787844235 0
1670610341289 0.007346589832679749 0
1670610342434 0.007258629564524055 0
1670610343576 0.007765270799298042 0
1670610344544 0.007744150414474835 0
1670610345944 0.007662199060301338 0
1670610347159 0.007582785404981918 0
1670610348199 0.007704563983960588 0
1670610349459 0.007639513298457988 0
1670610350648 0.007657744110028595 0
1670610351677 0.0075937862476643525 0
1670610352815 0.007600273584748792 0
1670610353878 0.007591271770324884 0
1670610355108 0.0075395596530466805 0
1670610356200 0.007510496483043555 0
1670610357383 0.007638797703813371 0
1670610358459 0.007584593832873909 0
1670610359850 0.007554833202400982 0
1670610360938 0.007844515585488793 0
1670610362299 0.007823651612076519 0
1670610363364 0.008100657580259317 0
1670610364646 0.008269109594321245 0
1670610365888 0.008241605867150423 0
1670610367209 0.008592593573416678 0
1670610368475 0.00853427848053808 0
1670610369600 0.008477098132387381 0
1670610370903 0.008413736416978717 0
1670610372171 0.008385858863315835 0
1670610373270 0.008424954013638877 0
1670610374680 0.008418585381841703 0
1670610375763 0.008427261144691715 0
1670610377066 0.008400862855613915 0
1670610378338 0.008367303785723864 0
1670610379392 0.008323702480286122 0
1670610380415 0.008314673025193071 0
1670610381621 0.008311205991623834 0
1670610382635 0.008273920529605499 0
1670610384032 0.0082211636109333 0
1670610385366 0.008217113607500215 0
1670610386588 0.008173061848113457 0
1670610387751 0.008142946688072167 0
1670610389264 0.008247038469632463 0
1670610390387 0.008208828183410177 0
1670610391550 0.008185369936817889 0
1670610392753 0.008136848440840568 0
1670610393840 0.008132546485060631 0
1670610395018 0.008191776512702281 0
1670610396200 0.008157492519347755 0
1670610397470 0.008120003728902841 0
1670610398793 0.00808648123443289 0
1670610399953 0.008087725042410277 0
1670610400775 0.00825871164512287 0
1670610401926 0.008220085540399217 0
1670610403095 0.00818197727552986 0
1670610404311 0.008157434851901142 0
1670610405487 0.00812348963448447 0
1670610406617 0.008086088692556982 0
1670610407961 0.008047158436583681 0
1670610409217 0.008484507380343186 0
1670610410513 0.008441655384074962 0
1670610411927 0.008399801885755995 0
1670610412835 0.00835822429963531 0
1670610414096 0.008318523171828712 0
1670610415211 0.00827938158277914 0
1670610416213 0.008270921840706727 0
1670610417371 0.00823145131949131 0
