1670627821787 0.0 0
1670627827361 0.0 0
1670627832512 0.0 0
1670627837075 0.0 0
1670627842019 0.0 0
1670627846540 0.0 0
1670627851376 0.0 0
1670627856393 0.0 0
1670627861409 0.0 0
1670627866106 0.0 0
1670627871053 0.0 0
1670627876104 0.0 0
1670627881358 0.0 0
1670627886772 0.0 0
1670627892405 0.0 0
1670627898389 0.0 0
1670627904015 0.0 0
1670627910358 0.0 0
1670627917331 0.0 0
1670627924376 0.0 0
1670627931597 0.0 0
1670627938731 0.0 0
1670627945924 0.0 0
1670627953205 0.0 0
1670627959917 0.0 0
1670627966519 0.0 0
1670627973124 0.0 0
1670627979690 0.0 0
1670627986004 0.0 0
1670627992604 0.0 0
1670627999174 0.0 0
1670628005716 0.0 0
1670628012244 0.0 0
1670628018865 0.0 0
1670628025541 0.0 0
1670628032207 0.0 0
1670628038899 0.0 0
1670628045586 0.0 0
1670628052243 0.0 0
1670628058941 0.0 0
1670628065615 0.0 0
1670628072288 0.0 0
1670628078982 0.0 0
1670628085713 0.0 0
1670628092468 0.0 0
1670628099026 0.0 0
1670628105599 0.0 0
1670628112237 0.0 0
1670628118977 0.0 0
1670628125726 0.0 0
1670628132503 0.0 0
1670628139550 0.0 0
1670628146529 0.0 0
1670628153477 0.0 0
1670628160517 0.0 0
1670628167543 0.0 0
1670628174337 0.0 0
1670628181146 0.0 0
1670628188385 0.0 0
1670628195544 0.0 0
1670628202715 0.0 0
1670628209824 0.0 0
1670628216976 0.0 0
1670628224381 0.0 0
1670628231821 0.0 0
1670628238592 0.0 0
1670628245130 0.0 0
1670628251620 0.0 0
1670628258540 0.0 0
1670628265327 0.0 0
1670628272519 0.0 0
1670628279817 0.0 0
1670628287334 0.0 0
1670628294832 0.0 0
1670628302299 0.0 0
1670628309531 0.0 0
1670628316518 0.0 0
1670628323653 0.0 0
1670628330754 0.0 0
1670628337826 0.0 0
1670628344975 0.0 0
1670628352174 0.0 0
1670628359252 0.0 0
1670628366286 0.0 0
1670628373243 0.0 0
1670628380400 0.0 0
1670628387467 0.0 0
1670628394582 0.0 0
1670628401597 0.0 0
1670628408644 0.0 0
1670628415679 0.0 0
1670628422754 0.0 0
1670628429852 0.0 0
1670628436903 0.0 0
1670628443952 0.0 0
1670628450870 0.0 0
1670628458005 0.0 0
1670628464619 0.0 0
1670628471078 0.0 0
1670628477497 0.0 0
1670628483832 0.0 0
