1670568795169 0.10164963789145684 0
1670568796275 0.0371791688771356 0
1670568797346 0.031837720484391596 0
1670568798388 0.025205745182561246 0
1670568799410 0.035569750844995446 0
1670568800619 0.032677052116684605 0
1670568801898 0.02992077752562132 0
1670568803039 0.02811452922836144 0
1670568804117 0.027107737610426078 0
1670568805183 0.025470464517670974 0
1670568806287 0.025513431341852702 0
1670568807342 0.02426557729158703 0
1670568808370 0.023374073160590286 0
1670568809300 0.02254081608033745 0
1670568810133 0.021902703981619503 0
1670568810947 0.024017105942301997 0
1670568811935 0.02425919829656449 0
1670568813154 0.024290698070386862 0
1670568814229 0.02394264609936711 0
1670568815421 0.02328929877849753 0
1670568816330 0.02272875742437319 0
1670568817492 0.02237145520096126 0
1670568818324 0.022026065179846815 0
1670568819380 0.02161894090475308 0
1670568820249 0.021160406123682862 0
1670568821259 0.021077564318167014 0
1670568822344 0.021091137519227615 0
1670568823349 0.02152926765412788 0
1670568824280 0.020318608410705097 0
1670568825531 0.02029790103295917 0
1670568826676 0.020237148839739733 0
1670568827776 0.019934537978606476 0
1670568828857 0.019743528092679624 0
1670568829850 0.01989812591700091 0
1670568831255 0.019935521036091697 0
1670568832117 0.019664276818428722 0
1670568832971 0.019458969560828987 0
1670568834032 0.019483637350406396 0
1670568835033 0.019297850247022547 0
1670568836155 0.019727503312880007 0
1670568837095 0.019878831360314986 0
1670568838189 0.019646342552948476 0
1670568839248 0.019423073196315033 0
1670568840279 0.01932496561288849 0
1670568841135 0.01952293960985224 0
1670568842320 0.019417018434781358 0
1670568843442 0.019454810716264648 0
1670568844638 0.01957192007209535 0
1670568845912 0.02020914546362451 0
1670568846878 0.020123517544494235 0
1670568847905 0.019945082013650223 0
1670568848868 0.019756131627875817 0
1670568850013 0.020010522163881328 0
1670568851134 0.02034865195161978 0
1670568852486 0.020277663396862017 0
1670568853729 0.020363034367819555 0
1670568854983 0.020187098445430512 0
1670568856199 0.02003102803963308 0
1670568857356 0.019863499357977432 0
1670568858099 0.019704855688224582 0
1670568858587 0.019651747905267414 0
1670568859135 0.019772558363341353 0
1670568859819 0.019812472524679048 0
1670568860970 0.019684390958453313 0
1670568861870 0.01981852114944993 0
1670568862391 0.019801548129788543 0
1670568863300 0.019839940846512916 0
1670568864174 0.019832822661072363 0
1670568865087 0.01981517080071382 0
1670568866214 0.019808438938091616 0
1670568867314 0.01999074664820852 0
1670568868236 0.019862709182885352 0
1670568869012 0.019840125617322207 0
1670568869972 0.019729517609935326 0
1670568871171 0.019646546841073587 0
1670568872426 0.01967940992968817 0
1670568873439 0.01956281565887008 0
1670568874329 0.01956487547521865 0
1670568875264 0.019444378278463376 0
1670568876260 0.01932449054157051 0
1670568877271 0.01924926185390094 0
1670568877966 0.019283211860743832 0
1670568878766 0.019280203055675155 0
1670568879445 0.01964298992337432 0
1670568880121 0.019913899422386055 0
1670568880737 0.019813872001937044 0
1670568881293 0.019735496949638442 0
1670568882166 0.01972804693442451 0
1670568883322 0.019621141949006937 0
1670568884312 0.019514073966788142 0
1670568885183 0.019413395096043784 0
1670568886140 0.01932906620789146 0
1670568886768 0.0192289102767165 0
1670568888007 0.01998687112014086 0
1670568889178 0.02013625571968214 0
1670568890468 0.02029722515479654 0
1670568891734 0.02021750397090588 0
1670568892913 0.020258893998687993 0
1670568893988 0.020525002209871024 0
1670568894930 0.020731808842838678 0
1670568895994 0.02066047381458666 0
1670568897148 0.020562711907818942 0
1670568898314 0.020475144767180625 0
1670568899429 0.020431098249396484 0
1670568900490 0.020514165117843708 0
1670568901388 0.020433171648300247 0
1670568902413 0.02035621854944264 0
1670568903345 0.020345774392008242 0
1670568904285 0.020258042891781097 0
