1670648034391 0.0790953978357592 0
1670648060731 0.08020739602535032 0
1670648086945 0.07935619566987805 0
1670648114642 0.07800044197506624 0
1670648140971 0.07796557563173669 0
1670648167200 0.07664278429310149 0
1670648193358 0.08148047491135102 0
1670648246021 0.0792932374175664 0
1670648272376 0.07700666455997557 0
1670648315766 0.08026401412614752 0
1670648342314 0.07842434890683678 0
1670648368562 0.07606862667653762 0
1670648439907 0.07982708725926235 0
1670648483315 0.08106320974193826 0
1670648565557 0.07892412712172664 0
1670648597059 0.08071150220808634 0
1670648626947 0.07854513616542992 0
1670648694722 0.07990608979540331 0
1670648722472 0.07729653494686947 0
1670648749007 0.07854419046590275 0
1670648775346 0.07690613558881779 0
1670648815773 0.07855537485593064 0
1670648842181 0.07965953835773945 0
1670648916299 0.07827112139901055 0
1670648942639 0.08167969088418538 0
1670648999964 0.07864279384520032 0
1670649035395 0.07987454181964457 0
1670649066483 0.0773677062603373 0
1670649125401 0.07919380097151651 0
1670649164259 0.0793845236365846 0
