1670614733379 0.0002 0
1670614741663 0.0001 0
1670614750065 0.0001 0
1670614758771 0.0001 0
1670614766372 0.0 0
1670614773585 0.0 0
1670614781109 0.0001 0
1670614788590 0.0 0
1670614795854 0.0 0
1670614802944 0.0002 0
1670614810049 0.0 0
1670614817069 0.0 0
1670614824321 0.0001 0
1670614831346 0.0 0
1670614838600 0.0 0
1670614846192 0.0 0
1670614853429 0.0 0
1670614861058 0.0 0
1670614868621 0.0 0
1670614876843 0.0001 0
1670614885076 0.0 0
1670614893311 0.0001 0
1670614900663 0.0001 0
1670614908209 0.0 0
1670614916456 0.0 0
1670614924663 0.0 0
1670614932876 0.0 0
1670614941095 0.0 0
1670614948667 0.0 0
1670614955943 0.0001 0
1670614963267 0.0 0
1670614970629 0.0 0
1670614978142 0.0 0
1670614985533 0.0 0
1670614992974 0.0001 0
1670615000559 0.0001 0
1670615009325 0.0 0
1670615018206 0.0 0
1670615026737 0.0001 0
1670615035611 0.0 0
1670615044287 0.0001 0
1670615052903 0.0 0
1670615061268 0.0 0
1670615069862 0.0001 0
1670615078110 0.0001 0
1670615086031 0.0 0
1670615094429 0.0 0
1670615102917 0.0001 0
1670615111007 0.0 0
1670615119651 0.0001 0
1670615127455 0.0001 0
1670615134573 0.0 0
1670615144222 0.0 0
1670615149688 0.0002 0
1670615157163 0.0001 0
1670615166212 0.0001 0
1670615174488 0.0 0
1670615183265 0.0 0
1670615192439 0.0 0
1670615200097 0.0 0
1670615205638 0.0001 0
1670615214296 0.0 0
1670615221315 0.0 0
1670615224573 0.0001 0
1670615229732 0.0 0
1670615238076 0.0001 0
1670615247412 0.0 0
1670615256363 0.0001 0
1670615264750 0.0 0
1670615269933 0.0 0
1670615276708 0.0001 0
1670615284988 0.0002 0
1670615293455 0.0 0
1670615300223 0.0001 0
1670615302332 0.0 0
1670615310212 0.0 0
1670615318799 0.0 0
1670615325352 0.0 0
1670615335370 0.0 0
1670615344007 0.0 0
1670615352375 0.0 0
1670615359201 0.0 0
1670615367290 0.0001 0
1670615375140 0.0 0
1670615377738 0.0 0
1670615381176 0.0001 0
1670615391374 0.0 0
1670615401881 0.0001 0
1670615412910 0.0 0
1670615423430 0.0001 0
1670615431297 0.0 0
1670615439655 0.0 0
1670615441326 0.0 0
1670615445483 0.0 0
1670615456117 0.0 0
1670615466832 0.0001 0
1670615476341 0.0 0
1670615486453 0.0 0
1670615497713 0.0 0
1670615504877 0.0001 0
1670615513011 0.0 0
1670615526482 0.0001 0
1670615534849 0.0001 0
1670615543048 0.0 0
1670615554909 0.0 0
1670615565921 0.0 0
1670615577000 0.0002 0
1670615588537 0.0 0
1670615600162 0.0 0
1670615611705 0.0 0
1670615623089 0.0 0
1670615635224 0.0002 0
1670615641613 0.0002 0
1670615643934 0.0001 0
1670615653360 0.0 0
1670615664839 0.0 0
1670615675774 0.0 0
1670615686684 0.0001 0
