1670618631550 nan 0
1670618634140 nan 0
1670618636766 nan 0
1670618639421 nan 0
1670618642058 nan 0
1670618644548 4.440892098500626e-16 0
1670618647370 nan 0
1670618649944 nan 0
1670618652895 nan 0
1670618655838 4.440892098500626e-16 0
1670618658853 4.440892098500626e-16 0
1670618661597 4.440892098500626e-16 0
1670618664487 8.881784197001252e-16 0
1670618667391 8.881784197001252e-16 0
1670618670274 nan 0
1670618672773 nan 0
1670618675347 4.440892098500626e-16 0
1670618677928 nan 0
1670618680700 nan 0
1670618683510 nan 0
1670618686283 4.440892098500626e-16 0
1670618689065 4.440892098500626e-16 0
1670618691868 nan 0
1670618694654 nan 0
1670618697461 nan 0
1670618700249 nan 0
1670618703025 nan 0
1670618705815 4.440892098500626e-16 0
1670618708619 4.440892098500626e-16 0
1670618711678 4.440892098500626e-16 0
1670618714735 nan 0
1670618717778 nan 0
1670618720781 nan 0
1670618723823 nan 0
1670618726846 4.440892098500626e-16 0
1670618729796 4.440892098500626e-16 0
1670618732718 nan 0
1670618735651 4.440892098500626e-16 0
1670618738631 nan 0
1670618741788 nan 0
1670618744968 4.440892098500626e-16 0
1670618748417 8.881784197001252e-16 0
1670618751735 8.881784197001252e-16 0
1670618754863 1.3322676295501878e-15 0
1670618757764 1.3322676295501878e-15 0
1670618760727 1.7763568394002505e-15 0
1670618763851 nan 0
1670618766715 4.440892098500626e-16 0
1670618769638 4.440892098500626e-16 0
1670618772589 8.881784197001252e-16 0
1670618775504 8.881784197001252e-16 0
1670618778379 1.3322676295501878e-15 0
1670618781552 1.3322676295501878e-15 0
1670618784435 1.7763568394002505e-15 0
1670618787453 4.440892098500626e-16 0
1670618790486 4.440892098500626e-16 0
1670618793409 8.881784197001252e-16 0
1670618796096 8.881784197001252e-16 0
1670618799242 8.881784197001252e-16 0
1670618802635 1.3322676295501878e-15 0
1670618805687 1.3322676295501878e-15 0
1670618808432 1.7763568394002505e-15 0
1670618811568 4.440892098500626e-16 0
1670618814780 4.440892098500626e-16 0
1670618817685 8.881784197001252e-16 0
1670618820810 8.881784197001252e-16 0
1670618824072 1.3322676295501878e-15 0
1670618827347 1.3322676295501878e-15 0
1670618830394 1.3322676295501878e-15 0
1670618833544 1.7763568394002505e-15 0
1670618836704 4.440892098500626e-16 0
1670618839849 8.881784197001252e-16 0
1670618843214 8.881784197001252e-16 0
1670618846314 8.881784197001252e-16 0
1670618849510 8.881784197001252e-16 0
1670618852517 4.440892098500626e-16 0
1670618855514 4.440892098500626e-16 0
1670618858774 nan 0
1670618861752 4.440892098500626e-16 0
1670618864686 4.440892098500626e-16 0
1670618867732 nan 0
1670618870596 nan 0
1670618873474 nan 0
1670618876506 4.440892098500626e-16 0
1670618879593 4.440892098500626e-16 0
1670618882774 8.881784197001252e-16 0
1670618885919 4.440892098500626e-16 0
1670618889158 nan 0
1670618892432 nan 0
1670618895810 nan 0
1670618898987 4.440892098500626e-16 0
1670618902054 4.440892098500626e-16 0
1670618904985 8.881784197001252e-16 0
1670618907885 8.881784197001252e-16 0
1670618910968 nan 0
1670618914091 nan 0
1670618917423 nan 0
1670618920382 4.440892098500626e-16 0
1670618923741 4.440892098500626e-16 0
1670618926841 8.881784197001252e-16 0
1670618930272 8.881784197001252e-16 0
1670618933625 8.881784197001252e-16 0
1670618937020 nan 0
1670618940463 nan 0
1670618943671 4.440892098500626e-16 0
1670618946785 4.440892098500626e-16 0
1670618949944 4.440892098500626e-16 0
1670618953079 8.881784197001252e-16 0
1670618956095 8.881784197001252e-16 0
1670618958995 8.881784197001252e-16 0
1670618962036 nan 0
1670618965018 4.440892098500626e-16 0
1670618967851 4.440892098500626e-16 0
1670618971069 4.440892098500626e-16 0
1670618974037 8.881784197001252e-16 0
1670618977337 8.881784197001252e-16 0
1670618980387 8.881784197001252e-16 0
1670618983662 1.3322676295501878e-15 0
1670618986793 4.440892098500626e-16 0
1670618990066 4.440892098500626e-16 0
1670618993345 4.440892098500626e-16 0
1670618996193 8.881784197001252e-16 0
1670618999098 8.881784197001252e-16 0
1670619001927 8.881784197001252e-16 0
1670619005013 8.881784197001252e-16 0
1670619008159 1.3322676295501878e-15 0
1670619011306 4.440892098500626e-16 0
1670619014611 4.440892098500626e-16 0
1670619017476 4.440892098500626e-16 0
1670619020752 8.881784197001252e-16 0
1670619023707 8.881784197001252e-16 0
1670619026824 4.440892098500626e-16 0
1670619030042 8.881784197001252e-16 0
1670619033399 1.3322676295501878e-15 0
1670619036386 4.440892098500626e-16 0
1670619039583 4.440892098500626e-16 0
1670619043037 8.881784197001252e-16 0
1670619046429 8.881784197001252e-16 0
1670619049794 4.440892098500626e-16 0
1670619052887 4.440892098500626e-16 0
1670619055843 4.440892098500626e-16 0
1670619059175 4.440892098500626e-16 0
1670619062390 4.440892098500626e-16 0
1670619065795 8.881784197001252e-16 0
1670619069012 8.881784197001252e-16 0
1670619072237 4.440892098500626e-16 0
1670619075179 4.440892098500626e-16 0
1670619077817 4.440892098500626e-16 0
1670619081146 4.440892098500626e-16 0
1670619084400 nan 0
1670619087603 8.881784197001252e-16 0
1670619090598 4.440892098500626e-16 0
1670619093926 4.440892098500626e-16 0
1670619097100 4.440892098500626e-16 0
1670619099685 4.440892098500626e-16 0
1670619102767 4.440892098500626e-16 0
1670619106097 nan 0
1670619109365 nan 0
1670619112363 4.440892098500626e-16 0
1670619115440 4.440892098500626e-16 0
1670619118612 4.440892098500626e-16 0
1670619121875 4.440892098500626e-16 0
1670619124959 nan 0
1670619128117 nan 0
1670619131224 nan 0
1670619134367 nan 0
1670619137513 4.440892098500626e-16 0
1670619140533 4.440892098500626e-16 0
1670619143732 4.440892098500626e-16 0
1670619146545 nan 0
1670619149702 nan 0
1670619152720 nan 0
1670619155480 nan 0
1670619158330 nan 0
1670619161424 4.440892098500626e-16 0
1670619164471 4.440892098500626e-16 0
1670619167532 nan 0
1670619170483 nan 0
1670619173587 nan 0
1670619176532 nan 0
1670619179653 nan 0
1670619182921 4.440892098500626e-16 0
1670619186216 4.440892098500626e-16 0
1670619189496 nan 0
1670619192898 nan 0
1670619195987 nan 0
1670619198954 nan 0
1670619202137 nan 0
1670619205074 4.440892098500626e-16 0
1670619207632 4.440892098500626e-16 0
1670619210642 nan 0
1670619213726 nan 0
1670619216643 nan 0
1670619219751 nan 0
1670619222741 nan 0
1670619225340 4.440892098500626e-16 0
1670619227950 4.440892098500626e-16 0
1670619230563 4.440892098500626e-16 0
1670619233179 nan 0
1670619235782 nan 0
1670619238351 nan 0
1670619240887 nan 0
1670619243648 4.440892098500626e-16 0
1670619246291 4.440892098500626e-16 0
1670619249390 4.440892098500626e-16 0
1670619252104 4.440892098500626e-16 0
1670619255107 nan 0
1670619258191 nan 0
1670619261002 nan 0
1670619263655 4.440892098500626e-16 0
1670619266305 4.440892098500626e-16 0
1670619269371 4.440892098500626e-16 0
1670619272290 4.440892098500626e-16 0
1670619275248 4.440892098500626e-16 0
1670619278297 nan 0
1670619281174 nan 0
1670619284426 4.440892098500626e-16 0
1670619287331 4.440892098500626e-16 0
1670619290150 4.440892098500626e-16 0
1670619293040 4.440892098500626e-16 0
1670619295866 4.440892098500626e-16 0
1670619298786 4.440892098500626e-16 0
1670619301471 nan 0
1670619304206 4.440892098500626e-16 0
1670619306888 4.440892098500626e-16 0
1670619309930 4.440892098500626e-16 0
1670619313130 4.440892098500626e-16 0
1670619316018 4.440892098500626e-16 0
1670619318740 4.440892098500626e-16 0
1670619321499 8.881784197001252e-16 0
1670619324452 4.440892098500626e-16 0
1670619327368 4.440892098500626e-16 0
1670619330160 4.440892098500626e-16 0
1670619333301 4.440892098500626e-16 0
1670619336132 4.440892098500626e-16 0
1670619339263 4.440892098500626e-16 0
1670619342257 8.881784197001252e-16 0
1670619345417 8.881784197001252e-16 0
1670619348556 4.440892098500626e-16 0
1670619351339 4.440892098500626e-16 0
1670619354041 4.440892098500626e-16 0
1670619357145 4.440892098500626e-16 0
1670619360366 4.440892098500626e-16 0
1670619363504 4.440892098500626e-16 0
1670619366681 8.881784197001252e-16 0
1670619369861 8.881784197001252e-16 0
1670619373306 4.440892098500626e-16 0
1670619376149 nan 0
1670619379063 nan 0
1670619382006 4.440892098500626e-16 0
1670619385040 4.440892098500626e-16 0
1670619388225 nan 0
1670619391134 4.440892098500626e-16 0
1670619394242 4.440892098500626e-16 0
1670619396983 4.440892098500626e-16 0
1670619399888 nan 0
1670619402865 4.440892098500626e-16 0
1670619405750 4.440892098500626e-16 0
1670619408529 nan 0
1670619411105 nan 0
1670619414018 nan 0
1670619417091 4.440892098500626e-16 0
1670619419856 nan 0
1670619422319 4.440892098500626e-16 0
1670619424896 4.440892098500626e-16 0
1670619427804 nan 0
1670619430393 nan 0
1670619432975 nan 0
1670619435552 nan 0
1670619437976 nan 0
1670619440558 4.440892098500626e-16 0
1670619443017 4.440892098500626e-16 0
1670619445997 4.440892098500626e-16 0
1670619449021 4.440892098500626e-16 0
1670619452064 4.440892098500626e-16 0
1670619455095 4.440892098500626e-16 0
1670619458223 4.440892098500626e-16 0
1670619461319 4.440892098500626e-16 0
1670619463857 4.440892098500626e-16 0
1670619466452 4.440892098500626e-16 0
1670619469052 4.440892098500626e-16 0
1670619471300 4.440892098500626e-16 0
1670619473686 4.440892098500626e-16 0
1670619476111 4.440892098500626e-16 0
1670619478104 4.440892098500626e-16 0
1670619480268 nan 0
1670619482725 4.440892098500626e-16 0
1670619485118 4.440892098500626e-16 0
1670619487146 8.881784197001252e-16 0
1670619489607 4.440892098500626e-16 0
1670619492045 8.881784197001252e-16 0
1670619494522 4.440892098500626e-16 0
1670619497090 4.440892098500626e-16 0
1670619499622 nan 0
1670619501697 4.440892098500626e-16 0
1670619503981 8.881784197001252e-16 0
1670619506371 4.440892098500626e-16 0
1670619509020 8.881784197001252e-16 0
1670619511632 4.440892098500626e-16 0
1670619514099 4.440892098500626e-16 0
1670619516604 nan 0
1670619519064 4.440892098500626e-16 0
1670619521494 8.881784197001252e-16 0
1670619524019 8.881784197001252e-16 0
1670619526311 4.440892098500626e-16 0
1670619528762 4.440892098500626e-16 0
1670619531208 4.440892098500626e-16 0
1670619533641 8.881784197001252e-16 0
1670619536037 4.440892098500626e-16 0
1670619538498 nan 0
1670619540864 8.881784197001252e-16 0
1670619543291 4.440892098500626e-16 0
1670619545739 4.440892098500626e-16 0
1670619548221 4.440892098500626e-16 0
1670619550715 8.881784197001252e-16 0
1670619553079 4.440892098500626e-16 0
1670619555487 nan 0
1670619557944 4.440892098500626e-16 0
1670619560309 4.440892098500626e-16 0
1670619562756 nan 0
1670619565324 4.440892098500626e-16 0
1670619568173 8.881784197001252e-16 0
1670619571035 4.440892098500626e-16 0
1670619573949 nan 0
1670619576810 4.440892098500626e-16 0
1670619579702 4.440892098500626e-16 0
1670619582543 nan 0
1670619585326 4.440892098500626e-16 0
1670619588115 8.881784197001252e-16 0
1670619591008 4.440892098500626e-16 0
1670619593706 nan 0
1670619596358 4.440892098500626e-16 0
1670619599022 4.440892098500626e-16 0
1670619601673 nan 0
1670619604313 4.440892098500626e-16 0
1670619606951 8.881784197001252e-16 0
1670619609572 4.440892098500626e-16 0
1670619612230 nan 0
1670619614902 4.440892098500626e-16 0
1670619617689 4.440892098500626e-16 0
1670619620331 nan 0
1670619623006 nan 0
1670619625694 8.881784197001252e-16 0
1670619628355 4.440892098500626e-16 0
1670619630984 nan 0
1670619633445 4.440892098500626e-16 0
1670619635925 4.440892098500626e-16 0
1670619638510 nan 0
1670619641098 nan 0
1670619643711 nan 0
1670619645979 4.440892098500626e-16 0
1670619648339 nan 0
1670619650705 4.440892098500626e-16 0
1670619652997 4.440892098500626e-16 0
1670619655440 nan 0
1670619657745 nan 0
1670619660090 nan 0
1670619662400 4.440892098500626e-16 0
1670619664493 nan 0
1670619666613 4.440892098500626e-16 0
1670619668954 4.440892098500626e-16 0
1670619671734 nan 0
1670619673985 nan 0
1670619676379 nan 0
1670619678716 4.440892098500626e-16 0
1670619681295 nan 0
1670619683900 4.440892098500626e-16 0
1670619686400 4.440892098500626e-16 0
1670619688994 nan 0
1670619691580 nan 0
1670619694129 nan 0
1670619696773 4.440892098500626e-16 0
1670619699212 nan 0
1670619701741 4.440892098500626e-16 0
1670619704197 4.440892098500626e-16 0
1670619706583 nan 0
1670619708886 nan 0
1670619711321 nan 0
1670619713727 4.440892098500626e-16 0
1670619716029 nan 0
1670619718385 4.440892098500626e-16 0
1670619720918 nan 0
1670619723490 nan 0
1670619726019 nan 0
1670619728142 nan 0
1670619730648 4.440892098500626e-16 0
1670619733461 nan 0
1670619736468 4.440892098500626e-16 0
1670619739104 nan 0
1670619741839 nan 0
1670619744665 nan 0
1670619747315 nan 0
1670619750049 4.440892098500626e-16 0
1670619753182 nan 0
1670619756130 4.440892098500626e-16 0
1670619759152 nan 0
1670619762129 nan 0
1670619765134 nan 0
1670619768111 nan 0
1670619771161 4.440892098500626e-16 0
1670619773955 nan 0
1670619776767 4.440892098500626e-16 0
1670619779620 nan 0
1670619782459 nan 0
1670619785303 nan 0
1670619788173 4.440892098500626e-16 0
1670619791030 4.440892098500626e-16 0
1670619793879 nan 0
1670619796655 4.440892098500626e-16 0
1670619799374 nan 0
1670619801923 nan 0
1670619804853 nan 0
1670619807783 4.440892098500626e-16 0
1670619810360 4.440892098500626e-16 0
1670619812675 nan 0
1670619814941 4.440892098500626e-16 0
1670619817403 nan 0
1670619820082 nan 0
1670619822438 nan 0
1670619824713 4.440892098500626e-16 0
1670619827238 4.440892098500626e-16 0
1670619829663 nan 0
1670619831891 4.440892098500626e-16 0
1670619834361 nan 0
1670619836812 nan 0
1670619839223 nan 0
1670619841727 4.440892098500626e-16 0
1670619844312 4.440892098500626e-16 0
1670619846894 nan 0
1670619849444 4.440892098500626e-16 0
1670619851980 nan 0
1670619854477 nan 0
1670619856946 nan 0
1670619859556 4.440892098500626e-16 0
1670619862107 4.440892098500626e-16 0
1670619864703 nan 0
1670619867276 4.440892098500626e-16 0
1670619869853 4.440892098500626e-16 0
1670619872539 nan 0
1670619875091 nan 0
1670619877317 4.440892098500626e-16 0
1670619879702 4.440892098500626e-16 0
1670619882165 nan 0
1670619884714 4.440892098500626e-16 0
1670619887025 4.440892098500626e-16 0
1670619889411 4.440892098500626e-16 0
1670619891845 nan 0
1670619894237 4.440892098500626e-16 0
1670619896387 4.440892098500626e-16 0
1670619898924 nan 0
1670619901396 4.440892098500626e-16 0
1670619903819 4.440892098500626e-16 0
1670619906192 4.440892098500626e-16 0
1670619908639 nan 0
1670619910979 4.440892098500626e-16 0
1670619913587 4.440892098500626e-16 0
1670619916071 nan 0
1670619918316 4.440892098500626e-16 0
1670619920875 4.440892098500626e-16 0
1670619923397 4.440892098500626e-16 0
1670619925771 nan 0
1670619928033 4.440892098500626e-16 0
1670619930528 4.440892098500626e-16 0
1670619933020 nan 0
1670619935512 4.440892098500626e-16 0
1670619938173 4.440892098500626e-16 0
1670619940660 4.440892098500626e-16 0
1670619943178 nan 0
1670619945715 4.440892098500626e-16 0
1670619948203 8.881784197001252e-16 0
1670619950677 nan 0
1670619953113 4.440892098500626e-16 0
1670619955337 4.440892098500626e-16 0
1670619957877 4.440892098500626e-16 0
1670619960294 nan 0
1670619963167 4.440892098500626e-16 0
1670619966072 8.881784197001252e-16 0
1670619968940 4.440892098500626e-16 0
1670619971843 4.440892098500626e-16 0
1670619974803 4.440892098500626e-16 0
1670619977794 4.440892098500626e-16 0
1670619980769 nan 0
1670619983754 4.440892098500626e-16 0
1670619986770 8.881784197001252e-16 0
1670619989730 4.440892098500626e-16 0
1670619992706 4.440892098500626e-16 0
1670619995564 4.440892098500626e-16 0
1670619997884 nan 0
1670620000571 nan 0
1670620003257 nan 0
1670620005951 nan 0
1670620008652 nan 0
1670620011325 nan 0
1670620013861 4.440892098500626e-16 0
1670620016867 4.440892098500626e-16 0
1670620020221 nan 0
1670620023401 4.440892098500626e-16 0
1670620026614 nan 0
1670620029515 nan 0
1670620032483 4.440892098500626e-16 0
1670620035600 4.440892098500626e-16 0
1670620038513 nan 0
1670620041464 nan 0
1670620044482 4.440892098500626e-16 0
1670620047560 nan 0
1670620050640 nan 0
1670620053749 4.440892098500626e-16 0
1670620056629 nan 0
1670620059677 nan 0
1670620062730 nan 0
1670620065763 4.440892098500626e-16 0
1670620068699 4.440892098500626e-16 0
1670620071648 nan 0
1670620074713 4.440892098500626e-16 0
1670620077647 nan 0
1670620080414 nan 0
1670620083413 nan 0
1670620086607 nan 0
1670620089509 4.440892098500626e-16 0
1670620092508 nan 0
1670620095281 4.440892098500626e-16 0
1670620098381 nan 0
1670620101659 nan 0
1670620104592 nan 0
1670620107419 4.440892098500626e-16 0
1670620110256 4.440892098500626e-16 0
1670620113111 nan 0
1670620115831 nan 0
1670620118216 4.440892098500626e-16 0
1670620120425 nan 0
1670620122992 nan 0
1670620125465 nan 0
1670620127921 nan 0
1670620130720 nan 0
1670620133539 nan 0
1670620136385 4.440892098500626e-16 0
1670620139037 nan 0
1670620141757 4.440892098500626e-16 0
1670620144528 4.440892098500626e-16 0
1670620147300 nan 0
1670620149840 nan 0
1670620152199 nan 0
1670620154533 4.440892098500626e-16 0
1670620156808 4.440892098500626e-16 0
1670620159177 4.440892098500626e-16 0
1670620161510 4.440892098500626e-16 0
1670620163771 nan 0
1670620166011 4.440892098500626e-16 0
1670620168361 4.440892098500626e-16 0
1670620170664 4.440892098500626e-16 0
1670620173007 4.440892098500626e-16 0
1670620175300 4.440892098500626e-16 0
1670620177663 4.440892098500626e-16 0
1670620180039 nan 0
1670620182730 4.440892098500626e-16 0
1670620185193 4.440892098500626e-16 0
1670620187598 4.440892098500626e-16 0
1670620189984 nan 0
1670620192756 4.440892098500626e-16 0
1670620195583 4.440892098500626e-16 0
1670620198441 4.440892098500626e-16 0
1670620201353 8.881784197001252e-16 0
1670620204263 4.440892098500626e-16 0
1670620207181 4.440892098500626e-16 0
1670620209928 4.440892098500626e-16 0
1670620212660 4.440892098500626e-16 0
1670620215771 4.440892098500626e-16 0
1670620218840 4.440892098500626e-16 0
1670620221903 8.881784197001252e-16 0
1670620224895 4.440892098500626e-16 0
1670620227831 4.440892098500626e-16 0
1670620230760 4.440892098500626e-16 0
1670620233662 4.440892098500626e-16 0
1670620236483 4.440892098500626e-16 0
1670620239582 4.440892098500626e-16 0
1670620242431 8.881784197001252e-16 0
1670620245224 4.440892098500626e-16 0
1670620248023 4.440892098500626e-16 0
1670620250836 8.881784197001252e-16 0
1670620253617 4.440892098500626e-16 0
1670620256358 4.440892098500626e-16 0
1670620259137 nan 0
1670620261918 8.881784197001252e-16 0
1670620264688 4.440892098500626e-16 0
1670620267467 4.440892098500626e-16 0
1670620270336 8.881784197001252e-16 0
1670620273287 4.440892098500626e-16 0
1670620276209 4.440892098500626e-16 0
1670620279081 nan 0
1670620281938 8.881784197001252e-16 0
1670620284836 4.440892098500626e-16 0
1670620287502 4.440892098500626e-16 0
1670620290428 4.440892098500626e-16 0
1670620293265 4.440892098500626e-16 0
1670620296293 4.440892098500626e-16 0
1670620299098 4.440892098500626e-16 0
1670620302151 8.881784197001252e-16 0
1670620305167 4.440892098500626e-16 0
1670620308508 4.440892098500626e-16 0
1670620311603 8.881784197001252e-16 0
1670620314918 4.440892098500626e-16 0
1670620318088 4.440892098500626e-16 0
1670620321428 8.881784197001252e-16 0
1670620324723 8.881784197001252e-16 0
1670620328022 4.440892098500626e-16 0
1670620331585 4.440892098500626e-16 0
1670620334908 8.881784197001252e-16 0
1670620338029 1.3322676295501878e-15 0
1670620341046 8.881784197001252e-16 0
