1670566663836 0.02541240947286416 0
1670566664622 0.030566747498197322 0
1670566665395 0.02412043310664913 0
1670566666125 0.03293258722477577 0
1670566666662 0.030678588307061938 0
1670566667576 0.029613408346376158 0
1670566668178 0.027361153844662423 0
1670566668800 0.025663231051971214 0
1670566669347 0.029252568024694003 0
1670566670139 0.02751478090157411 0
1670566670752 0.02788772487975233 0
1670566671340 0.026576723128874602 0
1670566672029 0.029791063144654406 0
1670566672558 0.028575540930205978 0
1670566673135 0.02960877925584715 0
1670566673892 0.028759639737515053 0
1670566674676 0.027869733869112734 0
1670566675589 0.027058296753888267 0
1670566676291 0.026274098871644114 0
1670566677157 0.02713350937683845 0
1670566677936 0.029039269637906595 0
1670566678585 0.028347632788859878 0
1670566679230 0.02859628816241022 0
1670566680322 0.029339369665503656 0
1670566681159 0.029225490057725123 0
1670566681977 0.028634418071108225 0
1670566683081 0.028567833660809283 0
1670566683618 0.02847318548669997 0
1670566684340 0.027000435522712918 0
1670566685316 0.02656538768828609 0
1670566686048 0.02624693534829947 0
1670566686804 0.026150185291769712 0
1670566687639 0.025826465761716988 0
1670566688438 0.02563739200906401 0
1670566689423 0.02540183271333607 0
1670566690592 0.025117939713536153 0
1670566691618 0.025067002137716732 0
1670566692557 0.024822073034721837 0
1670566693515 0.024804688818365506 0
1670566694478 0.02480486643408053 0
1670566695231 0.024619427155546214 0
1670566696262 0.02435535828509583 0
1670566697344 0.02421691941148263 0
1670566698309 0.024118937009195984 0
1670566699249 0.02538994677745554 0
1670566700169 0.025194372137242182 0
1670566700974 0.025232407219932695 0
1670566701916 0.025118519303878428 0
1670566702907 0.02489638116957338 0
1670566703871 0.025082899053860963 0
1670566704691 0.025154515304162683 0
1670566705579 0.02515987705336431 0
1670566706125 0.02492907083996243 0
1670566707163 0.024710120149350367 0
1670566708093 0.024505726692344743 0
1670566708991 0.024767328919295895 0
1670566709795 0.024566006263861517 0
1670566710654 0.024537926385532094 0
1670566711503 0.024434673791220662 0
1670566712484 0.024253214944269352 0
1670566712890 0.024373362471419746 0
1670566713893 0.024218062430260145 0
1670566714786 0.024046049506774803 0
1670566715499 0.023860585363728704 0
1670566716403 0.023679206751593962 0
1670566717338 0.023551370682795114 0
1670566718336 0.023399952754969422 0
1670566719078 0.023235877746475397 0
1670566719689 0.02307620440774738 0
1670566720416 0.02333203556488128 0
1670566721036 0.023311713862991357 0
1670566721934 0.02321633688071767 0
1670566722582 0.023092585466332305 0
1670566723292 0.023035918567784197 0
1670566724255 0.02297806796236912 0
1670566725059 0.02282988451560719 0
1670566725904 0.023577251513286712 0
1670566727107 0.023532428571970354 0
1670566728154 0.024618118375830722 0
1670566729177 0.024533803738567284 0
1670566729943 0.0244849412647149 0
1670566730788 0.024353650143731365 0
1670566731704 0.024514132852833548 0
1670566732657 0.02436950826631834 0
1670566733521 0.024277094911827946 0
1670566734198 0.024266347862449855 0
1670566735499 0.024342043915190903 0
1670566736602 0.024824243904392418 0
1670566737936 0.024697180628019733 0
1670566739075 0.024583043342347843 0
1670566740041 0.02449833946513036 0
1670566740785 0.024406059556688064 0
1670566741620 0.024279744016119653 0
1670566742596 0.02482889638203678 0
1670566743584 0.024837636039951927 0
1670566744363 0.02488757798738961 0
1670566745339 0.024797182217924152 0
1670566746274 0.024907873328397945 0
1670566747327 0.02478331553459545 0
1670566748248 0.024822836090121148 0
1670566749550 0.0248670928440079 0
1670566750697 0.024778711392226316 0
1670566751843 0.024745392929016674 0
1670566752644 0.024627590343951122 0
1670566753771 0.024543486137743376 0
1670566754909 0.024559185358979052 0
1670566755911 0.02485544614248547 0
1670566756891 0.024884363869742687 0
1670566757676 0.0247719986440057 0
1670566758443 0.024727597382070976 0
1670566759389 0.024682717270928745 0
1670566760273 0.024892675928419816 0
1670566760901 0.024783451273849733 0
1670566761614 0.024685485669644125 0
1670566762734 0.02468296108904644 0
1670566763655 0.024724675500981008 0
1670566764643 0.024949891101543886 0
1670566765386 0.024932451173625303 0
1670566766582 0.024873693234404137 0
1670566767631 0.02480201551215233 0
1670566768793 0.024881421123122527 0
1670566769675 0.024858002627355158 0
1670566770754 0.024772559594546828 0
