1670585030627 0.005833333333333334 0
1670585032564 0.003833333333333333 0
1670585034667 0.005833333333333334 0
1670585036611 0.006833333333333334 0
1670585038407 0.004666666666666667 0
1670585040162 0.0055 0
1670585042139 0.004333333333333333 0
1670585044156 0.006333333333333333 0
1670585045981 0.0045 0
1670585047783 0.006666666666666667 0
1670585049488 0.006833333333333334 0
1670585051513 0.006 0
1670585053190 0.0065 0
1670585055631 0.004833333333333334 0
1670585057695 0.0055 0
1670585059895 0.0075 0
1670585061688 0.0065 0
1670585063614 0.0045 0
1670585065702 0.006166666666666667 0
1670585067654 0.006 0
1670585069813 0.006333333333333333 0
1670585072110 0.005833333333333334 0
1670585074019 0.006 0
1670585076176 0.006333333333333333 0
1670585078204 0.0045 0
1670585079757 0.004833333333333334 0
1670585082006 0.006333333333333333 0
1670585084163 0.004833333333333334 0
1670585086345 0.005833333333333334 0
1670585088566 0.007666666666666666 0
1670585090571 0.005833333333333334 0
1670585092413 0.004833333333333334 0
1670585094438 0.0033333333333333335 0
1670585096470 0.005666666666666667 0
1670585098501 0.005 0
1670585100641 0.006666666666666667 0
1670585102604 0.005 0
1670585104589 0.006333333333333333 0
1670585106579 0.005833333333333334 0
1670585108315 0.0045 0
1670585110056 0.005166666666666667 0
1670585111891 0.004833333333333334 0
1670585113696 0.006166666666666667 0
1670585115644 0.007666666666666666 0
1670585117186 0.004833333333333334 0
1670585119435 0.003833333333333333 0
1670585121402 0.0065 0
1670585123336 0.005666666666666667 0
1670585125345 0.005166666666666667 0
1670585127187 0.007166666666666667 0
1670585129156 0.006333333333333333 0
1670585131096 0.0055 0
1670585133032 0.004 0
1670585134558 0.006333333333333333 0
1670585136509 0.006 0
1670585138725 0.005666666666666667 0
1670585140780 0.006666666666666667 0
1670585142801 0.004666666666666667 0
1670585144773 0.005 0
1670585146982 0.004166666666666667 0
1670585148445 0.005 0
1670585150724 0.006666666666666667 0
1670585152525 0.004666666666666667 0
1670585154135 0.005666666666666667 0
1670585156018 0.005833333333333334 0
1670585157711 0.005 0
1670585159786 0.005333333333333333 0
1670585161380 0.004833333333333334 0
1670585163245 0.004 0
1670585165273 0.004333333333333333 0
1670585167024 0.005333333333333333 0
1670585168924 0.0085 0
1670585170569 0.005 0
1670585172249 0.007 0
1670585174179 0.004833333333333334 0
1670585175992 0.005166666666666667 0
1670585177719 0.006833333333333334 0
1670585179541 0.006166666666666667 0
1670585181902 0.006166666666666667 0
1670585183882 0.007333333333333333 0
1670585185875 0.006 0
1670585188031 0.004833333333333334 0
1670585190143 0.004 0
1670585191701 0.007333333333333333 0
1670585193948 0.005833333333333334 0
1670585195846 0.005666666666666667 0
1670585198029 0.004333333333333333 0
1670585200045 0.0045 0
1670585202030 0.004333333333333333 0
1670585203677 0.003 0
1670585205624 0.006166666666666667 0
1670585207416 0.006833333333333334 0
1670585209231 0.005333333333333333 0
1670585210790 0.006333333333333333 0
1670585212884 0.0055 0
1670585214693 0.0065 0
1670585216799 0.006 0
1670585218938 0.004 0
1670585220772 0.0055 0
1670585222723 0.006166666666666667 0
1670585224373 0.004833333333333334 0
1670585226318 0.006 0
