1670628483700 0.0 0
1670628489866 0.0 0
1670628495995 0.00014285714285714287 0
1670628501043 0.00042857142857142855 0
1670628506331 0.00014285714285714287 0
1670628512365 0.00014285714285714287 0
1670628518693 0.00014285714285714287 0
1670628524617 0.00014285714285714287 0
1670628530349 0.00028571428571428574 0
1670628536289 0.0 0
1670628541994 0.0 0
1670628548059 0.0 0
1670628554064 0.00014285714285714287 0
1670628560304 0.0 0
1670628566272 0.0 0
1670628572495 0.0 0
1670628577498 0.0 0
1670628583494 0.00014285714285714287 0
1670628589440 0.00014285714285714287 0
1670628595311 0.00028571428571428574 0
1670628601140 0.0 0
1670628606836 0.00014285714285714287 0
1670628612575 0.00014285714285714287 0
1670628618250 0.00014285714285714287 0
1670628623824 0.0 0
1670628629659 0.00014285714285714287 0
1670628635349 0.0 0
1670628641570 0.00028571428571428574 0
1670628647673 0.00014285714285714287 0
1670628653613 0.00014285714285714287 0
1670628659766 0.00028571428571428574 0
1670628665401 0.0 0
1670628671158 0.0005714285714285715 0
1670628676554 0.00014285714285714287 0
1670628681624 0.0 0
1670628686562 0.0 0
1670628692427 0.0 0
1670628698188 0.00028571428571428574 0
1670628704026 0.00042857142857142855 0
1670628709380 0.0 0
1670628715159 0.00042857142857142855 0
1670628720679 0.00014285714285714287 0
1670628726751 0.00014285714285714287 0
1670628732177 0.00028571428571428574 0
1670628738182 0.0 0
1670628744110 0.0 0
1670628749674 0.00014285714285714287 0
1670628755177 0.0 0
1670628760843 0.0 0
1670628766506 0.00014285714285714287 0
1670628772316 0.00014285714285714287 0
1670628777870 0.0 0
1670628783822 0.00028571428571428574 0
1670628789803 0.0 0
1670628795996 0.00014285714285714287 0
1670628801857 0.00014285714285714287 0
1670628807972 0.0 0
1670628814224 0.00014285714285714287 0
1670628820670 0.00028571428571428574 0
1670628826739 0.00014285714285714287 0
1670628832720 0.00042857142857142855 0
1670628839175 0.0 0
1670628845061 0.00042857142857142855 0
1670628851388 0.00028571428571428574 0
1670628857636 0.0 0
1670628863932 0.00014285714285714287 0
1670628869876 0.00014285714285714287 0
1670628876122 0.0 0
1670628882277 0.00028571428571428574 0
1670628888550 0.0 0
1670628894609 0.0 0
1670628900747 0.00028571428571428574 0
1670628907027 0.00014285714285714287 0
1670628913155 0.00014285714285714287 0
1670628919120 0.00014285714285714287 0
1670628925033 0.00028571428571428574 0
1670628930674 0.00014285714285714287 0
1670628936875 0.00028571428571428574 0
1670628942898 0.00028571428571428574 0
1670628948892 0.0 0
1670628954862 0.0 0
1670628960802 0.0 0
1670628966782 0.00042857142857142855 0
1670628972782 0.0 0
1670628978717 0.0 0
1670628984783 0.0 0
1670628990482 0.00042857142857142855 0
1670628996726 0.0 0
1670629002804 0.00028571428571428574 0
1670629008849 0.00014285714285714287 0
1670629014789 0.0 0
1670629021034 0.0 0
1670629027419 0.0 0
1670629033810 0.00014285714285714287 0
1670629039975 0.0 0
1670629046174 0.00042857142857142855 0
1670629052527 0.00014285714285714287 0
1670629058505 0.0 0
1670629064848 0.00028571428571428574 0
1670629071118 0.00042857142857142855 0
1670629077068 0.0 0
1670629082903 0.00014285714285714287 0
