1670571329225 0.0 0
1670571329466 0.0 0
1670571329684 0.0 0
1670571329812 0.0 0
1670571329921 0.0 0
1670571330092 0.0 0
1670571330336 0.0 0
1670571330438 0.0 0
1670571330654 0.0 0
1670571330843 0.0 0
1670571330952 0.0 0
1670571331345 0.0 0
1670571331535 0.0 0
1670571331703 0.0 0
1670571331848 0.0 0
1670571331968 0.0 0
1670571332246 0.0 0
1670571332481 0.0 0
1670571332608 0.0 0
1670571332850 0.0 0
1670571333037 0.0 0
1670571333288 0.0 0
1670571333590 0.0 0
1670571333794 0.0 0
1670571333919 0.0 0
1670571334020 0.0 0
1670571334354 0.0 0
1670571334449 0.0 0
1670571334617 0.0 0
1670571334807 0.0 0
1670571334983 0.0 0
1670571335351 0.0 0
1670571335483 0.0 0
1670571335643 0.0 0
1670571335905 0.0 0
1670571336166 0.0 0
1670571336231 0.0 0
1670571336661 0.0 0
1670571336817 0.0 0
1670571337034 0.0 0
1670571337221 0.0 0
1670571337427 0.0 0
1670571337543 0.0 0
1670571337784 0.0 0
1670571337925 0.0 0
1670571338059 0.0 0
1670571338183 0.0 0
1670571338321 0.0 0
1670571338570 0.0 0
1670571338745 0.0 0
1670571338940 0.0 0
1670571339217 0.0 0
1670571339454 0.0 0
1670571339644 0.0 0
1670571339811 0.0 0
1670571339940 0.0 0
1670571340037 0.0 0
1670571340261 0.0 0
1670571340529 0.0 0
1670571340679 0.0 0
1670571340874 0.0 0
1670571341088 0.0 0
1670571341210 0.0 0
1670571341410 0.0 0
1670571341595 0.0 0
1670571341763 0.0 0
1670571341914 0.0 0
1670571342140 0.0 0
1670571342320 0.0 0
1670571342475 0.0 0
1670571342634 0.0 0
1670571342770 0.0 0
1670571342973 0.0 0
1670571343276 0.0 0
1670571343460 0.0 0
1670571343607 0.0 0
1670571343706 0.0 0
1670571343891 0.0 0
1670571344054 0.0 0
1670571344155 0.0 0
1670571344366 0.0 0
1670571344557 0.0 0
1670571344718 0.0 0
1670571344942 0.0 0
1670571345068 0.0 0
1670571345208 0.0 0
1670571345467 0.0 0
1670571345812 0.0 0
1670571345964 0.0 0
1670571346214 0.0 0
1670571346396 0.0 0
1670571346702 0.0 0
1670571346792 0.0 0
1670571347016 0.0 0
1670571347173 0.0 0
1670571347294 0.0 0
1670571347681 0.0 0
1670571347830 0.0 0
1670571347951 0.0 0
1670571348132 0.0 0
1670571348307 0.0 0
1670571348507 0.0 0
