1670632908481 0.004088746363534572 0
1670632919657 0.0045923296380650565 0
1670632933634 0.0039040795803847927 0
1670632944802 0.004586567474531737 0
1670632956019 0.003842712338367794 0
1670632967751 0.0026035160863882812 0
1670632986261 0.0038331075950452185 0
1670632997524 0.003842712338367794 0
1670633019570 0.0035642063234049203 0
1670633030751 0.002990340390490504 0
1670633057576 0.0033856582777368454 0
1670633068703 0.003842712338367794 0
1670633079807 0.003631085840990123 0
1670633092479 0.005002094553195551 0
1670633114640 0.004115615931721433 0
1670633125778 0.004171488170699129 0
1670633136856 0.004171488170699129 0
1670633156945 0.003898438896903375 0
1670633168125 0.0034040661045951224 0
1670633179387 0.003323993321427193 0
1670633191098 0.004355557417824889 0
1670633208358 0.0038166195903306496 0
1670633220433 0.0033509481747763174 0
1670633231559 0.0033787222768817122 0
1670633242686 0.004535146451563239 0
1670633254773 0.003592446020842706 0
1670633267244 0.0035670339665253197 0
1670633278408 0.004170361206211083 0
1670633289479 0.004476643049833464 0
1670633300672 0.004474554894209887 0
