1670589409353 0.0 0
1670589409633 0.0 0
1670589409939 0.0 0
1670589410286 0.0 0
1670589410807 0.0 0
1670589411100 0.0 0
1670589411415 0.0 0
1670589411958 0.0 0
1670589412329 0.0 0
1670589412657 0.0 0
1670589413022 0.0 0
1670589413321 0.0 0
1670589413587 0.0 0
1670589413954 0.0 0
1670589414259 0.0 0
1670589414744 0.0 0
1670589415064 0.0 0
1670589415352 0.0 0
1670589415632 0.0 0
1670589416117 0.0 0
1670589416447 0.0 0
1670589416742 0.0 0
1670589417244 0.0 0
1670589417521 0.0 0
1670589417837 0.0 0
1670589418140 0.0 0
1670589418480 0.0 0
1670589418846 0.0 0
1670589419150 0.0 0
1670589419484 0.0 0
1670589419787 0.0 0
1670589420089 0.0 0
1670589420370 0.0 0
1670589420857 0.0 0
1670589421166 0.0 0
1670589421536 0.0 0
1670589421943 0.0 0
1670589422336 0.0 0
1670589422671 0.0 0
1670589423139 0.0 0
1670589423454 0.0 0
1670589423751 0.0 0
1670589424098 0.0 0
1670589424390 0.0 0
1670589424683 0.0 0
1670589425156 0.0 0
1670589425453 0.0 0
1670589425859 0.0 0
1670589426157 0.0 0
1670589426432 0.0 0
1670589426769 0.0 0
1670589427097 0.0 0
1670589427414 0.0 0
1670589427719 0.0 0
1670589428251 0.0 0
1670589428563 0.0 0
1670589428853 0.0 0
1670589429165 0.0 0
1670589429640 0.0 0
1670589429922 0.0 0
1670589430214 0.0 0
1670589430524 0.0 0
1670589430826 0.0 0
1670589431102 0.0 0
1670589431418 0.0 0
1670589431695 0.0 0
1670589431988 0.0 0
1670589432310 0.0 0
1670589432592 0.0 0
1670589432907 0.0 0
1670589433376 0.0 0
1670589433679 0.0 0
1670589433948 0.0 0
1670589434273 0.0 0
1670589434664 0.0 0
1670589435106 0.0 0
1670589435400 0.0 0
1670589435822 0.0 0
1670589436115 0.0 0
1670589436462 0.0 0
1670589436740 0.0 0
1670589437013 0.0 0
1670589437530 0.0 0
1670589437914 0.0 0
1670589438198 0.0 0
1670589438499 0.0 0
1670589438986 0.0 0
1670589439405 0.0 0
1670589439678 0.0 0
1670589439976 0.0 0
1670589440308 0.0 0
1670589440703 0.0 0
1670589441165 0.0 0
1670589441618 0.0 0
1670589441883 0.0 0
1670589442248 0.0 0
1670589442588 0.0 0
1670589442870 0.0 0
1670589443211 0.0 0
1670589443495 0.0 0
1670589443948 0.0 0
1670589444267 0.0 0
