1670611564410 0.0 0
1670611564824 0.0 0
1670611565204 0.0 0
1670611565595 0.0 0
1670611565823 0.0 0
1670611566154 0.0 0
1670611566588 0.0 0
1670611567027 0.0 0
1670611567418 0.0 0
1670611567651 0.0 0
1670611567965 0.0 0
1670611568185 0.0 0
1670611568526 0.0 0
1670611568686 0.0 0
1670611569187 0.0 0
1670611569546 0.0 0
1670611569912 0.0 0
1670611570295 0.0 0
1670611570732 0.0 0
1670611570958 0.0 0
1670611571454 0.0 0
1670611571833 0.0 0
1670611572140 0.0 0
1670611572281 0.0 0
1670611572473 0.0 0
1670611572655 0.0 0
1670611572808 0.0 0
1670611573001 0.0 0
1670611573455 0.0 0
1670611573900 0.0 0
1670611574177 0.0 0
1670611574579 0.0 0
1670611574881 0.0 0
1670611575207 0.0 0
1670611575412 0.0 0
1670611575590 0.0 0
1670611575856 0.0 0
1670611576307 0.0 0
1670611576716 0.0 0
1670611577000 0.0 0
1670611577395 0.0 0
1670611577857 0.0 0
1670611578182 0.0 0
1670611578488 0.0 0
1670611578854 0.0 0
1670611579352 0.0 0
1670611579689 0.0 0
1670611580155 0.0 0
1670611580390 0.0 0
1670611580713 0.0 0
1670611580931 0.0 0
1670611581349 0.0 0
1670611581663 0.0 0
1670611581943 0.0 0
1670611582373 0.0 0
1670611582704 0.0 0
1670611582972 0.0 0
1670611583295 0.0 0
1670611583666 0.0 0
1670611584187 0.0 0
1670611584419 0.0 0
1670611584832 0.0 0
1670611585087 0.0 0
1670611585480 0.0 0
1670611585833 0.0 0
1670611586147 0.0 0
1670611586418 0.0 0
1670611586685 0.0 0
1670611586957 0.0 0
1670611587257 0.0 0
1670611587533 0.0 0
1670611587850 0.0 0
1670611588190 0.0 0
1670611588719 0.0 0
1670611588958 0.0 0
1670611589337 0.0 0
1670611589814 0.0 0
1670611590128 0.0 0
1670611590490 0.0 0
1670611590840 0.0 0
1670611591183 0.0 0
1670611591415 0.0 0
1670611591682 0.0 0
1670611592054 0.0 0
1670611592425 0.0 0
1670611592838 0.0 0
1670611593153 0.0 0
1670611593573 0.0 0
1670611593838 0.0 0
1670611594152 0.0 0
1670611594373 0.0 0
1670611595023 0.0 0
1670611595266 0.0 0
1670611595511 0.0 0
1670611595815 0.0 0
1670611596222 0.0 0
1670611596536 0.0 0
1670611596935 0.0 0
1670611597256 0.0 0
1670611597539 0.0 0
1670611597801 0.0 0
1670611598146 0.0 0
