1670631634127 0.0 0
1670631637305 0.0 0
1670631640426 0.0 0
1670631643482 0.0 0
1670631646341 0.0 0
1670631649572 0.0 0
1670631652665 0.0 0
1670631655725 0.0 0
1670631658772 0.0 0
1670631661559 0.0 0
1670631664972 0.0 0
1670631668109 0.0 0
1670631671526 0.0 0
1670631674797 0.0 0
1670631678305 0.0 0
1670631681887 0.0 0
1670631685090 0.0 0
1670631688176 0.0 0
1670631691575 0.0 0
1670631695314 0.0 0
1670631698648 0.0 0
1670631701995 0.0 0
1670631705613 0.0 0
1670631709108 0.0 0
1670631712619 0.0 0
1670631716045 0.0 0
1670631719595 0.0 0
1670631723095 0.0 0
1670631726635 0.0 0
1670631730175 0.0 0
1670631733678 0.0 0
1670631737010 0.0 0
1670631740543 0.0 0
1670631744003 0.0 0
1670631747613 0.0 0
1670631750933 0.0 0
1670631754262 0.0 0
1670631757754 0.0 0
1670631761264 0.0 0
1670631764787 0.0 0
1670631768306 0.0 0
1670631771794 0.0 0
1670631775389 0.0 0
1670631779111 0.0 0
1670631782673 0.0 0
1670631786382 0.0 0
1670631790076 0.0 0
1670631793672 0.0 0
1670631797234 0.0 0
1670631800595 0.0 0
1670631804141 0.0 0
1670631807505 0.0 0
1670631810697 0.0 0
1670631813920 0.0 0
1670631817298 0.0 0
1670631820573 0.0 0
1670631823874 0.0 0
1670631827125 0.0 0
1670631830491 0.0 0
1670631834019 0.0 0
1670631837600 0.0 0
1670631841050 0.0 0
1670631844607 0.0 0
1670631848186 0.0 0
1670631851723 0.0 0
1670631855292 0.0 0
1670631858840 0.0 0
1670631862426 0.0 0
1670631866005 0.0 0
1670631869840 0.0 0
1670631873441 0.0 0
1670631877122 0.0 0
1670631880811 0.0 0
1670631884399 0.0 0
1670631887951 0.0 0
1670631891560 0.0 0
1670631895412 0.0 0
1670631899530 0.0 0
1670631903501 0.0 0
1670631907431 0.0 0
1670631911398 0.0 0
1670631915387 0.0 0
1670631919359 0.0 0
1670631923484 0.0 0
1670631927386 0.0 0
1670631931399 0.0 0
1670631935236 0.0 0
1670631938896 0.0 0
1670631942876 0.0 0
1670631946954 0.0 0
1670631951107 0.0 0
1670631954999 0.0 0
1670631958949 0.0 0
1670631962756 0.0 0
1670631966687 0.0 0
1670631970510 0.0 0
1670631974619 0.0 0
1670631978320 0.0 0
1670631982313 0.0 0
1670631986369 0.0 0
1670631990399 0.0 0
1670631994306 0.0 0
