1670598307066 0.025333333333333333 0
1670598307967 0.028 0
1670598308921 0.025333333333333333 0
1670598309900 0.02666666666666667 0
1670598310935 0.021333333333333333 0
1670598311872 0.023333333333333334 0
1670598313060 0.018333333333333333 0
1670598314220 0.02266666666666667 0
1670598315640 0.024666666666666667 0
1670598316953 0.027666666666666666 0
1670598317952 0.024666666666666667 0
1670598319088 0.029666666666666668 0
1670598320253 0.027666666666666666 0
1670598321226 0.02266666666666667 0
1670598322511 0.021666666666666667 0
1670598323746 0.02033333333333333 0
1670598324713 0.027666666666666666 0
1670598325920 0.025666666666666667 0
1670598326792 0.023666666666666666 0
1670598328121 0.023 0
1670598329363 0.02666666666666667 0
1670598330348 0.026 0
1670598331379 0.024333333333333332 0
1670598332704 0.027 0
1670598334030 0.025 0
1670598335341 0.024666666666666667 0
1670598336478 0.02666666666666667 0
1670598337786 0.022333333333333334 0
1670598338998 0.026 0
1670598340138 0.02033333333333333 0
1670598341295 0.023666666666666666 0
1670598342421 0.024333333333333332 0
1670598343578 0.024666666666666667 0
1670598344830 0.026 0
1670598345896 0.024666666666666667 0
1670598346815 0.024 0
1670598347739 0.020666666666666667 0
1670598348998 0.022333333333333334 0
1670598350123 0.021666666666666667 0
1670598351257 0.029333333333333333 0
1670598352261 0.028333333333333332 0
1670598353283 0.02266666666666667 0
1670598354450 0.024666666666666667 0
1670598355525 0.026333333333333334 0
1670598356666 0.024 0
1670598357854 0.024666666666666667 0
1670598358706 0.025333333333333333 0
1670598359700 0.026 0
1670598360719 0.023 0
1670598362088 0.025666666666666667 0
1670598363338 0.02666666666666667 0
1670598364373 0.023 0
1670598365437 0.03166666666666667 0
1670598366791 0.024666666666666667 0
1670598367748 0.022333333333333334 0
1670598368690 0.022333333333333334 0
1670598369701 0.019333333333333334 0
1670598370620 0.024333333333333332 0
1670598371522 0.024666666666666667 0
1670598372428 0.025 0
1670598373399 0.026 0
1670598374523 0.026 0
1670598375837 0.018666666666666668 0
1670598376789 0.021333333333333333 0
1670598377676 0.024666666666666667 0
1670598378535 0.024333333333333332 0
1670598379690 0.028 0
1670598380761 0.025666666666666667 0
1670598381794 0.024333333333333332 0
1670598382978 0.02666666666666667 0
1670598383980 0.024666666666666667 0
1670598385171 0.024666666666666667 0
1670598386212 0.026 0
1670598387360 0.02266666666666667 0
1670598388403 0.023666666666666666 0
1670598389335 0.022 0
1670598390365 0.025 0
1670598391425 0.021 0
1670598392611 0.029666666666666668 0
1670598393594 0.019333333333333334 0
1670598394666 0.02266666666666667 0
1670598395812 0.022333333333333334 0
1670598396959 0.021 0
1670598398039 0.026 0
1670598399274 0.025666666666666667 0
1670598400166 0.027666666666666666 0
1670598401222 0.027 0
1670598402457 0.023333333333333334 0
1670598403658 0.025333333333333333 0
1670598404642 0.027333333333333334 0
1670598405932 0.026333333333333334 0
1670598407082 0.028333333333333332 0
1670598408022 0.029 0
1670598409095 0.022 0
1670598410128 0.021 0
1670598411252 0.026 0
1670598412166 0.025 0
1670598413257 0.029 0
1670598414121 0.025333333333333333 0
1670598415310 0.027333333333333334 0
1670598416166 0.02 0
1670598417010 0.022333333333333334 0
1670598418151 0.025333333333333333 0
1670598419124 0.023333333333333334 0
1670598419944 0.028333333333333332 0
1670598421001 0.027666666666666666 0
1670598422086 0.024 0
1670598423189 0.024666666666666667 0
1670598424374 0.021 0
1670598425214 0.019666666666666666 0
1670598426282 0.025 0
1670598427274 0.02266666666666667 0
1670598428187 0.023333333333333334 0
1670598429078 0.026333333333333334 0
