1670582445720 0.0 0
1670582446192 0.0 0
1670582446609 0.0 0
1670582447063 0.0 0
1670582447494 0.0 0
1670582447800 0.0 0
1670582448363 0.0 0
1670582448668 0.0 0
1670582449036 0.0 0
1670582449335 0.0 0
1670582449810 0.0 0
1670582450152 0.0 0
1670582450644 0.0 0
1670582450958 0.0 0
1670582451270 0.0 0
1670582451596 0.0 0
1670582451861 0.0 0
1670582452234 0.0 0
1670582452523 0.0 0
1670582452800 0.0 0
1670582453186 0.0 0
1670582453587 0.0 0
1670582453899 0.0 0
1670582454169 0.0 0
1670582454570 0.0 0
1670582454841 0.0 0
1670582455225 0.0 0
1670582455502 0.0 0
1670582455783 0.0 0
1670582456079 0.0 0
1670582456390 0.0 0
1670582456669 0.0 0
1670582456968 0.0 0
1670582457409 0.0 0
1670582457717 0.0 0
1670582457972 0.0 0
1670582458271 0.0 0
1670582458583 0.0 0
1670582458856 0.0 0
1670582459181 0.0 0
1670582459622 0.0 0
1670582459930 0.0 0
1670582460190 0.0 0
1670582460462 0.0 0
1670582460959 0.0 0
1670582461312 0.0 0
1670582461929 0.0 0
1670582462367 0.0 0
1670582462667 0.0 0
1670582463134 0.0 0
1670582463411 0.0 0
1670582463701 0.0 0
1670582464337 0.0 0
1670582464655 0.0 0
1670582464923 0.0 0
1670582465379 0.0 0
1670582465781 0.0 0
1670582466141 0.0 0
1670582466467 0.0 0
1670582466803 0.0 0
1670582467076 0.0 0
1670582467346 0.0 0
1670582467634 0.0 0
1670582467929 0.0 0
1670582468204 0.0 0
1670582468493 0.0 0
1670582468801 0.0 0
1670582469107 0.0 0
1670582469366 0.0 0
1670582469643 0.0 0
1670582470068 0.0 0
1670582470357 0.0 0
1670582470632 0.0 0
1670582470932 0.0 0
1670582471223 0.0 0
1670582471508 0.0 0
1670582471846 0.0 0
1670582472243 0.0 0
1670582472503 0.0 0
1670582472818 0.0 0
1670582473167 0.0 0
1670582473453 0.0 0
1670582473777 0.0 0
1670582474133 0.0 0
1670582474490 0.0 0
1670582474790 0.0 0
1670582475058 0.0 0
1670582475432 0.0 0
1670582475704 0.0 0
1670582476021 0.0 0
1670582476372 0.0 0
1670582476665 0.0 0
1670582476935 0.0 0
1670582477239 0.0 0
1670582477528 0.0 0
1670582477778 0.0 0
1670582478152 0.0 0
1670582478453 0.0 0
1670582479111 0.0 0
1670582479352 0.0 0
1670582479701 0.0 0
