1670558708772 0.0012706204736432096 0
1670558711466 0.0007026202485783806 0
1670558713944 0.0005277490155040367 0
1670558716548 0.00044423121683164775 0
1670558719196 0.00039266286154552167 0
1670558721857 0.00035648146471514795 0
1670558724464 0.0003291417659064694 0
1670558727010 0.0003074672180044494 0
1670558729584 0.00028969746715258333 0
1670558732468 0.0002747631444045112 0
1670558735096 0.00026196963321695513 0
1670558738039 0.00025084218826178337 0
1670558740925 0.0002544979474532134 0
1670558743542 0.0002460020362384594 0
1670558746018 0.00023830330372408406 0
1670558749196 0.00023128462343006268 0
1670558751928 0.0002813087437110908 0
1670558754332 0.0002744395460532588 0
1670558756795 0.0002680378610462304 0
1670558759879 0.0002620547396693185 0
1670558762686 0.00025644776968034255 0
1670558765382 0.0002575724536403323 0
1670558768174 0.0002527706231923207 0
1670558771095 0.0002482175901748127 0
1670558774304 0.0002438937923516575 0
1670558777820 0.0002397815553353636 0
1670558780725 0.00023586490786140288 0
1670558783733 0.0002380715223891149 0
1670558786851 0.00022480330275603268 0
1670558789693 0.00022690513727569576 0
1670558793027 0.00022420769397241263 0
1670558795948 0.0002215918425964532 0
1670558799386 0.0002190547982721237 0
1670558802369 0.00021659371155170257 0
1670558805734 0.00021420572230779002 0
1670558808700 0.0002118879983286545 0
1670558812050 0.00020963776256764356 0
1670558814964 0.00020745231196287703 0
1670558817695 0.0002053290299911779 0
1670558820835 0.00020326539456945534 0
1670558823871 0.00020125898251092448 0
1670558826722 0.00019930747144271578 0
1670558829638 0.00019740863986723514 0
1670558833034 0.0001955603658817382 0
1670558836317 0.000193760624944302 0
1670558839355 0.00019701410868571851 0
1670558842388 0.0001953146697851494 0
1670558845812 0.0001936559364518975 0
1670558848670 0.0002155603996450093 0
1670558852433 0.00021383480302983651 0
1670558855350 0.0002121472145024537 0
1670558858547 0.00021049642606570015 0
1670558861287 0.0002088812680358844 0
1670558865034 0.00020730060936253677 0
1670558868081 0.00020575335755808474 0
1670558871313 0.0002079104550165638 0
1670558874052 0.00020643860467338973 0
1670558877219 0.0002049956045885193 0
1670558880217 0.00020358062871430338 0
1670558883614 0.00020219287564725587 0
1670558886507 0.000200831568582835 0
1670558889319 0.00019949595511328412 0
1670558892532 0.000198185306901762 0
1670558896087 0.0001968989192600471 0
1670558899794 0.00019563611065220412 0
1670558903336 0.00019439622214257202 0
1670558906487 0.0001931786168031056 0
1670558909338 0.00019548113283133275 0
1670558912074 0.00019430916707429937 0
1670558915300 0.00019315699790674432 0
1670558917923 0.0001920241186333364 0
1670558921435 0.00019091003775921673 0
1670558924445 0.00018981427864670357 0
1670558927768 0.0001887363791523478 0
1670558930863 0.0001876758912500562 0
1670558934183 0.00018663238064502968 0
1670558937469 0.0001856054263824437 0
1670558940800 0.0001845946204541106 0
1670558943816 0.00018359956740578382 0
1670558947512 0.00018261988394727258 0
1670558951451 0.00018165519856712696 0
1670558954558 0.0001807051511533038 0
1670558957541 0.0001797693926209347 0
1670558960939 0.00017884758454807096 0
1670558964070 0.00017793939882007346 0
1670558967440 0.00017704451728314647 0
1670558969958 0.00017616263140736695 0
1670558972469 0.00017529344195944154 0
1670558975095 0.00017443665868532518 0
1670558977888 0.00017359200000275005 0
1670558980766 0.00017275919270364742 0
1670558983227 0.00017193797166638802 0
1670558985782 0.00017112807957772111 0
1670558988542 0.00017032926666425693 0
1670558991416 0.00016954129043330744 0
1670558994162 0.0001687639154228766 0
1670558996440 0.0001712510501928032 0
1670558999089 0.00017048954706632113 0
1670559001871 0.00016973786011142576 0
1670559004511 0.00016899578756359007 0
1670559007032 0.0001682631331149801 0
1670559009580 0.0001675397057425566 0
1670559012475 0.00016682531954161499 0
1670559015220 0.00016611979356466212 0
1670559017673 0.00016542295166551736 0
1670559020624 0.00016473462234851928 0
1670559023413 0.00016711762755582877 0
1670559026333 0.00016644138537691704 0
1670559029283 0.00016577308884455509 0
1670559032566 0.0001651125887798421 0
1670559035361 0.00016445973970074932 0
1670559038252 0.00016381439971477804 0
1670559040846 0.00016317643041479756 0
1670559044016 0.00016254569677800248 0
1670559046475 0.00016192206706792158 0
1670559049270 0.00016130541273940961 0
1670559052138 0.0001606956083465507 0
1670559055002 0.00016009253145339962 0
1670559057386 0.00015949606254748801 0
1670559059800 0.00015890608495601932 0
1670559062393 0.00015832248476467954 0
1670559064835 0.0001577451507389877 0
1670559067771 0.00015717397424811342 0
1670559070694 0.00015660884919108673 0
1670559073808 0.00015604967192532984 0
1670559076228 0.00015549634119743798 0
1670559078780 0.00015494875807614038 0
1670559081371 0.00015440682588737295 0
1670559083727 0.00015387045015139488 0
1670559086531 0.0001533395385218852 0
1670559089210 0.00016555589923949147 0
1670559091332 0.00016499695969224285 0
1670559094075 0.0001760060407418394 0
1670559096682 0.0001754247031984228 0
1670559099112 0.00017484897375993186 0
1670559102167 0.00017427876524980475 0
1670559105199 0.00017371399230472174 0
1670559107904 0.00017315457132923242 0
1670559110881 0.00017260042045162254 0
1670559113283 0.00017428308917370267 0
1670559115935 0.00017373693816611228 0
1670559118924 0.00017319578379425325 0
1670559121446 0.0001726595524621455 0
1670559124402 0.00017212817202163095 0
1670559127430 0.0001716015717382428 0
1670559130054 0.0001710796822579439 0
1670559132490 0.00017056243557471619 0
1670559135069 0.00017004976499898018 0
1670559138321 0.00016954160512682595 0
1670559140988 0.00016903789181003592 0
1670559143530 0.00016853856212687964 0
1670559146234 0.0001680435543536623 0
1670559148870 0.0001675528079370075 0
1670559151528 0.00016706626346685608 0
1670559154600 0.00016658386265016247 0
1670559157189 0.00016610554828527091 0
1670559160118 0.00016563126423695343 0
1670559162931 0.00016516095541209235 0
1670559165459 0.00016469456773599098 0
1670559168133 0.00016423204812929473 0
1670559171215 0.00016377334448550713 0
1670559174056 0.0001633184056490847 0
1670559177111 0.00016286718139409492 0
1670559179714 0.00016241962240342233 0
1670559182403 0.00016197568024850736 0
1670559184811 0.0001615353073696043 0
1670559187432 0.00016109845705654353 0
1670559190631 0.00016066508342998435 0
1670559193630 0.0001602351414231454 0
1670559196448 0.00015980858676399918 0
1670559199115 0.00015938537595791793 0
1670559201676 0.00015896546627075893 0
1670559204464 0.0001585488157123764 0
1670559207079 0.00016021578643376838 0
1670559209694 0.00015980291164239491 0
1670559212324 0.00015939316716000857 0
1670559215360 0.00015898651435045406 0
1670559218120 0.0001585829152257324 0
1670559221066 0.00016733190525205173 0
1670559223637 0.00016691398824679042 0
1670559225969 0.00016649913941300847 0
1670559228583 0.00016608732213110452 0
1670559231225 0.00016567850037420474 0
1670559234085 0.0001652726386963505 0
1670559236837 0.000164869702220956 0
1670559239561 0.00016446965662952879 0
1670559241921 0.00016407246815064767 0
1670559244554 0.0001636781035491909 0
