1670575732820 0.35933333333333334 0
1670575733851 0.35533333333333333 0
1670575734917 0.354 0
1670575735810 0.35633333333333334 0
1670575736631 0.357 0
1670575737378 0.36 0
1670575738311 0.354 0
1670575738919 0.35733333333333334 0
1670575739600 0.3636666666666667 0
1670575740237 0.3546666666666667 0
1670575741067 0.3536666666666667 0
1670575742304 0.356 0
1670575743291 0.357 0
1670575744292 0.36 0
1670575745082 0.36233333333333334 0
1670575745489 0.35733333333333334 0
1670575745878 0.36566666666666664 0
1670575746507 0.3616666666666667 0
1670575747694 0.35433333333333333 0
1670575748734 0.353 0
1670575749617 0.35733333333333334 0
1670575750628 0.354 0
1670575751749 0.3586666666666667 0
1670575752682 0.355 0
1670575753301 0.35733333333333334 0
1670575753687 0.353 0
1670575754079 0.358 0
1670575754488 0.35233333333333333 0
1670575754810 0.357 0
1670575755777 0.351 0
1670575756510 0.3526666666666667 0
1670575757269 0.3536666666666667 0
1670575757858 0.35533333333333333 0
1670575758468 0.35633333333333334 0
1670575759098 0.356 0
1670575759853 0.357 0
1670575760468 0.3536666666666667 0
1670575761448 0.356 0
1670575762135 0.35933333333333334 0
1670575763087 0.3546666666666667 0
1670575763594 0.354 0
1670575764269 0.354 0
1670575764998 0.359 0
1670575765544 0.3586666666666667 0
1670575766272 0.35933333333333334 0
1670575767248 0.36033333333333334 0
1670575767970 0.36233333333333334 0
1670575768700 0.36 0
1670575769326 0.3596666666666667 0
1670575770210 0.3546666666666667 0
1670575771048 0.35733333333333334 0
1670575771767 0.3556666666666667 0
1670575772581 0.357 0
1670575773392 0.3576666666666667 0
1670575773929 0.358 0
1670575774449 0.353 0
1670575775261 0.36033333333333334 0
1670575775801 0.35533333333333333 0
1670575776624 0.359 0
1670575777660 0.35333333333333333 0
1670575778533 0.353 0
1670575779235 0.356 0
1670575780013 0.357 0
1670575780775 0.3526666666666667 0
1670575781532 0.35633333333333334 0
1670575782359 0.3556666666666667 0
1670575783173 0.3556666666666667 0
1670575784092 0.356 0
1670575784882 0.3536666666666667 0
1670575785537 0.3536666666666667 0
1670575785850 0.357 0
1670575786432 0.353 0
1670575787400 0.355 0
1670575788321 0.3586666666666667 0
1670575789257 0.3606666666666667 0
1670575789954 0.3636666666666667 0
1670575790876 0.3606666666666667 0
1670575791625 0.35533333333333333 0
1670575792581 0.357 0
1670575793369 0.357 0
1670575794073 0.3536666666666667 0
1670575794752 0.351 0
1670575795609 0.356 0
1670575796607 0.35433333333333333 0
1670575797623 0.35733333333333334 0
1670575798403 0.36133333333333334 0
1670575799054 0.3566666666666667 0
1670575799461 0.358 0
1670575800186 0.35833333333333334 0
1670575800847 0.3556666666666667 0
1670575801449 0.357 0
1670575802240 0.35333333333333333 0
1670575802845 0.35633333333333334 0
1670575803790 0.358 0
1670575804370 0.3556666666666667 0
1670575805279 0.3576666666666667 0
1670575805943 0.3516666666666667 0
1670575806597 0.3556666666666667 0
1670575807297 0.35433333333333333 0
1670575807889 0.353 0
1670575808699 0.3616666666666667 0
1670575809342 0.3576666666666667 0
1670575810056 0.361 0
1670575810746 0.357 0
1670575811151 0.35533333333333333 0
1670575811819 0.356 0
1670575812469 0.3576666666666667 0
1670575813098 0.3536666666666667 0
1670575813741 0.3556666666666667 0
1670575814417 0.3586666666666667 0
1670575815270 0.3526666666666667 0
1670575815935 0.35733333333333334 0
1670575816612 0.35333333333333333 0
1670575817138 0.35833333333333334 0
1670575817698 0.354 0
1670575818311 0.35933333333333334 0
1670575819163 0.3556666666666667 0
1670575819817 0.355 0
1670575820321 0.3546666666666667 0
1670575821035 0.35733333333333334 0
1670575821792 0.35833333333333334 0
1670575822428 0.355 0
1670575822924 0.3556666666666667 0
1670575823526 0.359 0
1670575824153 0.35533333333333333 0
1670575824704 0.35433333333333333 0
1670575825373 0.35533333333333333 0
1670575825937 0.35 0
1670575826640 0.3576666666666667 0
1670575827329 0.35733333333333334 0
1670575827833 0.35433333333333333 0
1670575828552 0.35833333333333334 0
1670575829120 0.3546666666666667 0
1670575829797 0.356 0
1670575830448 0.35733333333333334 0
1670575831110 0.35833333333333334 0
1670575831820 0.35533333333333333 0
1670575832534 0.354 0
1670575833112 0.35433333333333333 0
1670575833741 0.36033333333333334 0
1670575834448 0.3556666666666667 0
1670575835192 0.3596666666666667 0
1670575835856 0.357 0
1670575836431 0.3606666666666667 0
1670575836942 0.359 0
1670575837678 0.357 0
1670575838116 0.3536666666666667 0
1670575838720 0.35133333333333333 0
1670575839243 0.36 0
1670575839825 0.359 0
1670575840219 0.355 0
1670575840885 0.3546666666666667 0
1670575841430 0.3556666666666667 0
1670575841942 0.3556666666666667 0
1670575842434 0.35833333333333334 0
1670575842940 0.3576666666666667 0
1670575843445 0.3586666666666667 0
1670575844048 0.3566666666666667 0
1670575844579 0.36 0
1670575845123 0.3576666666666667 0
1670575845715 0.35733333333333334 0
1670575846392 0.36033333333333334 0
1670575846947 0.3566666666666667 0
1670575847621 0.3576666666666667 0
1670575848257 0.35433333333333333 0
1670575848843 0.35733333333333334 0
1670575849553 0.36 0
1670575850216 0.35733333333333334 0
1670575850898 0.3576666666666667 0
1670575851516 0.352 0
1670575852167 0.358 0
1670575852817 0.354 0
1670575853447 0.3586666666666667 0
1670575853893 0.3556666666666667 0
1670575854520 0.3596666666666667 0
1670575855079 0.3586666666666667 0
1670575855587 0.35833333333333334 0
1670575856237 0.356 0
1670575856841 0.359 0
1670575857699 0.3576666666666667 0
1670575858289 0.351 0
1670575858887 0.35433333333333333 0
1670575859666 0.351 0
1670575860302 0.3586666666666667 0
1670575860895 0.35333333333333333 0
1670575861446 0.35833333333333334 0
1670575862315 0.363 0
1670575862985 0.36333333333333334 0
1670575863659 0.353 0
1670575864346 0.35733333333333334 0
1670575865051 0.3606666666666667 0
1670575865643 0.356 0
1670575866308 0.35433333333333333 0
1670575866845 0.3556666666666667 0
1670575867579 0.35133333333333333 0
1670575868109 0.3546666666666667 0
