1670597074268 0.0 0
1670597076150 0.0 0
1670597078473 0.0 0
1670597080315 0.0 0
1670597082072 0.0 0
1670597083943 0.0 0
1670597085938 0.0 0
1670597088095 0.0 0
1670597090150 0.0 0
1670597092252 0.0 0
1670597094106 0.0 0
1670597096131 0.0 0
1670597097950 0.0 0
1670597099758 0.0 0
1670597101881 0.0 0
1670597103973 0.0 0
1670597106100 0.0 0
1670597108194 0.0 0
1670597110145 0.0 0
1670597112126 0.0 0
1670597114333 0.0 0
1670597116304 0.0 0
1670597118227 0.0 0
1670597119943 0.0 0
1670597121689 0.0 0
1670597124036 0.0 0
1670597126298 0.0 0
1670597128392 0.0 0
1670597130793 0.0 0
1670597133144 0.0 0
1670597135687 0.0 0
1670597137866 0.0 0
1670597140047 0.0 0
1670597142273 0.0 0
1670597144267 0.0 0
1670597146501 0.0 0
1670597148394 0.0 0
1670597150477 0.0 0
1670597152460 0.0 0
1670597154398 0.0 0
1670597156763 0.0 0
1670597158981 0.0 0
1670597161076 0.0 0
1670597163279 0.0 0
1670597165252 0.0 0
1670597167279 0.0 0
1670597169025 0.0 0
1670597170703 0.0 0
1670597172739 0.0 0
1670597174517 0.0 0
1670597176439 0.0 0
1670597178248 0.0 0
1670597179999 0.0 0
1670597182039 0.0 0
1670597183726 0.0 0
1670597185709 0.0 0
1670597187931 0.0 0
1670597190213 0.0 0
1670597192334 0.0 0
1670597194287 0.0 0
1670597196111 0.0 0
1670597197903 0.0 0
1670597199823 0.0 0
1670597201771 0.0 0
1670597203739 0.0 0
1670597205609 0.0 0
1670597207946 0.0 0
1670597209910 0.0 0
1670597211605 0.0 0
1670597213592 0.0 0
1670597215468 0.0 0
1670597217544 0.0 0
1670597219464 0.0 0
1670597221504 0.0 0
1670597223713 0.0 0
1670597225654 0.0 0
1670597227654 0.0 0
1670597229513 0.0 0
1670597231257 0.0 0
1670597233010 0.0 0
1670597234838 0.0 0
1670597236968 0.0 0
1670597238681 0.0 0
1670597240398 0.0 0
1670597242264 0.0 0
1670597244427 0.0 0
1670597246649 0.0 0
1670597248784 0.0 0
1670597250560 0.0 0
1670597252778 0.0 0
1670597254571 0.0 0
1670597256397 0.0 0
1670597258091 0.0 0
1670597259913 0.0 0
1670597261892 0.0 0
1670597263662 0.0 0
1670597265330 0.0 0
1670597267130 0.0 0
1670597269344 0.0 0
1670597271278 0.0 0
1670597273210 0.0 0
1670597274886 0.0 0
