1670594216682 0.10164963789145677 0
1670594217384 0.043961881674331904 0
1670594218330 0.02820153443518994 0
1670594219359 0.02563166643628 0
1670594220276 0.021916582053852583 0
1670594221338 0.019427701729019926 0
1670594222304 0.017825313177862297 0
1670594223206 0.01645863746487327 0
1670594224181 0.016443875447387984 0
1670594225138 0.01625745032754064 0
1670594225929 0.015375810295982322 0
1670594227009 0.0151109638032931 0
1670594227834 0.01444354897073033 0
1670594228722 0.014143952709660013 0
1670594229564 0.013999121892435674 0
1670594230373 0.013771090537984337 0
1670594231147 0.014002784592633946 0
1670594232119 0.01358186409978153 0
1670594232923 0.01371849141788432 0
1670594233688 0.013418223930307588 0
1670594234712 0.013076321818174152 0
1670594235537 0.012934058214905758 0
1670594236267 0.013034665954032229 0
1670594236982 0.013069938097035199 0
1670594237686 0.013585693879993102 0
1670594238559 0.01331008472351295 0
1670594239369 0.013102108351745259 0
1670594240174 0.013228971035348792 0
1670594241083 0.012463130607590318 0
1670594241972 0.013039749803971105 0
1670594242713 0.013103124354410078 0
1670594243516 0.012930374551886656 0
1670594244255 0.012953415115432899 0
1670594244991 0.012787508042612021 0
1670594245863 0.012692213637780891 0
1670594246736 0.012683128582967 0
1670594247678 0.01251593060203711 0
1670594248588 0.01235917197085288 0
1670594249341 0.012253041074584792 0
1670594250251 0.012512112844854262 0
1670594251157 0.012365255603792997 0
1670594252083 0.01222503453960487 0
1670594252861 0.012085532484581246 0
1670594253574 0.011995063580786156 0
1670594254433 0.011866335562030563 0
1670594255129 0.011746862202020984 0
1670594256088 0.011906944261461064 0
1670594256840 0.012007480588168168 0
1670594257664 0.012032469184019672 0
1670594258349 0.011919428106990558 0
1670594259252 0.011816212789811348 0
1670594259986 0.011933530851948343 0
1670594260949 0.011956984712416067 0
1670594261765 0.012400134335447136 0
1670594262447 0.01245126954883062 0
1670594263396 0.012429937239122446 0
1670594264310 0.012325051038322599 0
1670594265106 0.012227427545844764 0
1670594265934 0.012159423699511288 0
1670594266938 0.012398824473836053 0
1670594267711 0.012367292855305492 0
1670594268595 0.012272230451495603 0
1670594269458 0.012184199195744178 0
1670594270192 0.012093270494270392 0
1670594271105 0.012012912150436449 0
1670594272049 0.011922996362666152 0
1670594272884 0.011875806563997976 0
1670594273965 0.011790831679537307 0
1670594274673 0.01202922549365637 0
1670594275589 0.011973117025780255 0
1670594276269 0.012046650060106624 0
1670594277416 0.012193267562500491 0
1670594278190 0.012112158359923974 0
1670594278946 0.01203120785279507 0
1670594279741 0.012090540280854305 0
1670594280644 0.012011783801609978 0
1670594281379 0.011977510824945935 0
1670594282311 0.012071161924370792 0
1670594283482 0.012007068033982188 0
1670594284271 0.012257033704153458 0
1670594285074 0.012221349066803867 0
1670594285729 0.012262327055175389 0
1670594286755 0.012249930455084896 0
1670594287719 0.012179492475738494 0
1670594288563 0.01232662680568828 0
1670594289457 0.01232370351750926 0
1670594290197 0.012254003664159394 0
1670594291046 0.01230013888198403 0
1670594291757 0.012238774270245088 0
1670594292510 0.012390244367318545 0
1670594293307 0.012333672192395444 0
1670594294023 0.0122841794883118 0
1670594294935 0.012367248658585753 0
1670594295660 0.01235902053479097 0
1670594296438 0.012313820495922664 0
1670594297174 0.012508093579610989 0
1670594298058 0.012447028897257094 0
1670594299094 0.01238465324330923 0
1670594300021 0.012622540028798191 0
1670594300790 0.01256523177672944 0
1670594301510 0.012580583852317445 0
1670594302269 0.012813450576183084 0
1670594303252 0.012783768776402353 0
1670594304255 0.0127634831774515 0
1670594305235 0.012725366037923711 0
1670594305992 0.012675231396806243 0
1670594306953 0.012617220205032302 0
1670594308126 0.012562011584783518 0
