1670608037601 0.004333333333333333 0
1670608038430 0.004333333333333333 0
1670608039244 0.006333333333333333 0
1670608039895 0.005666666666666667 0
1670608040414 0.006 0
1670608040830 0.004 0
1670608041789 0.004666666666666667 0
1670608042282 0.0036666666666666666 0
1670608042741 0.005 0
1670608043241 0.004 0
1670608043766 0.007 0
1670608044317 0.004333333333333333 0
1670608044798 0.006333333333333333 0
1670608045231 0.0036666666666666666 0
1670608045720 0.005 0
1670608046258 0.005 0
1670608046651 0.004 0
1670608047532 0.005 0
1670608047933 0.0026666666666666666 0
1670608048660 0.0036666666666666666 0
1670608049286 0.004 0
1670608049966 0.004333333333333333 0
1670608050545 0.004333333333333333 0
1670608051027 0.005 0
1670608051690 0.005 0
1670608052281 0.005 0
1670608052882 0.005333333333333333 0
1670608053542 0.005333333333333333 0
1670608054137 0.007 0
1670608054923 0.005333333333333333 0
1670608055536 0.006 0
1670608056240 0.003 0
1670608056680 0.004666666666666667 0
1670608057271 0.0033333333333333335 0
1670608058040 0.0036666666666666666 0
1670608058542 0.0036666666666666666 0
1670608058985 0.005 0
1670608059534 0.005333333333333333 0
1670608060040 0.004333333333333333 0
1670608060615 0.004 0
1670608061154 0.003 0
1670608061871 0.004666666666666667 0
1670608062431 0.004333333333333333 0
1670608062926 0.004666666666666667 0
1670608063520 0.004333333333333333 0
1670608064292 0.007333333333333333 0
1670608065071 0.004 0
1670608065694 0.0026666666666666666 0
1670608066267 0.005 0
1670608066897 0.007 0
1670608067593 0.004 0
1670608068360 0.004333333333333333 0
1670608069037 0.005333333333333333 0
1670608069714 0.005666666666666667 0
1670608070375 0.006 0
1670608070831 0.0036666666666666666 0
1670608071552 0.0033333333333333335 0
1670608072148 0.004666666666666667 0
1670608072931 0.004333333333333333 0
1670608073702 0.004333333333333333 0
1670608074262 0.006 0
1670608074768 0.005 0
1670608075393 0.004666666666666667 0
1670608075880 0.008 0
1670608076525 0.005 0
1670608077025 0.005 0
1670608077548 0.003 0
1670608078131 0.004333333333333333 0
1670608078711 0.004333333333333333 0
1670608079294 0.005 0
1670608080155 0.004 0
1670608080820 0.005 0
1670608081490 0.005 0
1670608082235 0.004333333333333333 0
1670608082918 0.005666666666666667 0
1670608083641 0.004666666666666667 0
1670608084326 0.004333333333333333 0
1670608084833 0.0033333333333333335 0
1670608085752 0.006333333333333333 0
1670608086191 0.004666666666666667 0
1670608086951 0.005666666666666667 0
1670608087482 0.005666666666666667 0
1670608087931 0.004666666666666667 0
1670608088478 0.0036666666666666666 0
1670608088946 0.005 0
1670608089471 0.005666666666666667 0
1670608090166 0.006666666666666667 0
1670608090619 0.005666666666666667 0
1670608091241 0.005666666666666667 0
1670608091889 0.006333333333333333 0
1670608092576 0.005 0
1670608093138 0.003 0
1670608093616 0.006666666666666667 0
1670608094192 0.0033333333333333335 0
1670608094649 0.004333333333333333 0
1670608095213 0.004333333333333333 0
1670608095765 0.004666666666666667 0
1670608096482 0.0016666666666666668 0
1670608097205 0.006 0
1670608097865 0.004 0
1670608098416 0.0033333333333333335 0
1670608099038 0.003 0
