1670577354852 0.0 0
1670577355116 0.0 0
1670577355350 0.0 0
1670577355680 0.0 0
1670577356089 0.0 0
1670577356516 0.0 0
1670577356815 0.0 0
1670577356969 0.0 0
1670577357226 0.0 0
1670577357458 0.0 0
1670577357944 0.0 0
1670577358300 0.0 0
1670577358511 0.0 0
1670577358780 0.0 0
1670577358958 0.0 0
1670577359179 0.0 0
1670577359497 0.0 0
1670577359689 0.0 0
1670577359913 0.0 0
1670577360112 0.0 0
1670577360545 0.0 0
1670577360914 0.0 0
1670577361160 0.0 0
1670577361365 0.0 0
1670577361588 0.0 0
1670577361944 0.0 0
1670577362251 0.0 0
1670577362505 0.0 0
1670577362824 0.0 0
1670577363044 0.0 0
1670577363437 0.0 0
1670577363757 0.0 0
1670577364023 0.0 0
1670577364443 0.0 0
1670577364661 0.0 0
1670577365050 0.0 0
1670577365411 0.0 0
1670577365745 0.0 0
1670577365906 0.0 0
1670577366078 0.0 0
1670577366237 0.0 0
1670577366533 0.0 0
1670577366795 0.0 0
1670577367066 0.0 0
1670577367259 0.0 0
1670577367405 0.0 0
1670577367618 0.0 0
1670577367843 0.0 0
1670577368053 0.0 0
1670577368356 0.0 0
1670577368533 0.0 0
1670577368667 0.0 0
1670577368838 0.0 0
1670577369133 0.0 0
1670577369301 0.0 0
1670577369532 0.0 0
1670577369689 0.0 0
1670577369886 0.0 0
1670577370139 0.0 0
1670577370432 0.0 0
1670577370803 0.0 0
1670577371199 0.0 0
1670577371502 0.0 0
1670577371925 0.0 0
1670577372153 0.0 0
1670577372416 0.0 0
1670577372652 0.0 0
1670577373034 0.0 0
1670577373266 0.0 0
1670577373794 0.0 0
1670577374209 0.0 0
1670577374424 0.0 0
1670577374710 0.0 0
1670577374937 0.0 0
1670577375096 0.0 0
1670577375344 0.0 0
1670577375624 0.0 0
1670577375891 0.0 0
1670577376105 0.0 0
1670577376441 0.0 0
1670577376760 0.0 0
1670577377049 0.0 0
1670577377331 0.0 0
1670577377631 0.0 0
1670577377787 0.0 0
1670577378186 0.0 0
1670577378411 0.0 0
1670577378739 0.0 0
1670577378919 0.0 0
1670577379094 0.0 0
1670577379272 0.0 0
1670577379614 0.0 0
1670577379829 0.0 0
1670577380135 0.0 0
1670577380372 0.0 0
1670577380667 0.0 0
1670577381006 0.0 0
1670577381273 0.0 0
1670577381505 0.0 0
1670577381877 0.0 0
1670577382118 0.0 0
