1670569942381 0.2888 0
1670569944502 0.2891 0
1670569946542 0.2873 0
1670569949099 0.2885 0
1670569952147 0.2871 0
1670569954372 0.2892 0
1670569956832 0.29 0
1670569958965 0.288 0
1670569961222 0.2878 0
1670569963438 0.2865 0
1670569966048 0.2877 0
1670569968426 0.2886 0
1670569971013 0.2876 0
1670569973351 0.2889 0
1670569976085 0.2878 0
1670569978514 0.2905 0
1670569980925 0.2871 0
1670569983685 0.2882 0
1670569986340 0.2884 0
1670569988571 0.2882 0
1670569991367 0.2889 0
1670569993663 0.2862 0
1670569996184 0.2881 0
1670569998695 0.287 0
1670570001312 0.2877 0
1670570003845 0.2867 0
1670570006526 0.2894 0
1670570009021 0.2904 0
1670570011828 0.2894 0
1670570014452 0.2879 0
1670570017141 0.2897 0
1670570019558 0.288 0
1670570022242 0.2884 0
1670570024538 0.287 0
1670570027131 0.2862 0
1670570029473 0.2878 0
1670570032097 0.288 0
1670570034444 0.289 0
1670570036606 0.2872 0
1670570039152 0.2904 0
1670570041465 0.2875 0
1670570043593 0.2896 0
1670570046171 0.287 0
1670570048708 0.2871 0
1670570051060 0.2873 0
1670570053597 0.2899 0
1670570055783 0.2886 0
1670570057814 0.2885 0
1670570060016 0.2884 0
1670570062189 0.288 0
1670570064636 0.2887 0
1670570067461 0.2885 0
1670570070053 0.2893 0
1670570072772 0.286 0
1670570075112 0.2858 0
1670570077826 0.2871 0
1670570080138 0.2858 0
1670570082430 0.2887 0
1670570085638 0.2878 0
1670570088643 0.2873 0
1670570091768 0.2881 0
1670570094757 0.2896 0
1670570097644 0.2881 0
1670570100441 0.2878 0
1670570102469 0.287 0
1670570104943 0.2884 0
1670570108421 0.287 0
1670570111019 0.2876 0
1670570113846 0.2887 0
1670570117720 0.2867 0
1670570120128 0.286 0
1670570124111 0.2874 0
1670570126728 0.2864 0
1670570129910 0.2871 0
1670570133695 0.2892 0
1670570136358 0.29 0
1670570139565 0.2875 0
1670570143016 0.287 0
1670570146370 0.2884 0
1670570149516 0.2878 0
1670570152807 0.2869 0
1670570156102 0.2876 0
1670570159262 0.2885 0
1670570162573 0.289 0
1670570165281 0.2892 0
1670570168076 0.2873 0
1670570171168 0.2869 0
1670570174258 0.2894 0
1670570176691 0.2885 0
1670570179052 0.2887 0
1670570181757 0.2879 0
1670570184278 0.2896 0
1670570186786 0.2878 0
1670570189384 0.2876 0
1670570191576 0.2889 0
1670570194229 0.2881 0
1670570196518 0.2894 0
1670570198838 0.2889 0
1670570201109 0.2883 0
1670570203969 0.2887 0
1670570207609 0.2883 0
1670570210939 0.2874 0
1670570213893 0.2871 0
1670570216786 0.2877 0
1670570220196 0.2879 0
1670570222908 0.2887 0
1670570225363 0.2866 0
1670570228204 0.2855 0
1670570230817 0.2854 0
1670570234164 0.2889 0
1670570237440 0.2883 0
1670570241474 0.2883 0
1670570245055 0.2885 0
1670570248343 0.2892 0
1670570251827 0.29 0
1670570255260 0.2894 0
1670570257869 0.2902 0
1670570261402 0.2892 0
