1670629667232 0.1375 0
1670629669570 0.14283333333333334 0
1670629671925 0.13783333333333334 0
1670629674420 0.139 0
1670629677087 0.136 0
1670629680109 0.1395 0
1670629683035 0.144 0
1670629686017 0.14466666666666667 0
1670629688799 0.132 0
1670629691226 0.1365 0
1670629693751 0.14016666666666666 0
1670629696676 0.14116666666666666 0
1670629699617 0.14916666666666667 0
1670629702542 0.1355 0
1670629705498 0.139 0
1670629708465 0.13233333333333333 0
1670629711491 0.1415 0
1670629714261 0.14216666666666666 0
1670629716420 0.15266666666666667 0
1670629719362 0.14183333333333334 0
1670629722213 0.14916666666666667 0
1670629725090 0.1415 0
1670629727553 0.145 0
1670629729858 0.13633333333333333 0
1670629732228 0.14316666666666666 0
1670629734556 0.14383333333333334 0
1670629736981 0.134 0
1670629739801 0.14466666666666667 0
1670629742275 0.1445 0
1670629744976 0.14666666666666667 0
1670629748020 0.14283333333333334 0
1670629750966 0.14216666666666666 0
1670629753926 0.1415 0
1670629756890 0.13233333333333333 0
1670629759846 0.144 0
1670629762784 0.14416666666666667 0
1670629765758 0.14366666666666666 0
1670629768727 0.139 0
1670629771640 0.14266666666666666 0
1670629774588 0.1465 0
1670629777513 0.13866666666666666 0
1670629780401 0.14833333333333334 0
1670629783373 0.14916666666666667 0
1670629786342 0.14533333333333334 0
1670629789303 0.14833333333333334 0
1670629792243 0.15 0
1670629795204 0.1455 0
1670629798162 0.14266666666666666 0
1670629801098 0.1435 0
1670629804006 0.14116666666666666 0
1670629806930 0.1355 0
1670629809828 0.1415 0
1670629812508 0.1405 0
1670629815382 0.14 0
1670629818512 0.15066666666666667 0
1670629821457 0.13933333333333334 0
1670629824600 0.1415 0
1670629827679 0.14183333333333334 0
1670629830538 0.1315 0
1670629833475 0.13966666666666666 0
1670629836306 0.14566666666666667 0
1670629839411 0.14216666666666666 0
1670629842578 0.14416666666666667 0
1670629845497 0.14333333333333334 0
1670629848455 0.13583333333333333 0
1670629851082 0.14716666666666667 0
1670629854002 0.1525 0
1670629856578 0.14116666666666666 0
1670629859321 0.13816666666666666 0
1670629862038 0.13783333333333334 0
1670629865000 0.142 0
1670629867997 0.14616666666666667 0
1670629870909 0.1505 0
1670629873830 0.14683333333333334 0
1670629876727 0.137 0
1670629879640 0.14466666666666667 0
1670629882550 0.14266666666666666 0
1670629885447 0.14533333333333334 0
1670629888296 0.1365 0
1670629891134 0.143 0
1670629893957 0.145 0
1670629896797 0.13933333333333334 0
1670629899677 0.13516666666666666 0
1670629902578 0.149 0
1670629905452 0.1455 0
1670629908342 0.13466666666666666 0
1670629911245 0.14166666666666666 0
1670629914143 0.1425 0
1670629917048 0.14183333333333334 0
1670629919935 0.13816666666666666 0
1670629922835 0.1395 0
1670629925770 0.13683333333333333 0
1670629928781 0.14766666666666667 0
1670629931812 0.15166666666666667 0
1670629934973 0.13766666666666666 0
1670629938089 0.13683333333333333 0
1670629941183 0.1375 0
1670629943599 0.134 0
1670629946263 0.144 0
1670629948829 0.139 0
1670629951661 0.14433333333333334 0
1670629954566 0.13716666666666666 0
