1670616290183 0.0 0
1670616293168 0.0 0
1670616296111 0.0 0
1670616299131 0.0 0
1670616302370 0.0 0
1670616305592 0.0005708271881056994 0
1670616308841 0.0005213506426904687 0
1670616312053 0.0004831381218744638 0
1670616315090 0.0004524314325481983 0
1670616318132 0.00042702992214072396 0
1670616321262 0.00040554677472974754 0
1670616324332 0.00038705789960614907 0
1670616327391 0.0003709199983226394 0
1670616330442 0.0003566691979510573 0
1670616333531 0.0003439611913846927 0
1670616336623 0.00033253416458368804 0
1670616339695 0.00032218490659184304 0
1670616342770 0.0003127528887155073 0
1670616345845 0.00030410934465217984 0
1670616349148 0.0002961495915343624 0
1670616351928 0.0002887875109012925 0
1670616354773 0.00028195150497305383 0
1670616357658 0.0002755814827496777 0
1670616360564 0.00026962657903214886 0
1670616363549 0.0002640434041991403 0
1670616366502 0.00025879468440504746 0
1670616369420 0.0002538481930760101 0
1670616372285 0.0002491759025746592 0
1670616375239 0.000234549534951027 0
1670616377838 0.00023086376047963322 0
1670616380565 0.00022734620053234262 0
1670616383695 0.00022398445646055397 0
1670616386845 0.00022076737047350257 0
1670616389954 0.0002176848706568071 0
1670616392940 0.00021472783897297747 0
1670616396023 0.00021188799832865449 0
1670616399210 0.00020915781554200414 0
1670616402420 0.0002065304176344201 0
1670616405419 0.0002039995193397598 0
1670616408391 0.00020155936009904441 0
1670616411550 0.00019920464910958542 0
1670616415453 0.00019693051724065677 0
1670616417647 0.0001947324748252637 0
1670616420184 0.00019260637449864564 0
1670616423844 0.0001905483783862133 0
1670616427249 0.00018855492905236424 0
1670616430367 0.00018662272371156087 0
1670616433533 0.0001847486912777423 0
1670616436481 0.00018292997189040504 0
1670616439185 0.00018116389860780104 0
1670616441925 0.00017944798100146746 0
1670616444748 0.0001777798904231918 0
1670616447565 0.0002467628297063902 0
1670616450384 0.0002445947184785401 0
1670616453597 0.00024248265730203677 0
1670616456332 0.00024042427708543103 0
1670616459357 0.00023841734628672306 0
1670616462471 0.000236459760837257 0
1670616465709 0.00023454953495102696 0
1670616468600 0.00023268479272914468 0
1670616471573 0.00023086376047963314 0
1670616474625 0.00022908475968179604 0
1670616477711 0.00022734620053234262 0
1670616480555 0.00022564657601739015 0
1670616483757 0.00022398445646055397 0
1670616486882 0.00022235848450268222 0
1670616490053 0.00022076737047350257 0
1670616493219 0.00021920988811959926 0
1670616496407 0.0002176848706568071 0
1670616499566 0.00021619120711835596 0
1670616502569 0.00021472783897297747 0
1670616505561 0.00021329375698974037 0
1670616508537 0.00021188799832865449 0
1670616511461 0.00021050964383810734 0
1670616514391 0.00020915781554200417 0
1670616517291 0.00020783167430109566 0
1670616520221 0.00020653041763442012 0
1670616523159 0.00020525327768808384 0
1670616526161 0.0002039995193397598 0
1670616529134 0.00020276843842833138 0
1670616532146 0.0002015593600990444 0
1670616535142 0.00020037163725537512 0
1670616538119 0.00019920464910958544 0
1670616541099 0.00019805779982462444 0
1670616544058 0.00023974968998623737 0
1670616546926 0.00023841734628672306 0
1670616549800 0.00023710693142167433 0
1670616552677 0.00023581785152287346 0
1670616555571 0.00023454953495102702 0
1670616558434 0.00023330143123965894 0
1670616561305 0.00023207301009954404 0
1670616564211 0.00023086376047963322 0
1670616567099 0.00022967318968073 0
1670616570001 0.00022850082251846179 0
1670616572966 0.00022734620053234262 0
1670616575891 0.0002262088812379682 0
1670616578623 0.0002250884374195945 0
1670616581388 0.00022398445646055397 0
1670616584153 0.00022289653970914547 0
1670616586876 0.00022182430187780313 0
1670616589579 0.0002207673704735026 0
1670616592338 0.00021972538525750901 0
1670616595013 0.00021869799773269815 0
1670616597922 0.00021768487065680712 0
1670616600725 0.00021668567758008198 0
1670616603532 0.00021570010240589215 0
1670616606133 0.00021472783897297744 0
1670616608639 0.0002137685906580832 0
1670616611023 0.00021282206999781908 0
1670616613409 0.0002118879983286545 0
1670616615811 0.00021096610544403177 0
1670616618292 0.00021005612926764693 0
1670616620771 0.00020915781554200417 0
1670616623105 0.00020827091753141 0
1670616625403 0.00020739519573862206 0
1670616627717 0.00020653041763442015 0
1670616630051 0.00020567635739940704 0
1670616632321 0.00020483279567739374 0
1670616634642 0.000234549534951027 0
1670616636909 0.00023361159154783055 0
1670616639147 0.00023268479272914468 0
1670616641396 0.0002317689199176344 0
1670616643606 0.0002308637604796332 0
