1670635077559 nan 0
1670635083296 0.00040565798965480973 0
1670635088776 0.0003182446305284263 0
1670635094485 0.0002720349522633028 0
1670635100192 0.00035329268105522703 0
1670635105629 0.0003126549273627362 0
1670635111319 0.00033440836856950864 0
1670635116937 0.00030746721800444936 0
1670635123529 0.0003167020027837387 0
1670635130169 0.0003189887793593375 0
1670635136343 0.00040184307363718335 0
1670635141343 0.0003821890529650682 0
1670635146902 0.00038174692117982006 0
1670635152476 0.00038367110651351007 0
1670635157856 0.0003833277345353989 0
1670635163579 0.00038150959368341247 0
1670635169137 0.00037872348664304636 0
1670635174786 0.0003830424964672219 0
1670635180268 0.00041860481088165256 0
1670635186248 0.0004442243873015436 0
1670635191295 0.0004630902528736634 0
1670635196896 0.0004771262946424863 0
1670635202704 0.0004774248839341931 0
1670635208150 0.00046700693395466714 0
1670635213646 0.00046675226730245824 0
1670635219116 0.00046583043192908536 0
1670635224787 0.00045669164242861796 0
1670635230328 0.00045558031312024243 0
1670635235853 0.000433561281665348 0
1670635241152 0.0004310418687287256 0
1670635246830 0.0004243446502785644 0
1670635252452 0.0004246484798250286 0
1670635258050 0.0004184003673100634 0
1670635263912 0.0004184588444860741 0
1670635269774 0.0004170524173600639 0
1670635275004 0.00041548421648524546 0
1670635279927 0.0004158351268616881 0
1670635285286 0.00041049843223132227 0
1670635290795 0.0004106580599823557 0
1670635296351 0.00044310981357357766 0
1670635301855 0.00044093633848708424 0
1670635306451 0.00043871138874177645 0
1670635311543 0.0004389850713929751 0
1670635316961 0.000447237566640276 0
1670635322427 0.00044246630024701207 0
1670635327039 0.0004402210291883841 0
1670635332858 0.00044722397995978575 0
1670635338321 0.0004685210055174611 0
1670635343826 0.0005066269954942183 0
1670635349396 0.0005217520279904669 0
1670635354075 0.000522270338804387 0
1670635359251 0.0005177263355388821 0
1670635364472 0.0005139645665750174 0
1670635369381 0.0005162137166916879 0
1670635374521 0.0005168541208850144 0
1670635379319 0.0005126990376189054 0
1670635384152 0.0005086414111548874 0
1670635389275 0.0005091187579925853 0
1670635394119 0.0005058918097872308 0
1670635399166 0.0005063188611246346 0
1670635404293 0.0005025066756854863 0
1670635409188 0.000505103344919504 0
1670635414113 0.0005014558733538003 0
1670635419043 0.0004985425345459166 0
1670635423848 0.0004990766564626184 0
1670635428695 0.0005015195392025315 0
1670635433491 0.0005020168983506646 0
1670635438059 0.0005135623469928372 0
1670635442600 0.0005139717224455955 0
1670635447156 0.0005158540681206127 0
1670635452138 0.0005125785921870541 0
1670635456919 0.0005143213994582437 0
1670635461656 0.0005241016551132406 0
1670635466655 0.000520981875342093 0
1670635471367 0.0005179160597414225 0
1670635476136 0.0005530041177848504 0
1670635481116 0.0005499015897863107 0
1670635486151 0.0005468492663287452 0
1670635491195 0.0005438679335955077 0
1670635495862 0.000544386043826514 0
1670635500990 0.0005414528410892737 0
1670635506014 0.0005385654321050305 0
1670635511181 0.0005358242907798665 0
1670635516131 0.0005331229695381449 0
1670635520835 0.0005404708752593116 0
1670635525423 0.0005377430629532577 0
1670635530037 0.0005350550671869118 0
1670635534716 0.0005355303110723261 0
1670635539644 0.0005362897557534932 0
1670635544691 0.0005336922352754073 0
1670635549138 0.0005311311742558329 0
1670635553991 0.0005318892618694693 0
1670635558868 0.0005294595080918556 0
1670635564097 0.0005270615437357162 0
1670635569242 0.0005246788311129567 0
1670635574359 0.0005252889956983663 0
1670635578979 0.0005229358946065839 0
1670635583598 0.0005234663384803809 0
1670635588248 0.0005295676158395204 0
1670635592916 0.00052720368339914 0
1670635597617 0.0005248706158007472 0
