1670587108889 0.0 0
1670587109943 0.0 0
1670587110818 0.0 0
1670587111658 0.0 0
1670587112771 0.0 0
1670587113621 0.0 0
1670587114498 0.0003333333333333333 0
1670587115705 0.0 0
1670587116765 0.0 0
1670587117768 0.0 0
1670587118897 0.0 0
1670587119683 0.0 0
1670587120759 0.0 0
1670587121765 0.0 0
1670587122775 0.0003333333333333333 0
1670587123883 0.0 0
1670587124729 0.0 0
1670587125760 0.0 0
1670587126700 0.0 0
1670587127577 0.0 0
1670587128487 0.0 0
1670587129410 0.0 0
1670587130326 0.0 0
1670587131134 0.0 0
1670587132144 0.0 0
1670587133233 0.0 0
1670587134035 0.0006666666666666666 0
1670587135028 0.0 0
1670587135879 0.0 0
1670587136931 0.0 0
1670587137936 0.0003333333333333333 0
1670587138755 0.0003333333333333333 0
1670587139589 0.0 0
1670587140630 0.0003333333333333333 0
1670587141443 0.0003333333333333333 0
1670587142573 0.0003333333333333333 0
1670587143391 0.0 0
1670587144445 0.0 0
1670587145476 0.0006666666666666666 0
1670587146402 0.0 0
1670587147342 0.0003333333333333333 0
1670587148167 0.0 0
1670587148957 0.0003333333333333333 0
1670587149741 0.0003333333333333333 0
1670587150528 0.0 0
1670587151342 0.0003333333333333333 0
1670587152316 0.0 0
1670587153051 0.0 0
1670587154028 0.0003333333333333333 0
1670587154894 0.0003333333333333333 0
1670587155895 0.0 0
1670587156928 0.0 0
1670587158022 0.0003333333333333333 0
1670587159151 0.0 0
1670587160347 0.0003333333333333333 0
1670587161109 0.0 0
1670587162184 0.0 0
1670587163008 0.0006666666666666666 0
1670587164255 0.0 0
1670587165036 0.0006666666666666666 0
1670587166161 0.0003333333333333333 0
1670587167733 0.0 0
1670587168780 0.0 0
1670587169863 0.0 0
1670587170826 0.0 0
1670587171866 0.0 0
1670587172727 0.0 0
1670587173696 0.0 0
1670587174844 0.0 0
1670587175636 0.0003333333333333333 0
1670587176472 0.0 0
1670587177253 0.0 0
1670587178337 0.0003333333333333333 0
1670587179095 0.0 0
1670587180040 0.0 0
1670587180995 0.001 0
1670587181930 0.0003333333333333333 0
1670587182925 0.0 0
1670587184156 0.0 0
1670587184922 0.0 0
1670587185977 0.0 0
1670587186797 0.0 0
1670587187889 0.0003333333333333333 0
1670587188985 0.0 0
1670587189962 0.0 0
1670587190808 0.0 0
1670587191634 0.0 0
1670587192637 0.0003333333333333333 0
1670587193719 0.0003333333333333333 0
1670587194728 0.0 0
1670587195545 0.0 0
1670587196522 0.0 0
1670587197489 0.0 0
1670587198482 0.0003333333333333333 0
1670587199496 0.0 0
1670587200333 0.0 0
1670587201122 0.0003333333333333333 0
1670587202351 0.0 0
1670587203345 0.0003333333333333333 0
1670587204222 0.0 0
1670587205125 0.0 0
1670587206222 0.0 0
