1670624229811 0.0 0
1670624240697 0.0 0
1670624251148 0.0 0
1670624261119 0.0 0
1670624271023 0.0 0
1670624279686 0.0 0
1670624288563 0.0 0
1670624297204 0.0 0
1670624305629 0.0 0
1670624314395 0.0 0
1670624323206 0.0 0
1670624331888 0.0 0
1670624340387 0.0 0
1670624348815 0.0 0
1670624357646 0.0 0
1670624365941 0.0 0
1670624374368 0.0 0
1670624383408 0.0 0
1670624392012 0.0 0
1670624400896 0.0 0
1670624409462 0.0 0
1670624418184 0.0 0
1670624426965 0.0 0
1670624435560 0.0 0
1670624444103 0.0 0
1670624452664 0.0 0
1670624460613 0.0 0
1670624468811 0.0 0
1670624476743 0.0 0
1670624484965 0.0 0
1670624493308 0.0 0
1670624501843 0.0 0
1670624510082 0.0 0
1670624518247 0.0 0
1670624526298 0.0 0
1670624534687 0.0 0
1670624543270 0.0 0
1670624551307 0.0 0
1670624560136 0.0 0
1670624568893 0.0 0
1670624577175 0.0 0
1670624585593 0.0 0
1670624593936 0.0 0
1670624602579 0.0 0
1670624611891 0.0 0
1670624620139 0.0 0
1670624629124 0.0 0
1670624637288 0.0 0
1670624645943 0.0 0
1670624654106 0.0 0
1670624662459 0.0 0
1670624671193 0.0 0
1670624680197 0.0 0
1670624688830 0.0 0
1670624697544 0.0 0
1670624706532 0.0 0
1670624715212 0.0 0
1670624723806 0.0 0
1670624732009 0.0 0
1670624740388 0.0 0
1670624749216 0.0 0
1670624758250 0.0 0
1670624767134 0.0 0
1670624775232 0.0 0
1670624783480 0.0 0
1670624792420 0.0 0
1670624801080 0.0 0
1670624809535 0.0 0
1670624818385 0.0 0
1670624827097 0.0 0
1670624835708 0.0 0
1670624844251 0.0 0
1670624852436 0.0 0
1670624860442 0.0 0
1670624869081 0.0 0
1670624877860 0.0 0
1670624886800 0.0 0
1670624895625 0.0 0
1670624904989 0.0 0
1670624913483 0.0 0
1670624922186 0.0 0
1670624931425 0.0 0
1670624940462 0.0 0
1670624949156 0.0 0
1670624958425 0.0 0
1670624967277 0.0 0
1670624975421 0.0 0
1670624983997 0.0 0
1670624992880 0.0 0
1670625001660 0.0 0
1670625010292 0.0 0
1670625018887 0.0 0
1670625027517 0.0 0
1670625035946 0.0 0
1670625044962 0.0 0
1670625053641 0.0 0
1670625061982 0.0 0
1670625070526 0.0 0
1670625078931 0.0 0
1670625087405 0.0 0
1670625095797 0.0 0
1670625103860 0.0 0
