1670633219846 nan 0
1670633223973 nan 0
1670633227891 0.0003937256209365855 0
1670633231846 0.00031730801202260544 0
1670633235910 0.00027371408230461016 0
1670633239608 0.0003158291704422545 0
1670633243383 0.00040501212584946134 0
1670633247304 0.0003732812724749463 0
1670633251269 0.00040877537483004125 0
1670633255093 0.00038389093780680174 0
1670633258969 0.00036306839275893207 0
1670633262750 0.0007480031734830755 0
1670633266607 0.000744310623514634 0
1670633270324 0.0007376215596755175 0
1670633274132 0.000710029922998775 0
1670633278029 0.0006853309681493858 0
1670633281671 0.0006630510676172694 0
1670633285657 0.0006428186411609764 0
1670633290159 0.0006712610497604759 0
1670633294295 0.0007433295753335857 0
1670633298389 0.0007425964566033234 0
1670633302297 0.0007250181556449956 0
1670633306189 0.0007133297050113883 0
1670633309968 0.0007020970629894559 0
1670633313423 0.0007030596770500441 0
1670633317315 0.0006892213924774846 0
1670633321299 0.0006893345561708889 0
1670633325495 0.0007163669012294608 0
1670633329404 0.0006994269234506049 0
1670633333350 0.0006925912814388995 0
1670633337181 0.0007153495253020019 0
1670633340962 0.0007045871810215376 0
1670633345000 0.0007233812429473447 0
1670633348747 0.0007180285873279045 0
1670633352845 0.0007153733080546491 0
1670633356865 0.0007105327784520377 0
1670633360571 0.0007081225367874303 0
1670633364327 0.0006990200175683769 0
1670633368224 0.0006902597260772614 0
1670633372233 0.0006880848547761191 0
1670633375938 0.0006857149126959652 0
1670633379788 0.0006831810412474366 0
1670633383774 0.0006805099003106672 0
1670633387612 0.0006777243757908479 0
1670633391427 0.0006757220082971614 0
1670633395366 0.0006735744017535847 0
1670633399221 0.0006854475095162404 0
1670633403031 0.0006784251143345132 0
1670633406852 0.0006889466713761047 0
1670633410792 0.000685888471275434 0
1670633414704 0.0006827940525856227 0
1670633418689 0.0006763790604334215 0
1670633422609 0.000685060075062505 0
1670633426685 0.0006842177300305566 0
1670633430487 0.0006811629378782281 0
1670633434481 0.0006803694085722879 0
1670633438372 0.0006794263267403365 0
1670633442302 0.0006905895518933037 0
1670633446149 0.0006848277054718182 0
1670633449853 0.0006824261369095373 0
1670633453574 0.0007109581903380641 0
1670633457173 0.0007052967082094143 0
1670633460879 0.0007029884602061171 0
1670633464550 0.0006975673780339438 0
1670633468470 0.00072294360678952 0
1670633472666 0.000720733874723077 0
1670633476664 0.0007641839790854799 0
1670633480581 0.0007695038584229852 0
1670633484699 0.0007640173737102649 0
1670633488478 0.0007609390734563708 0
1670633492359 0.0007578705562439965 0
1670633496144 0.0007562156029893822 0
1670633500058 0.000753291802121261 0
1670633503811 0.0007517130403088814 0
1670633507821 0.0007489238050700839 0
1670633511803 0.0007474160214785327 0
1670633515726 0.0007543449385288133 0
1670633520111 0.0007607491792386096 0
1670633524189 0.0007559861083225924 0
1670633528259 0.0007513113964613609 0
1670633532033 0.0007467223451240328 0
1670633535575 0.0007422163697679749 0
1670633539395 0.0007481989365682339 0
1670633543254 0.0007815736232975167 0
1670633547150 0.0007796698459817109 0
1670633551208 0.0007751838026070093 0
1670633554915 0.000773318173230476 0
1670633558772 0.0007710227094944282 0
1670633562669 0.0007751707675611 0
1670633566283 0.0007727775573553666 0
1670633570168 0.0007685831556178712 0
1670633574027 0.0007670131927302859 0
1670633577776 0.0007654193254461228 0
1670633581572 0.0007613888839724922 0
1670633585182 0.0007592835117651969 0
1670633589449 0.0007577936314746561 0
1670633592929 0.000756282125264155 0
1670633596758 0.0007524582477395059 0
1670633600648 0.0007565251654850293 0
1670633604475 0.0007603383373214352 0
1670633608404 0.0007566179826653261 0
1670633612023 0.0007553034639822902 0
