1670610993239 0.012706204736432136 0
1670610993910 0.017263648367157436 0
1670610994644 0.017195356830329023 0
1670610995382 0.015600887622488901 0
1670610995947 0.017662324799329276 0
1670610996549 0.0156813061587463 0
1670610997288 0.014182270782529316 0
1670610997870 0.013240100303664404 0
1670610998509 0.012596060880183058 0
1670610999264 0.01269651235941216 0
1670611000036 0.012017404852745273 0
1670611000461 0.011437326251178437 0
1670611001143 0.010953136289471699 0
1670611001882 0.010647294591269008 0
1670611002655 0.010246734170104688 0
1670611003279 0.012201104015249764 0
1670611004022 0.011834476122589588 0
1670611004850 0.011593438308746928 0
1670611005663 0.011319543321222869 0
1670611006385 0.011020983332979517 0
1670611006890 0.01078557424845683 0
1670611007567 0.010520504708178446 0
1670611008184 0.010535439858802231 0
1670611008893 0.010391122914396256 0
1670611009812 0.010738356660457749 0
1670611010432 0.010924691996627711 0
1670611011068 0.010711538195772752 0
1670611011586 0.010797029152643689 0
1670611012480 0.01015760017829459 0
1670611013207 0.009992783486417633 0
1670611013836 0.009835737814099854 0
1670611014574 0.009690240396691974 0
1670611015270 0.010400803863177321 0
1670611015810 0.010269939185389543 0
1670611016592 0.010387083687421694 0
1670611017210 0.010290575018944592 0
1670611017806 0.010591854745525486 0
1670611018184 0.010455181338659969 0
1670611018549 0.010331518218173907 0
1670611018868 0.010207046395949493 0
1670611019417 0.01063511868146716 0
1670611019960 0.01051514478938631 0
1670611020561 0.010399134786947095 0
1670611021518 0.010384518909277052 0
1670611021989 0.010304500506455039 0
1670611022753 0.010496453468372136 0
1670611023485 0.010976397823071804 0
1670611024000 0.012143918554643918 0
1670611024732 0.012340242055422945 0
1670611025337 0.012302616131742772 0
1670611026222 0.012349435901133576 0
1670611026913 0.012264879896858316 0
1670611027543 0.012401189644535182 0
1670611028271 0.012321232056447973 0
1670611029168 0.012269114836334083 0
1670611030132 0.01220144861853345 0
1670611030966 0.012104419220136386 0
1670611031755 0.012219844022226978 0
1670611032397 0.012151288849875042 0
1670611033087 0.012443595053531986 0
1670611034054 0.01238738799252348 0
1670611034968 0.012291913720984815 0
1670611035769 0.01226947779290799 0
1670611036358 0.012193203239129424 0
1670611037306 0.012118227329162345 0
1670611038078 0.012031818023183316 0
1670611038810 0.012239186823377879 0
1670611039611 0.012429009367752708 0
1670611040072 0.012394270239010963 0
1670611040677 0.012453227101056674 0
1670611041531 0.012388233199872811 0
1670611042487 0.012329038175536655 0
1670611043379 0.01226176885982877 0
1670611043996 0.01217976625651529 0
1670611044990 0.012171181529127884 0
1670611045478 0.012091946159045408 0
1670611046080 0.012043912615265384 0
1670611046751 0.012044640168261456 0
1670611047241 0.011971968502121122 0
1670611047934 0.011950606405361608 0
1670611048412 0.011893667556157839 0
1670611049042 0.011902925617244264 0
1670611049835 0.011966148418480427 0
1670611050513 0.011970051418233374 0
1670611051135 0.011976734271183731 0
1670611051988 0.011909451875615429 0
1670611052917 0.011843289829201686 0
1670611053844 0.011786815330041334 0
1670611054733 0.011737546371943353 0
1670611055380 0.011706638274253445 0
1670611056271 0.01167660672528048 0
1670611057152 0.01182405828401234 0
1670611058124 0.011813521279146477 0
1670611058946 0.011751214614348249 0
1670611059656 0.01169570602277481 0
1670611060366 0.011765746158469592 0
1670611060737 0.011716742968577054 0
1670611061109 0.011669977693587574 0
1670611061708 0.011659148334060121 0
1670611062220 0.01183218078149928 0
1670611062764 0.011957283933293983 0
1670611063160 0.011901965226897904 0
