1670619037150 0.0 0
1670619042497 0.0 0
1670619047532 0.0 0
1670619052266 0.0 0
1670619057467 0.0 0
1670619062727 0.0 0
1670619067551 0.0 0
1670619072342 0.0 0
1670619077018 0.0 0
1670619081827 0.0 0
1670619086852 0.0 0
1670619092015 0.0 0
1670619097054 0.0 0
1670619101942 0.0 0
1670619106935 0.0 0
1670619111681 0.0 0
1670619116582 0.0 0
1670619121464 0.0 0
1670619126432 0.0 0
1670619131808 0.0 0
1670619136699 0.0 0
1670619141759 0.0 0
1670619147019 0.0 0
1670619151547 0.0 0
1670619156676 0.0 0
1670619161614 0.0 0
1670619166533 0.0 0
1670619171484 0.0 0
1670619176016 0.0 0
1670619180740 0.0 0
1670619185855 0.0 0
1670619191017 0.0 0
1670619196171 0.0 0
1670619201029 0.0 0
1670619205974 0.0 0
1670619211273 0.0 0
1670619216119 0.0 0
1670619221229 0.0 0
1670619225251 0.0 0
1670619229270 0.0 0
1670619233295 0.0 0
1670619237301 0.0 0
1670619241329 0.0 0
1670619245692 0.0 0
1670619250139 0.0 0
1670619254687 0.0 0
1670619259333 0.0 0
1670619264365 0.0 0
1670619269409 0.0 0
1670619274320 0.0 0
1670619279396 0.0 0
1670619284535 0.0 0
1670619288956 0.0 0
1670619293635 0.0 0
1670619297778 0.0 0
1670619302740 0.00014285714285714287 0
1670619307572 0.0 0
1670619311907 0.0 0
1670619316111 0.0 0
1670619320654 0.0 0
1670619325218 0.0 0
1670619329843 0.0 0
1670619334486 0.0 0
1670619339319 0.0 0
1670619343858 0.0 0
1670619348753 0.0 0
1670619353507 0.0 0
1670619358417 0.0 0
1670619363289 0.0 0
1670619368277 0.0 0
1670619372889 0.0 0
1670619377666 0.0 0
1670619382295 0.0 0
1670619386933 0.0 0
1670619391457 0.0 0
1670619396179 0.0 0
1670619401001 0.0 0
1670619405681 0.0 0
1670619410430 0.00014285714285714287 0
1670619415071 0.0 0
1670619419495 0.0 0
1670619423633 0.0 0
1670619427676 0.0 0
1670619431914 0.00014285714285714287 0
1670619436059 0.0 0
1670619440200 0.0 0
1670619444385 0.0 0
1670619447943 0.0 0
1670619452061 0.0 0
1670619455881 0.0 0
1670619459562 0.0 0
1670619463164 0.0 0
1670619467155 0.0 0
1670619471583 0.0 0
1670619476032 0.0 0
1670619480351 0.0 0
1670619484495 0.0 0
1670619488561 0.0 0
1670619492618 0.0 0
1670619496734 0.0 0
1670619500614 0.0 0
1670619504396 0.0 0
