1670638810693 0.09229694957621323 0
1670638836325 0.09200941279551292 0
1670638867534 0.09335808053291339 0
1670638890383 0.09259496981705889 0
1670638914586 0.08958565465081936 0
1670638937885 0.09296119573443343 0
1670638967424 0.09010727415507713 0
1670638990250 0.0933038097657432 0
1670639012965 0.0898144155878492 0
1670639037004 0.09407778625833417 0
1670639073176 0.0935402625559362 0
1670639126416 0.0926324771851032 0
1670639164512 0.0912018644347756 0
1670639187186 0.08886852834463246 0
1670639218580 0.09449734653326697 0
1670639241321 0.09088822994711013 0
1670639280900 0.09003548444110838 0
1670639303902 0.08789412066344766 0
1670639353667 0.0904277703099743 0
1670639376450 0.09202317867757318 0
1670639400710 0.08908450747536932 0
1670639425004 0.09018106459495467 0
1670639448239 0.09144945974861304 0
1670639471135 0.09027606362561698 0
1670639504522 0.09090887327059909 0
1670639527338 0.09285423795423371 0
1670639550326 0.0901542612535143 0
1670639572995 0.09197080184777003 0
1670639595805 0.08862487319673354 0
1670639618570 0.09366737627016895 0
