1670576371175 0.001 0
1670576373284 0.0013 0
1670576375246 0.0011 0
1670576377069 0.0008 0
1670576378896 0.001 0
1670576380682 0.0009 0
1670576382615 0.0004 0
1670576384862 0.001 0
1670576386756 0.0004 0
1670576389037 0.0008 0
1670576391042 0.0006 0
1670576393491 0.0009 0
1670576395283 0.0004 0
1670576397419 0.0005 0
1670576399238 0.0008 0
1670576401186 0.0009 0
1670576403280 0.0007 0
1670576405421 0.0008 0
1670576407232 0.0006 0
1670576409060 0.0007 0
1670576411214 0.0009 0
1670576413612 0.0006 0
1670576415372 0.0007 0
1670576417596 0.0006 0
1670576419714 0.001 0
1670576421747 0.0011 0
1670576424066 0.0012 0
1670576425941 0.0009 0
1670576427896 0.0005 0
1670576430099 0.0012 0
1670576432592 0.001 0
1670576434573 0.0007 0
1670576436307 0.001 0
1670576438239 0.0013 0
1670576439938 0.0003 0
1670576441675 0.0008 0
1670576443463 0.0011 0
1670576445568 0.0008 0
1670576447543 0.0006 0
1670576449369 0.0009 0
1670576451395 0.0008 0
1670576453532 0.0007 0
1670576455487 0.0007 0
1670576457327 0.0008 0
1670576459258 0.0012 0
1670576461153 0.0009 0
1670576463177 0.0009 0
1670576465122 0.0011 0
1670576467170 0.001 0
1670576468899 0.0009 0
1670576471113 0.0013 0
1670576472937 0.0005 0
1670576475136 0.0005 0
1670576477506 0.0007 0
1670576479341 0.0007 0
1670576481310 0.0005 0
1670576483283 0.0014 0
1670576485277 0.0011 0
1670576487358 0.0005 0
1670576489589 0.001 0
1670576491315 0.0012 0
1670576493371 0.0008 0
1670576495134 0.0014 0
1670576496963 0.0007 0
1670576498784 0.0008 0
1670576500512 0.0008 0
1670576502275 0.0017 0
1670576504141 0.001 0
1670576505941 0.0008 0
1670576507988 0.0004 0
1670576509950 0.0009 0
1670576511883 0.0007 0
1670576513465 0.0004 0
1670576515163 0.0006 0
1670576517005 0.0007 0
1670576518987 0.0009 0
1670576520964 0.0011 0
1670576522912 0.0007 0
1670576524765 0.0016 0
1670576526545 0.0006 0
1670576528760 0.0004 0
1670576530685 0.0008 0
1670576532544 0.0006 0
1670576534338 0.0008 0
1670576536485 0.0009 0
1670576538534 0.0019 0
1670576540257 0.0009 0
1670576542096 0.0011 0
1670576544134 0.0008 0
1670576546083 0.0007 0
1670576547963 0.0007 0
1670576549713 0.0007 0
1670576551821 0.0007 0
1670576554160 0.0009 0
1670576556382 0.0009 0
1670576558632 0.0009 0
1670576560652 0.0004 0
1670576562331 0.0008 0
1670576564428 0.0013 0
1670576566509 0.001 0
1670576568429 0.0011 0
1670576570391 0.0014 0
