1670637809827 0.0 0
1670637810486 0.0 0
1670637811166 0.0 0
1670637811845 0.0 0
1670637812528 0.0 0
1670637813218 0.0 0
1670637813901 0.0 0
1670637814580 0.0 0
1670637815262 0.0 0
1670637815940 0.0 0
1670637816648 0.0 0
1670637817354 0.0 0
1670637818050 0.0 0
1670637818739 0.0 0
1670637819460 0.0 0
1670637820159 0.0 0
1670637820849 0.0 0
1670637821492 0.0 0
1670637822155 0.0 0
1670637822768 0.0 0
1670637823389 0.0 0
1670637824049 0.0 0
1670637824670 0.0 0
1670637825311 0.0 0
1670637825931 0.0 0
1670637826542 0.0 0
1670637827215 0.0 0
1670637827825 0.0 0
1670637828452 0.0 0
1670637829067 0.0 0
1670637829748 0.0 0
1670637830382 0.0 0
1670637830968 0.0 0
1670637831591 0.0 0
1670637832224 0.0 0
1670637832882 0.0 0
1670637833561 0.0 0
1670637834268 0.0 0
1670637834976 0.0 0
1670637835698 0.0 0
1670637836404 0.0 0
1670637837109 0.0 0
1670637837825 0.0 0
1670637838530 0.0 0
1670637839239 0.0 0
1670637839942 0.0 0
1670637840646 0.0 0
1670637841356 0.0 0
1670637842067 0.0 0
1670637842769 0.0 0
1670637843472 0.0 0
1670637844178 0.0 0
1670637844889 0.0 0
1670637845591 0.0 0
1670637846300 0.0 0
1670637847001 0.0 0
1670637847702 0.0 0
1670637848406 0.0 0
1670637849107 0.0 0
1670637849966 0.0 0
1670637850670 0.0 0
1670637851379 0.0 0
1670637852086 0.0 0
1670637852792 0.0 0
1670637853498 0.0 0
1670637854209 0.0 0
1670637854895 0.0 0
1670637855582 0.0 0
1670637856287 0.0 0
1670637856990 0.0 0
1670637857697 0.0 0
1670637858391 0.0 0
1670637859093 0.0 0
1670637859792 0.0 0
1670637860510 0.0 0
1670637861215 0.0 0
1670637861916 0.0 0
1670637862621 0.0 0
1670637863321 0.0 0
1670637864018 0.0 0
1670637864716 0.0 0
1670637865422 0.0 0
1670637866126 0.0 0
1670637866824 0.0 0
1670637867444 0.0 0
1670637868092 0.0 0
1670637868696 0.0 0
1670637869399 0.0 0
1670637870123 0.0 0
1670637870838 0.0 0
1670637871559 0.0 0
1670637872279 0.0 0
1670637873013 0.0 0
1670637873755 0.0 0
1670637874491 0.0 0
1670637875236 0.0 0
1670637875968 0.0 0
1670637876700 0.0 0
1670637877444 0.0 0
1670637878182 0.0 0
1670637878913 0.0 0
1670637879651 0.0 0
