1670610681246 0.0001 0
1670610683365 0.0 0
1670610685726 0.0001 0
1670610687946 0.0 0
1670610690243 0.0001 0
1670610693193 0.0001 0
1670610696119 0.0 0
1670610698148 0.0003 0
1670610700299 0.0002 0
1670610702952 0.0 0
1670610705715 0.0001 0
1670610707707 0.0001 0
1670610709944 0.0001 0
1670610712511 0.0 0
1670610715450 0.0 0
1670610717833 0.0 0
1670610719933 0.0001 0
1670610722476 0.0001 0
1670610724712 0.0003 0
1670610726849 0.0001 0
1670610729227 0.0003 0
1670610731759 0.0 0
1670610734548 0.0002 0
1670610736728 0.0 0
1670610739571 0.0 0
1670610742027 0.0002 0
1670610744229 0.0004 0
1670610746825 0.0001 0
1670610749693 0.0003 0
1670610752637 0.0 0
1670610755408 0.0002 0
1670610757480 0.0 0
1670610760431 0.0001 0
1670610763777 0.0 0
1670610767193 0.0001 0
1670610770026 0.0 0
1670610772787 0.0 0
1670610774865 0.0 0
1670610777582 0.0003 0
1670610780224 0.0002 0
1670610782584 0.0 0
1670610785142 0.0002 0
1670610787536 0.0001 0
1670610790375 0.0 0
1670610793288 0.0002 0
1670610796194 0.0 0
1670610798632 0.0 0
1670610801124 0.0001 0
1670610804332 0.0001 0
1670610807069 0.0 0
1670610809930 0.0001 0
1670610812229 0.0 0
1670610814778 0.0 0
1670610817298 0.0001 0
1670610819758 0.0002 0
1670610822784 0.0002 0
1670610824751 0.0001 0
1670610827263 0.0001 0
1670610829649 0.0001 0
1670610832032 0.0 0
1670610834299 0.0001 0
1670610836365 0.0002 0
1670610838678 0.0 0
1670610841465 0.0001 0
1670610843689 0.0001 0
1670610845970 0.0 0
1670610848119 0.0001 0
1670610850236 0.0001 0
1670610852992 0.0 0
1670610855069 0.0 0
1670610856732 0.0001 0
1670610858648 0.0 0
1670610860629 0.0001 0
1670610862938 0.0003 0
1670610865335 0.0003 0
1670610867688 0.0 0
1670610869624 0.0001 0
1670610871445 0.0 0
1670610873411 0.0 0
1670610875568 0.0002 0
1670610877211 0.0001 0
1670610879156 0.0002 0
1670610881710 0.0001 0
1670610884310 0.0001 0
1670610886930 0.0001 0
1670610889434 0.0001 0
1670610891935 0.0003 0
1670610894428 0.0002 0
1670610896898 0.0 0
1670610899557 0.0 0
1670610901914 0.0001 0
1670610903991 0.0 0
1670610907028 0.0 0
1670610909702 0.0002 0
1670610912230 0.0 0
1670610915086 0.0001 0
1670610917971 0.0 0
1670610920257 0.0001 0
1670610922438 0.0001 0
1670610924916 0.0002 0
1670610927268 0.0001 0
1670610929940 0.0002 0
1670610932512 0.0002 0
1670610934396 0.0002 0
1670610937082 0.0001 0
1670610939146 0.0002 0
1670610941004 0.0002 0
1670610943337 0.0002 0
1670610946388 0.0001 0
1670610949257 0.0 0
1670610952102 0.0 0
1670610954927 0.0003 0
1670610957979 0.0001 0
1670610960675 0.0 0
1670610962374 0.0 0
1670610965697 0.0001 0
1670610968443 0.0002 0
1670610971016 0.0002 0
1670610974197 0.0001 0
1670610976005 0.0 0
1670610978623 0.0003 0
1670610981807 0.0002 0
1670610984644 0.0 0
1670610987326 0.0001 0
1670610990175 0.0001 0
1670610992689 0.0001 0
1670610995409 0.0001 0
1670610997121 0.0001 0
1670610999048 0.0001 0
1670611001310 0.0001 0
1670611003523 0.0001 0
1670611005702 0.0 0
1670611007730 0.0 0
1670611010039 0.0001 0
1670611012471 0.0001 0
1670611014585 0.0004 0
1670611017023 0.0 0
1670611018583 0.0 0
1670611020566 0.0001 0
1670611022839 0.0 0
1670611025198 0.0 0
1670611027833 0.0001 0
1670611030800 0.0 0
1670611033669 0.0001 0
1670611036150 0.0002 0
1670611038825 0.0 0
1670611041171 0.0 0
1670611044148 0.0 0
1670611046462 0.0 0
1670611048696 0.0001 0
1670611050771 0.0 0
1670611053619 0.0001 0
1670611056349 0.0 0
1670611059375 0.0 0
1670611061206 0.0001 0
1670611063155 0.0001 0
1670611066050 0.0 0
1670611069120 0.0 0
1670611071211 0.0002 0
1670611073142 0.0001 0
1670611075486 0.0004 0
1670611077925 0.0 0
1670611079908 0.0 0
1670611081822 0.0 0
1670611083950 0.0001 0
1670611086409 0.0 0
1670611088261 0.0 0
1670611090341 0.0001 0
1670611092352 0.0 0
