1670570082638 0.004235401578810676 0
1670570083258 0.008866924430177843 0
1670570084310 0.006935980918989247 0
1670570085158 0.010245713618994214 0
1670570085924 0.011313588980739003 0
1670570086592 0.010638438375144589 0
1670570087289 0.010367258706484573 0
1670570087897 0.013402185317329837 0
1670570089020 0.013921204003102747 0
1670570089831 0.0130855235502787 0
1670570090775 0.012923812100576658 0
1670570091876 0.012716094022178895 0
1670570092781 0.012728639439311958 0
1670570093717 0.013258585056416833 0
1670570094536 0.012898926850365769 0
1670570095376 0.012481110721983206 0
1670570096213 0.012083386900590454 0
1670570096974 0.012078273793399007 0
1670570098095 0.011824299564058414 0
1670570099221 0.011584333331011772 0
1670570099991 0.011393825864638624 0
1670570100577 0.011130349966424403 0
1670570101071 0.012330271434558442 0
1670570101769 0.012571655494410437 0
1670570102477 0.012380229084773573 0
1670570103060 0.012725348459710444 0
1670570103611 0.013252075162355544 0
1670570104596 0.013021335564500046 0
1670570105768 0.012303428169378884 0
1670570106850 0.012189519104616828 0
1670570107968 0.011999431089963368 0
1670570108542 0.012074663220322294 0
1670570109574 0.011951937239057978 0
1670570110474 0.01181352678012073 0
1670570111232 0.011697107745133665 0
1670570111752 0.011540603881889148 0
1670570112561 0.011714452677277574 0
1670570113455 0.011613259018309292 0
1670570114716 0.011813695449413849 0
1670570115873 0.011672271044204766 0
1670570117082 0.011565591478049902 0
1670570118141 0.011453696746396565 0
1670570119155 0.011332211432372667 0
1670570119733 0.01132967008930964 0
1670570120365 0.011805151696982333 0
1670570121596 0.011863790976114102 0
1670570122816 0.011774110693500716 0
1670570123971 0.01165571230455114 0
1670570124540 0.011545871887962519 0
1670570125798 0.01163027078304427 0
1670570126352 0.011521337512586063 0
1670570127453 0.011471175038848706 0
1670570128294 0.011733990203620051 0
1670570129314 0.011626929361987042 0
1670570130319 0.011969666339788968 0
1670570131309 0.011888112498547498 0
1670570132646 0.012034088773382353 0
1670570133720 0.011988799114620283 0
1670570134548 0.011987373278904024 0
1670570135542 0.01205519777434489 0
1670570136221 0.01207404960284086 0
1670570137147 0.011987856096947636 0
1670570138240 0.011894833501548425 0
1670570139261 0.011910681836913784 0
1670570140210 0.011876078141974233 0
1670570141033 0.011791839493308892 0
1670570142072 0.011731995594152361 0
1670570143011 0.011672813258031912 0
1670570144086 0.011693896836629532 0
1670570145059 0.011647080921083082 0
1670570146139 0.011632947384914008 0
1670570146908 0.011553911745407666 0
1670570148024 0.011511877094205702 0
1670570148909 0.011469858454679401 0
1670570150093 0.011417419302328008 0
1670570151275 0.011343700797676569 0
1670570152212 0.011272088972600677 0
1670570153039 0.01134064614304292 0
1670570154039 0.01127802743252854 0
1670570154796 0.011472674183495134 0
1670570155730 0.011449609566310713 0
1670570156549 0.011410980079641052 0
1670570157470 0.011417811684184615 0
1670570158542 0.011435705879769234 0
1670570159263 0.011388695570850486 0
1670570160150 0.011327502590317864 0
1670570161081 0.011263433186616881 0
1670570161866 0.011233125293628184 0
1670570162704 0.011226739805905387 0
1670570163765 0.011206695297414943 0
1670570164401 0.011245215774790103 0
1670570165442 0.011639187279460585 0
1670570166015 0.011585842699415143 0
1670570166762 0.011559086815531784 0
1670570168029 0.011552462327717124 0
1670570168933 0.011501019795516682 0
1670570169774 0.011442244801226863 0
1670570170518 0.011605659023803321 0
1670570171767 0.011558663153028642 0
1670570172650 0.011558403432008153 0
1670570173667 0.011545158940507956 0
1670570174659 0.01158645382185855 0
1670570175450 0.011582547389976924 0
1670570176042 0.01171612175987053 0
1670570176658 0.011661977227828454 0
1670570177379 0.011609231096192281 0
1670570177963 0.01155911803214664 0
1670570178605 0.01152513994631401 0
1670570179163 0.011512466741896932 0
1670570180028 0.01146417759432158 0
1670570181174 0.01141317763990813 0
1670570182006 0.011484880825528086 0
1670570183010 0.011492345603227459 0
1670570183692 0.011544284038020249 0
1670570184721 0.01155140105089699 0
1670570185595 0.011514128328557353 0
1670570186388 0.011478654075455404 0
1670570187134 0.011430425660254321 0
1670570187774 0.011416617557756838 0
1670570188575 0.011394066149408293 0
1670570189471 0.011351766200782515 0
1670570189961 0.011412910051491115 0
1670570190654 0.011424311129394828 0
1670570191317 0.011410052581755505 0
1670570192305 0.011433154988554645 0
1670570193338 0.011414236185185292 0
1670570193919 0.01140106390908745 0
1670570194539 0.011443991623144644 0
1670570195366 0.011402680906384684 0
1670570196252 0.011367326864183305 0
1670570196898 0.011531682225233809 0
1670570197722 0.011492988886961247 0
1670570198297 0.011486178787785448 0
1670570199034 0.011445670932667639 0
1670570199707 0.011510894782090011 0
1670570200446 0.01146929251340116 0
1670570201298 0.011427663382637933 0
1670570201821 0.011405373394665953 0
1670570202388 0.011372663539794589 0
1670570202896 0.011341301414066012 0
1670570203917 0.011334219580448772 0
1670570205027 0.01131438528156603 0
1670570206123 0.01127567626459185 0
1670570207253 0.011279772052113848 0
1670570208060 0.011241551025670416 0
1670570209121 0.011264831674920699 0
1670570210209 0.011250821938340184 0
1670570211459 0.011261948748543704 0
1670570212623 0.011250678045643996 0
1670570213221 0.011354056652145204 0
1670570214062 0.011379402451228912 0
1670570214918 0.01139876570105823 0
1670570215851 0.011366955022626739 0
1670570216809 0.011414990098179669 0
1670570217759 0.011410329078660866 0
1670570218626 0.011374288123245466 0
1670570219946 0.011340404915829098 0
1670570221002 0.01130929954520932 0
1670570221982 0.011273907965831526 0
1670570222900 0.011503397111466897 0
1670570223523 0.011471279163325888 0
1670570224204 0.011436070630470307 0
1670570225003 0.011407462953304148 0
1670570225663 0.011373597893346396 0
1670570226273 0.011342611011782397 0
1670570226967 0.011318516018897457 0
1670570227828 0.011289740001496407 0
1670570228668 0.011274033817407079 0
1670570229558 0.01144856194721083 0
1670570230445 0.011423451648838168 0
1670570231296 0.011402700776648955 0
1670570231930 0.011438612708387384 0
1670570232692 0.011453502028837773 0
1670570233728 0.011438533063833509 0
1670570234921 0.011408761647443366 0
1670570235889 0.01140722939349674 0
1670570236966 0.011380267701187632 0
1670570238274 0.011353618633239807 0
1670570239389 0.011324634204068623 0
1670570240433 0.011339148299791352 0
1670570241668 0.011313126319871289 0
1670570242610 0.011311997890433204 0
1670570243587 0.011281329446010693 0
1670570244818 0.011389229026405105 0
1670570245759 0.01141272240492244 0
1670570246584 0.011393969364460462 0
1670570247751 0.011366288103017978 0
1670570248587 0.01133698403698958 0
1670570249839 0.011369511286925389 0
1670570250927 0.011347590261323513 0
1670570251493 0.011322680078526652 0
1670570252265 0.011314870994334383 0
1670570253300 0.011286659098835385 0
1670570254287 0.011274458272908024 0
1670570255360 0.01124573681932655 0
1670570256207 0.011335001720069123 0
1670570257133 0.011306449526528772 0
1670570258076 0.011305121504758715 0
1670570258678 0.011287910382123234 0
1670570259686 0.011267059664930017 0
1670570260754 0.011271994237202765 0
1670570261849 0.011245232170608174 0
1670570262548 0.011221776513441306 0
1670570263430 0.011209165264919479 0
1670570264263 0.011192251589151919 0
1670570265049 0.01120386376992151 0
1670570265918 0.011178695574613345 0
1670570266579 0.011151935795531084 0
1670570267260 0.011215699401263324 0
1670570267861 0.011200854551111743 0
1670570268832 0.011208044858364866 0
1670570269575 0.01119307100276935 0
1670570270506 0.011240173429686702 0
1670570271192 0.011214169314397896 0
1670570271756 0.011188215646426122 0
1670570272377 0.011166260508255497 0
1670570272932 0.011180609998319224 0
1670570273765 0.011161630196137473 0
1670570274294 0.011137202684477356 0
1670570274881 0.011219424260936722 0
1670570276201 0.011204783372173122 0
1670570277375 0.011194285484500844 0
1670570278165 0.011170005127741408 0
1670570279254 0.01117592952590011 0
1670570279886 0.011155291215021457 0
1670570280689 0.011149486493038093 0
1670570281317 0.011252411621301712 0
1670570282100 0.011306642547281948 0
1670570282633 0.011361451033809276 0
1670570283203 0.011336923794446441 0
1670570284010 0.011326021293870392 0
1670570284809 0.011305771424279985 0
1670570285501 0.011310859205921737 0
1670570286372 0.01129069302835451 0
1670570287126 0.011267451741958832 0
1670570287940 0.011243728753396354 0
1670570288410 0.011394868150027514 0
