1670596590115 0.008470803157621165 0
1670596592263 0.03590958009339318 0
1670596594357 0.027463649099518206 0
1670596596068 0.024052555454058655 0
1670596597753 0.021178791095560867 0
1670596599668 0.019931325886440754 0
1670596601480 0.018047211340623925 0
1670596603527 0.02211181784604699 0
1670596605226 0.020707766843024722 0
1670596607151 0.01975238433389842 0
1670596608721 0.019371154929741174 0
1670596610720 0.01870952236632034 0
1670596612200 0.018355279419809467 0
1670596613988 0.0176510074250133 0
1670596615858 0.01701217587519549 0
1670596617604 0.016665320491122626 0
1670596619350 0.016188082481122468 0
1670596621090 0.015695916402954424 0
1670596623041 0.016076028037869283 0
1670596625469 0.015691736995596117 0
1670596627487 0.018052079576252822 0
1670596629350 0.017647275261744866 0
1670596631021 0.018319973954405933 0
1670596632851 0.01875209566516034 0
1670596634854 0.018355252195054073 0
1670596636793 0.018153979929445896 0
1670596638949 0.018305041658802368 0
1670596640741 0.017957497474274275 0
1670596643023 0.01704501030020661 0
1670596644504 0.016780741271538335 0
1670596646385 0.01652432380503671 0
1670596648244 0.01627272511248884 0
1670596650088 0.016447707876980244 0
1670596652013 0.01639211459283052 0
1670596653588 0.01639641748472781 0
1670596655198 0.016892467146888857 0
1670596656948 0.017205736585949982 0
1670596658691 0.01768390219994731 0
1670596660381 0.018234103466270413 0
1670596661804 0.0185291054221719 0
1670596663727 0.01834712246931175 0
1670596665718 0.01816001218558677 0
1670596667660 0.01812880950752921 0
1670596669468 0.018147233932305717 0
1670596671215 0.017993794558997522 0
1670596673004 0.01843818565772498 0
1670596674577 0.01829097165115451 0
1670596676357 0.018129744994755115 0
1670596678268 0.017947563328258864 0
1670596680355 0.018073366697898996 0
1670596682370 0.018042712763617685 0
1670596683973 0.017899073861894876 0
1670596685434 0.017775852148088356 0
1670596687308 0.017768354960531973 0
1670596689097 0.017991889852644605 0
1670596690702 0.018142976754459805 0
1670596692191 0.018113401061540524 0
1670596693675 0.01796209014256983 0
1670596695382 0.017866646219006965 0
1670596697106 0.01772343846920682 0
1670596698762 0.01768488988234812 0
1670596700106 0.017671960918015595 0
1670596701709 0.01757777192181187 0
1670596703552 0.017456473197004052 0
1670596705024 0.01732967781250616 0
1670596706733 0.017660882055795524 0
1670596708304 0.01756434916493893 0
1670596710450 0.01749538982874016 0
1670596712230 0.017902687980320298 0
1670596714017 0.018202724526988567 0
1670596715806 0.01817802152293635 0
1670596717886 0.018124596443418795 0
1670596719466 0.018003036706097875 0
1670596721597 0.01814273001603728 0
1670596723392 0.018258984198067207 0
1670596724942 0.018150195273736514 0
1670596726726 0.018067608576243732 0
1670596728444 0.017953541236834236 0
1670596730271 0.017911892874083513 0
1670596732086 0.01791798546751311 0
1670596733933 0.017850126973069147 0
1670596735371 0.01777362461569132 0
1670596737473 0.017682796231746012 0
1670596738985 0.017584902056520857 0
1670596741069 0.017610947053312176 0
1670596742977 0.01762534007923694 0
1670596744568 0.017607800896627 0
1670596746255 0.017577852886914436 0
1670596747762 0.017535566119280144 0
1670596749388 0.01751440758529882 0
1670596750896 0.01785038206215961 0
1670596752491 0.017783065589478397 0
1670596754161 0.01769823659829628 0
1670596756192 0.01769809585359078 0
1670596757874 0.017836003802847222 0
1670596759656 0.01778634583214489 0
1670596761386 0.0179147209663838 0
1670596762827 0.01782716662758893 0
1670596764543 0.01777187128239449 0
1670596766260 0.01805412169828058 0
1670596767826 0.01808824229898931 0
1670596769473 0.018136388498961764 0
1670596771241 0.018060905330263888 0
1670596773374 0.0179772838302536 0
