1670605503001 0.08894343315502473 0
1670605504150 0.02839605927583666 0
1670605505000 0.02520971581548659 0
1670605505962 0.024076758215085703 0
1670605506741 0.02038936191628893 0
1670605507602 0.01879689235616877 0
1670605508964 0.01876758868247097 0
1670605510159 0.02145073412096954 0
1670605510660 0.029313538044042686 0
1670605511141 0.027948774020391087 0
1670605512259 0.026897316763557555 0
1670605513012 0.025887586683130404 0
1670605513612 0.025037258399096207 0
1670605514513 0.025528290176268675 0
1670605515331 0.024927577332167106 0
1670605516151 0.02509834513432685 0
1670605516830 0.024388605035036703 0
1670605517842 0.025562327601004853 0
1670605518536 0.025157340391043004 0
1670605519486 0.024992814832445198 0
1670605520279 0.025281378960728906 0
1670605520921 0.024660831460355248 0
1670605521819 0.024321801115707142 0
1670605522539 0.023815700227309833 0
1670605523284 0.0239593747360225 0
1670605523746 0.023773380875334538 0
1670605524198 0.023495195976412586 0
1670605525007 0.024125158165197114 0
1670605525908 0.022765808486000294 0
1670605526587 0.023286513922122 0
1670605527300 0.02295691920885723 0
1670605528032 0.0226852691537478 0
1670605528980 0.02290986728382849 0
1670605529968 0.023340698332967702 0
1670605530777 0.023106921944706205 0
1670605531596 0.023023754188411405 0
1670605532669 0.022722852131183635 0
1670605533755 0.02264257410885895 0
1670605534643 0.02290445719085188 0
1670605535762 0.02291970116605324 0
1670605536734 0.02296657480213915 0
1670605537866 0.022697999080797282 0
1670605538895 0.022471384316839926 0
1670605539996 0.02223426527751826 0
1670605540934 0.022109816620462852 0
1670605541989 0.021875799130501417 0
1670605543009 0.021682832093106175 0
1670605544058 0.022099681386679504 0
1670605545080 0.02188967710058587 0
1670605545556 0.021693694173561484 0
1670605545970 0.021699592350017283 0
1670605546802 0.022311989179859104 0
1670605547998 0.022611746604291882 0
1670605549043 0.02261170513601274 0
1670605549959 0.02244299172598807 0
1670605551107 0.022298551940279188 0
1670605551896 0.022758556109006456 0
1670605552682 0.02265965387741964 0
1670605553519 0.02247073991338011 0
1670605554405 0.022300921405275953 0
1670605555806 0.0221960928671181 0
1670605556839 0.022235677551147193 0
1670605557956 0.022074146870539102 0
1670605558791 0.022949012727337403 0
1670605559764 0.022809577366386335 0
1670605560650 0.022681638617337407 0
1670605561776 0.022718562355071636 0
1670605562678 0.022567084855338093 0
1670605563640 0.022439374551130875 0
1670605564764 0.02228262528953795 0
1670605565837 0.022139671940560435 0
1670605566726 0.022007897611899585 0
1670605567480 0.021861097762442938 0
1670605568440 0.021748954388251307 0
1670605569292 0.021607420178929804 0
1670605570225 0.021580441527799588 0
1670605570981 0.021494365633016765 0
1670605571931 0.021487027346207666 0
1670605572786 0.021513401130934473 0
1670605573755 0.021539532842795195 0
1670605574336 0.021547776191515933 0
1670605574808 0.02145504134696352 0
1670605575562 0.021330597145382213 0
1670605576258 0.02123658455050781 0
1670605576963 0.021116521313702563 0
1670605577915 0.021039260053996922 0
1670605578667 0.02116677590878746 0
1670605579570 0.02128385676993627 0
1670605580504 0.021225942228935035 0
1670605581422 0.021117587469344 0
1670605582333 0.0210279054574386 0
1670605583223 0.021095449968146163 0
1670605583864 0.02103248903844912 0
1670605584834 0.02113838007398139 0
1670605585636 0.021036808685744868 0
1670605586381 0.02147415789242102 0
1670605587245 0.021423148943066406 0
1670605587978 0.02133406222852474 0
1670605588542 0.021228898218986325 0
1670605589113 0.021142450814069957 0
1670605589852 0.021058731119360408 0
1670605590532 0.021055180504098825 0
1670605591438 0.021075687867323056 0
1670605592175 0.020986335169695503 0
1670605593096 0.020887158465948574 0
1670605594092 0.021114462607651374 0
1670605595051 0.021246543639018012 0
1670605596057 0.02117051763379496 0
1670605596800 0.021141598179947763 0
1670605597828 0.021318069190817135 0
1670605598811 0.02124135160281193 0
1670605599571 0.021191353398521517 0
1670605600782 0.021098502139640707 0
1670605601492 0.022434082771591535 0
1670605602432 0.02233947214013332 0
1670605603506 0.022420720820697904 0
1670605604296 0.022334104965632928 0
1670605605299 0.02227284459608625 0
1670605606154 0.022272029750982636 0
1670605607153 0.022195701983424465 0
1670605608014 0.022206502765868774 0
1670605609099 0.022323764534065926 0
