1670711111881 103.33333333333333 0
1670711112420 180.0 0
1670711112964 175.0 0
1670711113511 182.0 0
1670711113887 119.33333333333333 0
1670711114273 129.0 0
1670711114576 109.0 0
1670711114967 144.33333333333334 0
1670711115416 147.33333333333334 0
1670711115960 173.66666666666666 0
1670711116305 122.33333333333333 0
1670711116661 120.33333333333333 0
1670711116962 111.66666666666667 0
1670711117409 161.33333333333334 0
1670711117943 171.0 0
1670711118300 130.66666666666666 0
1670711118804 156.66666666666666 0
1670711119076 104.0 0
1670711119435 109.33333333333333 0
1670711119852 132.33333333333334 0
1670711120281 150.33333333333334 0
1670711120820 174.66666666666666 0
1670711121106 111.0 0
1670711121364 102.0 0
1670711121871 171.66666666666666 0
1670711122161 109.33333333333333 0
1670711122453 113.0 0
1670711122741 102.33333333333333 0
1670711123161 138.0 0
1670711123710 184.66666666666666 0
1670711124119 153.66666666666666 0
1670711124386 111.0 0
1670711124653 105.0 0
1670711124963 122.66666666666667 0
1670711125370 143.33333333333334 0
1670711125593 103.33333333333333 0
1670711125938 135.66666666666666 0
1670711126210 113.66666666666667 0
1670711126529 125.0 0
1670711126914 148.33333333333334 0
1670711127223 131.0 0
1670711127512 113.66666666666667 0
1670711127824 120.66666666666667 0
1670711128196 143.66666666666666 0
1670711128436 103.66666666666667 0
1670711128688 111.66666666666667 0
1670711128985 114.0 0
1670711129272 113.33333333333333 0
1670711129619 121.0 0
1670711130483 270.0 0
1670711130744 117.33333333333333 0
1670711131033 118.66666666666667 0
1670711131300 112.0 0
1670711131659 137.33333333333334 0
1670711132112 162.0 0
1670711132518 161.66666666666666 0
1670711132759 102.0 0
1670711133131 145.66666666666666 0
1670711133721 206.66666666666666 0
1670711134209 180.33333333333334 0
1670711134596 153.66666666666666 0
1670711134863 107.0 0
1670711135158 122.0 0
1670711135581 159.66666666666666 0
1670711135858 108.33333333333333 0
1670711136298 175.0 0
1670711136636 130.66666666666666 0
1670711136936 117.66666666666667 0
1670711137186 107.66666666666667 0
1670711137718 197.66666666666666 0
1670711138086 141.33333333333334 0
1670711138368 112.66666666666667 0
1670711138861 186.66666666666666 0
1670711139111 102.0 0
1670711139552 167.33333333333334 0
1670711139787 101.66666666666667 0
1670711140078 128.0 0
1670711140649 205.66666666666666 0
1670711140978 137.0 0
1670711141264 117.33333333333333 0
1670711141549 108.66666666666667 0
1670711141815 106.33333333333333 0
1670711142106 109.66666666666667 0
1670711142528 153.66666666666666 0
1670711142894 124.66666666666667 0
1670711143198 111.33333333333333 0
1670711143580 132.0 0
1670711143972 131.33333333333334 0
1670711144541 143.0 0
1670711144952 128.0 0
1670711145461 184.66666666666666 0
1670711145794 115.0 0
1670711146131 131.0 0
1670711146401 103.33333333333333 0
1670711146757 136.33333333333334 0
1670711147081 118.0 0
1670711147490 148.33333333333334 0
1670711147867 125.33333333333333 0
1670711148159 112.0 0
1670711148503 124.0 0
