1670563190108 0.1882 0
1670563192140 0.1877 0
1670563194773 0.1885 0
1670563197041 0.1873 0
1670563199088 0.189 0
1670563201856 0.1863 0
1670563204063 0.1883 0
1670563206270 0.1899 0
1670563208601 0.1876 0
1670563210575 0.1883 0
1670563213450 0.1863 0
1670563215909 0.191 0
1670563218633 0.189 0
1670563221204 0.1869 0
1670563223537 0.1893 0
1670563225950 0.1903 0
1670563227764 0.1883 0
1670563229757 0.1894 0
1670563232516 0.1886 0
1670563235489 0.1874 0
1670563238116 0.188 0
1670563240803 0.1904 0
1670563243509 0.1887 0
1670563245971 0.189 0
1670563248703 0.1869 0
1670563250991 0.1877 0
1670563253802 0.1891 0
1670563257692 0.1889 0
1670563261000 0.1876 0
1670563264370 0.1874 0
1670563266687 0.1885 0
1670563269853 0.1885 0
1670563273229 0.1871 0
1670563275527 0.1874 0
1670563278190 0.1848 0
1670563281020 0.1867 0
1670563284262 0.1882 0
1670563287356 0.1872 0
1670563290491 0.1866 0
1670563292780 0.1863 0
1670563295242 0.1893 0
1670563297552 0.1893 0
1670563300394 0.1871 0
1670563303238 0.1894 0
1670563305595 0.1879 0
1670563307702 0.1874 0
1670563309850 0.1875 0
1670563312109 0.1885 0
1670563314419 0.1878 0
1670563316653 0.1885 0
1670563319171 0.1864 0
1670563321261 0.1875 0
1670563323616 0.1869 0
1670563326267 0.1882 0
1670563328821 0.187 0
1670563331267 0.1882 0
1670563333458 0.1869 0
1670563335539 0.1863 0
1670563338182 0.1885 0
1670563340259 0.1876 0
1670563342234 0.1872 0
1670563344805 0.1869 0
1670563347194 0.1874 0
1670563349437 0.1882 0
1670563351788 0.1867 0
1670563353851 0.1871 0
1670563355816 0.1884 0
1670563358059 0.1871 0
1670563360208 0.1854 0
1670563362471 0.1894 0
1670563365014 0.1863 0
1670563366923 0.1888 0
1670563369463 0.1875 0
1670563371280 0.1864 0
1670563373646 0.1889 0
1670563376100 0.1889 0
1670563378203 0.1898 0
1670563380544 0.1889 0
1670563382692 0.187 0
1670563384988 0.1893 0
1670563387016 0.188 0
1670563389022 0.1875 0
1670563391363 0.1892 0
1670563394071 0.1862 0
1670563396153 0.1884 0
1670563398374 0.1882 0
1670563400370 0.189 0
1670563402572 0.187 0
1670563404493 0.1882 0
1670563406906 0.1902 0
1670563408831 0.1889 0
1670563410884 0.1883 0
1670563413058 0.1879 0
1670563415059 0.1882 0
1670563417582 0.1871 0
1670563419763 0.188 0
1670563422118 0.1895 0
1670563424453 0.1875 0
1670563426669 0.1875 0
1670563428894 0.1899 0
1670563431131 0.1902 0
1670563433556 0.1868 0
1670563435763 0.1873 0
1670563437893 0.1852 0
1670563440172 0.1881 0
1670563442549 0.1877 0
1670563444757 0.1902 0
1670563446960 0.189 0
1670563448994 0.1882 0
1670563451691 0.1895 0
1670563454368 0.1894 0
1670563456447 0.1877 0
1670563458835 0.1862 0
1670563461356 0.1894 0
1670563463572 0.1885 0
1670563465811 0.1882 0
1670563468082 0.1871 0
1670563470541 0.1868 0
1670563472895 0.1864 0
1670563475167 0.1878 0
1670563477723 0.1899 0
1670563479645 0.1887 0
