1670604514567 0.022333333333333334 0
1670604515193 0.021333333333333333 0
1670604516192 0.024333333333333332 0
1670604516940 0.018 0
1670604517539 0.024 0
1670604518098 0.022333333333333334 0
1670604518903 0.017333333333333333 0
1670604519546 0.019 0
1670604520168 0.021666666666666667 0
1670604520998 0.022333333333333334 0
1670604521676 0.025 0
1670604522236 0.024666666666666667 0
1670604522840 0.027333333333333334 0
1670604523653 0.020666666666666667 0
1670604524185 0.026 0
1670604524708 0.020666666666666667 0
1670604525675 0.021666666666666667 0
1670604526412 0.021 0
1670604527023 0.021333333333333333 0
1670604527816 0.019666666666666666 0
1670604528421 0.02266666666666667 0
1670604529325 0.019333333333333334 0
1670604529920 0.024 0
1670604530678 0.02266666666666667 0
1670604531228 0.019666666666666666 0
1670604531787 0.029666666666666668 0
1670604532549 0.020666666666666667 0
1670604533308 0.018333333333333333 0
1670604533948 0.022 0
1670604534773 0.021 0
1670604535444 0.019333333333333334 0
1670604536100 0.021 0
1670604536759 0.025666666666666667 0
1670604537427 0.023333333333333334 0
1670604538194 0.022333333333333334 0
1670604538916 0.024333333333333332 0
1670604539623 0.019 0
1670604540287 0.025 0
1670604540837 0.021333333333333333 0
1670604541407 0.025 0
1670604542116 0.021666666666666667 0
1670604542696 0.024 0
1670604543351 0.017333333333333333 0
1670604544226 0.020666666666666667 0
1670604544773 0.021333333333333333 0
1670604545305 0.024666666666666667 0
1670604545969 0.026 0
1670604546869 0.023666666666666666 0
1670604547370 0.02266666666666667 0
1670604547931 0.022333333333333334 0
1670604548707 0.019333333333333334 0
1670604549394 0.023 0
1670604550088 0.02033333333333333 0
1670604550762 0.020666666666666667 0
1670604551374 0.017333333333333333 0
1670604552108 0.025333333333333333 0
1670604553027 0.019666666666666666 0
1670604553748 0.024 0
1670604554482 0.021333333333333333 0
1670604555178 0.021 0
1670604555749 0.023666666666666666 0
1670604556686 0.02033333333333333 0
1670604557519 0.016 0
1670604558240 0.019 0
1670604558948 0.025 0
1670604559844 0.02 0
1670604560558 0.025333333333333333 0
1670604561548 0.020666666666666667 0
1670604562174 0.021666666666666667 0
1670604562802 0.025 0
1670604563703 0.02033333333333333 0
1670604564316 0.022333333333333334 0
1670604564972 0.024333333333333332 0
1670604565707 0.027 0
1670604566287 0.02 0
1670604566951 0.023333333333333334 0
1670604567710 0.018 0
1670604568290 0.022333333333333334 0
1670604568871 0.022333333333333334 0
1670604569674 0.025 0
1670604570245 0.021666666666666667 0
1670604570953 0.027 0
1670604571624 0.02033333333333333 0
1670604572378 0.023 0
1670604573145 0.028333333333333332 0
1670604573824 0.019666666666666666 0
1670604574756 0.023333333333333334 0
1670604575538 0.021666666666666667 0
1670604576161 0.018666666666666668 0
1670604576715 0.023333333333333334 0
1670604577442 0.024 0
1670604578019 0.02033333333333333 0
1670604578606 0.018666666666666668 0
1670604579413 0.024666666666666667 0
1670604580111 0.025666666666666667 0
1670604580771 0.026 0
1670604581540 0.024666666666666667 0
1670604582399 0.021666666666666667 0
1670604582978 0.025666666666666667 0
1670604583502 0.017333333333333333 0
1670604584374 0.023666666666666666 0
1670604584986 0.022 0
1670604585616 0.023 0
1670604586531 0.02666666666666667 0
1670604587231 0.017333333333333333 0
1670604587880 0.025 0
