1670583867318 0.0047 0
1670583870891 0.0043 0
1670583873741 0.0037 0
1670583876748 0.005 0
1670583879746 0.0053 0
1670583883021 0.0045 0
1670583886267 0.0043 0
1670583889404 0.0041 0
1670583892686 0.0051 0
1670583895803 0.0038 0
1670583898704 0.0052 0
1670583902243 0.0037 0
1670583905523 0.0053 0
1670583908410 0.0053 0
1670583911702 0.0045 0
1670583914563 0.0044 0
1670583917562 0.0047 0
1670583920637 0.0043 0
1670583923829 0.0051 0
1670583927136 0.0053 0
1670583930224 0.0058 0
1670583933380 0.0031 0
1670583936388 0.0055 0
1670583939933 0.0045 0
1670583943049 0.0043 0
1670583946449 0.0048 0
1670583949729 0.0052 0
1670583953224 0.0041 0
1670583956582 0.0042 0
1670583960215 0.0043 0
1670583963453 0.0051 0
1670583966883 0.0034 0
1670583969979 0.0039 0
1670583972908 0.0047 0
1670583976218 0.0045 0
1670583979753 0.0043 0
1670583982667 0.0055 0
1670583985891 0.0051 0
1670583989398 0.0044 0
1670583992867 0.0037 0
1670583996033 0.0047 0
1670583999470 0.0043 0
1670584002598 0.0055 0
1670584005679 0.0037 0
1670584008961 0.0056 0
1670584011894 0.0062 0
1670584015111 0.005 0
1670584018116 0.0052 0
1670584021400 0.0033 0
1670584024715 0.004 0
1670584027782 0.004 0
1670584030565 0.0045 0
1670584033375 0.0054 0
1670584036391 0.0052 0
1670584039236 0.0034 0
1670584042265 0.005 0
1670584044968 0.0052 0
1670584047831 0.0042 0
1670584050713 0.0059 0
1670584053531 0.0044 0
1670584056489 0.0044 0
1670584059692 0.0035 0
1670584062444 0.0046 0
1670584065679 0.005 0
1670584068931 0.0049 0
1670584072366 0.0058 0
1670584075724 0.0038 0
1670584078888 0.005 0
1670584082360 0.0035 0
1670584085574 0.0037 0
1670584088739 0.0034 0
1670584091755 0.0042 0
1670584094688 0.0045 0
1670584098196 0.0053 0
1670584101259 0.0045 0
1670584104579 0.0049 0
1670584107733 0.0043 0
1670584111223 0.0047 0
1670584114855 0.0053 0
1670584118210 0.0054 0
1670584121855 0.0048 0
1670584125180 0.0052 0
1670584128160 0.0046 0
1670584131444 0.0046 0
1670584134595 0.0041 0
1670584137587 0.0047 0
1670584140739 0.0045 0
1670584144138 0.0044 0
1670584147998 0.005 0
1670584151179 0.0057 0
1670584154366 0.004 0
1670584157598 0.0043 0
1670584160764 0.0039 0
1670584163983 0.0037 0
1670584167414 0.0062 0
1670584170940 0.0046 0
1670584174457 0.0041 0
1670584177978 0.0041 0
1670584181327 0.0037 0
1670584184565 0.0052 0
1670584187922 0.0048 0
1670584191585 0.0033 0
