1670606862470 0.0 0
1670606862911 0.0 0
1670606863072 0.0 0
1670606863281 0.0 0
1670606863657 0.0 0
1670606863936 0.0 0
1670606864231 0.0 0
1670606864561 0.0 0
1670606864888 0.0 0
1670606865044 0.0 0
1670606865340 0.0 0
1670606865679 0.0 0
1670606866092 0.0 0
1670606866392 0.0 0
1670606866786 0.0 0
1670606867005 0.0 0
1670606867269 0.0 0
1670606867484 0.0 0
1670606867805 0.0 0
1670606868331 0.0 0
1670606868524 0.0 0
1670606868725 0.0 0
1670606868964 0.0 0
1670606869296 0.0 0
1670606869675 0.0 0
1670606869854 0.0 0
1670606870206 0.0 0
1670606870491 0.0 0
1670606870732 0.0 0
1670606870913 0.0 0
1670606871150 0.0 0
1670606871454 0.0 0
1670606871762 0.0 0
1670606871980 0.0 0
1670606872153 0.0 0
1670606872353 0.0 0
1670606872561 0.0 0
1670606872723 0.0 0
1670606872905 0.0 0
1670606873195 0.0 0
1670606873433 0.0 0
1670606873615 0.0 0
1670606873871 0.0 0
1670606874054 0.0 0
1670606874259 0.0 0
1670606874486 0.0 0
1670606874712 0.0 0
1670606874897 0.0 0
1670606875243 0.0 0
1670606875603 0.0 0
1670606875922 0.0 0
1670606876148 0.0 0
1670606876355 0.0 0
1670606876564 0.0 0
1670606876945 0.0 0
1670606877222 0.0 0
1670606877450 0.0 0
1670606877776 0.0 0
1670606878033 0.0 0
1670606878239 0.0 0
1670606878430 0.0 0
1670606878687 0.0 0
1670606879065 0.0 0
1670606879444 0.0 0
1670606879705 0.0 0
1670606879938 0.0 0
1670606880144 0.0 0
1670606880414 0.0 0
1670606880575 0.0 0
1670606880777 0.0 0
1670606881004 0.0 0
1670606881188 0.0 0
1670606881527 0.0 0
1670606881715 0.0 0
1670606881867 0.0 0
1670606882152 0.0 0
1670606882432 0.0 0
1670606882734 0.0 0
1670606882917 0.0 0
1670606883247 0.0 0
1670606883507 0.0 0
1670606883723 0.0 0
1670606883962 0.0 0
1670606884279 0.0 0
1670606884531 0.0 0
1670606884756 0.0 0
1670606885007 0.0 0
1670606885270 0.0 0
1670606885716 0.0 0
1670606885971 0.0 0
1670606886195 0.0 0
1670606886354 0.0 0
1670606886522 0.0 0
1670606886702 0.0 0
1670606887032 0.0 0
1670606887251 0.0 0
1670606887439 0.0 0
1670606887613 0.0 0
1670606887871 0.0 0
1670606888076 0.0 0
1670606888308 0.0 0
1670606888470 0.0 0
