1670578853928 0.0 0
1670578854097 0.0 0
1670578854237 0.0 0
1670578854353 0.0 0
1670578854509 0.0 0
1670578854606 0.0 0
1670578854770 0.0 0
1670578854965 0.0 0
1670578855157 0.0 0
1670578855268 0.0 0
1670578855410 0.0 0
1670578855523 0.0 0
1670578855747 0.0 0
1670578855879 0.0 0
1670578855999 0.0 0
1670578856177 0.0 0
1670578856436 0.0 0
1670578856689 0.0 0
1670578856928 0.0 0
1670578857039 0.0 0
1670578857275 0.0 0
1670578857485 0.0 0
1670578857624 0.0 0
1670578857841 0.0 0
1670578857990 0.0 0
1670578858185 0.0 0
1670578858383 0.0 0
1670578858574 0.0 0
1670578858665 0.0 0
1670578858810 0.0 0
1670578859083 0.0 0
1670578859312 0.0 0
1670578859565 0.0 0
1670578859812 0.0 0
1670578859960 0.0 0
1670578860120 0.0 0
1670578860383 0.0 0
1670578860547 0.0 0
1670578860673 0.0 0
1670578860806 0.0 0
1670578861086 0.0 0
1670578861357 0.0 0
1670578861555 0.0 0
1670578861825 0.0 0
1670578861961 0.0 0
1670578862118 0.0 0
1670578862267 0.0 0
1670578862556 0.0 0
1670578862816 0.0 0
1670578863093 0.0 0
1670578863198 0.0 0
1670578863376 0.0 0
1670578863496 0.0 0
1670578863660 0.0 0
1670578863873 0.0 0
1670578863974 0.0 0
1670578864141 0.0 0
1670578864267 0.0 0
1670578864562 0.0 0
1670578864712 0.0 0
1670578864824 0.0 0
1670578865226 0.0 0
1670578865412 0.0 0
1670578865551 0.0 0
1670578865747 0.0 0
1670578865952 0.0 0
1670578866126 0.0 0
1670578866299 0.0 0
1670578866482 0.0 0
1670578866683 0.0 0
1670578866866 0.0 0
1670578867068 0.0 0
1670578867235 0.0 0
1670578867442 0.0 0
1670578867564 0.0 0
1670578867693 0.0 0
1670578867860 0.0 0
1670578868012 0.0 0
1670578868210 0.0 0
1670578868364 0.0 0
1670578868585 0.0 0
1670578868766 0.0 0
1670578868912 0.0 0
1670578869071 0.0 0
1670578869214 0.0 0
1670578869422 0.0 0
1670578869555 0.0 0
1670578869752 0.0 0
1670578869900 0.0 0
1670578870105 0.0 0
1670578870295 0.0 0
1670578870467 0.0 0
1670578870647 0.0 0
1670578870898 0.0 0
1670578871074 0.0 0
1670578871254 0.0 0
1670578871497 0.0 0
1670578871683 0.0 0
1670578871811 0.0 0
1670578871975 0.0 0
1670578872247 0.0 0
1670578872436 0.0 0
