1670578854099 0.0 0
1670578854239 0.0 0
1670578854356 0.0 0
1670578854520 0.0 0
1670578854608 0.0 0
1670578854772 0.0 0
1670578854967 0.0 0
1670578855166 0.0 0
1670578855269 0.0 0
1670578855412 0.0 0
1670578855525 0.0 0
1670578855749 0.0 0
1670578855881 0.0 0
1670578856001 0.0 0
1670578856179 0.0 0
1670578856438 0.0 0
1670578856691 0.0 0
1670578856930 0.0 0
1670578857041 0.0 0
1670578857277 0.0 0
1670578857487 0.0 0
1670578857626 0.0 0
1670578857843 0.0 0
1670578857992 0.0 0
1670578858187 0.0 0
1670578858385 0.0 0
1670578858576 0.0 0
1670578858667 0.0 0
1670578858812 0.0 0
1670578859085 0.0 0
1670578859314 0.0 0
1670578859567 0.0 0
1670578859814 0.0 0
1670578859962 0.0 0
1670578860122 0.0 0
1670578860385 0.0 0
1670578860549 0.0 0
1670578860675 0.0 0
1670578860808 0.0 0
1670578861088 0.0 0
1670578861359 0.0 0
1670578861557 0.0 0
1670578861827 0.0 0
1670578861963 0.0 0
1670578862120 0.0 0
1670578862269 0.0 0
1670578862559 0.0 0
1670578862818 0.0 0
1670578863095 0.0 0
1670578863200 0.0 0
1670578863378 0.0 0
1670578863498 0.0 0
1670578863662 0.0 0
1670578863875 0.0 0
1670578863976 0.0 0
1670578864143 0.0 0
1670578864269 0.0 0
1670578864564 0.0 0
1670578864714 0.0 0
1670578864826 0.0 0
1670578865229 0.0 0
1670578865414 0.0 0
1670578865553 0.0 0
1670578865749 0.0 0
1670578865959 0.0 0
1670578866128 0.0 0
1670578866301 0.0 0
1670578866483 0.0 0
1670578866686 0.0 0
1670578866868 0.0 0
1670578867070 0.0 0
1670578867237 0.0 0
1670578867444 0.0 0
1670578867566 0.0 0
1670578867695 0.0 0
1670578867863 0.0 0
1670578868014 0.0 0
1670578868212 0.0 0
1670578868366 0.0 0
1670578868587 0.0 0
1670578868768 0.0 0
1670578868914 0.0 0
1670578869074 0.0 0
1670578869232 0.0 0
1670578869424 0.0 0
1670578869557 0.0 0
1670578869754 0.0 0
1670578869925 0.0 0
1670578870107 0.0 0
1670578870297 0.0 0
1670578870469 0.0 0
1670578870651 0.0 0
1670578870906 0.0 0
1670578871076 0.0 0
1670578871256 0.0 0
1670578871499 0.0 0
1670578871685 0.0 0
1670578871814 0.0 0
1670578871977 0.0 0
1670578872249 0.0 0
1670578872438 0.0 0
