1670625697737 0.0 0
1670625705741 0.0 0
1670625712920 0.0 0
1670625720153 0.0 0
1670625727735 0.0 0
1670625735479 0.0 0
1670625743358 0.0 0
1670625751407 0.0 0
1670625759248 0.0 0
1670625766885 0.0 0
1670625774286 0.0 0
1670625781899 0.0 0
1670625789463 0.0 0
1670625797104 0.0 0
1670625804482 0.0 0
1670625811997 0.0 0
1670625819500 0.0 0
1670625826901 0.0 0
1670625834778 0.0 0
1670625843040 0.0 0
1670625851210 0.0 0
1670625859325 0.0 0
1670625867177 0.0 0
1670625875131 0.0 0
1670625882735 0.0 0
1670625890377 0.0 0
1670625898084 0.0 0
1670625905677 0.0 0
1670625913498 0.0 0
1670625921237 0.0 0
1670625928823 0.0 0
1670625936538 0.0 0
1670625944208 0.0 0
1670625951795 0.0 0
1670625959328 0.0 0
1670625966880 0.0 0
1670625974503 0.0 0
1670625982488 0.0 0
1670625990573 0.0 0
1670625998516 0.0 0
1670626006409 0.0 0
1670626014228 0.0 0
1670626022174 0.0 0
1670626030073 0.0 0
1670626038091 0.0 0
1670626045800 0.0 0
1670626053528 0.0 0
1670626061324 0.0 0
1670626069295 0.0 0
1670626076749 0.0 0
1670626084334 0.0 0
1670626092082 0.0 0
1670626099729 0.0 0
1670626107694 0.0 0
1670626115619 0.0 0
1670626123550 0.0 0
1670626131428 0.0 0
1670626139416 0.0 0
1670626147185 0.0 0
1670626155214 0.0 0
1670626163182 0.0 0
1670626170967 0.0 0
1670626178772 0.0 0
1670626186753 0.0 0
1670626194844 0.0 0
1670626202956 0.0 0
1670626211032 0.0 0
1670626219084 0.0 0
1670626227328 0.0 0
1670626235010 0.0 0
1670626243124 0.0 0
1670626250836 0.0 0
1670626258570 0.0 0
1670626266483 0.0 0
1670626274876 0.0 0
1670626283005 0.0 0
1670626291004 0.0 0
1670626299017 0.0 0
1670626306951 0.0 0
1670626313667 0.0 0
1670626321660 0.0 0
1670626329737 0.0 0
1670626337590 0.0 0
1670626345513 0.0 0
1670626353978 0.0 0
1670626362437 0.0 0
1670626370984 0.0 0
1670626379432 0.0 0
1670626387214 0.0 0
1670626395024 0.0 0
1670626402930 0.0 0
1670626410882 0.0 0
1670626419028 0.0 0
1670626426704 0.0 0
1670626434680 0.0 0
1670626442395 0.0 0
1670626450207 0.0 0
1670626458751 0.0 0
1670626467654 0.0 0
1670626476665 0.0 0
1670626485550 0.0 0
