1670572345775 0.0 0
1670572346104 0.0 0
1670572346296 0.0 0
1670572346570 0.0 0
1670572346817 0.0 0
1670572347227 0.0 0
1670572347410 0.0 0
1670572347778 0.0 0
1670572348051 0.0 0
1670572348423 0.0 0
1670572348613 0.0 0
1670572348947 0.0 0
1670572349303 0.0 0
1670572349586 0.0 0
1670572349871 0.0 0
1670572350023 0.0 0
1670572350192 0.0 0
1670572350547 0.0 0
1670572350885 0.0 0
1670572351056 0.0 0
1670572351298 0.0 0
1670572351654 0.0 0
1670572351853 0.0 0
1670572352051 0.0 0
1670572352399 0.0 0
1670572352617 0.0 0
1670572352769 0.0 0
1670572352950 0.0 0
1670572353253 0.0 0
1670572353549 0.0 0
1670572353705 0.0 0
1670572353949 0.0 0
1670572354193 0.0 0
1670572354556 0.0 0
1670572354794 0.0 0
1670572354933 0.0 0
1670572355223 0.0 0
1670572355374 0.0 0
1670572355534 0.0 0
1670572355787 0.0 0
1670572356218 0.0 0
1670572356488 0.0 0
1670572356791 0.0 0
1670572357043 0.0 0
1670572357308 0.0 0
1670572357478 0.0 0
1670572357780 0.0 0
1670572358047 0.0 0
1670572358188 0.0 0
1670572358411 0.0 0
1670572358563 0.0 0
1670572358721 0.0 0
1670572358958 0.0 0
1670572359123 0.0 0
1670572359404 0.0 0
1670572359772 0.0 0
1670572360005 0.0 0
1670572360182 0.0 0
1670572360433 0.0 0
1670572360591 0.0 0
1670572360870 0.0 0
1670572361070 0.0 0
1670572361337 0.0 0
1670572361529 0.0 0
1670572361670 0.0 0
1670572361813 0.0 0
1670572361948 0.0 0
1670572362326 0.0 0
1670572362575 0.0 0
1670572362806 0.0 0
1670572362949 0.0 0
1670572363124 0.0 0
1670572363268 0.0 0
1670572363414 0.0 0
1670572363581 0.0 0
1670572363718 0.0 0
1670572364123 0.0 0
1670572364433 0.0 0
1670572364714 0.0 0
1670572364927 0.0 0
1670572365299 0.0 0
1670572365554 0.0 0
1670572365914 0.0 0
1670572366315 0.0 0
1670572366616 0.0 0
1670572366876 0.0 0
1670572367153 0.0 0
1670572367424 0.0 0
1670572367807 0.0 0
1670572367950 0.0 0
1670572368253 0.0 0
1670572368439 0.0 0
1670572368666 0.0 0
1670572368946 0.0 0
1670572369157 0.0 0
1670572369344 0.0 0
1670572369671 0.0 0
1670572369933 0.0 0
1670572370178 0.0 0
1670572370328 0.0 0
1670572370536 0.0 0
1670572370925 0.0 0
