1670638739937 0.002541240947286419 0
1670638745229 0.0008113159793096195 0
1670638750494 0.0005512158693112198 0
1670638755642 0.0004442312168316478 0
1670638760572 0.0003831997152264544 0
1670638766154 0.00035648146471514795 0
1670638771479 0.00039212857053881644 0
1670638776900 0.00040349988259459017 0
1670638782578 0.00037581777339390737 0
1670638788318 0.000380032639502954 0
1670638793980 0.0005122514184695251 0
1670638799861 0.0005825189241317754 0
1670638805809 0.0005597934037220474 0
1670638811657 0.0005603875192011113 0
1670638817165 0.0005582353440126298 0
1670638822668 0.0005395360415625308 0
1670638828268 0.0005226129650365019 0
1670638833409 0.0005110424310149972 0
1670638838968 0.0005105434425136909 0
1670638844280 0.0004970551312020999 0
1670638849345 0.00048458804940456365 0
1670638854606 0.0004730189617386492 0
1670638859752 0.000496944491709306 0
1670638865447 0.0005152972370102688 0
1670638870639 0.0005109086355339947 0
1670638875662 0.0005239209726574078 0
1670638881340 0.0005200275042600975 0
1670638886860 0.0005101372947742472 0
1670638892559 0.00047991332315169735 0
1670638898213 0.0005167430311799233 0
1670638903806 0.0005086238712999223 0
1670638909770 0.0005196789353813584 0
1670638915419 0.0005288372490119959 0
1670638921162 0.000521241839147148 0
1670638926965 0.0005184433950825685 0
1670638932315 0.0005155457507413726 0
1670638937962 0.0005087170286995192 0
1670638943747 0.0005059607002079011 0
1670638949403 0.0005147471439040505 0
1670638954737 0.0005222682675318332 0
1670638960253 0.0005306786902396492 0
1670638965877 0.0005276331027995007 0
1670638971581 0.0005351292310332986 0
1670638977104 0.0005416222509571784 0
1670638982697 0.0005384804123288477 0
1670638988412 0.0005327338714495492 0
1670638994145 0.0005381852166314126 0
1670638999397 0.0005349742814550165 0
1670639004907 0.000529640150406262 0
1670639010237 0.0005265983005623393 0
1670639016160 0.0005235743866241199 0
1670639021585 0.0005452077669775863 0
1670639027190 0.0005432232385603837 0
1670639032709 0.0005411936798800531 0
1670639038552 0.0005363473014371075 0
1670639045012 0.0005316288311082024 0
1670639050646 0.0005292381787095125 0
1670639056207 0.0005247455450826198 0
1670639061506 0.0005224528597378049 0
1670639067368 0.0005268627637863736 0
1670639073386 0.0005226273189212952 0
1670639079132 0.0005213220487096981 0
1670639085634 0.0005191000203650799 0
1670639091554 0.0005231053039079156 0
1670639097406 0.000520763861270788 0
1670639103153 0.0005169131225333395 0
1670639109157 0.0005204766605782957 0
1670639115791 0.0005237057705991629 0
1670639122454 0.0005299526755778628 0
1670639129078 0.0005289822244675101 0
1670639135202 0.0005345170715600443 0
1670639140974 0.0005376740503287445 0
1670639146892 0.0005354104077164517 0
1670639152885 0.0005331614422210589 0
1670639158983 0.0005296987735808994 0
1670639164769 0.0005263026831167467 0
1670639170456 0.0005254522977504529 0
1670639176597 0.0005221595855536489 0
1670639183293 0.0005250911414748118 0
1670639190093 0.0005230601918461727 0
1670639196421 0.0005282936770993581 0
1670639203272 0.0005251453115592362 0
1670639209661 0.0005243210497609874 0
1670639215694 0.0005290382896005209 0
1670639221465 0.0005272589018620704 0
1670639227351 0.0005254848738490089 0
1670639234115 0.0005299875791160423 0
1670639240882 0.0005270226241168506 0
1670639246353 0.0005253541281007393 0
1670639252073 0.0005244684858483725 0
1670639257791 0.0005235574597645845 0
1670639263606 0.0005220108198741693 0
1670639269271 0.0005204657351686268 0
1670639275733 0.0005196441863683364 0
1670639281597 0.000518155664342045 0
1670639286895 0.0005173635514889855 0
1670639292287 0.0005147331956315904 0
1670639297511 0.0005139455014052273 0
1670639302852 0.0005178312384548973 0
1670639308363 0.0005389304870919454 0
1670639314259 0.0005377547542672119 0
