1670632151006 0.0012706204736432102 0
1670632156748 0.0007026202485783805 0
1670632162496 0.0009413803123746146 0
1670632168450 0.0007852972645910245 0
1670632174251 0.0007663994304529089 0
1670632179869 0.0008843216772383133 0
1670632185516 0.0013737225516301612 0
1670632191093 0.0013044729290610521 0
1670632196871 0.001280468879462713 0
1670632202460 0.0013448391987795564 0
1670632208217 0.001301603563846647 0
1670632213363 0.0013632462755927602 0
1670632218622 0.0013939426665888943 0
1670632224100 0.0013714714144924642 0
1670632229639 0.0013308231432637076 0
1670632235353 0.0013290970828274949 0
1670632241122 0.0012876257118315502 0
1670632246234 0.001253745156025061 0
1670632251268 0.0012437213178048728 0
1670632257169 0.0012185035266265342 0
1670632262667 0.0012053697545264573 0
1670632268681 0.0011808961853829393 0
1670632273940 0.001153326864376466 0
1670632280477 0.0011276065923844798 0
1670632286311 0.0011175494766638558 0
1670632292038 0.0011215788917035372 0
1670632298361 0.0011102775576844665 0
1670632304739 0.001099726248942905 0
1670632310809 0.0010919655754388306 0
1670632316250 0.0011568555164406847 0
1670632321247 0.0011406770439195096 0
1670632327034 0.0011718315778124085 0
1670632332708 0.001173545700037512 0
1670632338322 0.001219389648066815 0
1670632343816 0.001207564915767983 0
1670632349665 0.0012221732070433118 0
1670632355573 0.0012598975602324258 0
1670632361276 0.0012641228024149894 0
1670632366643 0.0012790923781078628 0
1670632371861 0.0012664361314899957 0
1670632377568 0.001254850463141137 0
1670632383512 0.0012404612928322623 0
1670632389489 0.0012534388841397726 0
1670632395264 0.0012395900646091232 0
1670632400664 0.0012354825359413533 0
1670632406229 0.0012297306529124024 0
1670632412065 0.0012843778482657603 0
1670632417788 0.0012834217794657713 0
1670632423623 0.0012705405115411971 0
1670632429301 0.001275573968038034 0
1670632435073 0.001274912960530139 0
1670632440896 0.001263671358726278 0
1670632446404 0.0012519414342411967 0
1670632452170 0.0012405322048071247 0
1670632457489 0.001234440762642877 0
1670632462185 0.0012283603778188738 0
1670632467651 0.0012189487584974845 0
1670632473270 0.0012601447667922035 0
1670632478706 0.0012496040683898145 0
1670632484499 0.001248684563004276 0
1670632489879 0.001254352093396231 0
1670632495294 0.0012677840653602364 0
1670632500703 0.0012578556561757765 0
1670632506153 0.0012572151072007868 0
1670632511244 0.0012484371001958965 0
1670632516559 0.0012398385652204133 0
1670632522273 0.0012393755841049463 0
1670632527823 0.0012380529676483307 0
1670632533203 0.0012330586854675557 0
1670632538834 0.0012275810751199569 0
1670632544147 0.0012228220533390703 0
1670632550103 0.0012153948856123585 0
1670632555182 0.0012071573726726802 0
1670632560803 0.0011990851136678485 0
1670632566191 0.001194339784373579 0
1670632571922 0.0012077792240095015 0
1670632577505 0.0012008011981023462 0
1670632583382 0.0012002753554563443 0
1670632588718 0.0011936486403441551 0
1670632594174 0.0012248793537790455 0
1670632599422 0.0012182049965169348 0
1670632604595 0.00121773287923736 0
1670632610315 0.0012172174979086978 0
1670632615923 0.0012216513443308083 0
1670632621585 0.0012151557860790054 0
1670632627115 0.001233202879359754 0
1670632632813 0.0012294238842318404 0
1670632638688 0.0012329368584167173 0
1670632644160 0.0012260876335584531 0
1670632649549 0.0012248173644709324 0
