1670632145674 0.0007 0
1670632150987 0.0008 0
1670632156728 0.0009 0
1670632162473 0.0005 0
1670632168424 0.0006 0
1670632174234 0.0005 0
1670632179852 0.001 0
1670632185488 0.0 0
1670632191086 0.0004 0
1670632196840 0.0009 0
1670632202435 0.0011 0
1670632208190 0.0009 0
1670632213334 0.0002 0
1670632218599 0.0011 0
1670632224080 0.0004 0
1670632229612 0.0005 0
1670632235325 0.001 0
1670632241097 0.0006 0
1670632246214 0.0008 0
1670632251246 0.0004 0
1670632257142 0.0005 0
1670632262647 0.0009 0
1670632268658 0.0008 0
1670632273920 0.0007 0
1670632280451 0.0007 0
1670632286285 0.0009 0
1670632292010 0.001 0
1670632298339 0.0009 0
1670632304711 0.0005 0
1670632310781 0.0002 0
1670632316230 0.0013 0
1670632321222 0.0008 0
1670632327014 0.0012 0
1670632332688 0.0004 0
1670632338302 0.0013 0
1670632343795 0.0009 0
1670632349637 0.0003 0
1670632355557 0.0013 0
1670632361250 0.0011 0
1670632366616 0.0012 0
1670632371835 0.0009 0
1670632377552 0.0006 0
1670632383485 0.0008 0
1670632389483 0.0012 0
1670632395237 0.0008 0
1670632400643 0.0005 0
1670632406204 0.001 0
1670632412036 0.0015 0
1670632417769 0.0011 0
1670632423602 0.0008 0
1670632429280 0.0004 0
1670632435052 0.0011 0
1670632440870 0.0007 0
1670632446385 0.0008 0
1670632452149 0.0008 0
1670632457483 0.001 0
1670632462166 0.001 0
1670632467630 0.0009 0
1670632473256 0.0015 0
1670632478677 0.0008 0
1670632484475 0.0005 0
1670632489858 0.0004 0
1670632495288 0.0003 0
1670632500676 0.0008 0
1670632506134 0.0011 0
1670632511223 0.0007 0
1670632516537 0.0007 0
1670632522253 0.0011 0
1670632527792 0.0005 0
1670632533183 0.001 0
1670632538814 0.0006 0
1670632544127 0.001 0
1670632550082 0.0009 0
1670632555156 0.0008 0
1670632560782 0.0008 0
1670632566166 0.0006 0
1670632571915 0.0013 0
1670632577484 0.0007 0
1670632583362 0.0005 0
1670632588688 0.0009 0
1670632594154 0.0015 0
1670632599394 0.0007 0
1670632604575 0.0005 0
1670632610293 0.0011 0
1670632615892 0.0012 0
1670632621565 0.0009 0
1670632627100 0.0014 0
1670632632797 0.0006 0
1670632638667 0.0012 0
1670632644145 0.0008 0
1670632649543 0.0011 0
