1670571759801 0.036000913419891034 0
1670571760815 0.010231198833674987 0
1670571761930 0.009733379053354946 0
1670571762931 0.007609238286737402 0
1670571764055 0.006556834664093236 0
1670571765416 0.007859677522002756 0
1670571766518 0.007404542694463001 0
1670571767725 0.008942134882100161 0
1670571768924 0.008408952051230378 0
1670571769951 0.011663468505767077 0
1670571771194 0.012094142652244566 0
1670571772424 0.011757580543387852 0
1670571773412 0.013322571277883416 0
1670571774460 0.012881600054622466 0
1670571775523 0.012609512817612412 0
1670571776226 0.012441039286411493 0
1670571777484 0.012106924861424312 0
1670571778756 0.012111072662930211 0
1670571779782 0.01222001657680355 0
1670571781289 0.0142629929270571 0
1670571782333 0.015006136976123657 0
1670571783610 0.015006048492833518 0
1670571784834 0.014699647833039758 0
1670571785976 0.015766287886982505 0
1670571787165 0.015449156790080104 0
1670571788678 0.015150502096996477 0
1670571789600 0.014854799360657589 0
1670571790649 0.014770298158834794 0
1670571792098 0.01410528665647856 0
1670571793587 0.014660818265006093 0
1670571794775 0.014835888442117612 0
1670571795965 0.014677632600827495 0
1670571797316 0.014476582579830088 0
1670571798338 0.014274722434019227 0
1670571799481 0.014251604922899508 0
1670571800685 0.014058919048411528 0
1670571801779 0.01459295872460284 0
1670571803183 0.014497253812989719 0
1670571804786 0.014439583786402616 0
1670571806059 0.014306207160229373 0
1670571807222 0.014338423723182586 0
1670571808253 0.014487401044939535 0
1670571809624 0.014337499940445586 0
1670571810969 0.01423480341273986 0
1670571812169 0.014151358691678717 0
1670571813295 0.014191607693131686 0
1670571814706 0.014043005428368976 0
1670571815892 0.014045090688805745 0
1670571816834 0.013905704671538593 0
1670571817763 0.01376926674041315 0
1670571818718 0.0136378613660193 0
1670571819819 0.013512576168101392 0
1670571820737 0.013464368562424806 0
1670571821891 0.013369508186686335 0
1670571823013 0.013442912329679008 0
1670571824285 0.013326612416656863 0
1670571825337 0.013248879920300882 0
1670571826692 0.013141686173942985 0
1670571827988 0.01331146102931105 0
1670571829145 0.013239903674612474 0
1670571830549 0.013199493759494918 0
1670571831569 0.013145159102080778 0
1670571832764 0.013124067164436842 0
1670571834420 0.013186886513042118 0
1670571835605 0.013087227499897242 0
1670571836842 0.01303265442318216 0
1670571838181 0.012942992572520351 0
1670571839615 0.013010036366014499 0
1670571840913 0.01291920318181175 0
1670571842123 0.012834111247904595 0
1670571843337 0.012748139062359415 0
1670571844476 0.012679644852645305 0
1670571845685 0.012675321276134022 0
1670571846674 0.012616440618228253 0
1670571848106 0.012540194137514726 0
1670571849357 0.012504162933599516 0
1670571850705 0.01255091305713224 0
1670571851424 0.01258322974532644 0
1670571852122 0.012504907714963293 0
1670571852929 0.012451093187122952 0
1670571853700 0.012606013297314589 0
1670571854903 0.012535110407777939 0
1670571856030 0.012691524926245618 0
1670571857390 0.012752659442492681 0
1670571858510 0.01280899506015451 0
1670571859581 0.01274661562029894 0
1670571860715 0.012679364584816055 0
1670571862185 0.012617873712431227 0
1670571863601 0.012547585422867324 0
1670571864665 0.012481713290966256 0
1670571865912 0.012456004646970192 0
1670571867011 0.012410920427525979 0
1670571867908 0.012528066901327017 0
1670571869168 0.012723309243684089 0
1670571870098 0.013052381041951527 0
1670571871223 0.0131510275167952 0
1670571872222 0.01310649364676919 0
1670571873215 0.013044844670171557 0
1670571874388 0.013008275699052413 0
1670571875450 0.013027615395589665 0
1670571876688 0.012984371883733165 0
1670571877695 0.012950983393150955 0
1670571878627 0.013240627993320792 0
1670571879658 0.01361747225436033 0
