1670571758721 0.07633333333333334 0
1670571759799 0.0735 0
1670571760814 0.07433333333333333 0
1670571761929 0.07733333333333334 0
1670571762929 0.07516666666666667 0
1670571764054 0.076 0
1670571765415 0.07233333333333333 0
1670571766517 0.07366666666666667 0
1670571767724 0.07083333333333333 0
1670571768922 0.0735 0
1670571769950 0.081 0
1670571771193 0.07083333333333333 0
1670571772422 0.07666666666666666 0
1670571773411 0.08116666666666666 0
1670571774450 0.07366666666666667 0
1670571775520 0.07733333333333334 0
1670571776223 0.07783333333333334 0
1670571777483 0.074 0
1670571778755 0.0785 0
1670571779781 0.07183333333333333 0
1670571781287 0.08416666666666667 0
1670571782332 0.06916666666666667 0
1670571783608 0.07933333333333334 0
1670571784833 0.077 0
1670571785975 0.08366666666666667 0
1670571787164 0.077 0
1670571788677 0.077 0
1670571789599 0.0765 0
1670571790648 0.07283333333333333 0
1670571792097 0.0725 0
1670571793586 0.08266666666666667 0
1670571794774 0.071 0
1670571795964 0.078 0
1670571797315 0.077 0
1670571798336 0.07533333333333334 0
1670571799480 0.0725 0
1670571800684 0.07616666666666666 0
1670571801778 0.06866666666666667 0
1670571803182 0.07833333333333334 0
1670571804784 0.07266666666666667 0
1670571806058 0.07383333333333333 0
1670571807221 0.07966666666666666 0
1670571808251 0.08083333333333333 0
1670571809622 0.077 0
1670571810968 0.07366666666666667 0
1670571812167 0.07333333333333333 0
1670571813293 0.07166666666666667 0
1670571814705 0.07566666666666666 0
1670571815890 0.07933333333333334 0
1670571816833 0.07616666666666666 0
1670571817762 0.076 0
1670571818717 0.07616666666666666 0
1670571819818 0.07516666666666667 0
1670571820735 0.0785 0
1670571821890 0.07416666666666667 0
1670571823012 0.08016666666666666 0
1670571824284 0.07633333333333334 0
1670571825335 0.07783333333333334 0
1670571826685 0.07666666666666666 0
1670571827987 0.08133333333333333 0
1670571829144 0.074 0
1670571830547 0.07866666666666666 0
1670571831567 0.07366666666666667 0
1670571832763 0.079 0
1670571834419 0.08033333333333334 0
1670571835604 0.07583333333333334 0
1670571836840 0.07833333333333334 0
1670571838180 0.077 0
1670571839614 0.0805 0
1670571840912 0.07566666666666666 0
1670571842110 0.07533333333333334 0
1670571843334 0.07683333333333334 0
1670571844474 0.07466666666666667 0
1670571845683 0.073 0
1670571846672 0.07433333333333333 0
1670571848104 0.07516666666666667 0
1670571849356 0.0785 0
1670571850695 0.08016666666666666 0
1670571851415 0.08 0
1670571852109 0.0765 0
1670571852927 0.078 0
1670571853698 0.07066666666666667 0
1670571854901 0.07533333333333334 0
1670571856029 0.0705 0
1670571857388 0.0805 0
1670571858509 0.0805 0
1670571859580 0.0775 0
1670571860714 0.07533333333333334 0
1670571862183 0.075 0
1670571863600 0.07616666666666666 0
1670571864664 0.0755 0
1670571865910 0.07366666666666667 0
1670571867010 0.07433333333333333 0
1670571867906 0.07083333333333333 0
1670571869166 0.0825 0
1670571870097 0.08416666666666667 0
1670571871221 0.0815 0
1670571872220 0.07433333333333333 0
1670571873214 0.07716666666666666 0
1670571874387 0.0785 0
1670571875449 0.0725 0
1670571876687 0.07816666666666666 0
1670571877693 0.074 0
1670571878626 0.06833333333333333 0
1670571879657 0.06716666666666667 0
