1670635727438 0.0003 0
1670635732417 0.0005 0
1670635737440 0.0007 0
1670635742499 0.0005 0
1670635747350 0.0007 0
1670635752250 0.0006 0
1670635757091 0.0007 0
1670635762012 0.0004 0
1670635766650 0.0006 0
1670635770796 0.0 0
1670635774895 0.0005 0
1670635779052 0.0007 0
1670635783492 0.0013 0
1670635788329 0.0011 0
1670635792893 0.0003 0
1670635796627 0.0012 0
1670635800365 0.0006 0
1670635804611 0.0002 0
1670635809004 0.0007 0
1670635813877 0.001 0
1670635818791 0.0004 0
1670635823939 0.0006 0
1670635828999 0.0005 0
1670635833861 0.0005 0
1670635838914 0.0008 0
1670635843578 0.0004 0
1670635848199 0.0004 0
1670635853327 0.0006 0
1670635858330 0.0006 0
1670635863583 0.0013 0
1670635868222 0.0004 0
1670635873072 0.0006 0
1670635878128 0.0005 0
1670635883038 0.0006 0
1670635887697 0.0009 0
1670635892623 0.0009 0
1670636639868 0.0006 0
1670636645251 0.0002 0
1670636650232 0.0001 0
1670636655174 0.0004 0
1670636659991 0.0004 0
1670636665268 0.0003 0
1670636670977 0.0007 0
1670636676998 0.0011 0
1670636682676 0.0003 0
1670636688038 0.0007 0
1670636693743 0.0007 0
1670636699530 0.0007 0
1670636705402 0.0008 0
1670636711301 0.0002 0
1670636717421 0.0008 0
1670636722906 0.0011 0
1670636728545 0.0011 0
1670636734196 0.0005 0
1670636740166 0.0009 0
1670636746153 0.0002 0
1670636751802 0.0001 0
1670636757745 0.0009 0
1670636764152 0.0006 0
1670636770683 0.0005 0
1670636777201 0.0005 0
1670636783283 0.0007 0
1670636789184 0.0002 0
1670636794832 0.0003 0
1670636800694 0.0003 0
1670636806292 0.0008 0
1670636812071 0.0004 0
1670636817801 0.0004 0
1670636823669 0.0009 0
1670636829752 0.0006 0
1670636835482 0.0002 0
1670636841109 0.0007 0
1670636847026 0.0006 0
1670636852957 0.0006 0
1670636858877 0.0001 0
1670636864434 0.0005 0
1670636869948 0.0005 0
1670636875508 0.0006 0
1670636881280 0.0005 0
1670636886889 0.0008 0
1670636892542 0.0008 0
1670636897801 0.0006 0
1670636903541 0.0009 0
1670636909353 0.0006 0
1670636915310 0.0006 0
1670636920936 0.0007 0
1670636926323 0.0002 0
1670636931986 0.0006 0
1670636937371 0.0004 0
1670636942485 0.0006 0
1670636947983 0.0002 0
1670636953322 0.0006 0
1670636959314 0.0005 0
1670636965075 0.0005 0
1670636970881 0.0006 0
1670636976263 0.0004 0
1670636981639 0.0004 0
1670636987274 0.0005 0
1670636992774 0.0012 0
1670636998259 0.0005 0
1670637003696 0.0009 0
1670637009359 0.0008 0
1670637015172 0.0012 0
1670637020865 0.0004 0
1670637026473 0.0001 0
1670637032350 0.0005 0
1670637037969 0.0007 0
1670637043714 0.0005 0
1670637049150 0.0006 0
1670637054789 0.0006 0
1670637060389 0.0008 0
1670637066113 0.0003 0
1670637071693 0.0003 0
1670637076489 0.0005 0
1670637081732 0.0003 0
1670637087096 0.0008 0
1670637092678 0.0 0
1670637097851 0.0005 0
1670637103035 0.0005 0
1670637108192 0.0003 0
1670637113017 0.001 0
1670637118260 0.0003 0
1670637123446 0.0009 0
1670637128703 0.0013 0
1670637134105 0.0009 0
1670637139614 0.0004 0
1670637145068 0.0006 0
1670637150638 0.0006 0
1670637156463 0.0003 0
1670637162173 0.0007 0
1670637167814 0.0007 0
1670637173419 0.0007 0
1670637179006 0.0009 0
1670637185036 0.0009 0
1670637190475 0.0005 0
1670637196173 0.0003 0
1670637201449 0.0005 0
1670637207320 0.0004 0
1670637213318 0.0007 0
1670637218762 0.0003 0
1670637224312 0.0008 0
1670637229271 0.0007 0
1670637234760 0.0007 0
1670637240258 0.0004 0
1670637246219 0.0011 0
1670637251822 0.0004 0
1670637257679 0.0007 0
1670637263553 0.0004 0
1670637269344 0.0006 0
1670637274743 0.0008 0
1670637280934 0.0009 0
1670637286620 0.001 0
1670637293094 0.0012 0
1670637299056 0.0007 0
1670637305015 0.0006 0
1670637311656 0.001 0
1670637317998 0.001 0
1670637324350 0.0007 0
1670637330912 0.0009 0
1670637337125 0.0008 0
1670637343277 0.0005 0
1670637349132 0.0006 0
1670637355512 0.0007 0
1670637361881 0.0005 0
1670637368241 0.0007 0
1670637374607 0.0004 0
1670637380977 0.0005 0
1670637387388 0.0003 0
1670637393877 0.0007 0
1670637400304 0.0005 0
1670637406794 0.0002 0
1670637413250 0.0005 0
1670637419697 0.0005 0
1670637425411 0.0004 0
1670637430779 0.0004 0
1670637436613 0.0008 0
1670637442301 0.0004 0
1670637447864 0.0009 0
1670637453531 0.001 0
1670637459396 0.0008 0
1670637465037 0.0006 0
1670637470715 0.0011 0
1670637476215 0.0005 0
1670637482070 0.0005 0
1670637487225 0.0005 0
1670637492764 0.0004 0
1670637497727 0.0006 0
1670637503274 0.0007 0
1670637508837 0.0008 0
1670637515015 0.0009 0
1670637520738 0.0004 0
1670637526222 0.0004 0
1670637531831 0.0011 0
1670637537512 0.0007 0
1670637543293 0.0008 0
1670637549737 0.0005 0
1670637556166 0.0006 0
1670637562529 0.0006 0
1670637568937 0.0005 0
1670637575517 0.0005 0
1670637581725 0.0006 0
1670637588357 0.0005 0
1670637594054 0.0003 0
1670637599506 0.0009 0
1670637605143 0.0006 0
1670637610822 0.0004 0
1670637616292 0.0009 0
1670637621558 0.0008 0
1670637627399 0.0005 0
1670637633071 0.0003 0
1670637638829 0.0005 0
1670637644610 0.0007 0
1670637650547 0.0008 0
1670637656914 0.0008 0
1670637663281 0.0006 0
1670637668867 0.0008 0
1670637675095 0.0005 0
1670637681090 0.0006 0
1670637687426 0.0003 0
1670637693752 0.0006 0
1670637699438 0.0008 0
1670637704774 0.0005 0
1670637710316 0.0004 0
1670637716140 0.0007 0
1670637722808 0.0007 0
1670637728931 0.0008 0
1670637734168 0.0008 0
1670637739687 0.0006 0
1670637745585 0.0008 0
1670637751666 0.0004 0
1670637757784 0.0004 0
1670637763288 0.0005 0
1670637768783 0.0004 0
1670637774412 0.0005 0
1670637780161 0.0008 0
1670637785851 0.0004 0
1670637791540 0.0003 0
1670637796954 0.0006 0
1670637802525 0.0005 0
1670637807894 0.0005 0
1670637813439 0.0005 0
1670637819063 0.0004 0
1670637824605 0.0008 0
1670637830080 0.0005 0
1670637835367 0.0006 0
1670637840831 0.0005 0
1670637846551 0.0008 0
1670637852424 0.0005 0
1670637858325 0.0003 0
1670637864241 0.0006 0
1670637870350 0.0005 0
1670637876682 0.0007 0
1670637882664 0.0004 0
1670637888168 0.0006 0
1670637893760 0.0004 0
1670637899444 0.0002 0
1670637905077 0.0004 0
1670637910958 0.0002 0
1670637916728 0.0004 0
1670637922546 0.0005 0
1670637928455 0.0003 0
1670637933854 0.0006 0
1670637939329 0.0008 0
1670637944963 0.0005 0
1670637950364 0.0004 0
1670637956003 0.0005 0
1670637961641 0.0007 0
1670637967317 0.0008 0
1670637972803 0.0004 0
1670637977974 0.0002 0
1670637983544 0.0001 0
1670637988962 0.0004 0
1670637994740 0.0003 0
1670638000156 0.0011 0
1670638005789 0.0005 0
1670638011120 0.0007 0
1670638016244 0.0006 0
1670638021533 0.0002 0
1670638027087 0.0008 0
1670638032819 0.0009 0
1670638038515 0.0004 0
1670638044339 0.0006 0
1670638049257 0.0005 0
1670638054911 0.0003 0
1670638060576 0.0008 0
1670638065719 0.0008 0
1670638071323 0.0005 0
1670638077060 0.0005 0
1670638082492 0.0006 0
1670638087497 0.0006 0
1670638092684 0.0004 0
1670638098059 0.0013 0
1670638103416 0.0008 0
1670638109046 0.001 0
1670638114467 0.0008 0
1670638119618 0.0007 0
1670638124941 0.0005 0
1670638130221 0.0007 0
1670638135662 0.0004 0
1670638141304 0.0007 0
1670638146821 0.0001 0
1670638152383 0.0005 0
1670638157798 0.0007 0
1670638163566 0.0007 0
1670638169401 0.0008 0
1670638175173 0.0004 0
1670638180721 0.0007 0
1670638186172 0.0006 0
1670638191733 0.0013 0
1670638197038 0.0007 0
1670638202512 0.0004 0
1670638207939 0.0005 0
1670638213479 0.0006 0
1670638219012 0.0003 0
1670638224761 0.0004 0
1670638230462 0.0007 0
1670638235911 0.0005 0
1670638241654 0.0009 0
1670638247287 0.0006 0
1670638252918 0.0001 0
1670638258545 0.0005 0
1670638263996 0.0005 0
1670638269285 0.0005 0
1670638274918 0.0013 0
1670638280439 0.0003 0
1670638285782 0.0014 0
