1670582534603 0.0 0
1670582535144 0.0 0
1670582535719 0.0 0
1670582536405 0.0007403853613860797 0
1670582537174 0.0006386661920440906 0
1670582537849 0.0005708271881056994 0
1670582538561 0.0005213506426904687 0
1670582539095 0.0004831381218744638 0
1670582539797 0.00045243143254819826 0
1670582540364 0.00042702992214072396 0
1670582541027 0.0005468391594904145 0
1670582541684 0.0005240788735363475 0
1670582542243 0.000503981034726812 0
1670582543094 0.00048605818551922004 0
1670582543951 0.0004699404524693003 0
1670582544644 0.0004553411577090536 0
1670582545203 0.0004420340450781797 0
1670582545871 0.00042983773163036065 0
1670582546676 0.00041860481088165256 0
1670582547236 0.00040821404076212583 0
1670582547934 0.00039856463048237336 0
1670582548602 0.0003895719882463048 0
1670582549171 0.000381164506304064 0
1670582549796 0.0003732810959109024 0
1670582550488 0.0003658692731810851 0
1670582551256 0.0003588836555538151 0
1670582551999 0.00035228476836816284 0
1670582552787 0.00034603808847387987 0
1670582553639 0.00032593394313623023 0
1670582554274 0.00032100303229939795 0
1670582555085 0.000316287827970415 0
1670582555615 0.00031177316862723126 0
1670582556379 0.0003074453309082438 0
1670582557033 0.0003032918606115566 0
1670582557695 0.0002993014270616705 0
1670582558597 0.0002954636971731737 0
1670582559130 0.00029176922617887954 0
1670582559937 0.0002882093625077342 0
1670582560539 0.00034415836515292705 0
1670582561426 0.00038770717027298337 0
1670582562153 0.0003835564898924946 0
1670582562845 0.0003795339894693205 0
1670582563547 0.0003756333529118555 0
1670582564185 0.00037184867833789273 0
1670582564814 0.00036817444527601054 0
1670582565429 0.000364605484779217 0
1670582566151 0.00036113695218496056 0
1670582566894 0.00035776430227615576 0
1670582567537 0.00035448326661844477 0
1670582568367 0.0003512898328688205 0
1670582569106 0.0003481802258695913 0
1670582569718 0.0003451508903592548 0
1670582570358 0.0003421984751480686 0
1670582571084 0.0003393198186209567 0
1670582571851 0.0003365119354438987 0
1670582572507 0.0003337720043621918 0
1670582573146 0.0003310973569900214 0
1670582573981 0.00032848546750074433 0
1670582574683 0.00032593394313623023 0
1670582575535 0.00032344051546166037 0
1670582576545 0.00032100303229939806 0
1670582577575 0.00035319559741834043 0
1670582578162 0.00035066132215941654 0
1670582578916 0.00034818022586959133 0
1670582579614 0.0003457504994173294 0
1670582580363 0.0003433704172263105 0
1670582581088 0.00034103833248649363 0
1670582581902 0.0003387526726866015 0
1670582582771 0.00033651193544389867 0
1670582583813 0.00033431468460907196 0
1670582584460 0.00033215954662579644 0
1670582585135 0.00033004520712620893 0
1670582586003 0.0003279704077450004 0
1670582586850 0.0003259339431362302 0
1670582587496 0.0003239346581782162 0
1670582588120 0.000321971445353019 0
1670582588799 0.0003200432422881004 0
1670582589587 0.0003181490294487057 0
1670582590215 0.00031628782797041505 0
1670582590899 0.00031445869762212743 0
1670582591723 0.00031266073489048655 0
1670582592566 0.0003108930711774505 0
1670582593490 0.00030915487110333526 0
1670582594712 0.0003074453309082437 0
1670582595407 0.00030576367694531916 0
1670582596111 0.00030410916425975575 0
1670582596875 0.0003024810752479454 0
1670582597770 0.000327628366642497 0
1670582598566 0.0003259339431362302 0
1670582599461 0.0003242653379904345 0
1670582600325 0.00032262190809485434 0
1670582601084 0.000321003032299398 0
1670582601745 0.00031940811047230175 0
1670582602459 0.0003178365626063596 0
1670582603189 0.00031628782797041505 0
1670582603813 0.00031476136430348277 0
1670582604715 0.0003132566470490463 0
1670582605381 0.0003117731686272312 0
1670582606170 0.0003103104377427 0
1670582607051 0.00030886797872625244 0
1670582607689 0.0003074453309082437 0
1670582608320 0.00030604204802204545 0
1670582609213 0.0003046576976358924 0
1670582610310 0.0003032918606115566 0
1670582611102 0.00030194413058838424 0
1670582611712 0.00030061411349132614 0
1670582612496 0.00029930142706167045 0
1670582613131 0.00029800570040926694 0
1670582613881 0.000318956736574222 0
1670582614641 0.00031761393091671417 0
1670582615607 0.000316287827970415 0
1670582616269 0.00031497808708118546 0
1670582616948 0.00031368437715041404 0
1670582617726 0.000312406376297115 0
1670582618405 0.00031114377153430693 0
1670582619071 0.0003098962584589787 0
1670582619925 0.00032848546750074444 0
1670582620652 0.00032720230427120775 0
1670582621350 0.0003259339431362303 0
1670582622115 0.00032468010435842787 0
1670582622983 0.0003415525072683471 0
1670582623661 0.0003402713631560527 0
1670582624322 0.0003390043895960744 0
1670582625088 0.00033775133032947895 0
