1670623118733 0.0 0
1670623130740 0.0 0
1670623142280 0.0 0
1670623154173 0.0 0
1670623165412 0.0 0
1670623176665 0.0 0
1670623187792 0.0 0
1670623199023 0.0 0
1670623210766 0.0 0
1670623222347 0.0 0
1670623234153 0.0 0
1670623245690 0.0 0
1670623257405 0.0 0
1670623268658 0.0 0
1670623280174 0.0 0
1670623291906 0.0 0
1670623303395 0.0 0
1670623315495 0.0 0
1670623327181 0.0 0
1670623339062 0.0 0
1670623351045 0.0 0
1670623362482 0.0 0
1670623373501 0.0 0
1670623385122 0.0 0
1670623396781 0.0 0
1670623408185 0.0 0
1670623420263 0.0 0
1670623432396 0.0 0
1670623443648 0.0 0
1670623455136 0.0 0
1670623466983 0.0 0
1670623478595 0.0 0
1670623490112 0.0 0
1670623501705 0.0 0
1670623513439 0.0 0
1670623525621 0.0 0
1670623538092 0.0 0
1670623550153 0.0 0
1670623561580 0.0 0
1670623572822 0.0 0
1670623584491 0.0 0
1670623596376 0.0 0
1670623607694 0.0 0
1670623618805 0.0 0
1670623630424 0.0 0
1670623642478 0.0 0
1670623654100 0.0 0
1670623665893 0.0 0
1670623677385 0.0 0
1670623688658 0.0 0
1670623700076 0.0 0
1670623711353 0.0 0
1670623723145 0.0 0
1670623734933 0.0 0
1670623746689 0.0 0
1670623757996 0.0 0
1670623769596 0.0 0
1670623780963 0.0 0
1670623792899 0.0 0
1670623804344 0.0 0
1670623815873 0.0 0
1670623827696 0.0 0
1670623839339 0.0 0
1670623851359 0.0 0
1670623863357 0.0 0
1670623874913 0.0 0
1670623886212 0.0 0
1670623898268 0.0 0
1670623909761 0.0 0
1670623920768 0.0 0
1670623932626 0.0 0
1670623944215 0.0 0
1670623956274 0.0 0
1670623968479 0.0 0
1670623980148 0.0 0
1670623992272 0.0 0
1670624004011 0.0 0
1670624015692 0.0 0
1670624026651 0.0 0
1670624038509 0.0 0
1670624050509 0.0 0
1670624062542 0.0 0
1670624073542 0.0 0
1670624085139 0.0 0
1670624096648 0.0 0
1670624108431 0.0 0
1670624120277 0.0 0
1670624131837 0.0 0
1670624143476 0.0 0
1670624154544 0.0 0
1670624166167 0.0 0
1670624178277 0.0 0
1670624189839 0.0 0
1670624201297 0.0 0
1670624212254 0.0 0
1670624223731 0.0 0
1670624235052 0.0 0
1670624245859 0.0 0
1670624255882 0.0 0
1670624265088 0.0 0
1670624274841 0.0 0
