1670639871979 0.009666666666666667 0
1670639874854 0.009166666666666667 0
1670639878165 0.008666666666666666 0
1670639881607 0.007666666666666666 0
1670639884479 0.008 0
1670639887756 0.010666666666666666 0
1670639891032 0.008833333333333334 0
1670639894465 0.007833333333333333 0
1670639897666 0.008833333333333334 0
1670639901107 0.0075 0
1670639904368 0.008166666666666666 0
1670639907448 0.009 0
1670639910736 0.009666666666666667 0
1670639913733 0.008333333333333333 0
1670639917058 0.008833333333333334 0
1670639920758 0.0075 0
1670639924083 0.007833333333333333 0
1670639927452 0.006833333333333334 0
1670639930158 0.009833333333333333 0
1670639933246 0.006666666666666667 0
1670639936424 0.007666666666666666 0
1670639939179 0.012 0
1670639942061 0.007166666666666667 0
1670639945115 0.01 0
1670639948195 0.005666666666666667 0
1670639951383 0.008 0
1670639954378 0.01 0
1670639957369 0.007 0
1670639960449 0.009333333333333334 0
1670639963405 0.0095 0
1670639966500 0.008333333333333333 0
1670639969417 0.006666666666666667 0
1670639972470 0.008166666666666666 0
1670639975322 0.008666666666666666 0
1670639978391 0.01 0
1670639981411 0.009 0
1670639984527 0.01 0
1670639987544 0.007166666666666667 0
1670639990574 0.0075 0
1670639993679 0.008666666666666666 0
1670639996701 0.008 0
1670639999698 0.008166666666666666 0
1670640002585 0.0105 0
1670640005470 0.007666666666666666 0
1670640008519 0.007 0
1670640011442 0.008666666666666666 0
1670640014448 0.007 0
1670640017481 0.009 0
1670640020387 0.010333333333333333 0
1670640023274 0.008333333333333333 0
1670640025802 0.009333333333333334 0
1670640028198 0.008333333333333333 0
1670640031140 0.007333333333333333 0
1670640034130 0.008333333333333333 0
1670640037094 0.007666666666666666 0
1670640040054 0.009666666666666667 0
1670640042886 0.0085 0
1670640045561 0.008 0
1670640048278 0.010166666666666666 0
1670640050987 0.011166666666666667 0
1670640053660 0.0075 0
1670640056313 0.007666666666666666 0
1670640059250 0.009 0
1670640062162 0.008166666666666666 0
1670640065082 0.009833333333333333 0
1670640067956 0.010333333333333333 0
1670640070928 0.009166666666666667 0
1670640073847 0.008 0
1670640076376 0.009666666666666667 0
1670640078870 0.008833333333333334 0
1670640081294 0.009 0
1670640083814 0.007833333333333333 0
1670640086147 0.009333333333333334 0
1670640088817 0.010166666666666666 0
1670640091393 0.008 0
1670640093877 0.008666666666666666 0
1670640096211 0.009 0
1670640098776 0.008666666666666666 0
1670640101201 0.009166666666666667 0
1670640103626 0.009 0
1670640106032 0.009 0
1670640108462 0.009166666666666667 0
1670640110751 0.0085 0
1670640113277 0.008 0
1670640115800 0.009 0
1670640118743 0.007833333333333333 0
1670640121444 0.008 0
1670640124005 0.010666666666666666 0
1670640126496 0.009 0
1670640129121 0.009666666666666667 0
1670640131593 0.007333333333333333 0
1670640134115 0.007666666666666666 0
1670640136683 0.009166666666666667 0
1670640139105 0.0085 0
1670640141590 0.007666666666666666 0
1670640144119 0.007833333333333333 0
1670640146629 0.008166666666666666 0
1670640149005 0.007666666666666666 0
1670640151126 0.008333333333333333 0
1670640153536 0.008333333333333333 0
1670640156023 0.007833333333333333 0
1670640158572 0.008666666666666666 0
1670640161232 0.008 0
1670640164115 0.0075 0
1670640166976 0.009 0
1670640169518 0.010333333333333333 0
1670640171993 0.0095 0
1670640174510 0.0085 0
1670640177035 0.006833333333333334 0
1670640179714 0.005833333333333334 0
1670640182251 0.007166666666666667 0
1670640184914 0.009666666666666667 0
1670640187494 0.007 0
1670640189913 0.007166666666666667 0
1670640192862 0.007 0
1670640194990 0.009166666666666667 0
1670640197572 0.009 0
1670640200000 0.0075 0
1670640202464 0.0085 0
1670640204953 0.008666666666666666 0
1670640207486 0.007666666666666666 0
1670640210000 0.009833333333333333 0
1670640212534 0.008666666666666666 0
1670640215066 0.006666666666666667 0
1670640218119 0.009 0
1670640221069 0.006166666666666667 0
1670640224073 0.007666666666666666 0
1670640226996 0.007333333333333333 0
1670640229574 0.008166666666666666 0
1670640232331 0.0085 0
1670640234859 0.008666666666666666 0
1670640237574 0.007166666666666667 0
1670640240435 0.008833333333333334 0
1670640243263 0.009166666666666667 0
1670640246098 0.009666666666666667 0
1670640248952 0.008666666666666666 0
1670640251800 0.008833333333333334 0
1670640254651 0.0075 0
1670640257512 0.009166666666666667 0
1670640260373 0.0105 0
1670640263247 0.007166666666666667 0
1670640266133 0.009333333333333334 0
1670640269037 0.01 0
1670640271920 0.006166666666666667 0
1670640274767 0.009 0
1670640277617 0.011 0
1670640280402 0.01 0
1670640283266 0.0095 0
1670640285799 0.009166666666666667 0
1670640288556 0.008333333333333333 0
1670640291247 0.009166666666666667 0
1670640294010 0.008666666666666666 0
1670640296759 0.008666666666666666 0
1670640299427 0.009666666666666667 0
1670640302113 0.008 0
1670640304809 0.008333333333333333 0
1670640307922 0.007666666666666666 0
1670640311242 0.008 0
1670640314412 0.009 0
1670640317553 0.007 0
1670640320585 0.007666666666666666 0
1670640323660 0.007666666666666666 0
1670640326651 0.008 0
1670640329616 0.009833333333333333 0
1670640332623 0.01 0
1670640335570 0.007833333333333333 0
1670640338327 0.008666666666666666 0
1670640341082 0.009833333333333333 0
1670640343901 0.008833333333333334 0
1670640346676 0.008 0
1670640349460 0.008833333333333334 0
1670640352224 0.008833333333333334 0
1670640355216 0.007 0
1670640358106 0.008833333333333334 0
1670640361166 0.0075 0
1670640364130 0.006833333333333334 0
1670640367160 0.007666666666666666 0
1670640370032 0.006833333333333334 0
1670640372907 0.009333333333333334 0
1670640375789 0.008 0
1670640378732 0.0075 0
1670640381634 0.010666666666666666 0
1670640384470 0.008833333333333334 0
1670640387333 0.008333333333333333 0
1670640390175 0.008166666666666666 0
1670640393005 0.006833333333333334 0
1670640395885 0.006833333333333334 0
1670640398736 0.0095 0
1670640401594 0.0085 0
1670640404461 0.0075 0
1670640406970 0.009166666666666667 0
1670640409365 0.009166666666666667 0
1670640411913 0.008333333333333333 0
1670640414536 0.005833333333333334 0
1670640417079 0.006333333333333333 0
1670640419708 0.01 0
1670640422217 0.0075 0
1670640424673 0.008833333333333334 0
