1670605917753 0.0 0
1670605918025 0.0 0
1670605918308 0.0 0
1670605918649 0.0 0
1670605919013 0.0 0
1670605919262 0.0 0
1670605919677 0.0 0
1670605919963 0.0 0
1670605920257 0.0 0
1670605920608 0.0 0
1670605921032 0.0 0
1670605921411 0.0 0
1670605921790 0.0 0
1670605922056 0.0 0
1670605922358 0.0 0
1670605922790 0.0 0
1670605923083 0.0 0
1670605923545 0.0 0
1670605923838 0.0 0
1670605924203 0.0 0
1670605924575 0.0 0
1670605924971 0.0 0
1670605925395 0.0 0
1670605925838 0.0 0
1670605926051 0.0 0
1670605926430 0.0 0
1670605926811 0.0 0
1670605927202 0.0 0
1670605927606 0.0 0
1670605927826 0.0 0
1670605928223 0.0 0
1670605928481 0.0 0
1670605928905 0.0 0
1670605929228 0.0 0
1670605929544 0.0 0
1670605930066 0.0 0
1670605930327 0.0 0
1670605930543 0.0 0
1670605930831 0.0 0
1670605931174 0.0 0
1670605931463 0.0 0
1670605931767 0.0 0
1670605932132 0.0 0
1670605932363 0.0 0
1670605932846 0.0 0
1670605933200 0.0 0
1670605933482 0.0 0
1670605934215 0.0 0
1670605934588 0.0 0
1670605934935 0.0 0
1670605935318 0.0 0
1670605935542 0.0 0
1670605935941 0.0 0
1670605936294 0.0 0
1670605936596 0.0 0
1670605936912 0.0 0
1670605937423 0.0 0
1670605937729 0.0 0
1670605938099 0.0 0
1670605938509 0.0 0
1670605938832 0.0 0
1670605939165 0.0 0
1670605939520 0.0 0
1670605939725 0.0 0
1670605940194 0.0 0
1670605940650 0.0 0
1670605940968 0.0 0
1670605941363 0.0 0
1670605941771 0.0 0
1670605942056 0.0 0
1670605942296 0.0 0
1670605942571 0.0 0
1670605942947 0.0 0
1670605943166 0.0 0
1670605943387 0.0 0
1670605943755 0.0 0
1670605944133 0.0 0
1670605944494 0.0 0
1670605944781 0.0 0
1670605945019 0.0 0
1670605945269 0.0 0
1670605945694 0.0 0
1670605945966 0.0 0
1670605946295 0.0 0
1670605946761 0.0 0
1670605947062 0.0 0
1670605947345 0.0 0
1670605947697 0.0 0
1670605948154 0.0 0
1670605948594 0.0 0
1670605948965 0.0 0
1670605949406 0.0 0
1670605949757 0.0 0
1670605950010 0.0 0
1670605950176 0.0 0
1670605950486 0.0 0
1670605950834 0.0 0
1670605951210 0.0 0
1670605951544 0.0 0
1670605951983 0.0 0
1670605952289 0.0 0
1670605952754 0.0 0
