1670595439663 0.01 0
1670595440815 0.008666666666666666 0
1670595441610 0.008 0
1670595442739 0.006666666666666667 0
1670595443733 0.008 0
1670595444967 0.007666666666666666 0
1670595445774 0.009333333333333334 0
1670595446717 0.007666666666666666 0
1670595447629 0.007333333333333333 0
1670595448379 0.007 0
1670595449197 0.007333333333333333 0
1670595450225 0.008333333333333333 0
1670595451034 0.008 0
1670595451949 0.007 0
1670595452941 0.010333333333333333 0
1670595453937 0.008333333333333333 0
1670595454762 0.01 0
1670595455740 0.009333333333333334 0
1670595456738 0.008 0
1670595457537 0.007333333333333333 0
1670595458699 0.005 0
1670595459752 0.008333333333333333 0
1670595460876 0.007666666666666666 0
1670595461654 0.008666666666666666 0
1670595462879 0.007333333333333333 0
1670595463866 0.009 0
1670595464865 0.011 0
1670595465930 0.011 0
1670595466852 0.007333333333333333 0
1670595468122 0.009333333333333334 0
1670595468974 0.009666666666666667 0
1670595469746 0.010333333333333333 0
1670595470755 0.011 0
1670595471703 0.007666666666666666 0
1670595472726 0.011 0
1670595473744 0.007333333333333333 0
1670595474553 0.01 0
1670595475397 0.008666666666666666 0
1670595476486 0.01 0
1670595477469 0.011333333333333334 0
1670595478361 0.008333333333333333 0
1670595479189 0.009666666666666667 0
1670595480139 0.008333333333333333 0
1670595481168 0.009333333333333334 0
1670595482153 0.01 0
1670595483097 0.009333333333333334 0
1670595484059 0.009 0
1670595485003 0.007333333333333333 0
1670595485773 0.006333333333333333 0
1670595486874 0.008333333333333333 0
1670595487760 0.01 0
1670595488722 0.007333333333333333 0
1670595489658 0.007333333333333333 0
1670595490481 0.010666666666666666 0
1670595491242 0.012 0
1670595491979 0.009666666666666667 0
1670595492785 0.009666666666666667 0
1670595493538 0.007333333333333333 0
1670595494501 0.011 0
1670595495582 0.007333333333333333 0
1670595496318 0.008666666666666666 0
1670595497422 0.01 0
1670595498252 0.007333333333333333 0
1670595498975 0.01 0
1670595499881 0.012333333333333333 0
1670595500599 0.01 0
1670595501467 0.010333333333333333 0
1670595502442 0.008 0
1670595503169 0.009333333333333334 0
1670595503911 0.005666666666666667 0
1670595504616 0.010333333333333333 0
1670595505682 0.009333333333333334 0
1670595506397 0.009666666666666667 0
1670595507351 0.009 0
1670595508217 0.011333333333333334 0
1670595509086 0.009333333333333334 0
1670595509828 0.008666666666666666 0
1670595510543 0.01 0
1670595511353 0.009 0
1670595512175 0.008333333333333333 0
1670595512989 0.009333333333333334 0
1670595513782 0.010333333333333333 0
1670595514535 0.008333333333333333 0
1670595515582 0.008 0
1670595516486 0.008666666666666666 0
1670595517265 0.006666666666666667 0
1670595518387 0.007 0
1670595519299 0.006333333333333333 0
1670595520328 0.006333333333333333 0
1670595521181 0.011 0
1670595521961 0.007666666666666666 0
1670595522685 0.01 0
1670595523579 0.009 0
1670595524567 0.008333333333333333 0
1670595525395 0.009333333333333334 0
1670595526156 0.007333333333333333 0
1670595527143 0.009 0
1670595527862 0.009333333333333334 0
1670595528686 0.01 0
1670595529362 0.004333333333333333 0
1670595530395 0.01633333333333333 0
1670595531146 0.009 0
