1670603829302 0.0 0
1670603829645 0.0 0
1670603829982 0.0 0
1670603830204 0.0 0
1670603830418 0.0 0
1670603830774 0.0 0
1670603831049 0.0 0
1670603831277 0.0 0
1670603831488 0.0 0
1670603831939 0.0 0
1670603832088 0.0 0
1670603832464 0.0 0
1670603832841 0.0 0
1670603833166 0.0 0
1670603833433 0.0 0
1670603834032 0.0 0
1670603834477 0.0 0
1670603834667 0.0 0
1670603835196 0.0 0
1670603835523 0.0 0
1670603835839 0.0 0
1670603836106 0.0 0
1670603836454 0.0 0
1670603836756 0.0 0
1670603837131 0.0 0
1670603837497 0.0 0
1670603837855 0.0 0
1670603838198 0.0 0
1670603838640 0.0 0
1670603838913 0.0 0
1670603839088 0.0 0
1670603839246 0.0 0
1670603839427 0.0 0
1670603839640 0.0 0
1670603839848 0.0 0
1670603840254 0.0 0
1670603840556 0.0 0
1670603840749 0.0 0
1670603841631 0.0 0
1670603842186 0.0 0
1670603842616 0.0 0
1670603843047 0.0 0
1670603843230 0.0 0
1670603843410 0.0 0
1670603843636 0.0 0
1670603843829 0.0 0
1670603844012 0.0 0
1670603844199 0.0 0
1670603844364 0.0 0
1670603844532 0.0 0
1670603844725 0.0 0
1670603844906 0.0 0
1670603845078 0.0 0
1670603845264 0.0 0
1670603845431 0.0 0
1670603845624 0.0 0
1670603846021 0.0 0
1670603846335 0.0 0
1670603846533 0.0 0
1670603846942 0.0 0
1670603847344 0.0 0
1670603847762 0.0 0
1670603848132 0.0 0
1670603848504 0.0 0
1670603848619 0.0 0
1670603848808 0.0 0
1670603848986 0.0 0
1670603849178 0.0 0
1670603849405 0.0 0
1670603849710 0.0 0
1670603850197 0.0 0
1670603850606 0.0 0
1670603851013 0.0 0
1670603851557 0.0 0
1670603851946 0.0 0
1670603852337 0.0 0
1670603852659 0.0 0
1670603853140 0.0 0
1670603853452 0.0 0
1670603853732 0.0 0
1670603854140 0.0 0
1670603854369 0.0 0
1670603854834 0.0 0
1670603855041 0.0 0
1670603855366 0.0 0
1670603855728 0.0 0
1670603856196 0.0 0
1670603856623 0.0 0
1670603856949 0.0 0
1670603857238 0.0 0
1670603857548 0.0 0
1670603858026 0.0 0
1670603858372 0.0 0
1670603858683 0.0 0
1670603859055 0.0 0
1670603859399 0.0 0
1670603859770 0.0 0
1670603860099 0.0 0
1670603860390 0.0 0
1670603860905 0.0 0
1670603861362 0.0 0
