1670574453433 0.0003333333333333333 0
1670574454064 0.0003333333333333333 0
1670574454645 0.0 0
1670574455594 0.0003333333333333333 0
1670574456213 0.0 0
1670574456973 0.0003333333333333333 0
1670574457550 0.0003333333333333333 0
1670574458258 0.0006666666666666666 0
1670574459054 0.0 0
1670574459956 0.0 0
1670574460892 0.0 0
1670574461877 0.0003333333333333333 0
1670574462835 0.0003333333333333333 0
1670574463860 0.0 0
1670574464921 0.0 0
1670574465581 0.0006666666666666666 0
1670574466435 0.0 0
1670574467532 0.0003333333333333333 0
1670574468236 0.0003333333333333333 0
1670574469116 0.0 0
1670574470115 0.0 0
1670574470857 0.0 0
1670574471837 0.0003333333333333333 0
1670574472903 0.0 0
1670574473856 0.0 0
1670574475026 0.0 0
1670574476061 0.0006666666666666666 0
1670574476908 0.0 0
1670574477955 0.0003333333333333333 0
1670574479015 0.0003333333333333333 0
1670574480018 0.0003333333333333333 0
1670574481097 0.0003333333333333333 0
1670574482165 0.0003333333333333333 0
1670574483212 0.0 0
1670574484234 0.0 0
1670574485293 0.0 0
1670574485750 0.0 0
1670574486830 0.0 0
1670574487775 0.001 0
1670574488617 0.0 0
1670574489616 0.0 0
1670574490555 0.0003333333333333333 0
1670574491298 0.0 0
1670574491917 0.0 0
1670574492741 0.0003333333333333333 0
1670574493686 0.0 0
1670574494372 0.0003333333333333333 0
1670574494811 0.0 0
1670574495603 0.0003333333333333333 0
1670574496414 0.0 0
1670574497043 0.0003333333333333333 0
1670574497793 0.0006666666666666666 0
1670574498634 0.0006666666666666666 0
1670574499548 0.0003333333333333333 0
1670574500303 0.0 0
1670574501396 0.0006666666666666666 0
1670574502115 0.0 0
1670574503035 0.0 0
1670574503964 0.0 0
1670574504883 0.0 0
1670574505578 0.0003333333333333333 0
1670574506413 0.0 0
1670574507292 0.0003333333333333333 0
1670574507903 0.0 0
1670574508730 0.0 0
1670574509779 0.0 0
1670574510469 0.0003333333333333333 0
1670574511460 0.0 0
1670574512597 0.0 0
1670574513242 0.0 0
1670574514097 0.0 0
1670574515073 0.0 0
1670574515703 0.0003333333333333333 0
1670574516734 0.0006666666666666666 0
1670574517567 0.0003333333333333333 0
1670574518402 0.0 0
1670574519182 0.0 0
1670574519944 0.0003333333333333333 0
1670574520622 0.0 0
1670574521479 0.0 0
1670574522107 0.0 0
1670574523129 0.0 0
1670574523938 0.0003333333333333333 0
1670574524939 0.0006666666666666666 0
1670574525824 0.0003333333333333333 0
1670574526835 0.0003333333333333333 0
1670574527840 0.0 0
1670574528933 0.0 0
1670574529933 0.0 0
1670574530958 0.0003333333333333333 0
1670574531851 0.0 0
1670574532715 0.0 0
1670574533427 0.0003333333333333333 0
1670574534187 0.0003333333333333333 0
1670574534963 0.0 0
1670574535603 0.0 0
1670574536512 0.0 0
1670574537280 0.0003333333333333333 0
1670574538054 0.001 0
1670574539227 0.0003333333333333333 0
1670574540138 0.0 0
1670574540840 0.0 0
1670574541907 0.0003333333333333333 0
