1670634825395 0.0 0
1670634826011 0.0 0
1670634826663 0.0 0
1670634827297 0.0 0
1670634827960 0.0 0
1670634828595 0.0 0
1670634829216 0.0 0
1670634829826 0.0 0
1670634830447 0.0 0
1670634831091 0.0 0
1670634831762 0.0 0
1670634832391 0.0 0
1670634833070 0.0 0
1670634833684 0.0 0
1670634834313 0.0 0
1670634834964 0.0 0
1670634835604 0.0 0
1670634836237 0.0 0
1670634836854 0.0 0
1670634837505 0.0 0
1670634838154 0.0 0
1670634838779 0.0 0
1670634839384 0.0 0
1670634839998 0.0 0
1670634840621 0.0 0
1670634841271 0.0 0
1670634841889 0.0 0
1670634842518 0.0 0
1670634843104 0.0 0
1670634843730 0.0 0
1670634844327 0.0 0
1670634844900 0.0 0
1670634845531 0.0 0
1670634846163 0.0 0
1670634846770 0.0 0
1670634847438 0.0 0
1670634848036 0.0 0
1670634848650 0.0 0
1670634849264 0.0 0
1670634849906 0.0 0
1670634850537 0.0 0
1670634851142 0.0 0
1670634851773 0.0 0
1670634852368 0.0 0
1670634852979 0.0 0
1670634853576 0.0 0
1670634854173 0.0 0
1670634854818 0.0 0
1670634855449 0.0 0
1670634856169 0.0 0
1670634856903 0.0 0
1670634857612 0.0 0
1670634858214 0.0 0
1670634858861 0.0 0
1670634859482 0.0 0
1670634860096 0.0 0
1670634860707 0.0 0
1670634861370 0.0 0
1670634862014 0.0 0
1670634862604 0.0 0
1670634863222 0.0 0
1670634863831 0.0 0
1670634864338 0.0 0
1670634864957 0.0 0
1670634865584 0.0 0
1670634866189 0.0 0
1670634866847 0.0 0
1670634867485 0.0 0
1670634868099 0.0 0
1670634868737 0.0 0
1670634869311 0.0 0
1670634869926 0.0 0
1670634870532 0.0 0
1670634871141 0.0 0
1670634871785 0.0 0
1670634872452 0.0 0
1670634873073 0.0 0
1670634873674 0.0 0
1670634874326 0.0 0
1670634874964 0.0 0
1670634875504 0.0 0
1670634876035 0.0 0
1670634876558 0.0 0
1670634877135 0.0 0
1670634877725 0.0 0
1670634878415 0.0 0
1670634879035 0.0 0
1670634879653 0.0 0
1670634880291 0.0 0
1670634881041 0.0 0
1670634881698 0.0 0
1670634882323 0.0 0
1670634883014 0.0 0
1670634883654 0.0 0
1670634884201 0.0 0
1670634884816 0.0 0
1670634885456 0.0 0
1670634886120 0.0 0
1670634886733 0.0 0
1670634887388 0.0 0
1670634888009 0.0 0
