1670576127903 0.0 0
1670576128060 0.0 0
1670576128175 0.0 0
1670576128433 0.0 0
1670576128619 0.0 0
1670576128791 0.0 0
1670576128895 0.0 0
1670576129092 0.0 0
1670576129194 0.0 0
1670576129381 0.0 0
1670576129592 0.0 0
1670576129715 0.0 0
1670576129844 0.0 0
1670576130100 0.0 0
1670576130376 0.0 0
1670576130576 0.0 0
1670576130766 0.0 0
1670576130934 0.0 0
1670576131055 0.0 0
1670576131170 0.0 0
1670576131417 0.0 0
1670576131649 0.0 0
1670576131841 0.0 0
1670576132032 0.0 0
1670576132123 0.0 0
1670576132307 0.0 0
1670576132578 0.0 0
1670576132817 0.0 0
1670576133010 0.0 0
1670576133091 0.0 0
1670576133416 0.0 0
1670576133579 0.0 0
1670576133824 0.0 0
1670576133962 0.0 0
1670576134075 0.0 0
1670576134205 0.0 0
1670576134395 0.0 0
1670576134520 0.0 0
1670576134753 0.0 0
1670576134874 0.0 0
1670576134958 0.0 0
1670576135091 0.0 0
1670576135350 0.0 0
1670576135449 0.0 0
1670576135613 0.0 0
1670576135801 0.0 0
1670576136044 0.0 0
1670576136294 0.0 0
1670576136413 0.0 0
1670576136618 0.0 0
1670576136943 0.0 0
1670576137104 0.0 0
1670576137248 0.0 0
1670576137322 0.0 0
1670576137461 0.0 0
1670576137700 0.0 0
1670576137994 0.0 0
1670576138118 0.0 0
1670576138318 0.0 0
1670576138586 0.0 0
1670576138758 0.0 0
1670576139040 0.0 0
1670576139208 0.0 0
1670576139450 0.0 0
1670576139567 0.0 0
1670576139797 0.0 0
1670576139963 0.0 0
1670576140332 0.0 0
1670576140487 0.0 0
1670576140620 0.0 0
1670576140838 0.0 0
1670576141118 0.0 0
1670576141278 0.0 0
1670576141466 0.0 0
1670576141692 0.0 0
1670576141865 0.0 0
1670576141961 0.0 0
1670576142256 0.0 0
1670576142434 0.0 0
1670576142572 0.0 0
1670576142829 0.0 0
1670576143103 0.0 0
1670576143230 0.0 0
1670576143528 0.0 0
1670576143708 0.0 0
1670576143920 0.0 0
1670576144079 0.0 0
1670576144360 0.0 0
1670576144467 0.0 0
1670576144670 0.0 0
1670576144920 0.0 0
1670576145090 0.0 0
1670576145301 0.0 0
1670576145615 0.0 0
1670576145682 0.0 0
1670576145884 0.0 0
1670576146094 0.0 0
1670576146320 0.0 0
1670576146602 0.0 0
1670576146670 0.0 0
1670576146839 0.0 0
1670576147090 0.0 0
