1670638476702 0.0 0
1670638477311 0.0 0
1670638477947 0.0 0
1670638478523 0.0 0
1670638479058 0.0 0
1670638479710 0.0 0
1670638480296 0.0 0
1670638480896 0.0 0
1670638481481 0.0 0
1670638482080 0.0 0
1670638482675 0.0 0
1670638483161 0.0 0
1670638483688 0.0 0
1670638484281 0.0 0
1670638484790 0.0 0
1670638485414 0.0 0
1670638486040 0.0 0
1670638486666 0.0 0
1670638487318 0.0 0
1670638487959 0.0 0
1670638488586 0.0 0
1670638489104 0.0 0
1670638489744 0.0 0
1670638490360 0.0 0
1670638490939 0.0 0
1670638491489 0.0 0
1670638492090 0.0 0
1670638492640 0.0 0
1670638493223 0.0 0
1670638493807 0.0 0
1670638494358 0.0 0
1670638494904 0.0 0
1670638495454 0.0 0
1670638496018 0.0 0
1670638496641 0.0 0
1670638497265 0.0 0
1670638497907 0.0 0
1670638498548 0.0 0
1670638499158 0.0 0
1670638499678 0.0 0
1670638500248 0.0 0
1670638500839 0.0 0
1670638501427 0.0 0
1670638502038 0.0 0
1670638502680 0.0 0
1670638503311 0.0 0
1670638503895 0.0 0
1670638504472 0.0 0
1670638505084 0.0 0
1670638505691 0.0 0
1670638506287 0.0 0
1670638506905 0.0 0
1670638507435 0.0 0
1670638507968 0.0 0
1670638508503 0.0 0
1670638509041 0.0 0
1670638509644 0.0 0
1670638510275 0.0 0
1670638510882 0.0 0
1670638511464 0.0 0
1670638512037 0.0 0
1670638512650 0.0 0
1670638513205 0.0 0
1670638513761 0.0 0
1670638514409 0.0 0
1670638515026 0.0 0
1670638515649 0.0 0
1670638516292 0.0 0
1670638516915 0.0 0
1670638517577 0.0 0
1670638518193 0.0 0
1670638518827 0.0 0
1670638519428 0.0 0
1670638520032 0.0 0
1670638520690 0.0 0
1670638521304 0.0 0
1670638521859 0.0 0
1670638522422 0.0 0
1670638522898 0.0 0
1670638523404 0.0 0
1670638524001 0.0 0
1670638524475 0.0 0
1670638525057 0.0 0
1670638525647 0.0 0
1670638526249 0.0 0
1670638526879 0.0 0
1670638527494 0.0 0
1670638528114 0.0 0
1670638528593 0.0 0
1670638529130 0.0 0
1670638529765 0.0 0
1670638530391 0.0 0
1670638531003 0.0 0
1670638531603 0.0 0
1670638532144 0.0 0
1670638532713 0.0 0
1670638533350 0.0 0
1670638533991 0.0 0
1670638534576 0.0 0
1670638535194 0.0 0
1670638535770 0.0 0
1670638536388 0.0 0
