1670564017917 0.0016666666666666668 0
1670564018652 0.0013333333333333333 0
1670564019217 0.002 0
1670564019812 0.0036666666666666666 0
1670564020694 0.0016666666666666668 0
1670564021280 0.002 0
1670564021874 0.002 0
1670564022492 0.001 0
1670564023557 0.0006666666666666666 0
1670564024148 0.001 0
1670564024648 0.002 0
1670564025305 0.002 0
1670564026016 0.0016666666666666668 0
1670564026777 0.0016666666666666668 0
1670564027504 0.0006666666666666666 0
1670564027956 0.0023333333333333335 0
1670564028445 0.001 0
1670564029070 0.002 0
1670564029800 0.002 0
1670564030356 0.0013333333333333333 0
1670564031221 0.003 0
1670564031892 0.002 0
1670564032469 0.0016666666666666668 0
1670564033015 0.0026666666666666666 0
1670564033625 0.0036666666666666666 0
1670564034131 0.0023333333333333335 0
1670564034766 0.0023333333333333335 0
1670564035615 0.0026666666666666666 0
1670564036409 0.0006666666666666666 0
1670564037043 0.0006666666666666666 0
1670564037983 0.002 0
1670564038854 0.0016666666666666668 0
1670564039857 0.0026666666666666666 0
1670564040843 0.0016666666666666668 0
1670564041619 0.0006666666666666666 0
1670564042379 0.0023333333333333335 0
1670564042945 0.0033333333333333335 0
1670564043810 0.004 0
1670564044903 0.0013333333333333333 0
1670564045434 0.0013333333333333333 0
1670564046199 0.001 0
1670564046803 0.0006666666666666666 0
1670564047243 0.0003333333333333333 0
1670564047768 0.0016666666666666668 0
1670564048269 0.0016666666666666668 0
1670564048759 0.002 0
1670564049391 0.0016666666666666668 0
1670564050174 0.001 0
1670564050734 0.0013333333333333333 0
1670564051224 0.0013333333333333333 0
1670564052001 0.0013333333333333333 0
1670564052928 0.0033333333333333335 0
1670564053621 0.001 0
1670564054318 0.001 0
1670564656777 0.0013333333333333333 0
1670564657418 0.0013333333333333333 0
1670564658496 0.0013333333333333333 0
1670564659030 0.001 0
1670564659546 0.002 0
1670564660226 0.0013333333333333333 0
1670564660874 0.002 0
1670564661360 0.0013333333333333333 0
1670564661927 0.0016666666666666668 0
1670564662400 0.0026666666666666666 0
1670564663212 0.002 0
1670564663787 0.003 0
1670564664436 0.0016666666666666668 0
1670564664980 0.0013333333333333333 0
1670564665897 0.002 0
1670564666728 0.003 0
1670564667629 0.0016666666666666668 0
1670564668249 0.001 0
1670564668667 0.001 0
1670564669190 0.002 0
1670564669892 0.002 0
1670564670833 0.0016666666666666668 0
1670564671636 0.0026666666666666666 0
1670564672301 0.001 0
1670564672854 0.0023333333333333335 0
1670564673497 0.0016666666666666668 0
1670564674118 0.0023333333333333335 0
1670564674952 0.0036666666666666666 0
1670564675382 0.0016666666666666668 0
1670564676183 0.0033333333333333335 0
1670564676793 0.0023333333333333335 0
1670564677501 0.003 0
1670564678120 0.0013333333333333333 0
1670564678793 0.0033333333333333335 0
1670564679436 0.0026666666666666666 0
1670564680006 0.0023333333333333335 0
1670564680525 0.002 0
1670564681044 0.0016666666666666668 0
1670564681759 0.0026666666666666666 0
1670564682192 0.002 0
1670564682966 0.0023333333333333335 0
1670564683681 0.0023333333333333335 0
1670564684478 0.0016666666666666668 0
1670564684889 0.0023333333333333335 0
1670564685587 0.0013333333333333333 0
1670564686311 0.001 0
1670564687012 0.0016666666666666668 0
1670564687690 0.0033333333333333335 0
1670564688207 0.0033333333333333335 0
1670564688956 0.002 0
1670564689577 0.0013333333333333333 0
1670564690280 0.0026666666666666666 0
1670564690888 0.001 0
1670564691389 0.0016666666666666668 0
1670564692076 0.002 0
1670564692703 0.003 0
1670564693713 0.0016666666666666668 0
1670564694416 0.0006666666666666666 0
1670564695181 0.002 0
1670564696027 0.001 0
1670564696579 0.002 0
1670564697350 0.0013333333333333333 0
1670564698024 0.0006666666666666666 0
1670564699177 0.0006666666666666666 0
1670564699867 0.002 0
1670564700442 0.001 0
1670564701172 0.0016666666666666668 0
1670564701786 0.0023333333333333335 0
1670564702535 0.0016666666666666668 0
1670564703285 0.001 0
1670564704091 0.0023333333333333335 0
1670565622569 0.0006666666666666666 0
1670565623250 0.0003333333333333333 0
1670565623899 0.0013333333333333333 0
1670565624666 0.0033333333333333335 0
1670565625475 0.0016666666666666668 0
1670565626142 0.0023333333333333335 0
1670565626804 0.0016666666666666668 0
1670565627173 0.0013333333333333333 0
1670565627540 0.0013333333333333333 0
1670565628262 0.0026666666666666666 0
1670565628940 0.001 0
1670565629478 0.0023333333333333335 0
1670565630265 0.0033333333333333335 0
1670565630862 0.002 0
1670565631323 0.002 0
1670565631918 0.0026666666666666666 0
1670565632823 0.0023333333333333335 0
1670565633575 0.002 0
1670565634138 0.0016666666666666668 0
1670565634586 0.0023333333333333335 0
1670565635056 0.002 0
1670565635598 0.001 0
1670565636365 0.0036666666666666666 0
1670565636925 0.003 0
1670565637515 0.0033333333333333335 0
1670565637929 0.001 0
1670565638419 0.002 0
1670565639305 0.0016666666666666668 0
1670565639952 0.0013333333333333333 0
1670565640927 0.0013333333333333333 0
