1670582092718 0.006353102368216048 0
1670582096072 0.0020282899482740487 0
1670582098940 0.0013780396732780494 0
1670582102081 0.0010767453609351624 0
1670582104949 0.0009228671226931249 0
1670582107862 0.0008447470960652334 0
1670582110496 0.0007639419933369554 0
1670582113457 0.0007210745424785679 0
1670582116530 0.0006710642611156942 0
1670582119687 0.0006302128366598468 0
1670582122949 0.0005960295989515902 0
1670582125953 0.0005668779752768125 0
1670582129175 0.0005855730462903974 0
1670582131952 0.0005747957185973586 0
1670582135093 0.0005639285429631604 0
1670582138409 0.0005531973437915624 0
1670582141483 0.0005427306894214003 0
1670582145060 0.0005261317947070879 0
1670582148234 0.0005207383277187558 0
1670582151874 0.0005149938364985473 0
1670582155268 0.0005090483313207767 0
1670582158811 0.0005042985366012421 0
1670582162291 0.0004924390089322686 0
1670582166060 0.0004881283723829212 0
1670582169544 0.000484690489360878 0
1670582172706 0.00047470418989106473 0
1670582175889 0.00047150209192690305 0
1670582179886 0.0004625361400280558 0
1670582183446 0.0004403986689004269 0
1670582187076 0.00043949087256931504 0
1670582190788 0.00043257491897202643 0
1670582194110 0.00043091547572448615 0
1670582197553 0.00042906595530538575 0
1670582201274 0.0004229312783780892 0
1670582204750 0.0004170524173600639 0
1670582208042 0.0004154842164852455 0
1670582211251 0.0004100369869370552 0
1670582214558 0.0004047985093760275 0
1670582217861 0.0004034622876142373 0
1670582221607 0.0004020086152186135 0
1670582225345 0.00039729023710198026 0
1670582228862 0.00039273410503427777 0
1670582231695 0.00038833113370860957 0
1670582234764 0.00040334619414006276 0
1670582237698 0.00040232339669230536 0
1670582241151 0.00039806783668014075 0
1670582244083 0.0003939444994873085 0
1670582247405 0.00039305256932331003 0
1670582250692 0.0003920711876291041 0
1670582254018 0.0003910119645827345 0
1670582257271 0.0003898850981048299 0
1670582260694 0.0003886995646411968 0
1670582263982 0.00040207956787319054 0
1670582267450 0.0004008977645677111 0
1670582270444 0.0003973929996388382 0
1670582273984 0.0003962527350522318 0
1670582277355 0.0003950686628909915 0
1670582280620 0.0003918238466249349 0
1670582283870 0.0003930801576567747 0
1670582287526 0.0003920454664140473 0
1670582290714 0.0003889728949028019 0
1670582294057 0.00038597134999072903 0
1670582297319 0.0004128737520941502 0
1670582300625 0.00040972987396820744 0
1670582303900 0.0004101548131634683 0
1670582307141 0.00040711366178713645 0
1670582310275 0.0004074556917362532 0
1670582313330 0.00040674132295686173 0
1670582316744 0.00040706283332411867 0
1670582319845 0.00040420542011927914 0
1670582323237 0.0004044601953531199 0
1670582326860 0.0004039119461653895 0
1670582330244 0.00040331838282219067 0
1670582333532 0.00040268343947089385 0
1670582336798 0.0004000538075417377 0
1670582340177 0.00039747502074094314 0
1670582343297 0.00040567105528933043 0
1670582346786 0.00040511996833502545 0
1670582349854 0.00040536206168706907 0
1670582352895 0.00040483684989458553 0
1670582356060 0.0004122523358294053 0
1670582359286 0.00040976966011234514 0
1670582362424 0.0004073313038883369 0
1670582365697 0.00040739696690828844 0
1670582369160 0.00040699635286578175 0
1670582372284 0.00040465782499799955 0
1670582376004 0.0004023591491531525 0
1670582379752 0.000409018031238697 0
1670582383033 0.00040674171970005776 0
1670582386490 0.0004066989107409934 0
1670582390318 0.00040448353783844367 0
1670582393726 0.000404418136240679 0
1670582396862 0.0004042236666177274 0
1670582400801 0.0004039923986842778 0
1670582404502 0.00040372667970526926 0
1670582407748 0.00040342870284401465 0
1670582410683 0.0004013702522693794 0
1670582413985 0.00040106667031127746 0
1670582417699 0.00040119462183220233 0
1670582421382 0.0004009026459668317 0
1670582424878 0.0003989391943436298 0
1670582428488 0.0003990784047824922 0
1670582431781 0.000398819323315391 0
1670582434985 0.00039853366024903466 0
1670582438290 0.00039822298622705206 0
1670582441815 0.00041298370113567937 0
1670582445112 0.000411071036973442 0
1670582448654 0.00040918470342137024 0
1670582452123 0.00040886443798240674 0
1670582455295 0.0004085221610912712 0
1670582458144 0.0004081591324815133 0
1670582461308 0.0004063575663484164 0
1670582465080 0.0004059945455351576 0
1670582468329 0.00040561300673406066 0
1670582471232 0.0004052139978028169 0
1670582474356 0.00040540810430049094 0
1670582477353 0.0004036983006016721 0
1670582480871 0.0004020099479313535 0
1670582483716 0.0004016598059928413 0
1670582486864 0.00040129339468805117 0
1670582489782 0.00040647377169970893 0
1670582493154 0.0004061058483018133 0
1670582496178 0.00040572294416977444 0
1670582499067 0.00040532585941412754 0
1670582502312 0.00040491535349190035 0
1670582505371 0.0004051510832844815 0
1670582508331 0.00040358082072240243 0
1670582511357 0.00040202867327742087 0
1670582514142 0.00040224988898780885 0
