1670594530504 0.0 0
1670594534340 0.0 0
1670594538128 0.0 0
1670594541948 0.0 0
1670594545171 0.0 0
1670594548662 0.0 0
1670594552393 0.0 0
1670594555779 0.0 0
1670594559061 0.0 0
1670594562702 0.0 0
1670594566326 0.0 0
1670594569703 0.0 0
1670594573112 0.0 0
1670594576921 0.0 0
1670594581011 0.0 0
1670594584931 0.0 0
1670594588070 0.0 0
1670594590985 0.0 0
1670594594629 0.0 0
1670594597895 0.0 0
1670594601272 0.0 0
1670594604658 0.0 0
1670594607840 0.0 0
1670594611133 0.0 0
1670594614295 0.0 0
1670594617584 0.0 0
1670594621238 0.0 0
1670594624678 0.0 0
1670594628384 0.0 0
1670594631797 0.0 0
1670594635529 0.0 0
1670594638798 0.0 0
1670594642329 0.0 0
1670594645736 0.0 0
1670594648915 0.0 0
1670594651834 0.0 0
1670594654880 0.0 0
1670594658080 0.0 0
1670594661481 0.0 0
1670594664457 0.0 0
1670594667934 0.0 0
1670594670961 0.0 0
1670594673935 0.0 0
1670594677368 0.0 0
1670594680706 0.0 0
1670594684123 0.0 0
1670594687553 0.0 0
1670594690382 0.0 0
1670594693836 0.0 0
1670594696869 0.0 0
1670594700096 0.0 0
1670594703628 0.0 0
1670594707136 0.0 0
1670594710219 0.0 0
1670594713288 0.0 0
1670594716380 0.0 0
1670594719239 0.0 0
1670594722410 0.0 0
1670594725629 0.0 0
1670594728984 0.0 0
1670594732349 0.0 0
1670594735571 0.0 0
1670594738594 0.0 0
1670594742011 0.0 0
1670594745231 0.0 0
1670594748150 0.0 0
1670594751429 0.0 0
1670594754672 0.0 0
1670594757851 0.0 0
1670594760802 0.0 0
1670594764169 0.0 0
1670594767492 0.0 0
1670594770464 0.0 0
1670594773439 0.0 0
1670594776142 0.0 0
1670594779241 0.0 0
1670594782098 0.0 0
1670594784853 0.0 0
1670594787872 0.0 0
1670594790683 0.0 0
1670594794065 0.0 0
1670594797231 0.0 0
1670594800154 0.0 0
1670594803379 0.0 0
1670594806434 0.0 0
1670594809348 0.0 0
1670594812517 0.0 0
1670594815835 0.0 0
1670594818809 0.0 0
1670594821449 0.0 0
1670594825169 0.0 0
1670594828099 0.0 0
1670594831206 0.0 0
1670594834421 0.0 0
1670594837601 0.0 0
1670594840787 0.0 0
1670594843959 0.0 0
1670594846982 0.0 0
1670594850263 0.0 0
1670594853646 0.0 0
1670594856709 0.0 0
1670594860481 0.0 0
