1670604154977 0.0 0
1670604155130 0.0 0
1670604155582 0.0 0
1670604155714 0.0 0
1670604155973 0.0 0
1670604156176 0.0 0
1670604156392 0.0 0
1670604156657 0.0 0
1670604156949 0.0 0
1670604157207 0.0 0
1670604157455 0.0 0
1670604157787 0.0 0
1670604157880 0.0 0
1670604158233 0.0 0
1670604158352 0.0 0
1670604158586 0.0 0
1670604158863 0.0 0
1670604159088 0.0 0
1670604159212 0.0 0
1670604159629 0.0 0
1670604159766 0.0 0
1670604160118 0.0 0
1670604160582 0.0 0
1670604160763 0.0 0
1670604160956 0.0 0
1670604161144 0.0 0
1670604161492 0.0 0
1670604161690 0.0 0
1670604161947 0.0 0
1670604162205 0.0 0
1670604162404 0.0 0
1670604162754 0.0 0
1670604162956 0.0 0
1670604163292 0.0 0
1670604163558 0.0 0
1670604163808 0.0 0
1670604163994 0.0 0
1670604164223 0.0 0
1670604164490 0.0 0
1670604164802 0.0 0
1670604165118 0.0 0
1670604165222 0.0 0
1670604165487 0.0 0
1670604165782 0.0 0
1670604166084 0.0 0
1670604166401 0.0 0
1670604166706 0.0 0
1670604167027 0.0 0
1670604167284 0.0 0
1670604167532 0.0 0
1670604167839 0.0 0
1670604168094 0.0 0
1670604168369 0.0 0
1670604168653 0.0 0
1670604168725 0.0 0
1670604168981 0.0 0
1670604169409 0.0 0
1670604169545 0.0 0
1670604169686 0.0 0
1670604169897 0.0 0
1670604170190 0.0 0
1670604170389 0.0 0
1670604170698 0.0 0
1670604171107 0.0 0
1670604171398 0.0 0
1670604171722 0.0 0
1670604172040 0.0 0
1670604172446 0.0 0
1670604172618 0.0 0
1670604172863 0.0 0
1670604173194 0.0 0
1670604173517 0.0 0
1670604173729 0.0 0
1670604173857 0.0 0
1670604173965 0.0 0
1670604174389 0.0 0
1670604174575 0.0 0
1670604174765 0.0 0
1670604174980 0.0 0
1670604175287 0.0 0
1670604175473 0.0 0
1670604175856 0.0 0
1670604176128 0.0 0
1670604176541 0.0 0
1670604176860 0.0 0
1670604177259 0.0 0
1670604177374 0.0 0
1670604177540 0.0 0
1670604177840 0.0 0
1670604178020 0.0 0
1670604178161 0.0 0
1670604178475 0.0 0
1670604178600 0.0 0
1670604178812 0.0 0
1670604178929 0.0 0
1670604179183 0.0 0
1670604179395 0.0 0
1670604179696 0.0 0
1670604179972 0.0 0
1670604180298 0.0 0
1670604180383 0.0 0
1670604180769 0.0 0
