1670563452306 0.0 0
1670563454436 0.0 0
1670563456685 0.0 0
1670563458932 0.0 0
1670563461265 0.0 0
1670563463540 0.0 0
1670563465670 0.0 0
1670563467711 0.0 0
1670563469583 0.0 0
1670563471549 0.0 0
1670563473838 0.0 0
1670563475621 0.0 0
1670563477606 0.0 0
1670563479304 0.0 0
1670563481274 0.0 0
1670563483105 0.0 0
1670563485251 0.0 0
1670563487079 0.0 0
1670563489273 0.0 0
1670563491144 0.0 0
1670563493217 0.0 0
1670563495631 0.0 0
1670563497967 0.0 0
1670563499792 0.0 0
1670563502101 0.0 0
1670563503878 0.0 0
1670563505795 0.0 0
1670563507861 0.0 0
1670563509824 0.0 0
1670563512398 0.0 0
1670563515099 0.0 0
1670563517455 0.0 0
1670563519446 0.0 0
1670563521949 0.0 0
1670563523941 0.0 0
1670563526142 0.0 0
1670563528937 0.0 0
1670563531433 0.0 0
1670563533487 0.0 0
1670563535485 0.0 0
1670563537584 0.0 0
1670563539248 0.0 0
1670563541823 0.0 0
1670563544110 0.0 0
1670563546281 0.0 0
1670563548356 0.0 0
1670563550529 0.0 0
1670563553087 0.0 0
1670563555575 0.0 0
1670563558099 0.0 0
1670563559888 0.0 0
1670563561899 0.0 0
1670563563826 0.0 0
1670563565834 0.0 0
1670563567951 0.0 0
1670563570149 0.0 0
1670563572004 0.0 0
1670563574179 0.0 0
1670563576534 0.0 0
1670563578382 0.0 0
1670563580079 0.0 0
1670563582165 0.0 0
1670563583966 0.0 0
1670563585825 0.0 0
1670563587836 0.0 0
1670563590078 0.0 0
1670563592453 0.0 0
1670563594451 0.0 0
1670563596733 0.0 0
1670563598783 0.0 0
1670563600793 0.0 0
1670563602513 0.0 0
1670563604509 0.0 0
1670563606797 0.0 0
1670563609148 0.0 0
1670563611370 0.0 0
1670563613758 0.0 0
1670563615470 0.0 0
1670563617682 0.0 0
1670563620274 0.0 0
1670563622386 0.0 0
1670563624877 0.0 0
1670563626762 0.0 0
1670563628946 0.0 0
1670563631273 0.0 0
1670563633365 0.0 0
1670563635030 0.0 0
1670563637295 0.0 0
1670563639211 0.0 0
1670563640998 0.0 0
1670563642878 0.0 0
1670563644772 0.0 0
1670563646553 0.0 0
1670563649404 0.0 0
1670563651817 0.0 0
1670563653954 0.0 0
1670563655745 0.0 0
1670563657677 0.0 0
1670563659334 0.0 0
1670563661497 0.0 0
1670563663902 0.0 0
1670563665551 0.0 0
