1670597763153 0.0 0
1670597763996 0.0003333333333333333 0
1670597764906 0.0003333333333333333 0
1670597765741 0.0 0
1670597766547 0.0 0
1670597767442 0.0 0
1670597768265 0.0003333333333333333 0
1670597769061 0.0 0
1670597769785 0.0 0
1670597770564 0.0 0
1670597771410 0.0003333333333333333 0
1670597772230 0.0006666666666666666 0
1670597773002 0.0 0
1670597774158 0.0 0
1670597775101 0.0 0
1670597776075 0.0003333333333333333 0
1670597776788 0.0 0
1670597777605 0.0 0
1670597778620 0.0003333333333333333 0
1670597779508 0.0 0
1670597780386 0.0 0
1670597781215 0.0003333333333333333 0
1670597781899 0.0003333333333333333 0
1670597782663 0.001 0
1670597783509 0.0 0
1670597784468 0.0 0
1670597785252 0.0003333333333333333 0
1670597786160 0.0 0
1670597786905 0.0 0
1670597787927 0.0 0
1670597788656 0.0006666666666666666 0
1670597789723 0.0003333333333333333 0
1670597790547 0.0 0
1670597791261 0.0 0
1670597792106 0.0006666666666666666 0
1670597792967 0.0 0
1670597793711 0.0006666666666666666 0
1670597794570 0.0006666666666666666 0
1670597795598 0.0006666666666666666 0
1670597796474 0.0003333333333333333 0
1670597797481 0.0003333333333333333 0
1670597798445 0.0 0
1670597799361 0.0 0
1670597800267 0.0003333333333333333 0
1670597801250 0.0003333333333333333 0
1670597802450 0.0006666666666666666 0
1670597803518 0.0006666666666666666 0
1670597804407 0.0003333333333333333 0
1670597805027 0.0006666666666666666 0
1670597806138 0.0 0
1670597807198 0.0006666666666666666 0
1670597808557 0.0 0
1670597809489 0.001 0
1670597810540 0.0006666666666666666 0
1670597811418 0.0003333333333333333 0
1670597812488 0.0 0
1670597813628 0.0 0
1670597814486 0.0 0
1670597815628 0.0003333333333333333 0
1670597816726 0.0 0
1670597817903 0.0 0
1670597818745 0.0003333333333333333 0
1670597819858 0.0003333333333333333 0
1670597820899 0.0003333333333333333 0
1670597822000 0.001 0
1670597823331 0.0 0
1670597824355 0.0 0
1670597825331 0.0 0
1670597826191 0.0003333333333333333 0
1670597827085 0.0 0
1670597827868 0.0003333333333333333 0
1670597828771 0.0 0
1670597829840 0.0003333333333333333 0
1670597830692 0.0006666666666666666 0
1670597831580 0.0 0
1670597832394 0.0003333333333333333 0
1670597833149 0.0003333333333333333 0
1670597834086 0.0003333333333333333 0
1670597835133 0.0 0
1670597836024 0.0 0
1670597837077 0.0 0
1670597838042 0.0003333333333333333 0
1670597838985 0.0 0
1670597839738 0.0 0
1670597840764 0.0 0
1670597841514 0.0003333333333333333 0
1670597842500 0.0003333333333333333 0
1670597843495 0.0006666666666666666 0
1670597844541 0.0 0
1670597845477 0.0003333333333333333 0
1670597846301 0.0 0
1670597847440 0.0003333333333333333 0
1670597848438 0.0006666666666666666 0
1670597849680 0.0003333333333333333 0
1670597850677 0.0 0
1670597851607 0.0003333333333333333 0
1670597852442 0.0006666666666666666 0
1670597853306 0.0 0
1670597854004 0.0003333333333333333 0
1670597855017 0.0 0
1670597855934 0.0 0
1670597857013 0.0003333333333333333 0
