1670574508494 0.0 0
1670574508760 0.0 0
1670574509095 0.0 0
1670574509287 0.0 0
1670574509601 0.0 0
1670574510027 0.0 0
1670574510297 0.0 0
1670574510589 0.0 0
1670574510879 0.0 0
1670574511261 0.0 0
1670574511823 0.0 0
1670574512167 0.0 0
1670574512569 0.0 0
1670574512869 0.0 0
1670574513191 0.0 0
1670574513407 0.0 0
1670574513910 0.0 0
1670574514289 0.0 0
1670574514772 0.0 0
1670574515043 0.0 0
1670574515273 0.0 0
1670574515525 0.0 0
1670574515824 0.0 0
1670574516083 0.0 0
1670574516428 0.0 0
1670574516807 0.0 0
1670574517076 0.0 0
1670574517429 0.0 0
1670574517807 0.0 0
1670574517939 0.0 0
1670574518379 0.0 0
1670574518598 0.0 0
1670574518954 0.0 0
1670574519317 0.0 0
1670574519622 0.0 0
1670574519797 0.0 0
1670574520022 0.0 0
1670574520218 0.0 0
1670574520522 0.0 0
1670574520863 0.0 0
1670574521197 0.0 0
1670574521431 0.0 0
1670574521790 0.0 0
1670574522199 0.0 0
1670574522520 0.0 0
1670574522746 0.0 0
1670574523172 0.0 0
1670574523476 0.0 0
1670574523785 0.0 0
1670574524275 0.0 0
1670574524562 0.0 0
1670574524836 0.0 0
1670574525201 0.0 0
1670574525577 0.0 0
1670574525851 0.0 0
1670574526329 0.0 0
1670574526723 0.0 0
1670574527114 0.0 0
1670574527524 0.0 0
1670574527782 0.0 0
1670574528174 0.0 0
1670574528604 0.0 0
1670574529121 0.0 0
1670574529322 0.0 0
1670574529611 0.0 0
1670574529962 0.0 0
1670574530262 0.0 0
1670574530698 0.0 0
1670574531038 0.0 0
1670574531558 0.0 0
1670574531811 0.0 0
1670574532187 0.0 0
1670574532775 0.0 0
1670574533175 0.0 0
1670574533593 0.0 0
1670574534046 0.0 0
1670574534320 0.0 0
1670574534660 0.0 0
1670574535056 0.0 0
1670574535682 0.0 0
1670574535932 0.0 0
1670574536103 0.0 0
1670574536474 0.0 0
1670574536708 0.0 0
1670574537150 0.0 0
1670574537578 0.0 0
1670574537845 0.0 0
1670574538189 0.0 0
1670574538617 0.0 0
1670574538844 0.0 0
1670574539167 0.0 0
1670574539580 0.0 0
1670574539910 0.0 0
1670574540235 0.0 0
1670574540726 0.0 0
1670574541022 0.0 0
1670574541428 0.0 0
1670574541671 0.0 0
1670574541873 0.0 0
1670574542278 0.0 0
1670574542543 0.0 0
