1670635049912 0.004528786494050013 0
1670635103226 0.003961764685384477 0
1670635158060 0.0043389774351959565 0
1670635201039 0.004140479450814491 0
1670635242205 0.00469729561672345 0
1670635285145 0.004828233250936285 0
1670635332236 0.0047624974929269155 0
1670635425647 0.004168823185386257 0
1670635467562 0.004490198369942709 0
1670635512066 0.0042621665772518075 0
1670635552646 0.004549479007276938 0
1670635594740 0.004878857241065621 0
1670635643608 0.004543708249621359 0
1670635684388 0.004644753427526102 0
1670635733996 0.004831182646396849 0
1670635789815 0.004736101602839807 0
1670635857966 0.00475422993105075 0
1670635901858 0.004294109932889149 0
1670635943650 0.00498751725221282 0
1670635990428 0.004787077633980162 0
1670636043209 0.004453475564382937 0
1670636089674 0.0039517782500599 0
1670636134464 0.004566490728306969 0
1670636187665 0.004415484430598541 0
1670636239150 0.00439229595114477 0
1670636284211 0.004214025663691068 0
1670636330406 0.004250708676581056 0
1670636385440 0.004232406129449845 0
1670636439753 0.004338724695860191 0
1670636485571 0.0042507086765810565 0
