1670596132606 0.37966666666666665 0
1670596133384 0.37033333333333335 0
1670596134294 0.38233333333333336 0
1670596135368 0.37966666666666665 0
1670596136091 0.37633333333333335 0
1670596137122 0.37566666666666665 0
1670596137884 0.382 0
1670596138726 0.38066666666666665 0
1670596139469 0.378 0
1670596140318 0.37733333333333335 0
1670596141076 0.37466666666666665 0
1670596141828 0.376 0
1670596142743 0.38466666666666666 0
1670596143452 0.37566666666666665 0
1670596144624 0.37866666666666665 0
1670596145368 0.38266666666666665 0
1670596146323 0.37433333333333335 0
1670596147134 0.38033333333333336 0
1670596147955 0.381 0
1670596148624 0.381 0
1670596149423 0.38066666666666665 0
1670596150217 0.38066666666666665 0
1670596151033 0.37266666666666665 0
1670596151896 0.378 0
1670596152714 0.38433333333333336 0
1670596153456 0.37933333333333336 0
1670596154151 0.37033333333333335 0
1670596154877 0.37366666666666665 0
1670596155918 0.379 0
1670596156920 0.37633333333333335 0
1670596157778 0.38666666666666666 0
1670596158569 0.37566666666666665 0
1670596159493 0.37966666666666665 0
1670596160401 0.37666666666666665 0
1670596161406 0.37633333333333335 0
1670596162228 0.378 0
1670596163170 0.38233333333333336 0
1670596163972 0.381 0
1670596164880 0.37966666666666665 0
1670596165916 0.38333333333333336 0
1670596166911 0.37733333333333335 0
1670596167930 0.38533333333333336 0
1670596168957 0.379 0
1670596169962 0.38 0
1670596170648 0.37533333333333335 0
1670596171838 0.38566666666666666 0
1670596172715 0.381 0
1670596173530 0.37733333333333335 0
1670596174398 0.376 0
1670596175496 0.38066666666666665 0
1670596176347 0.38233333333333336 0
1670596177405 0.378 0
1670596178116 0.37966666666666665 0
1670596179063 0.38033333333333336 0
1670596179915 0.37733333333333335 0
1670596180793 0.37533333333333335 0
1670596181515 0.37966666666666665 0
1670596182233 0.38433333333333336 0
1670596183092 0.37866666666666665 0
1670596184199 0.379 0
1670596185007 0.37666666666666665 0
1670596185868 0.38133333333333336 0
1670596186549 0.37966666666666665 0
1670596187503 0.37733333333333335 0
1670596188476 0.37833333333333335 0
1670596189385 0.37533333333333335 0
1670596190313 0.37933333333333336 0
1670596191101 0.37633333333333335 0
1670596191877 0.37766666666666665 0
1670596192558 0.38366666666666666 0
1670596193529 0.378 0
1670596194400 0.375 0
1670596195228 0.383 0
1670596196100 0.38 0
1670596197280 0.37566666666666665 0
1670596198259 0.374 0
1670596199181 0.37633333333333335 0
1670596200141 0.384 0
1670596201109 0.375 0
1670596202005 0.37466666666666665 0
1670596202848 0.37666666666666665 0
1670596203705 0.38066666666666665 0
1670596204455 0.379 0
1670596205429 0.37966666666666665 0
1670596206208 0.37966666666666665 0
1670596207019 0.38166666666666665 0
1670596207744 0.378 0
1670596208433 0.38033333333333336 0
1670596209094 0.37533333333333335 0
1670596209836 0.37133333333333335 0
1670596210561 0.37466666666666665 0
1670596211259 0.37866666666666665 0
1670596211935 0.38066666666666665 0
1670596212742 0.38033333333333336 0
1670596213544 0.377 0
1670596214234 0.38 0
1670596214962 0.372 0
1670596216016 0.37966666666666665 0
1670596216824 0.37833333333333335 0
1670596217797 0.37866666666666665 0
1670596218450 0.383 0
1670596219425 0.37866666666666665 0
1670596220409 0.38033333333333336 0
1670596221138 0.38 0
1670596222034 0.384 0
1670596223065 0.38666666666666666 0
1670596223943 0.37266666666666665 0
1670596225227 0.378 0
1670596225939 0.37633333333333335 0
1670596226849 0.37866666666666665 0
1670596227905 0.378 0
1670596228719 0.37766666666666665 0
1670596229826 0.38166666666666665 0
1670596230735 0.37433333333333335 0
1670596231750 0.387 0
1670596232674 0.37733333333333335 0
1670596233447 0.38266666666666665 0
1670596234147 0.38133333333333336 0
1670596235005 0.378 0
1670596235769 0.385 0
1670596236548 0.38033333333333336 0
1670596237437 0.37833333333333335 0
1670596238208 0.378 0
1670596238970 0.379 0
1670596239854 0.37866666666666665 0
1670596240662 0.381 0
1670596241595 0.37866666666666665 0
1670596242391 0.38066666666666665 0
1670596243232 0.375 0
1670596244212 0.37566666666666665 0
1670596245209 0.37766666666666665 0
1670596245862 0.379 0
1670596246584 0.38333333333333336 0
1670596247588 0.37966666666666665 0
1670596248438 0.38066666666666665 0
1670596249353 0.382 0
1670596250104 0.37666666666666665 0
1670596250904 0.379 0
1670596251811 0.38033333333333336 0
1670596252571 0.374 0
1670596253545 0.38033333333333336 0
1670596254288 0.381 0
1670596255229 0.37966666666666665 0
1670596256033 0.375 0
1670596257124 0.38133333333333336 0
1670596257959 0.379 0
1670596258875 0.383 0
1670596259684 0.38533333333333336 0
1670596260620 0.381 0
1670596261637 0.38366666666666666 0
1670596262496 0.37866666666666665 0
1670596263268 0.376 0
1670596264341 0.375 0
1670596265205 0.37866666666666665 0
1670596266481 0.37333333333333335 0
1670596267252 0.37766666666666665 0
1670596267922 0.37733333333333335 0
1670596268621 0.377 0
1670596269442 0.376 0
1670596270139 0.38366666666666666 0
1670596270791 0.38033333333333336 0
1670596271497 0.37566666666666665 0
1670596272197 0.38066666666666665 0
1670596272900 0.37766666666666665 0
1670596273642 0.37133333333333335 0
1670596274560 0.378 0
1670596275561 0.383 0
1670596276411 0.38066666666666665 0
1670596277088 0.38033333333333336 0
1670596278107 0.37433333333333335 0
1670596279007 0.381 0
1670596279922 0.38866666666666666 0
1670596280781 0.38133333333333336 0
1670596281651 0.376 0
1670596282542 0.38033333333333336 0
1670596283504 0.37566666666666665 0
1670596284202 0.37833333333333335 0
