1670610057887 0.0 0
1670610059725 0.0 0
1670610062014 0.0 0
1670610064719 0.0 0
1670610067228 0.0 0
1670610069772 0.0 0
1670610072338 0.0 0
1670610074609 0.0 0
1670610076867 0.0 0
1670610079517 0.0 0
1670610081755 0.0 0
1670610083998 0.0 0
1670610085819 0.0 0
1670610087760 0.0 0
1670610089552 0.0 0
1670610091620 0.0 0
1670610093599 0.0 0
1670610095669 0.0 0
1670610097514 0.0 0
1670610099526 0.0 0
1670610101284 0.0 0
1670610103259 0.0 0
1670610105579 0.0 0
1670610107972 0.0 0
1670610110286 0.0 0
1670610112423 0.0 0
1670610115158 0.0 0
1670610117341 0.0 0
1670610119447 0.0 0
1670610121342 0.0 0
1670610123753 0.0 0
1670610125632 0.0 0
1670610128493 0.0 0
1670610131010 0.0 0
1670610133210 0.0 0
1670610135670 0.0 0
1670610137485 0.0 0
1670610139709 0.0 0
1670610142260 0.0 0
1670610144283 0.0 0
1670610146533 0.0 0
1670610149084 5.907915517219704e-05 0
1670610151909 5.841974244757911e-05 0
1670610154597 5.77819123495937e-05 0
1670610156989 5.7164513515864024e-05 0
1670610159246 5.656647871570928e-05 0
1670610161404 5.598681711346826e-05 0
1670610164150 5.5424607383322704e-05 0
1670610165892 5.487899156712152e-05 0
1670610168013 5.4349169582340315e-05 0
1670610170558 5.383439430044025e-05 0
1670610172872 5.333396712695755e-05 0
1670610174940 5.284723402401371e-05 0
1670610177165 5.237358192387612e-05 0
1670610179416 7.274479719061104e-05 0
1670610181460 7.212728312562929e-05 0
1670610183590 7.152520388601693e-05 0
1670610185431 7.093792825117711e-05 0
1670610187670 7.036486048530808e-05 0
1670610189606 6.98054378187434e-05 0
1670610191694 6.925912814388994e-05 0
1670610193845 6.872542790453883e-05 0
1670610195955 6.82038601597028e-05 0
1670610198195 6.769397280521705e-05 0
1670610200689 6.71953369381662e-05 0
1670610202960 6.670754535080467e-05 0
1670610205836 6.623021114205079e-05 0
1670610208771 6.57629664358798e-05 0
1670610211844 6.530546119704214e-05 0
1670610214907 6.485736213550681e-05 0
1670610218045 6.441835169189322e-05 0
1670610220766 6.398812709692212e-05 0
1670610223867 6.356639949859635e-05 0
1670610226689 6.315289315143219e-05 0
1670610229595 6.274734466260126e-05 0
1670610232683 6.23495022903287e-05 0
1670610235602 6.195912529032607e-05 0
1670610238113 6.157598330642518e-05 0
1670610240803 6.119985580192793e-05 0
1670610243611 6.083053152849941e-05 0
1670610246015 6.046780802971332e-05 0
1670610249005 6.011149117661252e-05 0
1670610251568 5.976139473287562e-05 0
1670610254143 5.941733994738733e-05 0
1670610256604 5.907915517219704e-05 0
1670610258756 5.874667550401879e-05 0
1670610261174 5.8419742447579095e-05 0
1670610263598 5.8098203599257826e-05 0
1670610265657 5.77819123495937e-05 0
1670610267853 5.747072760334044e-05 0
1670610269639 5.7164513515864024e-05 0
1670610271721 5.686313924476657e-05 0
1670610273877 5.656647871570928e-05 0
1670610276196 5.6274410401485565e-05 0
1670610278606 5.5986817113468266e-05 0
1670610281214 5.5703585804620854e-05 0
1670610283389 5.542460738332271e-05 0
1670610285634 5.5149776537314685e-05 0
1670610287980 5.487899156712152e-05 0
1670610290601 5.4612154228354404e-05 0
1670610292730 5.43491695823403e-05 0
