1670606209764 0.010164963789145675 0
1670606212096 0.003245263917238478 0
1670606214253 0.0023113851402079676 0
1670606215559 0.0018715793834719234 0
1670606216805 0.0016964974583809017 0
1670606219209 0.0018470471882944695 0
1670606221837 0.0017123128994256187 0
1670606224096 0.001579462686767119 0
1670606226176 0.0016660292217417008 0
1670606228452 0.001564818505939385 0
1670606230829 0.0016086275640056075 0
1670606233047 0.0015758058343297585 0
1670606236028 0.0015421943186909167 0
1670606238326 0.0017776301225208612 0
1670606241349 0.0017116001039345847 0
1670606243644 0.0016577169974109716 0
1670606245669 0.0016112277372782862 0
1670606247627 0.0018007071793066471 0
1670606249628 0.0018058322377706197 0
1670606251691 0.0017974352934969943 0
1670606254024 0.0017507833227165042 0
1670606255346 0.0017075903767414826 0
1670606257466 0.0016868511460389844 0
1670606259501 0.0016662399029206262 0
1670606261279 0.00163693281989507 0
1670606263526 0.0016227098211929287 0
1670606265327 0.0015928510574557894 0
1670606267638 0.001577797083545952 0
1670606269535 0.001486589579093552 0
1670606271427 0.0014784296035908247 0
1670606273822 0.0016061225458498538 0
1670606275812 0.0015841754939939605 0
1670606277548 0.0016779244395837163 0
1670606279536 0.0016587798878792007 0
1670606281710 0.0016549015980892772 0
1670606283929 0.0016540162272268783 0
1670606285945 0.0016335168575070539 0
1670606288105 0.0016234933692820617 0
1670606290348 0.0016030720241379838 0
1670606292474 0.0015881291623485849 0
1670606294799 0.0015794842625702302 0
1670606296968 0.0015792199757925602 0
1670606298812 0.0016464651970381921 0
1670606301247 0.0016358043521695809 0
1670606303420 0.0016180239144069856 0
1670606305425 0.0016060168277723802 0
1670606307682 0.0015996161137431467 0
1670606309889 0.001586393239275996 0
1670606311847 0.0016426322399294233 0
1670606313825 0.0016369118169190216 0
1670606315935 0.001621195190256287 0
1670606318161 0.0016307666778735503 0
1670606319803 0.0016670089046484735 0
1670606321732 0.001651898653556666 0
1670606323857 0.0016479308829178418 0
1670606326063 0.0016571304837005587 0
1670606328181 0.0016534023184426897 0
1670606330025 0.0016413370010843458 0
1670606331829 0.0016426712161241855 0
1670606333842 0.0016507728437775288 0
1670606336099 0.0016385920313599263 0
1670606337906 0.001627815683812049 0
1670606340100 0.001618813662839543 0
1670606342345 0.0016067376272652844 0
1670606344580 0.0016141857246402685 0
1670606347078 0.0016184816905088122 0
1670606349597 0.0016254434222179358 0
1670606351810 0.001613639653714285 0
1670606354318 0.001602089357784539 0
1670606356262 0.001597437857897798 0
1670606358211 0.0015962981188968961 0
1670606360207 0.0015853450559724837 0
1670606361987 0.0015767870016945218 0
1670606364425 0.0015662629106589065 0
1670606366147 0.0015624218224505734 0
1670606368576 0.0015574068665388649 0
1670606370801 0.0015794700671977271 0
1670606373342 0.0015841241869790424 0
1670606375814 0.0015845433049322703 0
1670606377800 0.0016132907098734932 0
1670606379675 0.0016040005038856706 0
1670606382152 0.0016149092126293866 0
1670606384718 0.0016059006122862258 0
1670606388189 0.0016106189112282468 0
1670606391347 0.001601765914148256 0
1670606393884 0.0016969076023456396 0
1670606396408 0.0016992888306448396 0
1670606398544 0.0017032841169585871 0
1670606400435 0.001695527938501272 0
1670606476532 0.001687869932189427 0
1670606478687 0.001679351841022878 0
1670606480544 0.001672586302717033 0
1670606482498 0.0016653468816524705 0
1670606484472 0.0016884138326420531 0
1670606485782 0.0016840458212210767 0
1670606488525 0.0016757723466164062 0
1670606490703 0.0016677151387649329 0
1670606493284 0.001675631670915262 0
1670606495588 0.0016888066948799764 0
1670606498177 0.0016882010463153167 0
1670606500606 0.0016904077102307142 0
