1670598951187 0.014166666666666666 0
1670598952708 0.013666666666666667 0
1670598954100 0.014333333333333333 0
1670598955602 0.016166666666666666 0
1670598957047 0.016 0
1670598958410 0.01633333333333333 0
1670598959887 0.011833333333333333 0
1670598961195 0.01 0
1670598962727 0.014333333333333333 0
1670598964160 0.014166666666666666 0
1670598965695 0.015333333333333332 0
1670598967258 0.015333333333333332 0
1670598968626 0.0145 0
1670598970238 0.014 0
1670598971617 0.018166666666666668 0
1670598973020 0.011333333333333334 0
1670598974430 0.014833333333333334 0
1670598976042 0.014333333333333333 0
1670598977503 0.013166666666666667 0
1670598978686 0.015 0
1670598980099 0.013833333333333333 0
1670598981557 0.0125 0
1670598982891 0.013333333333333334 0
1670598984300 0.013166666666666667 0
1670598985734 0.013666666666666667 0
1670598987199 0.013333333333333334 0
1670598988483 0.012 0
1670598989766 0.013166666666666667 0
1670598991130 0.013166666666666667 0
1670598992487 0.015 0
1670598993682 0.012 0
1670598994961 0.013333333333333334 0
1670598996450 0.015666666666666666 0
1670598997794 0.013 0
1670598999040 0.011333333333333334 0
1670599000329 0.012833333333333334 0
1670599001601 0.014166666666666666 0
1670599002894 0.012 0
1670599004279 0.0155 0
1670599005936 0.014666666666666666 0
1670599007154 0.012166666666666666 0
1670599008593 0.0125 0
1670599010139 0.016833333333333332 0
1670599011577 0.0145 0
1670599012943 0.013166666666666667 0
1670599014442 0.014 0
1670599015902 0.015333333333333332 0
1670599017321 0.010666666666666666 0
1670599018706 0.014166666666666666 0
1670599020090 0.013166666666666667 0
1670599021523 0.012833333333333334 0
1670599023338 0.013 0
1670599024612 0.012333333333333333 0
1670599026037 0.012333333333333333 0
1670599027716 0.014666666666666666 0
1670599029088 0.0145 0
1670599030537 0.014 0
1670599031987 0.013833333333333333 0
1670599033289 0.014333333333333333 0
1670599034637 0.013166666666666667 0
1670599036235 0.014 0
1670599037922 0.0115 0
1670599040035 0.015166666666666667 0
1670599041507 0.013166666666666667 0
1670599043209 0.013666666666666667 0
1670599045008 0.015333333333333332 0
1670599046689 0.013 0
1670599048615 0.013666666666666667 0
1670599050241 0.011333333333333334 0
1670599052270 0.0145 0
1670599053974 0.015833333333333335 0
1670599055451 0.014666666666666666 0
1670599057150 0.015 0
1670599059026 0.012833333333333334 0
1670599060495 0.013166666666666667 0
1670599062054 0.015833333333333335 0
1670599063882 0.012666666666666666 0
1670599065526 0.015166666666666667 0
1670599067048 0.018333333333333333 0
1670599068525 0.010833333333333334 0
1670599070121 0.013333333333333334 0
1670599071884 0.015166666666666667 0
1670599073597 0.013333333333333334 0
1670599075490 0.0145 0
1670599076994 0.0135 0
1670599078412 0.015 0
1670599079800 0.014666666666666666 0
1670599081909 0.014166666666666666 0
1670599083323 0.014666666666666666 0
1670599084834 0.015666666666666666 0
1670599086266 0.012666666666666666 0
1670599087984 0.016166666666666666 0
1670599089267 0.014166666666666666 0
1670599090673 0.014166666666666666 0
1670599092184 0.015166666666666667 0
1670599093682 0.014666666666666666 0
1670599095209 0.014833333333333334 0
1670599096774 0.012833333333333334 0
1670599098115 0.013333333333333334 0
1670599099463 0.0145 0
1670599100718 0.013 0
1670599102602 0.015166666666666667 0
1670599104229 0.014833333333333334 0
1670599105836 0.012833333333333334 0
1670599107394 0.015 0
1670599108916 0.012833333333333334 0
1670599110671 0.013 0
1670599112262 0.016166666666666666 0
1670599113835 0.014166666666666666 0
1670599115674 0.013333333333333334 0
1670599117468 0.013 0
1670599119065 0.015833333333333335 0
1670599120657 0.0165 0
1670599122452 0.0135 0
1670599124196 0.014666666666666666 0
1670599125902 0.012833333333333334 0
1670599127401 0.011166666666666667 0
1670599129211 0.0155 0
1670599130805 0.0125 0
1670599132708 0.016666666666666666 0
1670599134404 0.015 0
1670599135945 0.017333333333333333 0
1670599137495 0.0135 0
1670599139146 0.0165 0
1670599140493 0.013666666666666667 0
1670599142280 0.012 0
1670599143843 0.014166666666666666 0
1670599145318 0.011166666666666667 0
1670599147233 0.014 0
1670599148602 0.015 0
1670599149977 0.011666666666666667 0
1670599151439 0.014833333333333334 0
1670599152925 0.0155 0
1670599154808 0.0135 0
1670599156649 0.012666666666666666 0
1670599158521 0.016 0
1670599160139 0.009666666666666667 0
