1670598952713 0.006353102368216033 0
1670598954106 0.0024377011366700924 0
1670598955609 0.006024273627713345 0
1670598957054 0.005656805809450787 0
1670598958418 0.005545741218849962 0
1670598959893 0.007442675955307478 0
1670598961202 0.009899290276035404 0
1670598962733 0.009110228758498939 0
1670598964167 0.008478982970060743 0
1670598965702 0.008118062328008421 0
1670598967263 0.007797972431518103 0
1670598968632 0.007420011993620024 0
1670598970245 0.0070985405217032435 0
1670598971623 0.007968241676940154 0
1670598973026 0.008357148085872642 0
1670598974439 0.00807786849617919 0
1670598976048 0.007813057252756057 0
1670598977510 0.007657657243258981 0
1670598978693 0.007461858253111931 0
1670598980104 0.0072719651300216966 0
1670598981563 0.007257543456361072 0
1670598982897 0.00712006852431625 0
1670598984310 0.007005208891239411 0
1670598985751 0.0068594886451634265 0
1670598987206 0.006742419545701905 0
1670598988489 0.00680347247543652 0
1670598989771 0.006701250405397284 0
1670598991139 0.006603161418228469 0
1670598992493 0.006253900190328874 0
1670598993689 0.006307061039030212 0
1670598994968 0.006221544515070808 0
1670598996455 0.00623772583186449 0
1670598997800 0.00617912653127136 0
1670598999048 0.006324716812199769 0
1670599000336 0.0062720065749527695 0
1670599001608 0.00619009793180182 0
1670599002901 0.006217591827022809 0
1670599004285 0.006226815027612225 0
1670599005943 0.006168958749282014 0
1670599007159 0.006179364246211721 0
1670599008599 0.0061565077170948265 0
1670599010145 0.006343981146500831 0
1670599011584 0.006282460808886458 0
1670599012950 0.006225875961155699 0
1670599014456 0.006158329815043783 0
1670599015911 0.0061487475394183064 0
1670599017330 0.006347493287338541 0
1670599018712 0.006285161836243808 0
1670599020095 0.006232849826237192 0
1670599021529 0.00619485176480402 0
1670599023345 0.006150242983222934 0
1670599024617 0.006141180401573137 0
1670599026043 0.006130655442078942 0
1670599027723 0.006094250327187514 0
1670599029094 0.0060520782464993685 0
1670599030543 0.005999975142491428 0
1670599031993 0.005948116893310361 0
1670599033294 0.005904375199659206 0
1670599034643 0.005863040749607992 0
1670599036241 0.005815916831775082 0
1670599037928 0.005877020838671185 0
1670599040040 0.005872141217068541 0
1670599041513 0.005833202811513203 0
1670599043214 0.005788297727864529 0
1670599045020 0.005794177445567664 0
1670599046696 0.0057624914326922 0
1670599048627 0.005720137138938141 0
1670599050247 0.0057911940433738925 0
1670599052278 0.0057609806102911654 0
1670599053980 0.005801748575212628 0
1670599055458 0.0057761389559974705 0
1670599057156 0.005763408088828824 0
1670599059032 0.005740840030425031 0
1670599060500 0.005709136313299036 0
1670599062060 0.005745611926522159 0
1670599063888 0.005730315385870353 0
1670599065532 0.00572594078097494 0
1670599067053 0.006025952994319857 0
1670599068532 0.006131607530469346 0
1670599070126 0.006097324315025382 0
1670599071889 0.006087793420510912 0
1670599073603 0.006054785951377846 0
1670599075496 0.0060254286486311134 0
1670599077000 0.005991556577080096 0
1670599078425 0.005976829997598186 0
1670599079806 0.005952291631121645 0
1670599081915 0.005919797032559123 0
1670599083329 0.0058959215607081 0
1670599084841 0.00590952146403406 0
1670599086273 0.005898083945402565 0
1670599087990 0.0059395219753347085 0
1670599089276 0.005908497136876084 0
1670599090680 0.005877952799879108 0
1670599092190 0.005868705073068456 0
1670599093688 0.005845666735168047 0
1670599095218 0.005826558700451932 0
1670599096780 0.005812970394825423 0
1670599098121 0.005788161457063566 0
1670599099469 0.0057636272691625814 0
1670599100725 0.005746208637047478 0
1670599102609 0.005738396872953425 0
1670599104238 0.005721100817445021 0
1670599105843 0.005709111637597098 0
1670599107400 0.005696590382826671 0
1670599108922 0.0056850020807504426 0
1670599110678 0.00566910927548772 0
1670599112269 0.005705726678167508 0
1670599113841 0.0056801434203629445 0
1670599115680 0.005658751581980058 0
1670599117473 0.005643801034053998 0
1670599119072 0.005662446353792518 0
1670599120663 0.0057150219066538326 0
1670599122459 0.00569243451001953 0
1670599124203 0.005673454372641263 0
1670599125915 0.005663857083029628 0
1670599127408 0.005728771723777821 0
1670599129218 0.005732165529025706 0
1670599130812 0.005731443772118672 0
1670599132715 0.005789975162494326 0
1670599134410 0.0057778694449940465 0
1670599135952 0.005875962109125117 0
1670599137501 0.005854601678653766 0
1670599139152 0.00589702103198355 0
1670599140500 0.005874604933023449 0
1670599142287 0.005892728642626327 0
1670599143858 0.005869799547677676 0
1670599145325 0.0059275824628666 0
1670599147239 0.005904571614577716 0
1670599148617 0.0058923802808696635 0
1670599149994 0.005922589079970923 0
1670599151446 0.005907565159304681 0
1670599152930 0.005908158362663819 0
1670599154815 0.005888286753738049 0
1670599156655 0.005882900385415113 0
1670599158526 0.005900703132821816 0
1670599160147 0.00605276815948446 0
