1670595809523 0.0013333333333333333 0
1670595810643 0.0033333333333333335 0
1670595811503 0.0013333333333333333 0
1670595812250 0.0003333333333333333 0
1670595813004 0.0016666666666666668 0
1670595813894 0.0006666666666666666 0
1670595814765 0.0006666666666666666 0
1670595815597 0.0016666666666666668 0
1670595816879 0.001 0
1670595817683 0.0013333333333333333 0
1670595818456 0.003 0
1670595819359 0.0016666666666666668 0
1670595820276 0.002 0
1670595821220 0.0003333333333333333 0
1670595822253 0.001 0
1670595823082 0.0003333333333333333 0
1670595824024 0.0016666666666666668 0
1670595825122 0.002 0
1670595826082 0.0003333333333333333 0
1670595827085 0.0006666666666666666 0
1670595828083 0.0016666666666666668 0
1670595828833 0.0006666666666666666 0
1670595829788 0.0003333333333333333 0
1670595830860 0.0016666666666666668 0
1670595831669 0.0003333333333333333 0
1670595832620 0.0006666666666666666 0
1670595833664 0.0013333333333333333 0
1670595834714 0.0013333333333333333 0
1670595835514 0.0023333333333333335 0
1670595836321 0.001 0
1670595837384 0.002 0
1670595838373 0.0006666666666666666 0
1670595839181 0.0016666666666666668 0
1670595840247 0.0006666666666666666 0
1670595841117 0.0003333333333333333 0
1670595841998 0.0006666666666666666 0
1670595842829 0.0016666666666666668 0
1670595843824 0.001 0
1670595844697 0.002 0
1670595845766 0.0006666666666666666 0
1670595846649 0.0006666666666666666 0
1670595847526 0.0006666666666666666 0
1670595848307 0.0003333333333333333 0
1670595849244 0.0006666666666666666 0
1670595850019 0.0016666666666666668 0
1670595850849 0.001 0
1670595851781 0.0026666666666666666 0
1670595852700 0.001 0
1670595853854 0.0016666666666666668 0
1670595854936 0.0013333333333333333 0
1670595855766 0.0006666666666666666 0
1670595856952 0.0023333333333333335 0
1670595858090 0.0016666666666666668 0
1670595858893 0.0026666666666666666 0
1670595859951 0.0006666666666666666 0
1670595860935 0.0003333333333333333 0
1670595861791 0.002 0
1670595862860 0.001 0
1670595863774 0.002 0
1670595864956 0.001 0
1670595866111 0.0013333333333333333 0
1670595867293 0.0013333333333333333 0
1670595868366 0.0023333333333333335 0
1670595869460 0.0003333333333333333 0
1670595870407 0.001 0
1670595871280 0.0013333333333333333 0
1670595872105 0.003 0
1670595872885 0.0006666666666666666 0
1670595873953 0.0013333333333333333 0
1670595875043 0.0016666666666666668 0
1670595875980 0.0006666666666666666 0
1670595876824 0.001 0
1670595877881 0.0003333333333333333 0
1670595878968 0.0016666666666666668 0
1670595879750 0.0006666666666666666 0
1670595880733 0.001 0
1670595881676 0.001 0
1670595882502 0.001 0
1670595883330 0.0006666666666666666 0
1670595884175 0.001 0
1670595885185 0.0026666666666666666 0
1670595886041 0.001 0
1670595887121 0.001 0
1670595888063 0.0016666666666666668 0
1670595889040 0.0 0
1670595889964 0.001 0
1670595890865 0.001 0
1670595891820 0.0016666666666666668 0
1670595892643 0.002 0
1670595893670 0.001 0
1670595894732 0.0016666666666666668 0
1670595895592 0.0023333333333333335 0
1670595896473 0.0013333333333333333 0
1670595897257 0.0013333333333333333 0
1670595898129 0.0016666666666666668 0
1670595898960 0.0003333333333333333 0
1670595900042 0.0036666666666666666 0
1670595900847 0.001 0
1670595901778 0.0016666666666666668 0
1670595902824 0.0013333333333333333 0
1670595903603 0.0003333333333333333 0
1670595904598 0.0006666666666666666 0
1670595905400 0.0016666666666666668 0
1670595906503 0.001 0
1670595907741 0.0016666666666666668 0
1670595908641 0.001 0
1670595909467 0.0016666666666666668 0
1670595910433 0.0006666666666666666 0
1670595911232 0.0013333333333333333 0
1670595912021 0.001 0
1670595912906 0.0026666666666666666 0
1670595913935 0.001 0
1670595914946 0.001 0
1670595915990 0.0013333333333333333 0
1670595916997 0.001 0
1670595918141 0.0006666666666666666 0
1670595919154 0.001 0
1670595919971 0.0023333333333333335 0
1670595920988 0.002 0
1670595921891 0.0013333333333333333 0
1670595922845 0.001 0
1670595923734 0.0023333333333333335 0
1670595924711 0.001 0
1670595925868 0.0023333333333333335 0
1670595926884 0.003 0
1670595927709 0.0013333333333333333 0
1670595928829 0.002 0
1670595929795 0.0013333333333333333 0
1670595930657 0.0003333333333333333 0
1670595931591 0.0006666666666666666 0
1670595932747 0.001 0
1670595933841 0.0006666666666666666 0
1670595934705 0.002 0
1670595935795 0.0 0
1670595936853 0.001 0
1670595937854 0.001 0
1670595939090 0.002 0
1670595939992 0.0006666666666666666 0
1670595941025 0.002 0
1670595941948 0.0013333333333333333 0
1670595943119 0.002 0
1670595943943 0.0016666666666666668 0
1670595944764 0.0023333333333333335 0
1670595946059 0.0016666666666666668 0
1670595946953 0.0013333333333333333 0
1670595947837 0.001 0
1670595948923 0.0006666666666666666 0
1670595949992 0.0006666666666666666 0
1670595951029 0.0026666666666666666 0
1670595952156 0.0013333333333333333 0
1670595953318 0.0006666666666666666 0
1670595954170 0.0016666666666666668 0
1670595955114 0.0023333333333333335 0
1670595956196 0.0006666666666666666 0
1670595957192 0.0026666666666666666 0
1670595958250 0.0006666666666666666 0
1670595959434 0.001 0
1670595960425 0.0013333333333333333 0
1670595961452 0.0026666666666666666 0
1670595962423 0.0013333333333333333 0
1670595963515 0.001 0
1670595964530 0.0013333333333333333 0
1670595965646 0.002 0
1670595966727 0.0016666666666666668 0
1670595968058 0.0023333333333333335 0
1670595969072 0.0006666666666666666 0
1670595970141 0.0006666666666666666 0
1670595970989 0.002 0
1670595971855 0.0023333333333333335 0
1670595972862 0.001 0
1670595974127 0.0016666666666666668 0
1670595975189 0.0023333333333333335 0
1670595976156 0.0013333333333333333 0
1670595977079 0.0003333333333333333 0
1670595977916 0.001 0
1670595979034 0.001 0
1670595979880 0.0006666666666666666 0
1670595981363 0.0006666666666666666 0
1670595982350 0.002 0
1670595983248 0.0 0
1670595984263 0.0033333333333333335 0
1670595985338 0.0006666666666666666 0
1670595986181 0.0026666666666666666 0
