1670591809435 0.057666666666666665 0
1670591810257 0.065 0
1670591811080 0.058666666666666666 0
1670591811909 0.056666666666666664 0
1670591812742 0.04833333333333333 0
1670591813576 0.05533333333333333 0
1670591814284 0.05266666666666667 0
1670591815069 0.059333333333333335 0
1670591815858 0.05733333333333333 0
1670591816802 0.05266666666666667 0
1670591817551 0.06766666666666667 0
1670591818421 0.06233333333333333 0
1670591819223 0.050333333333333334 0
1670591820288 0.05566666666666667 0
1670591821037 0.05266666666666667 0
1670591821925 0.062 0
1670591823153 0.059333333333333335 0
1670591823908 0.05433333333333333 0
1670591824649 0.06333333333333334 0
1670591825407 0.059 0
1670591826181 0.05466666666666667 0
1670591827012 0.052333333333333336 0
1670591827914 0.054 0
1670591828674 0.05466666666666667 0
1670591829466 0.05333333333333334 0
1670591830216 0.057 0
1670591830996 0.054 0
1670591831800 0.050666666666666665 0
1670591832525 0.05733333333333333 0
1670591833249 0.059666666666666666 0
1670591834024 0.05366666666666667 0
1670591834738 0.058333333333333334 0
1670591835616 0.06433333333333334 0
1670591836396 0.05566666666666667 0
1670591837442 0.05466666666666667 0
1670591838341 0.060333333333333336 0
1670591839133 0.053 0
1670591839933 0.058666666666666666 0
1670591840882 0.059666666666666666 0
1670591841927 0.05533333333333333 0
1670591842689 0.058333333333333334 0
1670591843518 0.061 0
1670591844529 0.06266666666666666 0
1670591845283 0.058 0
1670591846212 0.06066666666666667 0
1670591847093 0.058 0
1670591847914 0.05266666666666667 0
1670591848711 0.06233333333333333 0
1670591849681 0.057 0
1670591850599 0.058333333333333334 0
1670591851580 0.051 0
1670591852527 0.05466666666666667 0
1670591853398 0.059 0
1670591854371 0.059333333333333335 0
1670591855206 0.05566666666666667 0
1670591855945 0.05633333333333333 0
1670591856710 0.058333333333333334 0
1670591857676 0.057666666666666665 0
1670591858513 0.06566666666666666 0
1670591859537 0.05466666666666667 0
1670591860320 0.05366666666666667 0
1670591861370 0.058333333333333334 0
1670591862273 0.06166666666666667 0
1670591863096 0.051 0
1670591863851 0.04933333333333333 0
1670591864621 0.05533333333333333 0
1670591865412 0.058333333333333334 0
1670591866154 0.061 0
1670591867111 0.05 0
1670591867868 0.060333333333333336 0
1670591868828 0.053 0
1670591869653 0.060333333333333336 0
1670591870641 0.05633333333333333 0
1670591871393 0.055 0
1670591872124 0.06333333333333334 0
1670591873116 0.056666666666666664 0
1670591874145 0.05 0
1670591874905 0.058333333333333334 0
1670591875941 0.05266666666666667 0
1670591876995 0.060333333333333336 0
1670591877825 0.059 0
1670591878731 0.06 0
1670591879537 0.05533333333333333 0
1670591880339 0.05633333333333333 0
1670591881108 0.06 0
1670591881959 0.05433333333333333 0
1670591882874 0.059666666666666666 0
1670591883630 0.06333333333333334 0
1670591884392 0.05633333333333333 0
1670591885423 0.057666666666666665 0
1670591886450 0.056 0
1670591887246 0.059666666666666666 0
1670591888006 0.056666666666666664 0
1670591888845 0.057 0
1670591889643 0.06266666666666666 0
1670591890439 0.06066666666666667 0
1670591891249 0.06966666666666667 0
1670591892050 0.05 0
1670591892870 0.058 0
1670591893721 0.048 0
1670591894544 0.058666666666666666 0
1670591895359 0.05733333333333333 0
1670591896127 0.058666666666666666 0
1670591897114 0.059333333333333335 0
1670591897919 0.051333333333333335 0
1670591898996 0.05533333333333333 0
1670591899828 0.059333333333333335 0
1670591900591 0.053 0
1670591901427 0.049666666666666665 0
1670591902183 0.055 0
1670591903117 0.05733333333333333 0
1670591904132 0.06 0
1670591905177 0.05533333333333333 0
1670591906059 0.05466666666666667 0
1670591906774 0.054 0
1670591907904 0.060333333333333336 0
1670591908908 0.058333333333333334 0
1670591909695 0.06433333333333334 0
1670591910742 0.05333333333333334 0
1670591911711 0.05733333333333333 0
1670591912522 0.057 0
1670591913300 0.059333333333333335 0
1670591914024 0.051666666666666666 0
1670591915158 0.060333333333333336 0
1670591915877 0.05433333333333333 0
1670591916657 0.05366666666666667 0
1670591917702 0.05733333333333333 0
1670591918536 0.05366666666666667 0
1670591919505 0.058666666666666666 0
1670591920385 0.063 0
1670591921166 0.05466666666666667 0
1670591921892 0.052333333333333336 0
1670591922742 0.05466666666666667 0
1670591923539 0.05266666666666667 0
1670591924638 0.054 0
1670591925484 0.05566666666666667 0
1670591926843 0.05533333333333333 0
1670591927607 0.049 0
1670591928428 0.05566666666666667 0
1670591929360 0.059666666666666666 0
1670591930126 0.058 0
1670591930915 0.056666666666666664 0
1670591931677 0.05533333333333333 0
1670591932790 0.049666666666666665 0
1670591933652 0.057 0
1670591934465 0.061 0
1670591935387 0.06533333333333333 0
1670591936259 0.056666666666666664 0
1670591937187 0.06066666666666667 0
1670591938086 0.05633333333333333 0
1670591938863 0.059333333333333335 0
1670591939853 0.053 0
1670591940864 0.05566666666666667 0
1670591942101 0.05633333333333333 0
1670591942788 0.06566666666666666 0
1670591943572 0.05733333333333333 0
1670591944365 0.054 0
1670591945214 0.057 0
1670591946009 0.059666666666666666 0
1670591946950 0.058 0
1670591947671 0.052 0
1670591948431 0.059 0
1670591949215 0.050666666666666665 0
1670591949948 0.057666666666666665 0
1670591950646 0.05633333333333333 0
1670591951395 0.052 0
1670591952213 0.06366666666666666 0
1670591952984 0.05266666666666667 0
1670591954079 0.05566666666666667 0
1670591954950 0.05466666666666667 0
1670591955849 0.061 0
1670591956924 0.060333333333333336 0
1670591957702 0.060333333333333336 0
1670591958614 0.054 0
1670591959489 0.05466666666666667 0
1670591960266 0.05466666666666667 0
1670591961278 0.05333333333333334 0
1670591962007 0.05733333333333333 0
1670591962714 0.055 0
1670591963779 0.054 0
1670591964676 0.058 0
1670591965448 0.052333333333333336 0
1670591966493 0.059 0
1670591967370 0.05333333333333334 0
1670591968062 0.048 0
1670591968879 0.051333333333333335 0
1670591969662 0.05433333333333333 0
1670591970464 0.056666666666666664 0
1670591971332 0.05566666666666667 0
1670591972172 0.05566666666666667 0
1670591972980 0.06233333333333333 0
1670591973888 0.06266666666666666 0
1670591974619 0.05566666666666667 0
1670591975542 0.06466666666666666 0
1670591976317 0.057666666666666665 0
1670591976991 0.051666666666666666 0
1670591977774 0.055 0
1670591978747 0.051666666666666666 0
1670591979504 0.056 0
1670591980233 0.059 0
1670591981017 0.049666666666666665 0
1670591981816 0.05433333333333333 0
1670591982918 0.05633333333333333 0
1670591983593 0.056 0
1670591984343 0.06633333333333333 0
1670591985042 0.06266666666666666 0
1670591985765 0.060333333333333336 0
1670591986708 0.05633333333333333 0
1670591987601 0.05633333333333333 0
1670591988377 0.05333333333333334 0
1670591989153 0.062 0
1670591990109 0.06 0
1670591991084 0.05733333333333333 0
1670591992170 0.061 0
