1670593463396 0.0 0
1670593463656 0.0 0
1670593463966 0.0 0
1670593464325 0.0 0
1670593464586 0.0 0
1670593464855 0.0 0
1670593465111 0.0 0
1670593465352 0.0 0
1670593465606 0.0 0
1670593465857 0.0 0
1670593466237 0.0 0
1670593466489 0.0 0
1670593466726 0.0 0
1670593466979 0.0 0
1670593467249 0.0 0
1670593467601 0.0 0
1670593467857 0.0 0
1670593468120 0.0 0
1670593468466 0.0 0
1670593468808 0.0 0
1670593469031 0.0 0
1670593469331 0.0 0
1670593469677 0.0 0
1670593470061 0.0 0
1670593470403 0.0 0
1670593470674 0.0 0
1670593470921 0.0 0
1670593471186 0.0 0
1670593471563 0.0 0
1670593471819 0.0 0
1670593472100 0.0 0
1670593472395 0.0 0
1670593472674 0.0 0
1670593472997 0.0 0
1670593473278 0.0 0
1670593473514 0.0 0
1670593474054 0.0 0
1670593474361 0.0 0
1670593474704 0.0 0
1670593475098 0.0 0
1670593475370 0.0 0
1670593475646 0.0 0
1670593475889 0.0 0
1670593476164 0.0 0
1670593476413 0.0 0
1670593476727 0.0 0
1670593477151 0.0 0
1670593477430 0.0 0
1670593477710 0.0 0
1670593478011 0.0 0
1670593478495 0.0 0
1670593478729 0.0 0
1670593479165 0.0 0
1670593479379 0.0 0
1670593479624 0.0 0
1670593479882 0.0 0
1670593480132 0.0 0
1670593480592 0.0 0
1670593480844 0.0 0
1670593481198 0.0 0
1670593481551 0.0 0
1670593481895 0.0 0
1670593482120 0.0 0
1670593482379 0.0 0
1670593482746 0.0 0
1670593483003 0.0 0
1670593483271 0.0 0
1670593483519 0.0 0
1670593483843 0.0 0
1670593484257 0.0 0
1670593484499 0.0 0
1670593485007 0.0 0
1670593485275 0.0 0
1670593485580 0.0 0
1670593485839 0.0 0
1670593486138 0.0 0
1670593486436 0.0 0
1670593486693 0.0 0
1670593486960 0.0 0
1670593487236 0.0 0
1670593487780 0.0 0
1670593488045 0.0 0
1670593488294 0.0 0
1670593488565 0.0 0
1670593488944 0.0 0
1670593489195 0.0 0
1670593489572 0.0 0
1670593489900 0.0 0
1670593490162 0.0 0
1670593490407 0.0 0
1670593490799 0.0 0
1670593491056 0.0 0
1670593491337 0.0 0
1670593491658 0.0 0
1670593491895 0.0 0
1670593492129 0.0 0
1670593492656 0.0 0
1670593492912 0.0 0
1670593493156 0.0 0
1670593493428 0.0 0
1670593493665 0.0 0
1670593494133 0.0 0
