1670616483563 0.0 0
1670616484670 0.0 0
1670616485769 0.0 0
1670616486806 0.0 0
1670616487816 0.0 0
1670616488838 0.0 0
1670616489829 0.0 0
1670616490872 0.0 0
1670616491946 0.0 0
1670616492975 0.0 0
1670616493981 0.0 0
1670616495061 0.0 0
1670616496039 0.0 0
1670616497071 0.0 0
1670616498099 0.0 0
1670616499103 0.0 0
1670616500122 0.0 0
1670616501174 0.0 0
1670616502251 0.0 0
1670616503304 0.0 0
1670616504411 0.0 0
1670616505455 0.0 0
1670616506492 0.0 0
1670616507499 0.0 0
1670616508518 0.0 0
1670616509541 0.0 0
1670616510601 0.0 0
1670616511665 0.0 0
1670616512811 0.0 0
1670616513967 0.0 0
1670616515004 0.0 0
1670616516022 0.0 0
1670616517056 0.0 0
1670616518119 0.0 0
1670616519148 0.0 0
1670616520202 0.0 0
1670616521245 0.0 0
1670616522293 0.0 0
1670616523285 0.0 0
1670616524364 0.0 0
1670616525496 0.0 0
1670616526641 0.0 0
1670616527796 0.0 0
1670616528945 0.0 0
1670616530020 0.0 0
1670616531030 0.0 0
1670616532051 0.0 0
1670616533025 0.0 0
1670616534059 0.0 0
1670616535105 0.0 0
1670616536131 0.0 0
1670616537133 0.0 0
1670616538160 0.0 0
1670616539193 0.0 0
1670616540190 0.0 0
1670616541210 0.0 0
1670616542167 0.0 0
1670616543194 0.0 0
1670616544197 0.0 0
1670616545198 0.0 0
1670616546271 0.0 0
1670616547309 0.0 0
1670616548355 0.0 0
1670616549479 0.0 0
1670616550586 0.0 0
1670616551697 0.0 0
1670616552817 0.0 0
1670616553932 0.0 0
1670616555067 0.0 0
1670616556198 0.0 0
1670616557326 0.0 0
1670616558444 0.0 0
1670616559569 0.0 0
1670616560728 0.0 0
1670616561816 0.0 0
1670616562843 0.0 0
1670616563902 0.0 0
1670616564940 0.0 0
1670616565971 0.0 0
1670616566990 0.0 0
1670616568009 0.0 0
1670616569023 0.0 0
1670616570013 0.0 0
1670616571004 0.0 0
1670616571952 0.0 0
1670616572937 0.0 0
1670616573898 0.0 0
1670616574867 0.0 0
1670616575815 0.0 0
1670616576779 0.0 0
1670616577720 0.0 0
1670616578688 0.0 0
1670616579684 0.0 0
1670616580636 0.0 0
1670616581563 0.0 0
1670616582534 0.0 0
1670616583465 0.0 0
1670616584453 0.0 0
1670616585401 0.0 0
1670616586381 0.0 0
1670616587369 0.0 0
1670616588326 0.0 0
