1670639318561 0.002857142857142857 0
1670639322488 0.004142857142857143 0
1670639326829 0.004142857142857143 0
1670639330774 0.005285714285714286 0
1670639334635 0.003285714285714286 0
1670639338388 0.0034285714285714284 0
1670639342723 0.003857142857142857 0
1670639346549 0.0027142857142857142 0
1670639350685 0.002857142857142857 0
1670639354162 0.0035714285714285713 0
1670639357944 0.0024285714285714284 0
1670639361930 0.0035714285714285713 0
1670639365915 0.003 0
1670639370083 0.003285714285714286 0
1670639374047 0.0035714285714285713 0
1670639377733 0.0037142857142857142 0
1670639381213 0.0034285714285714284 0
1670639384818 0.002857142857142857 0
1670639388439 0.004428571428571428 0
1670639392022 0.004571428571428572 0
1670639395371 0.0037142857142857142 0
1670639398471 0.003857142857142857 0
1670639401826 0.002285714285714286 0
1670639405517 0.003857142857142857 0
1670639408900 0.004571428571428572 0
1670639412536 0.0034285714285714284 0
1670639416070 0.0027142857142857142 0
1670639419558 0.0027142857142857142 0
1670639422910 0.0018571428571428571 0
1670639426697 0.004714285714285714 0
1670639430466 0.004857142857142857 0
1670639433670 0.002857142857142857 0
1670639437175 0.004142857142857143 0
1670639440777 0.0034285714285714284 0
1670639444544 0.0025714285714285713 0
1670639448018 0.002857142857142857 0
1670639451688 0.0027142857142857142 0
1670639455259 0.003857142857142857 0
1670639459061 0.003285714285714286 0
1670639462654 0.004428571428571428 0
1670639466232 0.003857142857142857 0
1670639470106 0.004 0
1670639473709 0.003857142857142857 0
1670639477125 0.0037142857142857142 0
1670639480237 0.0034285714285714284 0
1670639483762 0.003857142857142857 0
1670639487340 0.0024285714285714284 0
1670639490804 0.003 0
1670639494414 0.004 0
1670639498262 0.003142857142857143 0
1670639501942 0.003285714285714286 0
1670639505742 0.0024285714285714284 0
1670639509381 0.003 0
1670639512869 0.004 0
1670639516317 0.0037142857142857142 0
1670639519435 0.0034285714285714284 0
1670639523216 0.003285714285714286 0
1670639526958 0.004142857142857143 0
1670639530308 0.0035714285714285713 0
1670639533528 0.003142857142857143 0
1670639537303 0.002857142857142857 0
1670639540832 0.002857142857142857 0
1670639544364 0.004 0
1670639547932 0.0035714285714285713 0
1670639551463 0.005571428571428572 0
1670639555053 0.0035714285714285713 0
1670639558471 0.002857142857142857 0
1670639562067 0.0027142857142857142 0
1670639565799 0.003285714285714286 0
1670639568938 0.003 0
1670639572699 0.0027142857142857142 0
1670639576274 0.004 0
1670639579896 0.003142857142857143 0
1670639583005 0.002285714285714286 0
1670639586622 0.0024285714285714284 0
1670639590323 0.0037142857142857142 0
1670639593859 0.004142857142857143 0
1670639597302 0.003857142857142857 0
1670639601202 0.0035714285714285713 0
1670639604467 0.004428571428571428 0
1670639607991 0.003857142857142857 0
1670639611533 0.003857142857142857 0
1670639615251 0.004 0
1670639619026 0.0025714285714285713 0
1670639622622 0.003 0
1670639626091 0.0024285714285714284 0
1670639629719 0.004142857142857143 0
1670639633000 0.002142857142857143 0
1670639636080 0.0025714285714285713 0
1670639639569 0.003285714285714286 0
1670639642998 0.004285714285714286 0
1670639646174 0.004428571428571428 0
1670639649438 0.0034285714285714284 0
1670639653096 0.004428571428571428 0
1670639656624 0.0034285714285714284 0
1670639660296 0.004 0
1670639663972 0.004857142857142857 0
1670639667315 0.003 0
1670639671179 0.005 0
1670639674760 0.004571428571428572 0
1670639678403 0.003285714285714286 0
1670639681632 0.003 0
1670639685072 0.003285714285714286 0
1670639688721 0.003142857142857143 0
1670639692138 0.004714285714285714 0
1670639695711 0.0034285714285714284 0
1670639699168 0.0034285714285714284 0
1670639702521 0.0035714285714285713 0
1670639706016 0.004 0
1670639709454 0.003142857142857143 0
1670639713115 0.003142857142857143 0
1670639716646 0.003142857142857143 0
1670639719942 0.003 0
1670639723231 0.0035714285714285713 0
1670639726506 0.003285714285714286 0
1670639730088 0.0012857142857142856 0
1670639733626 0.0025714285714285713 0
1670639737299 0.004 0
1670639740896 0.003857142857142857 0
1670639744402 0.0035714285714285713 0
1670639747988 0.003 0
1670639751565 0.003142857142857143 0
1670639755111 0.003285714285714286 0
1670639758407 0.0018571428571428571 0
