1670633801282 0.0 0
1670633801814 0.0 0
1670633802290 0.0 0
1670633802809 0.0 0
1670633803317 0.0 0
1670633803813 0.0 0
1670633804319 0.0 0
1670633804827 0.0 0
1670633805332 0.0 0
1670633805823 0.0 0
1670633806224 0.0 0
1670633806768 0.0 0
1670633807320 0.0 0
1670633807894 0.0 0
1670633808493 0.0 0
1670633809100 0.0 0
1670633809610 0.0 0
1670633810252 0.0 0
1670633810786 0.0 0
1670633811405 0.0 0
1670633811930 0.0 0
1670633812560 0.0 0
1670633813117 0.0 0
1670633813629 0.0 0
1670633814195 0.0 0
1670633814784 0.0 0
1670633815350 0.0 0
1670633815905 0.0 0
1670633816435 0.0 0
1670633816887 0.0 0
1670633817447 0.0 0
1670633818010 0.0 0
1670633818575 0.0 0
1670633819140 0.0 0
1670633819711 0.0 0
1670633820296 0.0 0
1670633820839 0.0 0
1670633821381 0.0 0
1670633821917 0.0 0
1670633822469 0.0 0
1670633823014 0.0 0
1670633823557 0.0 0
1670633824103 0.0 0
1670633824648 0.0 0
1670633825205 0.0 0
1670633825759 0.0 0
1670633826307 0.0 0
1670633826840 0.0 0
1670633827355 0.0 0
1670633827909 0.0 0
1670633828454 0.0 0
1670633829009 0.0 0
1670633829557 0.0 0
1670633830104 0.0 0
1670633830647 0.0 0
1670633831156 0.0 0
1670633831689 0.0 0
1670633832243 0.0 0
1670633832795 0.0 0
1670633833345 0.0 0
1670633833892 0.0 0
1670633834440 0.0 0
1670633834987 0.0 0
1670633835507 0.0 0
1670633836053 0.0 0
1670633836600 0.0 0
1670633837122 0.0 0
1670633837644 0.0 0
1670633838186 0.0 0
1670633838694 0.0 0
1670633839240 0.0 0
1670633839784 0.0 0
1670633840332 0.0 0
1670633840877 0.0 0
1670633841432 0.0 0
1670633841985 0.0 0
1670633842539 0.0 0
1670633843087 0.0 0
1670633843637 0.0 0
1670633844191 0.0 0
1670633844748 0.0 0
1670633845343 0.0 0
1670633845952 0.0 0
1670633846567 0.0 0
1670633847099 0.0 0
1670633847607 0.0 0
1670633848093 0.0 0
1670633848611 0.0 0
1670633849102 0.0 0
1670633849605 0.0 0
1670633850117 0.0 0
1670633850562 0.0 0
1670633851083 0.0 0
1670633851623 0.0 0
1670633852125 0.0 0
1670633852620 0.0 0
1670633853120 0.0 0
1670633853632 0.0 0
1670633854129 0.0 0
1670633854627 0.0 0
1670633855131 0.0 0
