1670637526865 0.0 0
1670637527452 0.0 0
1670637528038 0.0 0
1670637528653 0.0 0
1670637529221 0.0 0
1670637529810 0.0 0
1670637530387 0.0 0
1670637530996 0.0 0
1670637531589 0.0 0
1670637532213 0.0 0
1670637532798 0.0 0
1670637533369 0.0 0
1670637533922 0.0 0
1670637534502 0.0 0
1670637535092 0.0 0
1670637535715 0.0 0
1670637536296 0.0 0
1670637536926 0.0 0
1670637537531 0.0 0
1670637538151 0.0 0
1670637538751 0.0 0
1670637539353 0.0 0
1670637539971 0.0 0
1670637540626 0.0 0
1670637541289 0.0 0
1670637541972 0.0 0
1670637542678 0.0 0
1670637543386 0.0 0
1670637544077 0.0 0
1670637544761 0.0 0
1670637545325 0.0 0
1670637545943 0.0 0
1670637546543 0.0 0
1670637547163 0.0 0
1670637547781 0.0 0
1670637548407 0.0 0
1670637549023 0.0 0
1670637549665 0.0 0
1670637550284 0.0 0
1670637550898 0.0 0
1670637551528 0.0 0
1670637552137 0.0 0
1670637552734 0.0 0
1670637553348 0.0 0
1670637553955 0.0 0
1670637554607 0.0 0
1670637555181 0.0 0
1670637555796 0.0 0
1670637556455 0.0 0
1670637557059 0.0 0
1670637557644 0.0 0
1670637558258 0.0 0
1670637558747 0.0 0
1670637559429 0.0 0
1670637560061 0.0 0
1670637560583 0.0 0
1670637561189 0.0 0
1670637561807 0.0 0
1670637562422 0.0 0
1670637563024 0.0 0
1670637563671 0.0 0
1670637564279 0.0 0
1670637564891 0.0 0
1670637565542 0.0 0
1670637566094 0.0 0
1670637566654 0.0 0
1670637567301 0.0 0
1670637567925 0.0 0
1670637568529 0.0 0
1670637569170 0.0 0
1670637569723 0.0 0
1670637570303 0.0 0
1670637570958 0.0 0
1670637571657 0.0 0
1670637572378 0.0 0
1670637573046 0.0 0
1670637573708 0.0 0
1670637574343 0.0 0
1670637575020 0.0 0
1670637575614 0.0 0
1670637576143 0.0 0
1670637576762 0.0 0
1670637577400 0.0 0
1670637578015 0.0 0
1670637578646 0.0 0
1670637579273 0.0 0
1670637579935 0.0 0
1670637580561 0.0 0
1670637581209 0.0 0
1670637581842 0.0 0
1670637582477 0.0 0
1670637583092 0.0 0
1670637583735 0.0 0
1670637584395 0.0 0
1670637585003 0.0 0
1670637585649 0.0 0
1670637586269 0.0 0
1670637586907 0.0 0
1670637587563 0.0 0
1670637588134 0.0 0
1670637588777 0.0 0
