1670567200154 0.012706204736432096 0
1670567201031 0.00487540227334019 0
1670567201666 0.0031824463052842634 0
1670567202349 0.002720349522633029 0
1670567202754 0.0023552845403681808 0
1670567203595 0.002815823653550777 0
1670567204387 0.002949204598579162 0
1670567204845 0.0031956582984366162 0
1670567205691 0.0032485571042666734 0
1670567206442 0.0032465509767325446 0
1670567207192 0.003081282177386843 0
1670567208242 0.002935011842349638 0
1670567208973 0.0034428458998820113 0
1670567209773 0.0033782859502100777 0
1670567210628 0.003424674494048952 0
1670567211282 0.0038708462276849506 0
1670567212079 0.0038161454758225324 0
1670567212746 0.0037078771598204954 0
1670567213185 0.003608401527760063 0
1670567213795 0.00351034094775974 0
1670567214673 0.0035447613157333553 0
1670567215253 0.0035071783565150303 0
1670567215674 0.003523078153325624 0
1670567216471 0.0036862663792612276 0
1670567216953 0.003658692731810851 0
1670567217744 0.0036542745575873256 0
1670567218356 0.003747068379352945 0
1670567219071 0.0036760232482322065 0
1670567219669 0.0037185151253957905 0
1670567220295 0.003677430959116677 0
1670567220911 0.003633870484226984 0
1670567221886 0.003581125523578035 0
1670567222445 0.003541464621706008 0
1670567223080 0.003616838046839376 0
1670567223973 0.003738802190508086 0
1670567224615 0.0038420019959204002 0
1670567225340 0.003815377715246394 0
1670567226103 0.003788728969847956 0
1670567226818 0.0037621325881032667 0
1670567227605 0.0037356513934727244 0
1670567228446 0.003691026562821022 0
1670567229226 0.0036479636579262687 0
1670567230002 0.0036577267602315383 0
1670567230769 0.0037007590392856434 0
1670567231422 0.003679661924956135 0
1670567232179 0.003640326890286053 0
1670567232880 0.0037757813927243172 0
1670567233969 0.00385231663863031 0
1670567234837 0.003853953534662561 0
1670567235544 0.0038159843432444074 0
1670567236172 0.003796451951422325 0
1670567236811 0.003797620203713095 0
1670567237641 0.0037670597056545427 0
1670567238155 0.0037372026382720197 0
1670567238783 0.0037407674719930305 0
1670567239241 0.003952568733745768 0
1670567239797 0.003920963617174554 0
1670567240392 0.00389261894002003 0
1670567240920 0.003895899206771185 0
1670567241724 0.0038795125318415234 0
1670567242966 0.00385117151940172 0
1670567243786 0.0038355648989249467 0
1670567244416 0.003808609794626539 0
1670567245173 0.0037822053649978807 0
1670567246199 0.0037573768102188323 0
1670567247062 0.003935663034591799 0
1670567247726 0.003931731395851877 0
1670567248447 0.003913014954580811 0
1670567249348 0.003917438335314143 0
1670567249932 0.004028205041583041 0
1670567250659 0.00401550901134963 0
1670567251324 0.003989477530761235 0
1670567252018 0.0039639434908001385 0
1670567252838 0.00398942537744793 0
1670567253504 0.003964764592076599 0
1670567254002 0.003939091060087557 0
1670567254771 0.003913909872366696 0
1670567255446 0.0038932127726508496 0
1670567256007 0.003868929796467983 0
1670567256975 0.003853613363698364 0
1670567257779 0.0038434270355488147 0
1670567258636 0.0038408919465439204 0
1670567259449 0.0038220092230911245 0
1670567260268 0.003801024102049233 0
1670567261047 0.0038059386664591336 0
1670567261768 0.003828901661222198 0
1670567262690 0.0038071406259408778 0
1670567263385 0.0038285476322206975 0
1670567264515 0.0038160914689607806 0
1670567265516 0.0038036763468175354 0
1670567266169 0.0037829972241449463 0
1670567266895 0.003786342934379825 0
1670567268024 0.0038228269756145883 0
1670567268891 0.0038135427193912554 0
1670567269872 0.003828089440458221 0
1670567270980 0.0038083776185103457 0
1670567271704 0.0038220408773075197 0
1670567272320 0.0038200678738163256 0
1670567272987 0.003886597544380965 0
1670567273642 0.003898757354123948 0
1670567274532 0.003937325497657998 0
