1670593814579 0.0006666666666666666 0
1670593816205 0.0008333333333333334 0
1670593818013 0.0016666666666666668 0
1670593819663 0.0015 0
1670593821555 0.0013333333333333333 0
1670593823386 0.0011666666666666668 0
1670593825120 0.0005 0
1670593826851 0.0006666666666666666 0
1670593828310 0.0006666666666666666 0
1670593830054 0.0011666666666666668 0
1670593831546 0.0015 0
1670593833489 0.0013333333333333333 0
1670593835169 0.001 0
1670593836989 0.0008333333333333334 0
1670593838688 0.0005 0
1670593840421 0.0011666666666666668 0
1670593841915 0.001 0
1670593843598 0.0005 0
1670593845393 0.0011666666666666668 0
1670593846907 0.0008333333333333334 0
1670593848562 0.0003333333333333333 0
1670593850116 0.0013333333333333333 0
1670593851458 0.0011666666666666668 0
1670593853146 0.0015 0
1670593854721 0.0016666666666666668 0
1670593856369 0.0011666666666666668 0
1670593857656 0.0011666666666666668 0
1670593859175 0.0005 0
1670593860911 0.0015 0
1670593862429 0.001 0
1670593864126 0.0013333333333333333 0
1670593865590 0.0006666666666666666 0
1670593867265 0.0008333333333333334 0
1670593868781 0.0013333333333333333 0
1670593870085 0.0013333333333333333 0
1670593871420 0.0018333333333333333 0
1670593872748 0.0008333333333333334 0
1670593874360 0.001 0
1670593875729 0.0013333333333333333 0
1670593877350 0.0013333333333333333 0
1670593878726 0.0013333333333333333 0
1670593880028 0.0015 0
1670593881606 0.0013333333333333333 0
1670593883056 0.0011666666666666668 0
1670593884884 0.0013333333333333333 0
1670593886235 0.0011666666666666668 0
1670593888028 0.0005 0
1670593889888 0.001 0
1670593891450 0.0016666666666666668 0
1670593893076 0.0015 0
1670593894933 0.0015 0
1670593896329 0.0023333333333333335 0
1670593897743 0.0006666666666666666 0
1670593899402 0.0006666666666666666 0
1670593901045 0.0013333333333333333 0
1670593903095 0.0011666666666666668 0
1670593904757 0.0008333333333333334 0
1670593906636 0.001 0
1670593908155 0.0016666666666666668 0
1670593909945 0.0008333333333333334 0
1670593911687 0.0011666666666666668 0
1670593913449 0.0006666666666666666 0
1670593915094 0.0008333333333333334 0
1670593916934 0.0015 0
1670593918409 0.001 0
1670593919975 0.0013333333333333333 0
1670593921608 0.0011666666666666668 0
1670593923443 0.001 0
1670593925209 0.0015 0
1670593926952 0.0006666666666666666 0
1670593928554 0.0006666666666666666 0
1670593930146 0.0015 0
1670593931588 0.0005 0
1670593933095 0.002 0
1670593934901 0.0015 0
1670593936696 0.0015 0
1670593938353 0.0011666666666666668 0
1670593940002 0.001 0
1670593942031 0.0005 0
1670593943816 0.0008333333333333334 0
1670593945674 0.001 0
1670593947226 0.0006666666666666666 0
1670593948847 0.0015 0
1670593950312 0.0011666666666666668 0
1670593951907 0.0006666666666666666 0
1670593953628 0.0016666666666666668 0
1670593955332 0.0006666666666666666 0
1670593957193 0.0011666666666666668 0
1670593958769 0.0018333333333333333 0
1670593960320 0.0015 0
1670593961944 0.0016666666666666668 0
1670593963745 0.0011666666666666668 0
1670593965213 0.0011666666666666668 0
1670593966715 0.0011666666666666668 0
1670593968713 0.0005 0
1670593970638 0.0005 0
1670593972366 0.0006666666666666666 0
1670593974192 0.0018333333333333333 0
1670593975945 0.0008333333333333334 0
1670593977529 0.0005 0
1670593979216 0.0013333333333333333 0
1670593980927 0.0008333333333333334 0
1670593982810 0.0011666666666666668 0
