1670626492352 0.0 0
1670626499493 0.0 0
1670626506729 0.0 0
1670626514055 0.0 0
1670626521547 0.0 0
1670626529054 0.0 0
1670626536487 0.0 0
1670626543939 0.0 0
1670626551258 0.0 0
1670626558297 0.0 0
1670626565090 0.0 0
1670626571880 0.0 0
1670626578696 0.0 0
1670626585652 0.0 0
1670626592593 0.0 0
1670626599524 0.0 0
1670626606322 0.0 0
1670626613139 0.0 0
1670626620004 0.0 0
1670626626981 0.0 0
1670626633969 0.0 0
1670626640835 0.0 0
1670626647793 0.0 0
1670626654693 0.0 0
1670626661986 0.0 0
1670626669461 0.0 0
1670626676828 0.0 0
1670626684225 0.0 0
1670626691353 0.0 0
1670626698383 0.0 0
1670626705490 0.0 0
1670626712694 0.0 0
1670626719979 0.0 0
1670626727347 0.0 0
1670626734529 0.0 0
1670626741438 0.0 0
1670626748359 0.0 0
1670626755300 0.0 0
1670626762454 0.0 0
1670626769609 0.0 0
1670626776696 0.0 0
1670626783936 0.0 0
1670626791114 0.0 0
1670626797879 0.0 0
1670626804872 0.0 0
1670626811628 0.0 0
1670626818815 0.0 0
1670626825986 0.0 0
1670626832974 0.0 0
1670626839715 0.0 0
1670626846541 0.0 0
1670626853442 0.0 0
1670626860317 0.0 0
1670626867120 0.0 0
1670626873926 0.0 0
1670626880776 0.0 0
1670626887607 0.0 0
1670626894340 0.0 0
1670626901119 0.0 0
1670626907474 0.0 0
1670626914209 0.0 0
1670626921135 0.0 0
1670626928127 0.0 0
1670626935172 0.0 0
1670626942031 0.0 0
1670626948797 0.0 0
1670626955718 0.0 0
1670626963254 0.0 0
1670626970621 0.0 0
1670626977714 0.0 0
1670626984776 0.0 0
1670626991833 0.0 0
1670626998877 0.0 0
1670627005785 0.0 0
1670627012840 0.0 0
1670627019929 0.0 0
1670627027026 0.0 0
1670627033926 0.0 0
1670627040862 0.0 0
1670627047551 0.0 0
1670627054435 0.0 0
1670627061190 0.0 0
1670627067842 0.0 0
1670627074886 0.0 0
1670627082344 0.0 0
1670627089844 0.0 0
1670627096885 0.0 0
1670627104192 0.0 0
1670627111679 0.0 0
1670627119089 0.0 0
1670627126121 0.0 0
1670627132763 0.0 0
1670627139875 0.0 0
1670627147074 0.0 0
1670627154794 0.0 0
1670627163067 0.0 0
1670627171495 0.0 0
1670627180243 0.0 0
1670627187918 0.0 0
1670627194616 0.0 0
1670627201767 0.0 0
