1670603630994 0.02266666666666667 0
1670603631918 0.021666666666666667 0
1670603632425 0.020666666666666667 0
1670603633116 0.017 0
1670603633965 0.021666666666666667 0
1670603634376 0.025 0
1670603635000 0.024666666666666667 0
1670603636352 0.021333333333333333 0
1670603637225 0.02 0
1670603637732 0.026 0
1670603638296 0.022333333333333334 0
1670603639108 0.024333333333333332 0
1670603639670 0.02266666666666667 0
1670603640199 0.022 0
1670603640858 0.019666666666666666 0
1670603641388 0.017333333333333333 0
1670603642347 0.018666666666666668 0
1670603643246 0.019666666666666666 0
1670603644065 0.021 0
1670603644761 0.021666666666666667 0
1670603645551 0.021 0
1670603646348 0.025666666666666667 0
1670603646790 0.023666666666666666 0
1670603647500 0.022333333333333334 0
1670603648003 0.019666666666666666 0
1670603648586 0.025666666666666667 0
1670603649227 0.023 0
1670603649878 0.02 0
1670603650386 0.020666666666666667 0
1670603650991 0.023333333333333334 0
1670603651647 0.022 0
1670603652266 0.020666666666666667 0
1670603652848 0.023 0
1670603653603 0.023 0
1670603654731 0.021333333333333333 0
1670603655291 0.021666666666666667 0
1670603656123 0.023 0
1670603656627 0.022 0
1670603657305 0.020666666666666667 0
1670603657906 0.023666666666666666 0
1670603658611 0.02266666666666667 0
1670603659231 0.022333333333333334 0
1670603660292 0.022333333333333334 0
1670603661336 0.019333333333333334 0
1670603662085 0.02 0
1670603662561 0.025 0
1670603663662 0.024333333333333332 0
1670603664286 0.022 0
1670603664721 0.02266666666666667 0
1670603665665 0.021333333333333333 0
1670603666669 0.021 0
1670603667160 0.025 0
1670603667792 0.028333333333333332 0
1670603668295 0.022333333333333334 0
1670603669003 0.024333333333333332 0
1670603669503 0.02033333333333333 0
1670603670362 0.022 0
1670603671138 0.017666666666666667 0
1670603671781 0.022333333333333334 0
1670603672384 0.018666666666666668 0
1670603673120 0.022333333333333334 0
1670603673949 0.022 0
1670603674718 0.020666666666666667 0
1670603675425 0.02 0
1670603676157 0.022 0
1670603676665 0.023 0
1670603677359 0.023333333333333334 0
1670603678195 0.026333333333333334 0
1670603678981 0.023666666666666666 0
1670603679753 0.02033333333333333 0
1670603680296 0.020666666666666667 0
1670603680891 0.021333333333333333 0
1670603681663 0.02666666666666667 0
1670603682120 0.026 0
1670603682713 0.023666666666666666 0
1670603683582 0.028333333333333332 0
1670603684357 0.021333333333333333 0
1670603685161 0.024333333333333332 0
1670603685739 0.017666666666666667 0
1670603686449 0.022 0
1670603687288 0.021333333333333333 0
1670603687940 0.021333333333333333 0
1670603688467 0.021 0
1670603689033 0.022 0
1670603689690 0.019333333333333334 0
1670603690486 0.019 0
1670603690951 0.018333333333333333 0
1670603691645 0.023 0
1670603692594 0.020666666666666667 0
1670603693172 0.022 0
1670603693686 0.023 0
1670603694190 0.020666666666666667 0
1670603694957 0.023 0
1670603695717 0.025 0
1670603696332 0.024333333333333332 0
1670603696796 0.018333333333333333 0
1670603697426 0.02266666666666667 0
1670603698080 0.021 0
1670603698624 0.019333333333333334 0
1670603699341 0.022333333333333334 0
1670603699903 0.02 0
1670603700410 0.026333333333333334 0
1670603701056 0.020666666666666667 0
1670603701694 0.021333333333333333 0
1670603702626 0.022 0
1670603703427 0.024666666666666667 0
1670603704177 0.02033333333333333 0
1670603705020 0.024666666666666667 0
1670603705986 0.024666666666666667 0
1670603706647 0.022 0
1670603707248 0.024333333333333332 0
