1670593357574 0.0 0
1670593357853 0.0 0
1670593358166 0.0 0
1670593358445 0.0 0
1670593358761 0.0 0
1670593359079 0.0 0
1670593359412 0.0 0
1670593359725 0.0 0
1670593360009 0.0 0
1670593360361 0.0 0
1670593360603 0.0 0
1670593360971 0.0 0
1670593361279 0.0 0
1670593361544 0.0 0
1670593362070 0.0 0
1670593362383 0.0 0
1670593362653 0.0 0
1670593362971 0.0 0
1670593363257 0.0 0
1670593363584 0.0 0
1670593364005 0.0 0
1670593364321 0.0 0
1670593364631 0.0 0
1670593364939 0.0 0
1670593365226 0.0 0
1670593365665 0.0 0
1670593365965 0.0 0
1670593366308 0.0 0
1670593366637 0.0 0
1670593366918 0.0 0
1670593367247 0.0 0
1670593367610 0.0 0
1670593367903 0.0 0
1670593368179 0.0 0
1670593368595 0.0 0
1670593368878 0.0 0
1670593369172 0.0 0
1670593369471 0.0 0
1670593369747 0.0 0
1670593370029 0.0 0
1670593370517 0.0 0
1670593370867 0.0 0
1670593371179 0.0 0
1670593371441 0.0 0
1670593371776 0.0 0
1670593372189 0.0 0
1670593372438 0.0 0
1670593372707 0.0 0
1670593373052 0.0 0
1670593373402 0.0 0
1670593373711 0.0 0
1670593374237 0.0 0
1670593374488 0.0 0
1670593374764 0.0 0
1670593375260 0.0 0
1670593375590 0.0 0
1670593376061 0.0 0
1670593376382 0.0 0
1670593376880 0.0 0
1670593377267 0.0 0
1670593377557 0.0 0
1670593377807 0.0 0
1670593378233 0.0 0
1670593378556 0.0 0
1670593378832 0.0 0
1670593379324 0.0 0
1670593379671 0.0 0
1670593379950 0.0 0
1670593380190 0.0 0
1670593380634 0.0 0
1670593380952 0.0 0
1670593381309 0.0 0
1670593381559 0.0 0
1670593382106 0.0 0
1670593382436 0.0 0
1670593382710 0.0 0
1670593383204 0.0 0
1670593383593 0.0 0
1670593383950 0.0 0
1670593384479 0.0 0
1670593384759 0.0 0
1670593385156 0.0 0
1670593385487 0.0 0
1670593385949 0.0 0
1670593386228 0.0 0
1670593386570 0.0 0
1670593387113 0.0 0
1670593387449 0.0 0
1670593387783 0.0 0
1670593388076 0.0 0
1670593388348 0.0 0
1670593388743 0.0 0
1670593389066 0.0 0
1670593389348 0.0 0
1670593389642 0.0 0
1670593389942 0.0 0
1670593390251 0.0 0
1670593390512 0.0 0
1670593390933 0.0 0
1670593391242 0.0 0
1670593391608 0.0 0
1670593391891 0.0 0
