1670638812508 0.081 0
1670638815608 0.08383333333333333 0
1670638818891 0.08183333333333333 0
1670638822244 0.07766666666666666 0
1670638825686 0.07716666666666666 0
1670638829173 0.08033333333333334 0
1670638832571 0.08216666666666667 0
1670638835992 0.07966666666666666 0
1670638839079 0.07783333333333334 0
1670638842358 0.08183333333333333 0
1670638845661 0.07033333333333333 0
1670638848933 0.07266666666666667 0
1670638852216 0.07966666666666666 0
1670638855413 0.078 0
1670638858578 0.08733333333333333 0
1670638862098 0.07333333333333333 0
1670638865338 0.0805 0
1670638868535 0.08466666666666667 0
1670638871602 0.08 0
1670638874936 0.07966666666666666 0
1670638878474 0.07366666666666667 0
1670638882158 0.08366666666666667 0
1670638885728 0.076 0
1670638889240 0.079 0
1670638892718 0.07616666666666666 0
1670638896219 0.07916666666666666 0
1670638899779 0.07816666666666666 0
1670638903067 0.081 0
1670638906488 0.07483333333333334 0
1670638909772 0.0715 0
1670638912976 0.07466666666666667 0
1670638916506 0.07916666666666666 0
1670638919897 0.076 0
1670638923034 0.076 0
1670638926679 0.08266666666666667 0
1670638929793 0.073 0
1670638933100 0.0785 0
1670638936616 0.08033333333333334 0
1670638940172 0.08483333333333333 0
1670638943643 0.07416666666666667 0
1670638947127 0.082 0
1670638950327 0.079 0
1670638953587 0.07616666666666666 0
1670638956774 0.07616666666666666 0
1670638960422 0.08583333333333333 0
1670638964014 0.07866666666666666 0
1670638967648 0.07666666666666666 0
1670638971468 0.07816666666666666 0
1670638975009 0.07233333333333333 0
1670638978584 0.07166666666666667 0
1670638982170 0.07616666666666666 0
1670638985643 0.07566666666666666 0
1670638988927 0.079 0
1670638992325 0.07483333333333334 0
1670638995936 0.07333333333333333 0
1670638999915 0.0765 0
1670639003834 0.07566666666666666 0
1670639007816 0.0705 0
1670639011886 0.08283333333333333 0
1670639015480 0.07233333333333333 0
1670639018893 0.08066666666666666 0
1670639022209 0.08333333333333333 0
1670639025432 0.07683333333333334 0
1670639028841 0.07433333333333333 0
1670639032182 0.07383333333333333 0
1670639035863 0.072 0
1670639039360 0.07366666666666667 0
1670639042932 0.07283333333333333 0
1670639046402 0.079 0
1670639049848 0.07966666666666666 0
1670639053202 0.08066666666666666 0
1670639056692 0.07766666666666666 0
1670639060001 0.0825 0
1670639063303 0.07916666666666666 0
1670639066742 0.07716666666666666 0
1670639070140 0.07916666666666666 0
1670639073536 0.07783333333333334 0
1670639076931 0.07533333333333334 0
1670639080204 0.08366666666666667 0
1670639083514 0.0765 0
1670639087010 0.07916666666666666 0
1670639090406 0.07866666666666666 0
1670639094156 0.075 0
1670639098134 0.0745 0
1670639102142 0.07416666666666667 0
1670639106158 0.07816666666666666 0
1670639110188 0.07733333333333334 0
1670639113802 0.078 0
1670639117321 0.0825 0
1670639120898 0.07733333333333334 0
1670639124466 0.08116666666666666 0
1670639128084 0.07733333333333334 0
1670639131884 0.07833333333333334 0
1670639135693 0.0765 0
1670639139500 0.07866666666666666 0
1670639143291 0.0755 0
1670639147151 0.0795 0
1670639150985 0.0785 0
1670639154835 0.07416666666666667 0
1670639158660 0.08 0
1670639162487 0.07433333333333333 0
1670639166316 0.06933333333333333 0
1670639170141 0.07683333333333334 0
1670639173963 0.08283333333333333 0
1670639177647 0.07916666666666666 0
1670639181131 0.06966666666666667 0
1670639184728 0.07933333333333334 0
1670639188330 0.08066666666666666 0
1670639192166 0.0785 0
1670639196233 0.078 0
1670639200291 0.0805 0
1670639204327 0.0805 0
1670639208306 0.07583333333333334 0
1670639212307 0.08316666666666667 0
1670639216311 0.07366666666666667 0
1670639220310 0.07683333333333334 0
1670639224218 0.0765 0
1670639227677 0.081 0
1670639231088 0.0745 0
1670639234473 0.07416666666666667 0
1670639237794 0.07916666666666666 0
1670639241177 0.075 0
1670639244756 0.0785 0
1670639248350 0.0775 0
1670639251984 0.07633333333333334 0
1670639255745 0.07933333333333334 0
1670639259319 0.078 0
1670639263012 0.07533333333333334 0
1670639266713 0.08083333333333333 0
1670639270264 0.07383333333333333 0
1670639273854 0.07383333333333333 0
1670639277421 0.08166666666666667 0
1670639280968 0.08016666666666666 0
1670639284773 0.073 0
1670639288580 0.0755 0
1670639292350 0.084 0
1670639296088 0.07983333333333334 0
1670639299385 0.07266666666666667 0
1670639303344 0.083 0
1670639307173 0.078 0
1670639310681 0.07933333333333334 0
1670639314033 0.08466666666666667 0
1670639317467 0.07433333333333333 0
1670639320786 0.07633333333333334 0
1670639324296 0.08283333333333333 0
1670639327685 0.08366666666666667 0
1670639331078 0.07433333333333333 0
1670639334420 0.08233333333333333 0
1670639337709 0.0755 0
1670639341276 0.07616666666666666 0
1670639344738 0.07483333333333334 0
1670639348010 0.07683333333333334 0
1670639351014 0.07966666666666666 0
1670639354487 0.07783333333333334 0
1670639357736 0.08066666666666666 0
1670639361315 0.08466666666666667 0
1670639364751 0.08316666666666667 0
1670639368381 0.0785 0
1670639371496 0.081 0
1670639374870 0.0805 0
1670639377906 0.0775 0
1670639380953 0.07783333333333334 0
1670639383928 0.07333333333333333 0
1670639386957 0.0765 0
1670639390164 0.0815 0
1670639393069 0.076 0
1670639395541 0.07666666666666666 0
1670639398195 0.0825 0
1670639401381 0.082 0
1670639404246 0.07983333333333334 0
1670639407283 0.0755 0
1670639410525 0.0785 0
1670639413577 0.0755 0
1670639416683 0.0795 0
1670639419707 0.07883333333333334 0
1670639422601 0.08233333333333333 0
1670639425814 0.079 0
1670639428926 0.0805 0
1670639431844 0.0815 0
1670639434373 0.0755 0
1670639436467 0.07966666666666666 0
1670639439510 0.08133333333333333 0
1670639442734 0.0775 0
1670639446064 0.07333333333333333 0
1670639449343 0.07166666666666667 0
1670639452611 0.07783333333333334 0
1670639455590 0.07516666666666667 0
1670639458964 0.08516666666666667 0
1670639462118 0.075 0
1670639465132 0.08066666666666666 0
1670639468114 0.07833333333333334 0
1670639471163 0.08966666666666667 0
1670639474398 0.0735 0
1670639477650 0.07583333333333334 0
1670639480941 0.0765 0
1670639483983 0.07933333333333334 0
1670639486934 0.081 0
1670639490117 0.08233333333333333 0
