1670566773669 0.012166666666666666 0
1670566774915 0.015166666666666667 0
1670566776392 0.012 0
1670566777810 0.0115 0
1670566779082 0.01 0
1670566780285 0.011 0
1670566781928 0.011 0
1670566783001 0.011833333333333333 0
1670566784352 0.0125 0
1670566785917 0.015333333333333332 0
1670566786932 0.015666666666666666 0
1670566788629 0.013166666666666667 0
1670566789799 0.011166666666666667 0
1670566791495 0.013 0
1670566792893 0.012833333333333334 0
1670566794520 0.010833333333333334 0
1670566795773 0.011833333333333333 0
1670566797398 0.011166666666666667 0
1670566798748 0.013333333333333334 0
1670566800139 0.0115 0
1670566801100 0.015 0
1670566801844 0.011666666666666667 0
1670566802551 0.012333333333333333 0
1670566803218 0.013 0
1670566803891 0.0145 0
1670566805225 0.011166666666666667 0
1670566806379 0.009833333333333333 0
1670566807777 0.013333333333333334 0
1670566809178 0.0115 0
1670566810188 0.011166666666666667 0
1670566811818 0.013333333333333334 0
1670566812969 0.011333333333333334 0
1670566814374 0.012666666666666666 0
1670566815735 0.014666666666666666 0
1670566817026 0.011333333333333334 0
1670566818075 0.014166666666666666 0
1670566819230 0.013166666666666667 0
1670566820386 0.011833333333333333 0
1670566821747 0.016833333333333332 0
1670566822914 0.013 0
1670566824314 0.012 0
1670566825458 0.013666666666666667 0
1670566826636 0.0145 0
1670566827727 0.015166666666666667 0
1670566828997 0.0125 0
1670566830202 0.010333333333333333 0
1670566831154 0.012666666666666666 0
1670566832268 0.013 0
1670566833361 0.011333333333333334 0
1670566834437 0.01633333333333333 0
1670566836025 0.011166666666666667 0
1670566837231 0.011833333333333333 0
1670566838396 0.012166666666666666 0
1670566839273 0.0125 0
1670566840342 0.012166666666666666 0
1670566841721 0.012333333333333333 0
1670566843052 0.009 0
1670566844506 0.012 0
1670566845996 0.012166666666666666 0
1670566847309 0.011833333333333333 0
1670566848311 0.014 0
1670566849502 0.011333333333333334 0
1670566850623 0.0115 0
1670566851655 0.0135 0
1670566852778 0.011166666666666667 0
1670566853875 0.012166666666666666 0
1670566854995 0.011666666666666667 0
1670566856560 0.009333333333333334 0
1670566857834 0.012166666666666666 0
1670566859192 0.015666666666666666 0
1670566860502 0.013 0
1670566862008 0.011833333333333333 0
1670566863244 0.008666666666666666 0
1670566864599 0.011666666666666667 0
1670566865759 0.013333333333333334 0
1670566866974 0.016 0
1670566868249 0.0135 0
1670566869316 0.0105 0
1670566870436 0.012666666666666666 0
1670566871756 0.012 0
1670566872957 0.013333333333333334 0
1670566874126 0.011333333333333334 0
1670566875398 0.012833333333333334 0
1670566876817 0.010666666666666666 0
1670566878082 0.012166666666666666 0
1670566879951 0.012333333333333333 0
1670566881246 0.013333333333333334 0
1670566882578 0.012666666666666666 0
1670566883833 0.011333333333333334 0
1670566885204 0.013166666666666667 0
1670566886676 0.012166666666666666 0
1670566887614 0.012333333333333333 0
1670566889056 0.0135 0
1670566890298 0.012166666666666666 0
1670566892115 0.011833333333333333 0
1670566893696 0.012333333333333333 0
1670566895230 0.009333333333333334 0
1670566897086 0.012666666666666666 0
1670566898655 0.0145 0
1670566900134 0.011833333333333333 0
1670566901367 0.011666666666666667 0
1670566902523 0.012166666666666666 0
1670566903985 0.0105 0
1670566904936 0.015833333333333335 0
1670566905645 0.0115 0
1670566906934 0.0115 0
1670566907590 0.014666666666666666 0
1670566908762 0.0105 0
1670566909946 0.011333333333333334 0
1670566911113 0.012 0
1670566912083 0.013 0
1670566912848 0.012333333333333333 0
1670566914552 0.012833333333333334 0
1670566915661 0.013833333333333333 0
1670566916737 0.0095 0
1670566918222 0.013833333333333333 0
1670566919312 0.012666666666666666 0
1670566920583 0.010666666666666666 0
1670566921925 0.013333333333333334 0
1670566923396 0.012333333333333333 0
1670566924554 0.012166666666666666 0
1670566925836 0.0135 0
1670566927091 0.0125 0
1670566928344 0.011666666666666667 0
1670566929443 0.013833333333333333 0
1670566930613 0.011333333333333334 0
1670566931785 0.009 0
1670566933137 0.013833333333333333 0
1670566933882 0.013333333333333334 0
1670566935005 0.012166666666666666 0
1670566937005 0.011833333333333333 0
1670566938232 0.011833333333333333 0
1670566939378 0.013333333333333334 0
1670566940592 0.0105 0
1670566941749 0.012166666666666666 0
1670566942900 0.012666666666666666 0
1670566944168 0.013 0
1670566945441 0.011333333333333334 0
1670566946937 0.009666666666666667 0
1670566948338 0.012 0
1670566949086 0.014 0
1670566950102 0.012 0
1670566951596 0.012166666666666666 0
1670566953122 0.011 0
1670566954288 0.010166666666666666 0
1670566955447 0.0135 0
1670566956772 0.012666666666666666 0
1670566958382 0.013 0
1670566959947 0.011166666666666667 0
1670566961504 0.012 0
1670566962815 0.014666666666666666 0
1670566964351 0.011166666666666667 0
1670566965854 0.01 0
1670566966994 0.0135 0
1670566968404 0.012833333333333334 0
1670566969650 0.0125 0
1670566971037 0.010833333333333334 0
1670566972196 0.009833333333333333 0
1670566973556 0.015833333333333335 0
1670566974877 0.012333333333333333 0
1670566975993 0.012 0
1670566977198 0.014166666666666666 0
1670566978506 0.011166666666666667 0
1670566979678 0.011333333333333334 0
1670566980866 0.011666666666666667 0
1670566982182 0.010166666666666666 0
1670566983360 0.0135 0
1670566984553 0.0115 0
1670566985910 0.0115 0
1670566987304 0.0135 0
1670566988626 0.012333333333333333 0
1670566989561 0.013 0
1670566990557 0.011 0
1670566991498 0.0145 0
1670566992730 0.014333333333333333 0
1670566993930 0.012166666666666666 0
1670566995108 0.011833333333333333 0
1670566996189 0.013 0
1670566997122 0.012166666666666666 0
1670566998419 0.012 0
1670567000353 0.009166666666666667 0
1670567001540 0.014166666666666666 0
1670567002669 0.011333333333333334 0
1670567003786 0.011 0
1670567004935 0.0125 0
1670567006544 0.014 0
1670567007724 0.0135 0
1670567008969 0.011333333333333334 0
1670567010081 0.012333333333333333 0
1670567011291 0.011666666666666667 0
1670567012429 0.014333333333333333 0
1670567014150 0.011166666666666667 0
1670567015666 0.0105 0
1670567016891 0.012666666666666666 0
1670567018326 0.011833333333333333 0
1670567019765 0.012333333333333333 0
1670567020939 0.013833333333333333 0
1670567022207 0.015166666666666667 0
1670567023277 0.012833333333333334 0
1670567024524 0.0125 0
1670567026044 0.0125 0
1670567027311 0.013166666666666667 0
1670567028456 0.014333333333333333 0
1670567029659 0.0135 0
1670567030823 0.015833333333333335 0
1670567032327 0.0135 0
1670567033518 0.0125 0
1670567034608 0.0145 0
1670567035852 0.012166666666666666 0
1670567037353 0.011333333333333334 0
1670567038454 0.013166666666666667 0
1670567039708 0.010166666666666666 0
1670567041107 0.012666666666666666 0
1670567042280 0.013666666666666667 0
1670567043415 0.010166666666666666 0
1670567044480 0.013166666666666667 0
1670567045396 0.012166666666666666 0
1670567047097 0.012 0
1670567048444 0.011666666666666667 0
1670567049664 0.0135 0
1670567050907 0.012333333333333333 0
1670567052022 0.012833333333333334 0
1670567053442 0.014166666666666666 0
1670567054295 0.0135 0
1670567055755 0.011333333333333334 0
1670567057020 0.013333333333333334 0
1670567058270 0.012833333333333334 0
1670567059663 0.0125 0
1670567060912 0.014833333333333334 0
1670567062310 0.0155 0
1670567063520 0.010666666666666666 0
1670567064737 0.014 0
1670567066168 0.013333333333333334 0
1670567067301 0.013 0
1670567068542 0.014333333333333333 0
1670567069733 0.015333333333333332 0
1670567070883 0.011833333333333333 0
1670567071929 0.0115 0
1670567073129 0.013333333333333334 0
1670567074062 0.010333333333333333 0
1670567075072 0.0145 0
1670567076348 0.013333333333333334 0
1670567077338 0.0125 0
1670567078327 0.012666666666666666 0
1670567079570 0.012166666666666666 0
1670567080643 0.013 0
1670567081773 0.010666666666666666 0
1670567082862 0.012333333333333333 0
1670567084119 0.010333333333333333 0
1670567085001 0.014 0
1670567086452 0.012 0
1670567087603 0.015166666666666667 0
1670567089049 0.0125 0
1670567090138 0.007833333333333333 0
1670567091298 0.011333333333333334 0
1670567092467 0.014166666666666666 0
1670567093864 0.011666666666666667 0
1670567095080 0.012333333333333333 0
1670567096120 0.013333333333333334 0
