1670584663248 0.0 0
1670584663509 0.0 0
1670584663791 0.0 0
1670584664062 0.0 0
1670584664388 0.0 0
1670584664722 0.0 0
1670584665197 0.0 0
1670584665665 0.0 0
1670584665942 0.0 0
1670584666223 0.0 0
1670584666696 0.0 0
1670584666924 0.0 0
1670584667184 0.0 0
1670584667449 0.0 0
1670584667921 0.0 0
1670584668288 0.0 0
1670584668751 0.0 0
1670584668961 0.0 0
1670584669222 0.0 0
1670584669497 0.0 0
1670584669771 0.0 0
1670584670130 0.0 0
1670584670380 0.0 0
1670584670841 0.0 0
1670584671162 0.0 0
1670584671503 0.0 0
1670584671739 0.0 0
1670584672197 0.0 0
1670584672460 0.0 0
1670584672755 0.0 0
1670584673141 0.0 0
1670584673390 0.0 0
1670584673625 0.0 0
1670584673936 0.0 0
1670584674135 0.0 0
1670584674694 0.0 0
1670584675025 0.0 0
1670584675339 0.0 0
1670584675669 0.0 0
1670584675992 0.0 0
1670584676246 0.0 0
1670584676552 0.0 0
1670584676766 0.0 0
1670584677176 0.0 0
1670584677516 0.0 0
1670584677888 0.0 0
1670584678187 0.0 0
1670584678427 0.0 0
1670584678697 0.0 0
1670584679314 0.0 0
1670584679569 0.0 0
1670584679799 0.0 0
1670584680197 0.0 0
1670584680467 0.0 0
1670584680737 0.0 0
1670584680977 0.0 0
1670584681202 0.0 0
1670584681453 0.0 0
1670584681769 0.0 0
1670584682317 0.0 0
1670584682548 0.0 0
1670584682967 0.0 0
1670584683226 0.0 0
1670584683720 0.0 0
1670584684027 0.0 0
1670584684427 0.0 0
1670584684635 0.0 0
1670584684887 0.0 0
1670584685144 0.0 0
1670584685422 0.0 0
1670584685833 0.0 0
1670584686177 0.0 0
1670584686431 0.0 0
1670584686706 0.0 0
1670584686998 0.0 0
1670584687260 0.0 0
1670584687485 0.0 0
1670584687786 0.0 0
1670584688026 0.0 0
1670584688254 0.0 0
1670584688501 0.0 0
1670584688754 0.0 0
1670584688996 0.0 0
1670584689231 0.0 0
1670584689510 0.0 0
1670584689831 0.0 0
1670584690075 0.0 0
1670584690408 0.0 0
1670584690669 0.0 0
1670584690913 0.0 0
1670584691361 0.0 0
1670584691628 0.0 0
1670584691961 0.0 0
1670584692218 0.0 0
1670584692509 0.0 0
1670584692991 0.0 0
1670584693257 0.0 0
1670584693531 0.0 0
1670584693799 0.0 0
1670584693982 0.0 0
1670584694235 0.0 0
1670584694467 0.0 0
