1670589181387 0.004235401578810694 0
1670589182671 0.0075286936609910635 0
1670589183785 0.004975665435032382 0
1670589184861 0.006475727138834826 0
1670589185987 0.006469155756251831 0
1670589187198 0.006802190997954531 0
1670589188679 0.006800436254144853 0
1670589189795 0.006252860106015836 0
1670589190847 0.008309643625962669 0
1670589191792 0.007841553146211818 0
1670589192866 0.009251122288133198 0
1670589193898 0.009265166890673426 0
1670589194957 0.008886016042967695 0
1670589196230 0.00858655762825928 0
1670589197175 0.008391525252396503 0
1670589198225 0.009178635695874746 0
1670589199264 0.009530998736344914 0
1670589200373 0.009329150670847414 0
1670589201428 0.009375616050503705 0
1670589202328 0.009217819571477385 0
1670589203281 0.009224855648439693 0
1670589204170 0.00910695822221467 0
1670589205338 0.00889911711490457 0
1670589206386 0.008771501438994363 0
1670589207427 0.008727982583914894 0
1670589208608 0.008750581509450437 0
1670589209755 0.009023421555504611 0
1670589210629 0.009039528336147875 0
1670589211564 0.008587690102147428 0
1670589212579 0.008475142493885873 0
1670589213753 0.008765130296467194 0
1670589214938 0.008719765520820936 0
1670589216130 0.008704694392912753 0
1670589217157 0.008762124233208993 0
1670589218441 0.008680955504445352 0
1670589219297 0.008865177097747944 0
1670589220431 0.008753076785366383 0
1670589221402 0.00864056672941713 0
1670589222461 0.008792209980152968 0
1670589223506 0.00897041058687685 0
1670589224704 0.0088730509095677 0
1670589225963 0.008825957055479653 0
1670589227192 0.008864668582662496 0
1670589228387 0.00877296520555405 0
1670589229607 0.008838423574597676 0
1670589230509 0.008770646609045224 0
1670589231753 0.008764549050550043 0
1670589232846 0.008759504177293886 0
1670589233816 0.008671855672226145 0
1670589234994 0.008725331833198489 0
1670589235931 0.00866524683936572 0
1670589237000 0.008583643754212656 0
1670589237879 0.00850430339584932 0
1670589239199 0.008624397810683014 0
1670589240178 0.008579785361287402 0
1670589241118 0.008517265431470675 0
1670589242345 0.00848130724255157 0
1670589243469 0.008420733419492964 0
1670589244561 0.008422413106632998 0
1670589245588 0.00835345052124889 0
1670589246712 0.008335854974566622 0
1670589247654 0.008443746578270689 0
1670589249100 0.008406257724012333 0
1670589250204 0.008434685434787315 0
1670589251327 0.008381315533392665 0
1670589252238 0.008400280403505569 0
1670589253389 0.009135592638890288 0
1670589254743 0.009611454182954227 0
1670589255997 0.009548038948997964 0
1670589256966 0.009629121177973557 0
1670589258102 0.009562073045497606 0
1670589259151 0.009500251525062273 0
1670589260260 0.009457426560212468 0
1670589261298 0.009449675665156391 0
1670589262242 0.009389195226463073 0
1670589263249 0.009349191847421005 0
1670589264388 0.009333595343680853 0
1670589265626 0.009275764879459147 0
1670589266697 0.009218532362634386 0
1670589267818 0.009200749143896224 0
1670589268787 0.009434466481227883 0
1670589269660 0.009377460280713753 0
1670589270774 0.009325731231915737 0
1670589271860 0.00935770864289943 0
1670589272929 0.009409487666233243 0
1670589274027 0.009381620752806902 0
1670589274879 0.00941086189581463 0
1670589275785 0.009373137294640777 0
1670589276751 0.009320943753617781 0
1670589277700 0.009347553626180442 0
1670589278883 0.009380753414703185 0
1670589279769 0.009497039941300106 0
1670589281067 0.009461513146899001 0
1670589282209 0.009426288614775267 0
1670589283390 0.009411858715824107 0
1670589284286 0.009364091243691943 0
1670589285185 0.009317196087445054 0
1670589286133 0.009270020970799136 0
1670589286987 0.009238425606626011 0
1670589288077 0.009196181388532159 0
1670589289067 0.009150991833498087 0
