1670641048097 0.001815172105204585 0
1670641051639 0.0005795114137925854 0
1670641055143 0.0003937256209365855 0
1670641058621 0.00031730801202260565 0
1670641062129 0.00027371408230461027 0
1670641065661 0.0002446402234738712 0
1670641069021 0.0002234359897244866 0
1670641072450 0.0002070591950890559 0
1670641075851 0.00019389918537779927 0
1670641079288 0.0002455374688285118 0
1670641082694 0.00023435963978160623 0
1670641086082 0.0002246052315155775 0
1670641089456 0.0002159918720257766 0
1670641092826 0.00020831065093680857 0
1670641096155 0.00020140305105827158 0
1670641099502 0.00019514621044673726 0
1670641102821 0.0001894431621763627 0
1670641106174 0.00018421617069872605 0
1670641109518 0.00017940206180642253 0
1670641112868 0.0001749488746123396 0
1670641116290 0.00017081341306387422 0
1670641119877 0.0001669594235341307 0
1670641123435 0.00016335621698745602 0
1670641126903 0.00015997761253324388 0
1670641130471 0.00015680111707760792 0
1670641134040 0.00015380728095163508 0
1670641137569 0.00015097918644349842 0
1670641141146 0.0001483020379173771 0
1670641144753 0.00013968597562981296 0
1670641148220 0.00013757272812831342 0
1670641151670 0.00016322613405542316 0
1670641155113 0.0001609857226765095 0
1670641158600 0.00015883368210948298 0
1670641161723 0.0001567644629013979 0
1670641164607 0.00017598778721900673 0
1670641167570 0.00017388626863550015 0
1670641170507 0.00017185647683432142 0
1670641173201 0.00016989455391268546 0
1670641176151 0.00016799691296057607 0
1670641179156 0.00016616021583127863 0
1670641182132 0.00016438135281106913 0
1670641185219 0.00016265742405828021 0
1670641188295 0.0001609857226765095 0
1670641190945 0.0001593637192876683 0
1670641193983 0.00015778904797543306 0
1670641197032 0.00021969574577702055 0
1670641200026 0.00021763484540723084 0
1670641203532 0.00022627001213872293 0
1670641207009 0.00022427570402398957 0
1670641210435 0.00022233191000503165 0
1670641213523 0.000220436605402309 0
1670641216679 0.0002280852156179046 0
1670641219859 0.00022625061230054788 0
1670641223018 0.00022445820824518336 0
1670641226453 0.00022270648215413154 0
1670641228869 0.00022099398305129635 0
1670641231969 0.00021931932668517185 0
1670641234924 0.00021768119208726223 0
1670641238276 0.00021607831828931933 0
1670641241431 0.00021450950119979737 0
1670641244291 0.0002129735906377018 0
