1670591518642 0.004 0
1670591519508 0.0003333333333333333 0
1670591520450 0.0026666666666666666 0
1670591521328 0.0016666666666666668 0
1670591522436 0.0013333333333333333 0
1670591523256 0.002 0
1670591524161 0.0016666666666666668 0
1670591525144 0.0013333333333333333 0
1670591526332 0.002 0
1670591527316 0.001 0
1670591528178 0.0016666666666666668 0
1670591529027 0.002 0
1670591529906 0.0006666666666666666 0
1670591531023 0.0013333333333333333 0
1670591531864 0.0003333333333333333 0
1670591532772 0.0013333333333333333 0
1670591533958 0.0033333333333333335 0
1670591534871 0.0016666666666666668 0
1670591535719 0.002 0
1670591536592 0.001 0
1670591537453 0.0013333333333333333 0
1670591538479 0.0016666666666666668 0
1670591539403 0.0023333333333333335 0
1670591540414 0.002 0
1670591541216 0.0026666666666666666 0
1670591542044 0.002 0
1670591542988 0.0006666666666666666 0
1670591543920 0.001 0
1670591544851 0.0013333333333333333 0
1670591545777 0.0 0
1670591546688 0.001 0
1670591547515 0.002 0
1670591548440 0.0016666666666666668 0
1670591549433 0.001 0
1670591550272 0.003 0
1670591551117 0.0013333333333333333 0
1670591552007 0.003 0
1670591552925 0.001 0
1670591553867 0.001 0
1670591554829 0.002 0
1670591555696 0.0013333333333333333 0
1670591556568 0.001 0
1670591557388 0.0013333333333333333 0
1670591558283 0.0026666666666666666 0
1670591559126 0.0023333333333333335 0
1670591560104 0.0023333333333333335 0
1670591561044 0.0006666666666666666 0
1670591562169 0.0033333333333333335 0
1670591562995 0.003 0
1670591563889 0.0026666666666666666 0
1670591564711 0.003 0
1670591565551 0.0013333333333333333 0
1670591566480 0.0026666666666666666 0
1670591567393 0.001 0
1670591568361 0.0023333333333333335 0
1670591569213 0.0016666666666666668 0
1670591570145 0.0026666666666666666 0
1670591571128 0.0013333333333333333 0
1670591571976 0.0016666666666666668 0
1670591572833 0.004333333333333333 0
1670591573723 0.003 0
1670591574568 0.002 0
1670591575567 0.0023333333333333335 0
1670591576364 0.0016666666666666668 0
1670591577197 0.002 0
1670591578083 0.0026666666666666666 0
1670591579110 0.0016666666666666668 0
1670591580218 0.0006666666666666666 0
1670591581135 0.003 0
1670591582480 0.001 0
1670591583364 0.0016666666666666668 0
1670591584265 0.0016666666666666668 0
1670591585165 0.0023333333333333335 0
1670591586095 0.0013333333333333333 0
1670591587179 0.0013333333333333333 0
1670591588123 0.0013333333333333333 0
1670591588980 0.0026666666666666666 0
1670591589840 0.0016666666666666668 0
1670591590803 0.001 0
1670591591689 0.002 0
1670591592785 0.0006666666666666666 0
1670591593943 0.0013333333333333333 0
1670591595245 0.0033333333333333335 0
1670591596065 0.002 0
1670591596929 0.001 0
1670591597825 0.0006666666666666666 0
1670591599124 0.002 0
1670591600040 0.002 0
1670591600903 0.0013333333333333333 0
1670591601819 0.003 0
1670591602905 0.0006666666666666666 0
1670591603794 0.0013333333333333333 0
1670591604911 0.0013333333333333333 0
1670591605945 0.0023333333333333335 0
1670591606991 0.001 0
1670591607875 0.002 0
1670591608702 0.0026666666666666666 0
1670591609578 0.0016666666666666668 0
1670591610496 0.0036666666666666666 0
1670591611392 0.0006666666666666666 0
1670591612267 0.001 0
1670591613215 0.0013333333333333333 0
1670591614156 0.0006666666666666666 0
1670591615177 0.0006666666666666666 0
1670591616114 0.0013333333333333333 0
1670591617033 0.002 0
1670591618163 0.0026666666666666666 0
1670591619037 0.0016666666666666668 0
1670591619980 0.0016666666666666668 0
1670591620869 0.003 0
1670591621979 0.0023333333333333335 0
1670591622862 0.0036666666666666666 0
1670591624079 0.0033333333333333335 0
1670591625021 0.001 0
1670591625993 0.0016666666666666668 0
1670591627045 0.0023333333333333335 0
1670591627902 0.0016666666666666668 0
1670591628740 0.0013333333333333333 0
1670591629603 0.0013333333333333333 0
