1670587380022 0.0 0
1670587382261 0.0 0
1670587383868 0.0 0
1670587386090 0.0 0
1670587388017 0.0 0
1670587389525 0.0 0
1670587391325 0.0 0
1670587393033 0.0 0
1670587394894 0.0 0
1670587396630 0.0 0
1670587398507 0.0 0
1670587400247 0.0 0
1670587402129 0.0 0
1670587403966 0.0 0
1670587406007 0.0 0
1670587407670 0.0 0
1670587409159 0.0 0
1670587411184 0.0 0
1670587412680 0.0 0
1670587414334 0.0 0
1670587416148 0.0 0
1670587417724 0.0 0
1670587419700 0.0 0
1670587421837 0.0 0
1670587423652 0.0 0
1670587425377 0.0 0
1670587426922 0.0 0
1670587428906 0.0 0
1670587430483 0.0 0
1670587432379 0.0 0
1670587434097 0.0 0
1670587435949 0.0 0
1670587438159 0.0 0
1670587439904 0.0 0
1670587441667 0.0 0
1670587443382 0.0 0
1670587445095 0.0 0
1670587446766 0.0 0
1670587448403 0.0 0
1670587449865 0.0 0
1670587451355 0.0 0
1670587452891 0.0 0
1670587454446 0.0 0
1670587456322 0.0 0
1670587457941 0.0 0
1670587459799 0.0 0
1670587461846 0.0 0
1670587463340 0.0 0
1670587464924 0.0 0
1670587466793 0.0 0
1670587468690 0.0 0
1670587470356 0.0 0
1670587472087 0.0 0
1670587473918 0.0 0
1670587475541 0.0 0
1670587477200 0.0 0
1670587478966 0.0 0
1670587480848 0.0 0
1670587482891 0.0 0
1670587484645 0.0 0
1670587486415 0.0 0
1670587488133 0.0 0
1670587490247 0.0 0
1670587492138 0.0 0
1670587493901 0.0 0
1670587495938 0.0 0
1670587497915 0.0 0
1670587499741 0.0 0
1670587501769 0.0 0
1670587503554 0.0 0
1670587505166 0.0 0
1670587507489 0.0 0
1670587509240 0.0 0
1670587510778 0.0 0
1670587512341 0.0 0
1670587513983 0.0 0
1670587515874 0.0 0
1670587517982 0.0 0
1670587519798 0.0 0
1670587521638 0.0 0
1670587523394 0.0 0
1670587525246 0.0 0
1670587527479 0.0 0
1670587529222 0.0 0
1670587531119 0.0 0
1670587532974 0.0 0
1670587535216 0.0 0
1670587536875 0.0 0
1670587538800 0.0 0
1670587540411 0.0 0
1670587542146 0.0 0
1670587544000 0.0 0
1670587545614 0.0 0
1670587547222 0.0 0
1670587548948 0.0 0
1670587550721 0.0 0
1670587552431 0.0 0
1670587554640 0.0 0
1670587556326 0.0 0
1670587557928 0.0 0
1670587559791 0.0 0
1670587561659 0.0 0
