1670576323541 0.0 0
1670576323661 0.0 0
1670576323900 0.0 0
1670576324157 0.0 0
1670576324301 0.0 0
1670576324522 0.0 0
1670576324711 0.0 0
1670576324949 0.0 0
1670576325278 0.0 0
1670576325465 0.0 0
1670576325810 0.0 0
1670576326004 0.0 0
1670576326235 0.0 0
1670576326489 0.0 0
1670576326652 0.0 0
1670576326940 0.0 0
1670576327149 0.0 0
1670576327450 0.0 0
1670576327596 0.0 0
1670576327751 0.0 0
1670576327905 0.0 0
1670576328158 0.0 0
1670576328360 0.0 0
1670576328617 0.0 0
1670576328799 0.0 0
1670576328933 0.0 0
1670576329088 0.0 0
1670576329419 0.0 0
1670576329698 0.0 0
1670576329890 0.0 0
1670576330131 0.0 0
1670576330329 0.0 0
1670576330591 0.0 0
1670576330825 0.0 0
1670576330960 0.0 0
1670576331176 0.0 0
1670576331428 0.0 0
1670576331566 0.0 0
1670576331854 0.0 0
1670576332050 0.0 0
1670576332342 0.0 0
1670576332589 0.0 0
1670576332843 0.0 0
1670576333092 0.0 0
1670576333317 0.0 0
1670576333469 0.0 0
1670576333699 0.0 0
1670576334015 0.0 0
1670576334327 0.0 0
1670576334566 0.0 0
1670576334693 0.0 0
1670576334945 0.0 0
1670576335121 0.0 0
1670576335397 0.0 0
1670576335576 0.0 0
1670576335796 0.0 0
1670576335909 0.0 0
1670576336172 0.0 0
1670576336360 0.0 0
1670576336544 0.0 0
1670576336696 0.0 0
1670576336961 0.0 0
1670576337240 0.0 0
1670576337462 0.0 0
1670576337619 0.0 0
1670576337768 0.0 0
1670576338004 0.0 0
1670576338182 0.0 0
1670576338390 0.0 0
1670576338604 0.0 0
1670576338878 0.0 0
1670576339113 0.0 0
1670576339318 0.0 0
1670576339667 0.0 0
1670576339924 0.0 0
1670576340148 0.0 0
1670576340412 0.0 0
1670576340738 0.0 0
1670576340905 0.0 0
1670576341180 0.0 0
1670576341386 0.0 0
1670576341661 0.0 0
1670576341894 0.0 0
1670576342157 0.0 0
1670576342348 0.0 0
1670576342483 0.0 0
1670576342707 0.0 0
1670576342884 0.0 0
1670576343051 0.0 0
1670576343295 0.0 0
1670576343498 0.0 0
1670576343662 0.0 0
1670576343900 0.0 0
1670576344216 0.0 0
1670576344426 0.0 0
1670576344589 0.0 0
1670576344808 0.0 0
1670576344935 0.0 0
1670576345100 0.0 0
1670576345496 0.0 0
1670576345734 0.0 0
