1670635244783 0.0 0
1670635248835 0.0 0
1670635252641 0.0 0
1670635256842 0.0 0
1670635260658 0.0 0
1670635264917 0.0 0
1670635269096 0.0 0
1670635273287 0.0 0
1670635276783 0.0 0
1670635280310 0.0 0
1670635283834 0.0 0
1670635287358 0.0 0
1670635291126 0.0 0
1670635294688 0.0 0
1670635298774 0.0 0
1670635302241 0.0 0
1670635305717 0.0 0
1670635309841 0.0 0
1670635313876 0.0 0
1670635317810 0.0 0
1670635321631 0.0 0
1670635325449 0.0 0
1670635329427 0.0 0
1670635333407 0.0 0
1670635337177 0.0 0
1670635341204 0.0 0
1670635345212 0.0 0
1670635349027 0.0 0
1670635352538 0.0 0
1670635356413 0.0 0
1670635360201 0.0 0
1670635363647 0.0 0
1670635367002 0.0 0
1670635370890 0.0 0
1670635374563 0.0 0
1670635378111 0.0 0
1670635381713 0.0 0
1670635385396 0.0 0
1670635389075 0.0 0
1670635392613 0.0 0
1670635396093 0.0 0
1670635399160 0.0 0
1670635402187 0.0 0
1670635405360 0.0 0
1670635408686 0.0 0
1670635412121 0.0 0
1670635415510 0.0 0
1670635418924 0.0 0
1670635422306 0.0 0
1670635425691 0.0 0
1670635429244 0.0 0
1670635432739 0.0 0
1670635436180 0.0 0
1670635439527 0.0 0
1670635442749 0.0 0
1670635446138 0.0 0
1670635449379 0.0 0
1670635452885 0.0 0
1670635456418 0.0 0
1670635459965 0.0 0
1670635463042 0.0 0
1670635466051 0.0 0
1670635469420 0.0 0
1670635472750 0.0 0
1670635476111 0.0 0
1670635479501 0.0 0
1670635482851 0.0 0
1670635486395 0.0 0
1670635489682 0.0 0
1670635492274 0.0 0
1670635495611 0.0 0
1670635499356 0.0 0
1670635502998 0.0 0
1670635506654 0.0 0
1670635509872 0.0 0
1670635512733 0.0 0
1670635515621 0.0 0
1670635518394 0.0 0
1670635521230 0.0 0
1670635523957 0.0 0
1670635526924 0.0 0
1670635529953 0.0 0
1670635532814 0.0 0
1670635535692 0.0 0
1670635538497 0.0 0
1670635541350 0.0 0
1670635544226 0.0 0
1670635546489 0.0 0
1670635548702 0.0 0
1670635551886 0.0 0
1670635554926 0.0 0
1670635558001 0.0 0
1670635560984 0.0 0
1670635563906 0.0 0
1670635566811 0.0 0
1670635569720 0.0 0
1670635572531 0.0 0
1670635575500 0.0 0
1670635578393 0.0 0
1670635581323 0.0 0
1670635584702 0.0 0
1670635588188 0.0 0
