1670634342328 0.006353102368216013 0
1670634345193 0.0029470369709086314 0
1670634348146 0.00346799045949462 0
1670634351047 0.0034429909530156247 0
1670634353523 0.002944105675460218 0
1670634356249 0.006054536633927833 0
1670634359196 0.005897586259003336 0
1670634362167 0.00542455684352712 0
1670634365112 0.005081328477477151 0
1670634368195 0.005386335452383081 0
1670634371099 0.005268916615156362 0
1670634374117 0.005046617580130183 0
1670634377089 0.005001075445219681 0
1670634380053 0.005022852514854452 0
1670634383018 0.004934974128366965 0
1670634385979 0.004924916860812513 0
1670634388914 0.004766780502510587 0
1670634391883 0.0047841992474786516 0
1670634394828 0.005080465905036163 0
1670634397712 0.004963267478835569 0
1670634400374 0.005865217436349102 0
1670634403346 0.006199728287126914 0
1670634406353 0.00605625356489202 0
1670634409302 0.00603882282485467 0
1670634412305 0.006134450577023656 0
1670634415368 0.006058015635920094 0
1670634417913 0.005990434898897036 0
1670634420410 0.005897518146883031 0
1670634422905 0.005558182368307331 0
1670634425938 0.005523307916954857 0
1670634429095 0.005436678642010501 0
1670634432167 0.005459046776896244 0
1670634435188 0.005912080583716143 0
1670634438391 0.005838830815557 0
1670634441299 0.005764381306777026 0
1670634444212 0.005835474805337991 0
1670634446980 0.005819457312381586 0
1670634450140 0.00589545390191791 0
1670634453298 0.005839259246964913 0
1670634456255 0.005928809561891721 0
1670634459266 0.005869430163730566 0
1670634462401 0.005837278125783968 0
1670634465661 0.005989114246413366 0
1670634468780 0.005922201139612615 0
1670634471686 0.005966392641199636 0
1670634474903 0.006062064237143937 0
1670634478311 0.006080491250659403 0
1670634481713 0.0060182612838618355 0
1670634485211 0.0060652573111530245 0
1670634488619 0.006040614024564538 0
1670634491641 0.006049683609544722 0
1670634495079 0.006059931692633268 0
1670634498495 0.006045156653020044 0
1670634501608 0.006013654178169493 0
1670634505063 0.005975399242485821 0
1670634508347 0.005928011031559072 0
1670634511360 0.006069783760495211 0
1670634514723 0.0061593712706123835 0
1670634518341 0.006110824899539409 0
1670634521685 0.0061142685786012025 0
1670634525187 0.006068504733101096 0
1670634528441 0.006036584906509391 0
1670634531792 0.006281320188002884 0
1670634535379 0.00628446821399653 0
1670634538859 0.006244225836131004 0
1670634542308 0.006202673576419369 0
1670634545866 0.006182621166292507 0
1670634549224 0.0061782761263212815 0
1670634552617 0.006135806850684556 0
1670634556161 0.0060924485789577865 0
1670634559737 0.006049996670191458 0
1670634563329 0.006020871132100376 0
1670634566912 0.0061327149089848085 0
1670634570519 0.006092374642375692 0
1670634574161 0.006082870138521108 0
1670634577499 0.006060019049258675 0
1670634581017 0.006021047537091234 0
1670634584560 0.006046811181323657 0
1670634588046 0.00606305424437663 0
1670634592149 0.006029397299101527 0
1670634595777 0.005992520493958653 0
1670634599101 0.005967120503251299 0
1670634602612 0.005938345182285816 0
1670634606080 0.005997430247765891 0
1670634609755 0.005973372240055556 0
1670634613769 0.005940427899987381 0
1670634617771 0.0059544801406478665 0
1670634621556 0.005925132126737641 0
1670634624986 0.006022537615835939 0
1670634628608 0.005992839669836944 0
1670634632052 0.006024563994290112 0
1670634635319 0.006009713099175883 0
1670634638929 0.006088414628563382 0
1670634642463 0.006056700929790555 0
1670634646046 0.006054921207119821 0
1670634649464 0.006024021641368971 0
1670634653029 0.006029287556853127 0
1670634656550 0.006007901459832647 0
1670634659967 0.006006475126108609 0
1670634663249 0.006018338753879271 0
1670634666729 0.005989244649793802 0
