1670824229886 0.0 0
1670824230152 0.0003333333333333333 0
1670824230422 0.0006666666666666666 0
1670824230796 0.0003333333333333333 0
1670824231080 0.0006666666666666666 0
1670824231363 0.0003333333333333333 0
1670824231623 0.0013333333333333333 0
1670824231863 0.001 0
1670824232096 0.0003333333333333333 0
1670824232362 0.0006666666666666666 0
1670824232593 0.0 0
1670824232827 0.0003333333333333333 0
1670824233058 0.0006666666666666666 0
1670824233289 0.0003333333333333333 0
1670824233531 0.0 0
1670824233786 0.0006666666666666666 0
1670824234009 0.0 0
1670824234249 0.0 0
1670824234476 0.0003333333333333333 0
1670824234695 0.001 0
1670824234923 0.0 0
1670824235146 0.0 0
1670824235387 0.0003333333333333333 0
1670824235635 0.0 0
1670824236010 0.0006666666666666666 0
1670824236327 0.0013333333333333333 0
1670824237078 0.0006666666666666666 0
1670824237488 0.0006666666666666666 0
1670824238006 0.0003333333333333333 0
1670824238609 0.0003333333333333333 0
1670824239160 0.001 0
1670824239606 0.0006666666666666666 0
1670824240068 0.0006666666666666666 0
1670824240389 0.0003333333333333333 0
1670824240806 0.0003333333333333333 0
1670824241139 0.0003333333333333333 0
1670824241545 0.0003333333333333333 0
1670824241975 0.0 0
1670824242286 0.0 0
1670824242633 0.0 0
1670824242984 0.0016666666666666668 0
1670824243617 0.0006666666666666666 0
1670824243957 0.0 0
1670824244229 0.0003333333333333333 0
1670824244493 0.0006666666666666666 0
1670824244768 0.0006666666666666666 0
1670824245032 0.001 0
1670824245287 0.001 0
1670824245573 0.0003333333333333333 0
1670824245866 0.0003333333333333333 0
1670824246173 0.0003333333333333333 0
1670824246517 0.0003333333333333333 0
1670824246843 0.0 0
1670824247179 0.0 0
1670824247562 0.0006666666666666666 0
1670824247956 0.0003333333333333333 0
1670824248312 0.001 0
1670824248629 0.0006666666666666666 0
1670824249000 0.0 0
1670824249891 0.0013333333333333333 0
1670824250247 0.0003333333333333333 0
1670824250546 0.0 0
1670824250851 0.0006666666666666666 0
1670824251193 0.0003333333333333333 0
1670824251500 0.0 0
1670824251784 0.0003333333333333333 0
1670824252106 0.001 0
1670824252507 0.001 0
1670824252827 0.0 0
1670824253109 0.0 0
1670824253447 0.0006666666666666666 0
1670824253786 0.0 0
1670824254144 0.0003333333333333333 0
1670824254392 0.0 0
1670824254681 0.0006666666666666666 0
1670824255062 0.0003333333333333333 0
1670824255692 0.0003333333333333333 0
1670824256014 0.0003333333333333333 0
1670824256320 0.0003333333333333333 0
1670824256584 0.0006666666666666666 0
1670824256851 0.0003333333333333333 0
1670824257109 0.0006666666666666666 0
1670824257427 0.001 0
1670824257714 0.001 0
1670824258029 0.0006666666666666666 0
