1670569170659 0.0 0
1670569171163 0.0 0
1670569171505 0.0 0
1670569171979 0.0 0
1670569172249 0.0 0
1670569172752 0.0 0
1670569173066 0.0 0
1670569173424 0.0 0
1670569173681 0.0 0
1670569174049 0.0 0
1670569174541 0.0 0
1670569174852 0.0 0
1670569175195 0.0 0
1670569175622 0.0 0
1670569175946 0.0 0
1670569176221 0.0 0
1670569176594 0.0 0
1670569177079 0.0 0
1670569177531 0.0 0
1670569177815 0.0 0
1670569178172 0.0 0
1670569178496 0.0 0
1670569178723 0.0 0
1670569179110 0.0 0
1670569179426 0.0 0
1670569179843 0.0 0
1670569180119 0.0 0
1670569180409 0.0 0
1670569180613 0.0 0
1670569180777 0.0 0
1670569181083 0.0 0
1670569181243 0.0 0
1670569181529 0.0 0
1670569181714 0.0 0
1670569182092 0.0 0
1670569182483 0.0 0
1670569182728 0.0 0
1670569182921 0.0 0
1670569183129 0.0 0
1670569183298 0.0 0
1670569183582 0.0 0
1670569183782 0.0 0
1670569184262 0.0 0
1670569184546 0.0 0
1670569184903 0.0 0
1670569185222 0.0 0
1670569185522 0.0 0
1670569185840 0.0 0
1670569186185 0.0 0
1670569186526 0.0 0
1670569187039 0.0 0
1670569187378 0.0 0
1670569187672 0.0 0
1670569188108 0.0 0
1670569188489 0.0 0
1670569188657 0.0 0
1670569188835 0.0 0
1670569189009 0.0 0
1670569189164 0.0 0
1670569189425 0.0 0
1670569189601 0.0 0
1670569189781 0.0 0
1670569190065 0.0 0
1670569190366 0.0 0
1670569190640 0.0 0
1670569190813 0.0 0
1670569190979 0.0 0
1670569191324 0.0 0
1670569191841 0.0 0
1670569192086 0.0 0
1670569192320 0.0 0
1670569192647 0.0 0
1670569192942 0.0 0
1670569193148 0.0 0
1670569193338 0.0 0
1670569193678 0.0 0
1670569194020 0.0 0
1670569194335 0.0 0
1670569194826 0.0 0
1670569195111 0.0 0
1670569195383 0.0 0
1670569195673 0.0 0
1670569196096 0.0 0
1670569196345 0.0 0
1670569196539 0.0 0
1670569196722 0.0 0
1670569197062 0.0 0
1670569197341 0.0 0
1670569197606 0.0 0
1670569198024 0.0 0
1670569198330 0.0 0
1670569198669 0.0 0
1670569198899 0.0 0
1670569199193 0.0 0
1670569199369 0.0 0
1670569199603 0.0 0
1670569199837 0.0 0
1670569200086 0.0 0
1670569200313 0.0 0
1670569200720 0.0 0
1670569201037 0.0 0
