1670610218111 0.0012706204736431248 0
1670610221945 0.0046782761577225385 0
1670610225112 0.004328594956695797 0
1670610228436 0.003466000020588611 0
1670610231828 0.0033241332910489696 0
1670610234654 0.0029329631973772363 0
1670610238283 0.00298109164974103 0
1670610241164 0.0029553484276169106 0
1670610244261 0.0030805231967422353 0
1670610246792 0.002986890392973507 0
1670610250312 0.002829119837331473 0
1670610252899 0.0027024847104686334 0
1670610255683 0.0026036242664579934 0
1670610258781 0.0033440335796816045 0
1670610261286 0.0038564477195962565 0
1670610263793 0.0037211709677998916 0
1670610266361 0.003608606323099006 0
1670610268462 0.0035235745923605233 0
1670610271040 0.003444026403347844 0
1670610273482 0.00336756074643374 0
1670610275737 0.0035707031324471172 0
1670610278185 0.0035749465713972306 0
1670610280676 0.0035899389179138153 0
1670610282956 0.003522111681286577 0
1670610285577 0.0034579364545810343 0
1670610288344 0.0034492509588993636 0
1670610291410 0.0033954666997547678 0
1670610293859 0.0033986390009757006 0
1670610296268 0.003227592507692001 0
1670610298201 0.0032641555964102453 0
1670610300357 0.003226856714956372 0
1670610302645 0.0033703334961331377 0
1670610305038 0.0033208098691213106 0
1670610307272 0.003298258576680313 0
1670610309738 0.0032576474823490242 0
1670610312088 0.003213789866871819 0
1670610314117 0.0032229110560042518 0
1670610316239 0.003196849440260885 0
1670610318556 0.003166358061895358 0
1670610320859 0.003224045767128647 0
1670610322961 0.00318932043533271 0
1670610325132 0.003152197943270041 0
1670610327262 0.0032441219559319334 0
1670610329910 0.003210147972753985 0
1670610332462 0.0031770306613384536 0
1670610334894 0.003150835211747971 0
1670610336905 0.0031348788464046207 0
1670610339198 0.0031652133897240864 0
1670610341715 0.0031354425446146195 0
1670610343937 0.00310877250010988 0
1670610346402 0.003083192545194402 0
1670610348185 0.003055793944730101 0
1670610350319 0.0030316737817815964 0
1670610352491 0.003011282760996714 0
1670610354344 0.0029859518293423593 0
1670610356649 0.002996523457609146 0
1670610359026 0.0029705802571788897 0
1670610361109 0.0029457789798995604 0
1670610363661 0.002925092579232902 0
1670610366211 0.002921966361460915 0
1670610368463 0.0028998271206076565 0
1670610371037 0.002877037020553197 0
1670610373340 0.002855899133094586 0
1670610375925 0.002894050076899468 0
1670610378587 0.0028720418666018377 0
1670610380633 0.002890002358319488 0
1670610382737 0.0028925829743882137 0
1670610385126 0.002928329007173436 0
1670610387381 0.0029108478427080087 0
1670610389859 0.0030071297141780473 0
1670610392237 0.003016378078765092 0
1670610394530 0.0030007711427699757 0
1670610396902 0.0029820977547840855 0
1670610399268 0.0029886022594199924 0
1670610401837 0.003036748627216701 0
1670610404308 0.003100478027430631 0
1670610406499 0.0031325942490270098 0
1670610409282 0.003122819178920544 0
1670610411921 0.0031033725862941175 0
1670610414225 0.003085833450310993 0
1670610416435 0.0030685848712609376 0
1670610418365 0.003088042662908852 0
1670610420625 0.0030719857955827656 0
1670610423034 0.0030568377230150157 0
1670610425250 0.0030392219068464676 0
1670610427431 0.0030245930993685333 0
1670610429431 0.003017243998899577 0
1670610431414 0.0030296602389815463 0
1670610433684 0.0030267891334874175 0
1670610435755 0.0030200822964839835 0
1670610437947 0.0030047974904545693 0
1670610440382 0.002998569815237384 0
1670610442680 0.002985051492126578 0
1670610445832 0.0029692991620525744 0
1670610447777 0.002954067357787138 0
1670610450600 0.002945461642303693 0
1670610453247 0.002932860016426786 0
1670610455663 0.00294981023843488 0
1670610457982 0.0029359684792409357 0
1670610460509 0.002947630919219013 0
1670610463218 0.00293723197117568 0
1670610465655 0.00297903868566729 0
1670610468452 0.0030258550645670956 0
1670610471621 0.0030604119336102853 0
1670610475022 0.0030483402230386814 0
1670610477950 0.003066749768960153 0
1670610480437 0.0030629554514636226 0
1670610483690 0.00309775525911149 0
1670610486893 0.0030961340710418117 0
1670610489892 0.0030985716975379107 0
1670610492271 0.0030939411674216766 0
1670610495220 0.003080294426884067 0
1670610498566 0.003068035075811437 0
1670610501896 0.0031831303658985677 0
1670610505057 0.0031720900897315163 0
1670610508261 0.0031703454751670357 0
1670610511749 0.0031609824196179304 0
