1670568039162 0.02541240947286416 0
1670568039672 0.018930706183891033 0
1670568040608 0.018820133492187918 0
1670568041188 0.014742781170802743 0
1670568041795 0.01257053424412824 0
1670568042618 0.011744806964845256 0
1670568043358 0.017690838349787352 0
1670568044515 0.01642669614373171 0
1670568045372 0.015320444423299162 0
1670568046275 0.0147878186910948 0
1670568047500 0.014177273205684515 0
1670568048592 0.01385681696079255 0
1670568049340 0.01371169609154732 0
1670568050516 0.014806221737407421 0
1670568051545 0.014247081258596639 0
1670568052200 0.01484021032033711 0
1670568053176 0.014654778636134846 0
1670568054048 0.014387765998930324 0
1670568055046 0.014233247548330108 0
1670568055931 0.014494094722667827 0
1670568056846 0.015504112896292721 0
1670568057791 0.015133971023837844 0
1670568058558 0.015028449121004872 0
1670568059326 0.015514661047255851 0
1670568060304 0.016094436430469594 0
1670568060854 0.016807407088495485 0
1670568061559 0.016767935157796843 0
1670568062777 0.01675788994495675 0
1670568063843 0.016772596363625825 0
1670568065297 0.016981804258964783 0
1670568066209 0.016772949583221064 0
1670568067081 0.016540763036794637 0
1670568067883 0.016440107248848812 0
1670568068766 0.016204003235010034 0
1670568069663 0.016080233686320167 0
1670568070684 0.015886655052040455 0
1670568071781 0.01598267121730368 0
1670568072796 0.01577677252065146 0
1670568073774 0.015981553754650824 0
1670568074756 0.01619927950046829 0
1670568075663 0.018683944650870532 0
1670568076520 0.01900169333073609 0
1670568077622 0.01957253436426587 0
1670568078733 0.019505183407797166 0
1670568079593 0.019318531828222407 0
1670568080624 0.019325490510080034 0
1670568081795 0.01938842187819778 0
1670568082702 0.019230288847401633 0
1670568083842 0.019339741505231323 0
1670568085190 0.0191583028424811 0
1670568086240 0.01900574541066291 0
1670568087415 0.018987620868335386 0
1670568088565 0.018942733424512803 0
1670568089678 0.018875432083928056 0
1670568090949 0.01874779644338531 0
1670568091840 0.018589321518351576 0
1670568092583 0.018431967348672695 0
1670568093826 0.018367275736818622 0
1670568094984 0.019275070680364492 0
1670568095973 0.01945922556138857 0
1670568096716 0.019315505483231465 0
1670568097488 0.019174885912752626 0
1670568098515 0.01914621486623691 0
1670568099160 0.019449805751320604 0
1670568099663 0.019302056285344205 0
1670568100546 0.019165563055497215 0
1670568101506 0.01922136584940415 0
1670568102122 0.019548792025283146 0
1670568103190 0.01946087560959453 0
1670568104640 0.01938529049946891 0
1670568105887 0.01962361222713005 0
1670568107161 0.019513197895368983 0
1670568108199 0.019556706181688588 0
1670568109389 0.0195753192669037 0
1670568110658 0.019473174910892954 0
1670568111876 0.019346334519059427 0
1670568112794 0.01956470190304671 0
1670568113829 0.019692232331458226 0
1670568114751 0.01961444287202918 0
1670568115535 0.019497480301959746 0
1670568117278 0.01941332268072604 0
1670568118364 0.019338974125583497 0
1670568119271 0.019326682405660045 0
1670568120254 0.01923184205313555 0
1670568121099 0.019205912490897314 0
1670568122032 0.01909761614192851 0
1670568122802 0.01901989887249156 0
1670568123814 0.018965238150997044 0
1670568124371 0.020023801010968234 0
1670568125626 0.019964019798284882 0
1670568126889 0.01987591513164433 0
1670568127891 0.02006247059590971 0
1670568128832 0.020021363614295185 0
1670568130119 0.02002997567620468 0
1670568131302 0.019925961164779515 0
1670568132264 0.0203285175649921 0
1670568133286 0.020330459049289984 0
1670568133918 0.020233055938154276 0
1670568134478 0.02019622821629896 0
1670568134986 0.02020619887963071 0
1670568135513 0.02036549758000339 0
