1670608023227 0.11012044104907803 0
1670608024124 0.03056674749819721 0
1670608024784 0.0371247514084454 0
1670608025620 0.0312281169763432 0
1670608026390 0.026396314007868904 0
1670608027003 0.024022263734782445 0
1670608027731 0.03352838833040295 0
1670608028367 0.030832011067754683 0
1670608029081 0.029706601771167573 0
1670608029645 0.027899796610850625 0
1670608030259 0.02764865513587811 0
1670608031137 0.028393187945895293 0
1670608032139 0.02808008175897292 0
1670608032811 0.02886849478263065 0
1670608033471 0.028552232101697883 0
1670608034034 0.02977945096190704 0
1670608034788 0.03105033531481749 0
1670608035616 0.030942521753663965 0
1670608036349 0.030097203962843655 0
1670608037164 0.029336005126867182 0
1670608038021 0.028649631296092104 0
1670608038623 0.028357191457433983 0
1670608039202 0.028323404840656763 0
1670608039761 0.028822732387693062 0
1670608040283 0.028580182968822032 0
1670608040872 0.0283411765704219 0
1670608041853 0.02782963913001346 0
1670608042415 0.027320862265969525 0
1670608042904 0.025701882107932672 0
1670608043406 0.02532018750759102 0
1670608044047 0.024950779836113823 0
1670608044618 0.0245745758805469 0
1670608045176 0.024245608623555626 0
1670608045631 0.024279829002855413 0
1670608046221 0.023954345446938974 0
1670608046831 0.02370058795616703 0
1670608047647 0.02370414231118223 0
1670608048343 0.023489242248656006 0
1670608048824 0.02323453053728075 0
1670608049896 0.023088974412304397 0
1670608050473 0.022965057627065466 0
1670608051001 0.023963720269872923 0
1670608051768 0.02371731261562371 0
1670608052201 0.023970086485025632 0
1670608052889 0.023950700727667362 0
1670608053441 0.02385269267066159 0
1670608054047 0.023613380726684507 0
1670608054937 0.023375090427901646 0
1670608055783 0.02316852452799567 0
1670608056518 0.0230288604519584 0
1670608057157 0.022850612237397372 0
1670608058023 0.022905256992121314 0
1670608058669 0.022706667424288174 0
1670608059175 0.022588404893978398 0
1670608059795 0.0227286445080066 0
1670608060461 0.022661949050752028 0
1670608061048 0.023035272242365568 0
1670608061928 0.023237964577199066 0
1670608062492 0.024572950600112664 0
1670608063101 0.02449466067513062 0
1670608063646 0.02457473070046079 0
1670608064492 0.024665371859322383 0
1670608065232 0.024676903901670544 0
1670608065928 0.024514327679108328 0
1670608066578 0.02445877478143188 0
1670608067470 0.02445014845503557 0
1670608068033 0.024278411889410934 0
1670608069003 0.024263862210810117 0
1670608069645 0.024468901866575354 0
1670608070325 0.02435788101547598 0
1670608070828 0.02418985929478168 0
1670608071727 0.02415970964711911 0
1670608072240 0.02423756980927516 0
1670608073153 0.024150275609246874 0
1670608073885 0.024087901391240285 0
1670608074388 0.02397958459668903 0
1670608074959 0.024173742391237374 0
1670608075539 0.024021308020985233 0
1670608076222 0.02387341978175883 0
1670608076795 0.023734676171173308 0
1670608077323 0.023871428192985045 0
1670608077954 0.024032915595034177 0
1670608078782 0.0239358908339381 0
1670608079503 0.023797063031417154 0
1670608080219 0.02366118320727073 0
1670608080811 0.02377310031221236 0
1670608081382 0.023668175687551418 0
1670608082198 0.023659039768215928 0
1670608082690 0.02354346597900059 0
1670608083364 0.02350645898903425 0
1670608084114 0.02337864587054339 0
1670608084792 0.023421728271828757 0
1670608085612 0.02331372573061974 0
1670608086132 0.023308528621444613 0
1670608086969 0.023227575356434604 0
1670608087655 0.02343853553078923 0
1670608088171 0.02333906365177585 0
1670608088846 0.02324077850121542 0
1670608089368 0.023152037637987344 0
1670608089941 0.02304864968125231 0
1670608090442 0.022961025120211587 0
1670608091232 0.02285409492763313 0
1670608091930 0.023162542733066394 0
1670608092659 0.02315214824478995 0
1670608093306 0.023557851222684167 0
1670608093859 0.023466082775791985 0
1670608094385 0.023359050435830975 0
1670608094951 0.02326959249214522 0
1670608095574 0.0232092446957185 0
1670608096410 0.023114905186914392 0
1670608097021 0.023225228518278462 0
1670608097717 0.023302681433207684 0
1670608098203 0.023258983055509885 0
1670608099000 0.02315769736834994 0
1670608099547 0.02316646314784243 0
1670608100341 0.023125135173079903 0
1670608100891 0.02335322502355608 0
1670608101572 0.0234333984725017 0
1670608102152 0.023481416378548947 0
1670608102627 0.023389420044960474 0
1670608103240 0.023316694159922213 0
1670608103754 0.02344935239023893 0
1670608104478 0.023363621200069296 0
1670608105210 0.023339891199925744 0
1670608105761 0.023268541431436196 0
1670608106311 0.023498351101720827 0
1670608106892 0.02353932893400179 0
1670608107433 0.023449598850374898 0
1670608108324 0.02336252343845191 0
1670608109212 0.02327904184530949 0
1670608109862 0.023198892980999863 0
1670608110536 0.023113375552944904 0
1670608111116 0.023027524611388794 0
1670608111632 0.022962255105758 0
1670608112263 0.022951474780196324 0
1670608113142 0.0230733872003408 0
1670608113633 0.023221792598083324 0
1670608114431 0.023348803089449977 0
1670608115276 0.023267825146605192 0
1670608115826 0.023228179118560233 0
1670608116599 0.023148258886388384 0
1670608117253 0.02309953835294065 0
1670608117938 0.02303495868259453 0
1670608118795 0.023211499951146686 0
1670608119354 0.023413221072455248 0
1670608119835 0.02340187903272173 0
1670608120589 0.023389162422099208 0
1670608121276 0.023362870475351682 0
1670608122043 0.023417985236171446 0
1670608122704 0.02353775873745667 0
1670608123303 0.023533060124847904 0
1670608123850 0.023460605958741887 0
1670608124525 0.02338434379021237 0
1670608125220 0.02333054839202353 0
1670608125866 0.02330521400270147 0
1670608126628 0.023538240525221465 0
1670608127327 0.023509999082187982 0
1670608127982 0.023516684776193952 0
1670608128883 0.023549627190684985 0
1670608129578 0.023505561240620088 0
1670608130402 0.023492461858507285 0
1670608130798 0.023506952693946537 0
1670608131493 0.023558266070404454 0
1670608132009 0.023502582392475935 0
