1670638673102 0.0 0
1670638673602 0.0 0
1670638674221 0.0 0
1670638674748 0.0 0
1670638675285 0.0 0
1670638675838 0.0 0
1670638676373 0.0 0
1670638676928 0.0 0
1670638677413 0.0 0
1670638677900 0.0 0
1670638678391 0.0 0
1670638678876 0.0 0
1670638679364 0.0 0
1670638679850 0.0 0
1670638680364 0.0 0
1670638680854 0.0 0
1670638681375 0.0 0
1670638681963 0.0 0
1670638682520 0.0 0
1670638683063 0.0 0
1670638683691 0.0 0
1670638684332 0.0 0
1670638684912 0.0 0
1670638685434 0.0 0
1670638685960 0.0 0
1670638686603 0.0 0
1670638687138 0.0 0
1670638687674 0.0 0
1670638688204 0.0 0
1670638688801 0.0 0
1670638689465 0.0 0
1670638690174 0.0 0
1670638690839 0.0 0
1670638691376 0.0 0
1670638691998 0.0 0
1670638692563 0.0 0
1670638693130 0.0 0
1670638693696 0.0 0
1670638694241 0.0 0
1670638694790 0.0 0
1670638695330 0.0 0
1670638695952 0.0 0
1670638696633 0.0 0
1670638697214 0.0 0
1670638697744 0.0 0
1670638698282 0.0 0
1670638698821 0.0 0
1670638699364 0.0 0
1670638699899 0.0 0
1670638700362 0.0 0
1670638700818 0.0 0
1670638701342 0.0 0
1670638701875 0.0 0
1670638702402 0.0 0
1670638703036 0.0 0
1670638703692 0.0 0
1670638704339 0.0 0
1670638705005 0.0 0
1670638705595 0.0 0
1670638705996 0.0 0
1670638706336 0.0 0
1670638706783 0.0 0
1670638707316 0.0 0
1670638707851 0.0 0
1670638708369 0.0 0
1670638708917 0.0 0
1670638709576 0.0 0
1670638710197 0.0 0
1670638710814 0.0 0
1670638711375 0.0 0
1670638711989 0.0 0
1670638712621 0.0 0
1670638713188 0.0 0
1670638713697 0.0 0
1670638714278 0.0 0
1670638714819 0.0 0
1670638715377 0.0 0
1670638715919 0.0 0
1670638716446 0.0 0
1670638716950 0.0 0
1670638717450 0.0 0
1670638717951 0.0 0
1670638718457 0.0 0
1670638719101 0.0 0
1670638719622 0.0 0
1670638720202 0.0 0
1670638720734 0.0 0
1670638721267 0.0 0
1670638721847 0.0 0
1670638722372 0.0 0
1670638722890 0.0 0
1670638723423 0.0 0
1670638724032 0.0 0
1670638724584 0.0 0
1670638725075 0.0 0
1670638725573 0.0 0
1670638726039 0.0 0
1670638726496 0.0 0
1670638727054 0.0 0
1670638727641 0.0 0
1670638728255 0.0 0
1670638728869 0.0 0
