1670610075443 0.0 0
1670610076833 0.0 0
1670610078381 0.0 0
1670610079989 0.0 0
1670610081260 0.0 0
1670610082750 0.0 0
1670610083803 0.0 0
1670610084879 0.0 0
1670610085989 0.0 0
1670610087258 0.0 0
1670610088253 0.0 0
1670610089476 0.0 0
1670610090741 0.0 0
1670610091907 0.0 0
1670610093267 0.0 0
1670610094424 0.0 0
1670610095787 0.0 0
1670610096965 0.0 0
1670610098238 0.0 0
1670610099467 0.0 0
1670610100709 0.0 0
1670610102156 0.0 0
1670610103643 0.0 0
1670610105004 0.0 0
1670610106495 0.0 0
1670610107645 0.0 0
1670610108965 0.0 0
1670610110182 0.0 0
1670610111204 0.0 0
1670610112264 0.0 0
1670610114087 0.0 0
1670610115235 0.0 0
1670610116532 0.0 0
1670610117981 0.0 0
1670610119008 0.0 0
1670610120395 0.0 0
1670610121257 0.0 0
1670610122566 0.0 0
1670610124087 0.0 0
1670610125494 0.0 0
1670610126946 0.0 0
1670610128632 0.0 0
1670610129803 0.0 0
1670610131615 0.0 0
1670610133046 0.0 0
1670610134458 0.0 0
1670610135747 0.0 0
1670610137301 0.0 0
1670610138273 0.0 0
1670610139679 0.0 0
1670610140883 0.0 0
1670610142622 0.0 0
1670610144106 0.0 0
1670610145464 0.0 0
1670610146686 0.0 0
1670610148319 0.0 0
1670610149604 0.0 0
1670610151351 0.0 0
1670610153389 0.0 0
1670610154552 0.0 0
1670610155779 0.0 0
1670610157272 0.0 0
1670610158378 0.0 0
1670610159908 0.0 0
1670610161461 0.0 0
1670610163141 0.0 0
1670610164363 0.0 0
1670610165399 0.0 0
1670610166837 0.0 0
1670610167951 0.0 0
1670610169503 0.0 0
1670610170712 0.0 0
1670610172200 0.0 0
1670610173518 0.0 0
1670610174764 0.0 0
1670610176015 0.0 0
1670610177480 0.0 0
1670610178680 0.0 0
1670610179943 0.0 0
1670610181215 0.0 0
1670610182225 0.0 0
1670610183476 0.0 0
1670610184726 0.0 0
1670610185995 0.0 0
1670610187405 0.0 0
1670610188391 0.0 0
1670610189661 0.0 0
1670610190850 0.0 0
1670610191921 0.0 0
1670610193239 0.0 0
1670610194866 0.0 0
1670610196227 0.0 0
1670610197906 0.0 0
1670610199236 0.0 0
1670610200849 0.0 0
1670610202377 0.0 0
1670610204033 0.0 0
1670610205872 0.0 0
1670610207525 0.0 0
1670610209351 0.0 0
1670610211313 0.0 0
