1670629319834 0.0 0
1670629324816 0.0 0
1670629329993 0.0 0
1670629335176 0.0 0
1670629340114 0.0 0
1670629345190 0.0 0
1670629349707 0.0 0
1670629354056 0.0 0
1670629359077 0.0 0
1670629363841 0.0 0
1670629369091 0.0 0
1670629374202 0.0 0
1670629379339 0.0 0
1670629384542 0.0 0
1670629389440 0.0 0
1670629394568 0.0 0
1670629399550 0.0 0
1670629404572 0.0 0
1670629409599 0.0 0
1670629414681 0.0 0
1670629419639 0.0 0
1670629424753 0.0 0
1670629429784 0.0 0
1670629435018 0.0 0
1670629440207 0.0 0
1670629445590 0.0 0
1670629451099 0.0 0
1670629456828 0.0 0
1670629461981 0.0 0
1670629467231 0.0 0
1670629472551 0.0 0
1670629477750 0.0 0
1670629482937 0.0 0
1670629488125 0.0 0
1670629492993 0.0 0
1670629498171 0.0 0
1670629503189 0.0 0
