1670625125369 0.0 0
1670625133913 0.0 0
1670625142404 0.0 0
1670625150660 0.0 0
1670625159576 0.0 0
1670625167559 0.0 0
1670625175305 0.0 0
1670625183454 0.0 0
1670625191581 0.0 0
1670625199872 0.0 0
1670625208186 0.0 0
1670625216327 0.0 0
1670625224520 0.0 0
1670625232423 0.0 0
1670625240430 0.0 0
1670625248436 0.0 0
1670625256449 0.0 0
1670625264590 0.0 0
1670625272917 0.0 0
1670625281089 0.0 0
1670625288885 0.0 0
1670625296564 0.0 0
1670625304265 0.0 0
1670625311903 0.0 0
1670625319505 0.0 0
1670625327613 0.0 0
1670625335481 0.0 0
1670625343370 0.0 0
1670625351117 0.0 0
1670625358898 0.0 0
1670625366776 0.0 0
1670625375011 0.0 0
1670625383068 0.0 0
1670625390985 0.0 0
1670625398966 0.0 0
1670625406875 0.0 0
1670625414865 0.0 0
1670625422587 0.0 0
1670625430435 0.0 0
1670625438387 0.0 0
1670625446220 0.0 0
1670625454740 0.0 0
1670625462693 0.0 0
1670625470472 0.0 0
1670625478719 0.0 0
1670625486752 0.0 0
1670625494825 0.0 0
1670625503007 0.0 0
1670625511601 0.0 0
1670625520166 0.0 0
1670625528203 0.0 0
1670625536291 0.0 0
1670625544052 0.0 0
1670625551967 0.0 0
1670625559807 0.0 0
1670625567672 0.0 0
1670625575909 0.0 0
1670625583952 0.0 0
1670625592026 0.0 0
1670625599890 0.0 0
1670625607851 0.0 0
1670625616316 0.0 0
1670625624726 0.0 0
1670625632592 0.0 0
1670625640409 0.0 0
1670625648464 0.0 0
1670625656491 0.0 0
1670625665152 0.0 0
