1670563247380 0.0 0
1670563247783 0.0 0
1670563248008 0.0 0
1670563248372 0.0 0
1670563248666 0.0 0
1670563248975 0.0 0
1670563249160 0.0 0
1670563249348 0.0 0
1670563249517 0.0 0
1670563249669 0.0 0
1670563250007 0.0 0
1670563250145 0.0 0
1670563250404 0.0 0
1670563250698 0.0 0
1670563251031 0.0 0
1670563251459 0.0 0
1670563251763 0.0 0
1670563252007 0.0 0
1670563252232 0.0 0
1670563252416 0.0 0
1670563252766 0.0 0
1670563253085 0.0 0
1670563253454 0.0 0
1670563253697 0.0 0
1670563254008 0.0 0
1670563254414 0.0 0
1670563254809 0.0 0
1670563255236 0.0 0
1670563255658 0.0 0
1670563255951 0.0 0
1670563256196 0.0 0
1670563256614 0.0 0
1670563256860 0.0 0
1670563257242 0.0 0
1670563257571 0.0 0
1670563257795 0.0 0
1670563258193 0.0 0
1670563258538 0.0 0
1670563258898 0.0 0
1670563259243 0.0 0
1670563259573 0.0 0
1670563259855 0.0 0
1670563260182 0.0 0
1670563260351 0.0 0
1670563260491 0.0 0
1670563260941 0.0 0
1670563261288 0.0 0
1670563261559 0.0 0
1670563261990 0.0 0
1670563262095 0.0 0
1670563262506 0.0 0
1670563262757 0.0 0
1670563263118 0.0 0
1670563263506 0.0 0
1670563263770 0.0 0
1670563263973 0.0 0
1670563264204 0.0 0
1670563264506 0.0 0
1670563264666 0.0 0
1670563264926 0.0 0
1670563265061 0.0 0
1670563265220 0.0 0
1670563265386 0.0 0
1670563265623 0.0 0
1670563265782 0.0 0
1670563266242 0.0 0
1670563266532 0.0 0
1670563266680 0.0 0
1670563267025 0.0 0
1670563267387 0.0 0
1670563267705 0.0 0
1670563268084 0.0 0
1670563268370 0.0 0
1670563268633 0.0 0
1670563268934 0.0 0
1670563269048 0.0 0
1670563269175 0.0 0
1670563269573 0.0 0
1670563269849 0.0 0
1670563270257 0.0 0
1670563270415 0.0 0
1670563270649 0.0 0
1670563270786 0.0 0
1670563271011 0.0 0
1670563271188 0.0 0
1670563271466 0.0 0
1670563271642 0.0 0
1670563271936 0.0 0
1670563272309 0.0 0
1670563272558 0.0 0
1670563272880 0.0 0
1670563273118 0.0 0
1670563273522 0.0 0
1670563273722 0.0 0
1670563273911 0.0 0
1670563274183 0.0 0
1670563274544 0.0 0
1670563274672 0.0 0
1670563274865 0.0 0
1670563275014 0.0 0
1670563275242 0.0 0
1670563275564 0.0 0
