1670558489063 nan 0
1670558491056 nan 0
1670558492831 nan 0
1670558494470 nan 0
1670558496281 nan 0
1670558497865 nan 0
1670558499394 nan 0
1670558501211 nan 0
1670558502855 1.1102230246251565e-16 0
1670558504833 1.1102230246251565e-16 0
1670558506340 nan 0
1670558508468 nan 0
1670558510244 nan 0
1670558512315 1.1102230246251565e-16 0
1670558514033 nan 0
1670558515725 nan 0
1670558518087 1.1102230246251565e-16 0
1670558519975 1.1102230246251565e-16 0
1670558521538 1.1102230246251565e-16 0
1670558523591 1.1102230246251565e-16 0
1670558525197 1.1102230246251565e-16 0
1670558526692 2.220446049250313e-16 0
1670558528443 nan 0
1670558530132 1.1102230246251565e-16 0
1670558532144 1.1102230246251565e-16 0
1670558533958 2.220446049250313e-16 0
1670558535822 2.220446049250313e-16 0
1670558537387 2.220446049250313e-16 0
1670558539381 2.220446049250313e-16 0
1670558540990 3.3306690738754696e-16 0
1670558542810 nan 0
1670558544807 nan 0
1670558546159 1.1102230246251565e-16 0
1670558547982 1.1102230246251565e-16 0
1670558549863 1.1102230246251565e-16 0
1670558551573 1.1102230246251565e-16 0
1670558553151 2.220446049250313e-16 0
1670558554721 2.220446049250313e-16 0
1670558556459 nan 0
1670558558392 nan 0
1670558560516 nan 0
1670558562476 1.1102230246251565e-16 0
1670558564283 1.1102230246251565e-16 0
1670558566049 1.1102230246251565e-16 0
1670558567934 1.1102230246251565e-16 0
1670558569523 1.1102230246251565e-16 0
1670558571486 nan 0
1670558573307 nan 0
1670558575114 1.1102230246251565e-16 0
1670558577467 1.1102230246251565e-16 0
1670558579077 1.1102230246251565e-16 0
1670558580776 2.220446049250313e-16 0
1670558582515 2.220446049250313e-16 0
1670558584340 2.220446049250313e-16 0
1670558585880 nan 0
1670558587833 1.1102230246251565e-16 0
1670558589646 1.1102230246251565e-16 0
1670558592188 1.1102230246251565e-16 0
1670558593949 2.220446049250313e-16 0
1670558595537 2.220446049250313e-16 0
1670558597226 2.220446049250313e-16 0
1670558599023 3.3306690738754696e-16 0
1670558600519 nan 0
1670558602364 nan 0
1670558604047 1.1102230246251565e-16 0
1670558605574 1.1102230246251565e-16 0
1670558607190 1.1102230246251565e-16 0
1670558608817 2.220446049250313e-16 0
1670558610448 2.220446049250313e-16 0
1670558612325 2.220446049250313e-16 0
1670558614262 nan 0
1670558615937 nan 0
1670558617809 nan 0
1670558619364 1.1102230246251565e-16 0
1670558621119 1.1102230246251565e-16 0
1670558622844 1.1102230246251565e-16 0
1670558624610 1.1102230246251565e-16 0
1670558626230 2.220446049250313e-16 0
1670558627853 1.1102230246251565e-16 0
1670558629558 nan 0
1670558631486 nan 0
1670558633179 nan 0
1670558634801 nan 0
1670558636792 1.1102230246251565e-16 0
1670558638301 1.1102230246251565e-16 0
1670558640287 1.1102230246251565e-16 0
1670558641874 1.1102230246251565e-16 0
1670558643543 1.1102230246251565e-16 0
1670558645107 nan 0
1670558646465 nan 0
1670558648143 nan 0
1670558649697 nan 0
1670558651382 1.1102230246251565e-16 0
1670558653015 1.1102230246251565e-16 0
1670558654891 nan 0
1670558656428 1.1102230246251565e-16 0
1670558658285 1.1102230246251565e-16 0
1670558659724 2.220446049250313e-16 0
1670558661644 2.220446049250313e-16 0
1670558663475 2.220446049250313e-16 0
1670558665312 3.3306690738754696e-16 0
1670558666924 3.3306690738754696e-16 0
1670558668915 nan 0
1670558670511 nan 0
1670558672121 1.1102230246251565e-16 0
1670558673807 1.1102230246251565e-16 0
1670558675446 2.220446049250313e-16 0
1670558677075 2.220446049250313e-16 0
1670558678614 2.220446049250313e-16 0
1670558680350 3.3306690738754696e-16 0
1670558682080 nan 0
1670558683651 nan 0
1670558685580 nan 0
1670558687195 1.1102230246251565e-16 0
1670558688850 1.1102230246251565e-16 0
1670558690524 1.1102230246251565e-16 0
1670558691930 2.220446049250313e-16 0
1670558693828 2.220446049250313e-16 0
1670558695555 1.1102230246251565e-16 0
1670558697071 nan 0
1670558698695 nan 0
1670558700374 nan 0
1670558701959 1.1102230246251565e-16 0
1670558703693 1.1102230246251565e-16 0
1670558705548 1.1102230246251565e-16 0
1670558707154 2.220446049250313e-16 0
1670558709028 1.1102230246251565e-16 0
1670558710626 nan 0
1670558712212 nan 0
1670558713914 1.1102230246251565e-16 0
1670558715442 1.1102230246251565e-16 0
1670558717366 nan 0
1670558718901 1.1102230246251565e-16 0
1670558720401 2.220446049250313e-16 0
1670558722191 nan 0
1670558724083 nan 0
1670558725678 nan 0
1670558727524 nan 0
1670558729333 1.1102230246251565e-16 0
1670558730800 1.1102230246251565e-16 0
1670558732489 nan 0
1670558734185 1.1102230246251565e-16 0
1670558735884 nan 0
1670558737610 nan 0
1670558739374 nan 0
1670558741157 nan 0
1670558742840 nan 0
1670558744662 1.1102230246251565e-16 0
1670558746389 1.1102230246251565e-16 0
1670558748126 nan 0
1670558749735 1.1102230246251565e-16 0
1670558751407 nan 0
1670558752781 nan 0
1670558754513 nan 0
1670558756530 nan 0
1670558758421 nan 0
1670558760460 1.1102230246251565e-16 0
1670558762249 nan 0
1670558763909 1.1102230246251565e-16 0
1670558765657 1.1102230246251565e-16 0
1670558767325 nan 0
1670558769208 nan 0
1670558771158 nan 0
1670558772862 nan 0
1670558774938 nan 0
1670558777433 1.1102230246251565e-16 0
1670558779538 nan 0
1670558782367 1.1102230246251565e-16 0
1670558783953 1.1102230246251565e-16 0
1670558786472 nan 0
1670558788234 nan 0
1670558790169 nan 0
1670558792292 nan 0
1670558794183 nan 0
1670558796294 1.1102230246251565e-16 0
1670558798825 nan 0
1670558800740 1.1102230246251565e-16 0
1670558802882 1.1102230246251565e-16 0
1670558805272 nan 0
1670558807514 nan 0
1670558809871 nan 0
1670558812251 nan 0
1670558814017 1.1102230246251565e-16 0
1670558815787 1.1102230246251565e-16 0
1670558817481 1.1102230246251565e-16 0
1670558819417 1.1102230246251565e-16 0
1670558821304 1.1102230246251565e-16 0
1670558823105 2.220446049250313e-16 0
1670558825311 2.220446049250313e-16 0
1670558827360 2.220446049250313e-16 0
1670558829340 nan 0
1670558831666 1.1102230246251565e-16 0
1670558833582 1.1102230246251565e-16 0
1670558836036 nan 0
1670558838360 4.654661149194883e-05 0
1670558840449 4.642892687573008e-05 0
1670558842457 4.631213037081805e-05 0
1670558844589 4.6196210863158615e-05 0
1670558846763 4.608115743259811e-05 0
1670558848427 4.596695934822037e-05 0
1670558851163 4.5853606064516494e-05 0
1670558853159 4.574108721688841e-05 0
1670558855133 4.5629392618096176e-05 0
1670558857368 4.5518512254039134e-05 0
1670558859774 4.540843628009217e-05 0
1670558861769 4.5299155017608506e-05 0
1670558863897 6.375468573904808e-05 0
1670558865980 6.360345692912883e-05 0
1670558868050 6.345329906737307e-05 0
1670558870043 6.330419957456535e-05 0
1670558872034 6.315614607749209e-05 0
1670558873916 6.300912640438971e-05 0
1670558875794 6.286312858094778e-05 0
1670558877785 6.271814082597915e-05 0
1670558879931 6.257415154770074e-05 0
1670558882040 6.243114933957017e-05 0
1670558883945 6.228912297667755e-05 0
1670558885582 6.214806141202622e-05 0
1670558887599 6.200795377281354e-05 0
1670558889734 6.186878935704465e-05 0
1670558892007 6.173055763003532e-05 0
1670558893849 6.159324822108125e-05 0
1670558895846 6.145685092018294e-05 0
1670558898760 6.132135567477048e-05 0
1670558900900 6.118675258687256e-05 0
1670558902623 6.10530319096747e-05 0
1670558904868 6.0920184044910286e-05 0
1670558907360 6.078819953986292e-05 0
1670558909295 6.065706908431334e-05 0
1670558911284 6.052678350820795e-05 0
1670558913364 6.039733377860568e-05 0
1670558915096 6.026871099718001e-05 0
1670558917037 6.014090639766545e-05 0
1670558918706 6.001391134341505e-05 0
1670558921064 5.9887717324735856e-05 0
1670558922846 5.976231595672399e-05 0
1670558924955 5.963769897676663e-05 0
1670558926879 5.9513858242377093e-05 0
1670558928969 5.939078572886336e-05 0
1670558930921 5.9268473527218646e-05 0
1670558932781 5.914691384190096e-05 0
1670558934577 5.9026098988779196e-05 0
1670558936734 5.8906021393301256e-05 0
1670558939519 5.878667358799605e-05 0
1670558941713 5.8668048211196755e-05 0
1670558943938 5.855013800448727e-05 0
1670558946593 5.843293581125897e-05 0
1670558948926 5.831643457476776e-05 0
1670558950973 5.820062733624676e-05 0
1670558953019 5.808550723340744e-05 0
1670558955280 5.7971067498441275e-05 0
1670558957279 5.7857301456520904e-05 0
1670558959513 5.774420252413481e-05 0
1670558961214 5.763176420747751e-05 0
1670558963176 5.751998010095072e-05 0
1670558964916 5.740884388544254e-05 0
1670558967117 5.72983493271062e-05 0
1670558969309 5.7188490275639214e-05 0
1670558970868 5.7079260662951103e-05 0
1670558972579 5.697065450177563e-05 0
1670558974200 5.6862665884283015e-05 0
1670558975726 5.6755288980692153e-05 0
1670558977682 5.664851803799387e-05 0
1670558979681 5.654234737861863e-05 0
1670558981318 5.6436771399215324e-05 0
1670558983141 5.633178456937449e-05 0
1670558984475 5.622738143035155e-05 0
1670558986355 5.612355659406765e-05 0
1670558987932 5.6020304741666305e-05 0
1670558989838 5.59176206226808e-05 0
1670558991622 5.5815499053590845e-05 0
1670558993417 5.571393491704546e-05 0
1670558994851 5.561292316047517e-05 0
1670558996370 5.5512458795314856e-05 0
1670558998237 5.5412536895782516e-05 0
1670558999762 5.5313152597880055e-05 0
1670559001241 5.5214301098560625e-05 0
1670559003057 5.5115977654507375e-05 0
1670559004702 5.501817758141181e-05 0
1670559006385 6.714343285163515e-05 0
1670559008194 6.702556089016598e-05 0
1670559009797 6.690830744154885e-05 0
1670559011678 6.679166711626161e-05 0
1670559013512 6.667563459028525e-05 0
1670559015334 6.656020460416023e-05 0
1670559016810 6.644537196176525e-05 0
1670559018874 6.633113152965109e-05 0
1670559020135 6.621747823581936e-05 0
1670559021584 6.610440706883436e-05 0
1670559024039 6.599191307704588e-05 0
1670559025463 6.587999136742351e-05 0
1670559027239 6.576863710494596e-05 0
1670559029639 6.56578455114909e-05 0
1670559031430 6.554761186505775e-05 0
