1670594320581 0.0026666666666666666 0
1670594321864 0.0016666666666666668 0
1670594322968 0.0033333333333333335 0
1670594324347 0.004 0
1670594325570 0.001 0
1670594326815 0.0013333333333333333 0
1670594327886 0.001 0
1670594328904 0.0023333333333333335 0
1670594329956 0.0013333333333333333 0
1670594330902 0.002 0
1670594332413 0.0026666666666666666 0
1670594333704 0.0023333333333333335 0
1670594334980 0.0016666666666666668 0
1670594336053 0.0023333333333333335 0
1670594337445 0.0016666666666666668 0
1670594338617 0.0016666666666666668 0
1670594339809 0.001 0
1670594340894 0.001 0
1670594342158 0.002 0
1670594343597 0.0013333333333333333 0
1670594344710 0.002 0
1670594346130 0.0016666666666666668 0
1670594347402 0.003 0
1670594348660 0.0023333333333333335 0
1670594349665 0.0016666666666666668 0
1670594350809 0.0023333333333333335 0
1670594351995 0.0023333333333333335 0
1670594353176 0.0026666666666666666 0
1670594354472 0.002 0
1670594355639 0.0006666666666666666 0
1670594357086 0.0023333333333333335 0
1670594358251 0.001 0
1670594359685 0.0013333333333333333 0
1670594360713 0.0006666666666666666 0
1670594361994 0.001 0
1670594363279 0.0016666666666666668 0
1670594364467 0.0003333333333333333 0
1670594365703 0.0026666666666666666 0
1670594366889 0.0013333333333333333 0
1670594367956 0.0033333333333333335 0
1670594369258 0.0006666666666666666 0
1670594370212 0.0023333333333333335 0
1670594371424 0.0016666666666666668 0
1670594372401 0.002 0
1670594373534 0.0016666666666666668 0
1670594374529 0.0006666666666666666 0
1670594375623 0.0033333333333333335 0
1670594376946 0.0013333333333333333 0
1670594378149 0.001 0
1670594379442 0.0016666666666666668 0
1670594380723 0.001 0
1670594382009 0.001 0
1670594383301 0.0013333333333333333 0
1670594384368 0.001 0
1670594385660 0.0013333333333333333 0
1670594386667 0.002 0
1670594388023 0.0016666666666666668 0
1670594389134 0.0013333333333333333 0
1670594390414 0.002 0
1670594391418 0.0036666666666666666 0
1670594392674 0.001 0
1670594393670 0.001 0
1670594394651 0.0013333333333333333 0
1670594395693 0.0026666666666666666 0
1670594397226 0.0013333333333333333 0
1670594398380 0.001 0
1670594399410 0.0016666666666666668 0
1670594400880 0.0016666666666666668 0
1670594402261 0.001 0
1670594403668 0.001 0
1670594404663 0.002 0
1670594406005 0.0016666666666666668 0
1670594407062 0.0026666666666666666 0
1670594408195 0.002 0
1670594409281 0.001 0
1670594410447 0.0013333333333333333 0
1670594411692 0.0023333333333333335 0
1670594412826 0.0026666666666666666 0
1670594414231 0.0016666666666666668 0
1670594415457 0.001 0
1670594416841 0.0023333333333333335 0
1670594418158 0.002 0
1670594419413 0.0026666666666666666 0
1670594420954 0.0023333333333333335 0
1670594421972 0.0026666666666666666 0
1670594423167 0.0023333333333333335 0
1670594424323 0.0016666666666666668 0
1670594425488 0.0003333333333333333 0
1670594426973 0.0023333333333333335 0
1670594428381 0.0026666666666666666 0
1670594430063 0.001 0
1670594431428 0.0013333333333333333 0
1670594432957 0.001 0
1670594434228 0.0006666666666666666 0
1670594435554 0.002 0
1670594437099 0.002 0
1670594438556 0.002 0
1670594439742 0.002 0
1670594441236 0.001 0
1670594442689 0.002 0
1670594444396 0.0023333333333333335 0
1670594445728 0.0013333333333333333 0
1670594447131 0.001 0
1670594448418 0.0026666666666666666 0
1670594449742 0.0023333333333333335 0
1670594450879 0.003 0
1670594452238 0.0006666666666666666 0
1670594453600 0.0016666666666666668 0
1670594454892 0.001 0
1670594456205 0.001 0
1670594457369 0.0033333333333333335 0
1670594458571 0.0026666666666666666 0
1670594459659 0.0016666666666666668 0
1670594460744 0.0016666666666666668 0
1670594462093 0.0023333333333333335 0
1670594463482 0.0026666666666666666 0
1670594464650 0.0013333333333333333 0
1670594465971 0.001 0
1670594467467 0.0013333333333333333 0
1670594468681 0.0036666666666666666 0
1670594469909 0.0013333333333333333 0
1670594471063 0.0016666666666666668 0
1670594472243 0.0013333333333333333 0
1670594473377 0.0023333333333333335 0
1670594474667 0.002 0
1670594476082 0.0023333333333333335 0
1670594477212 0.0016666666666666668 0
1670594478496 0.0036666666666666666 0
1670594479666 0.0036666666666666666 0
1670594480971 0.0016666666666666668 0
1670594482131 0.002 0
1670594483304 0.0026666666666666666 0
1670594484772 0.001 0
1670594485896 0.0016666666666666668 0
1670594487250 0.0026666666666666666 0
