1670584988365 0.025412409472864193 0
1670584989238 0.00975080454668038 0
1670584990152 0.006253414763943036 0
1670584991076 0.006475727138834826 0
1670584992062 0.005479145513463145 0
1670584993228 0.005008988246982697 0
1670584994146 0.00464641812743004 0
1670584995291 0.006359279720459902 0
1670584996485 0.006146336470910476 0
1670584997571 0.005773596153608437 0
1670584998719 0.005619420949420903 0
1670585000058 0.005358573975332311 0
1670585001195 0.005177572249462872 0
1670585002162 0.00528510377072007 0
1670585003067 0.005104087393409985 0
1670585004244 0.005178358849503147 0
1670585005431 0.005030868874070419 0
1670585006589 0.005084840047766705 0
1670585007850 0.004989715498043746 0
1670585009087 0.004920897752876424 0
1670585009979 0.004815874753567249 0
1670585010998 0.004747727254911667 0
1670585012158 0.004650931189883334 0
1670585013336 0.004569752932231294 0
1670585014507 0.004492463996436021 0
1670585015769 0.004444365113307182 0
1670585017155 0.004369554774436587 0
1670585018066 0.004444440828624588 0
1670585019129 0.004223688561155209 0
1670585020205 0.004170058220762956 0
1670585021168 0.0041801079262005995 0
1670585022081 0.004127791068045977 0
1670585023254 0.004083246997972301 0
1670585024465 0.004191576907110854 0
1670585025988 0.004136268774795792 0
1670585027075 0.004137697558951844 0
1670585028339 0.004136113936651175 0
1670585029704 0.004568061264623188 0
1670585030720 0.004561567926209859 0
1670585031927 0.004586305968798951 0
1670585033275 0.004566895794196101 0
1670585034270 0.004546697130779501 0
1670585035654 0.004495061684270387 0
1670585036654 0.004445146337706964 0
1670585037998 0.004471102193993807 0
1670585039212 0.004426023233077081 0
1670585040159 0.004382274525275021 0
1670585041417 0.0043374977048486005 0
1670585042695 0.004324256832118109 0
1670585043924 0.004293240401138691 0
1670585044946 0.0042520864146296505 0
1670585046074 0.004332451121060235 0
1670585047138 0.004396151771357558 0
1670585048222 0.004356310540595123 0
1670585049265 0.004318983034467552 0
1670585050388 0.0043765383926831925 0
1670585051384 0.004428233747529422 0
1670585052387 0.004551843661669266 0
1670585053698 0.004526133378539983 0
1670585055037 0.004515788220922788 0
1670585056327 0.004492312577054465 0
1670585057472 0.004467899034313101 0
1670585058687 0.004445644545341609 0
1670585059938 0.004413976911082081 0
1670585061025 0.004518239319682938 0
1670585061968 0.004493791635979559 0
1670585063183 0.00446073106309551 0
1670585064316 0.004532597473312479 0
1670585065521 0.004509723532612418 0
1670585066763 0.004693268431953507 0
1670585067931 0.004670586119046522 0
1670585069202 0.004641111339601725 0
1670585070560 0.004697282085988621 0
1670585071688 0.0047490583997656845 0
1670585072968 0.004728795970431921 0
1670585074116 0.004732481322839255 0
1670585075315 0.004709528755721925 0
1670585076615 0.0046972394116874 0
1670585077673 0.004667934027864231 0
1670585078850 0.004650375296466054 0
1670585079994 0.004632906673663015 0
1670585081423 0.004636747871970865 0
1670585082711 0.004610320583454787 0
1670585083976 0.004584338762254064 0
1670585085164 0.004596485314811354 0
1670585086483 0.004570085359608523 0
1670585087933 0.004574309760879542 0
1670585089182 0.004551795505952727 0
1670585090413 0.00452960147537579 0
1670585091685 0.0045111494596260255 0
1670585092904 0.004502101697588809 0
1670585094125 0.004483884324134815 0
1670585095124 0.004465854757392848 0
1670585096428 0.004443245010666693 0
1670585097600 0.004425686098650253 0
1670585098841 0.004413571510929347 0
1670585100176 0.004405188623912091 0
1670585101394 0.004386362272352517 0
1670585102656 0.004385708655675865 0
1670585103947 0.0043641044864178085 0
1670585105182 0.004356681022336184 0
1670585106458 0.004370565659729892 0
1670585107529 0.004359138443532913 0
1670585108620 0.004338446989856774 0
1670585109702 0.004318047401752383 0
1670585110646 0.004297932881826687 0
1670585111724 0.004297197460852043 0
1670585112712 0.00430337921851549 0
1670585113888 0.004284789575324491 0
1670585115198 0.004284328726168719 0
1670585116078 0.004266222371282789 0
1670585116926 0.004260787681797552 0
1670585118207 0.004244821047893383 0
1670585119373 0.004227315762568888 0
1670585120430 0.004209165357791951 0
1670585121721 0.004229902226170697 0
1670585122840 0.0043274142388308665 0
1670585123976 0.004321929029149129 0
1670585125283 0.004306417916856204 0
1670585126281 0.004293674873137398 0
1670585127534 0.004288316094251973 0
1670585128642 0.004343228770764564 0
1670585129837 0.004325847252212239 0
1670585130964 0.004311258682878412 0
1670585132132 0.004377002174532442 0
1670585133214 0.004367500007350772 0
1670585134198 0.004358005555837189 0
1670585135315 0.004341153576852863 0
1670585136355 0.004329211939088718 0
1670585137568 0.004313543747389 0
1670585139032 0.004318274863992047 0
1670585140128 0.004302114221072595 0
1670585141401 0.004290479504609693 0
1670585142610 0.004332011044562487 0
1670585143960 0.004355357778596495 0
1670585145177 0.00434627170316865 0
1670585146280 0.00433521537050807 0
1670585147457 0.004352149202432473 0
1670585148426 0.004343471421487303 0
1670585149747 0.00434797662252921 0
1670585151096 0.00434702594530309 0
1670585152142 0.004331860967541413 0
1670585153189 0.004321161971442701 0
1670585154147 0.004330372401324719 0
1670585155257 0.0043174318961888645 0
1670585156314 0.00430460339257604 0
1670585157545 0.004294472527701824 0
1670585158756 0.004299302937875854 0
1670585159924 0.004320675622810675 0
1670585160924 0.004308160435933007 0
1670585162083 0.00436029038827798 0
1670585163202 0.00436512691693133 0
1670585164506 0.004361198011152109 0
1670585165707 0.0043479763783653945 0
1670585166760 0.0043815800787855045 0
1670585167915 0.0043719058921562505 0
1670585169018 0.004359667768634624 0
1670585170083 0.004345960298346902 0
1670585171040 0.004333266370526787 0
1670585172026 0.004340682344409697 0
1670585173213 0.004328776896412427 0
1670585174749 0.004315492901715068 0
1670585175860 0.0043032672611305126 0
1670585176754 0.0043082523743615524 0
1670585177960 0.004296137414111421 0
1670585179104 0.004287337321818073 0
1670585180276 0.004276136289553909 0
1670585181706 0.0042675003918717916 0
1670585182933 0.004258901635543652 0
1670585183958 0.004247234372493282 0
1670585185273 0.004235661877891907 0
1670585186234 0.004227247296691154 0
1670585187506 0.004215840323055281 0
1670585188773 0.004215541967434089 0
1670585190137 0.004230151103536088 0
1670585191034 0.004221847999743232 0
1670585192325 0.004221662136844556 0
1670585193259 0.004211466017173026 0
1670585194490 0.0042298908372993054 0
1670585195801 0.004227141645996203 0
1670585197044 0.004231655961576122 0
1670585198521 0.0042287017789650536 0
1670585199697 0.004217872514443265 0
1670585200916 0.004231339605304902 0
1670585202163 0.004223286842117272 0
1670585203063 0.004212581498896078 0
1670585204025 0.004243237324169237 0
1670585205324 0.004232637161375247 0
1670585206245 0.004250316483055912 0
1670585207353 0.004249901453461031 0
1670585208343 0.004247090285916548 0
1670585209618 0.004254338989996508 0
1670585210698 0.004248242752192914 0
1670585211848 0.004255128105654766 0
1670585212965 0.004252581155121706 0
1670585214097 0.004242494312223351 0
1670585215393 0.004231794127808211 0
1670585216707 0.004224564016819218 0
1670585218038 0.004214018791284456 0
1670585219294 0.004213613424473097 0
1670585220357 0.004220400996571103 0
1670585221673 0.004244060716001139 0
1670585222837 0.0042336718193566585 0
1670585223769 0.00422465726172145 0
1670585224648 0.004215087578745535 0
1670585225688 0.004204918928164179 0
1670585226821 0.004275705390942458 0
1670585228066 0.004268847628358954 0
1670585229054 0.004259872455326547 0
1670585230142 0.004258973590238647 0
1670585231132 0.0042496736896547385 0
1670585232175 0.0042404339156879465 0
1670585233335 0.004234701666992806 0
1670585234707 0.004228976279861851 0
1670585236061 0.004222564874946939 0
1670585237184 0.004212833870220331 0
1670585238324 0.0042039091003993135 0
1670585239668 0.004195040286730494 0
1670585240858 0.0041866313044355095 0
1670585242212 0.004177158609891786 0
1670585243397 0.004168477161996602 0
1670585244499 0.004167962416286261 0
1670585245807 0.004180547468888297 0
1670585247020 0.004192790667442842 0
1670585248257 0.004183521361412786 0
1670585249512 0.004175456087105378 0
1670585250877 0.00418978930030312 0
1670585252161 0.004189207249751444 0
1670585253506 0.00418115229491927 0
1670585254876 0.004175304102178791 0
1670585256163 0.004167358944006336 0
1670585257402 0.004188886102668156 0
1670585258804 0.004183830526203304 0
1670585260011 0.004178009335640321 0
1670585261525 0.004189678902043079 0
1670585262664 0.004181465277881897 0
1670585263737 0.004181121120025262 0
1670585264951 0.004172379298580291 0
1670585266114 0.004167534510654126 0
1670585267378 0.004171622914414273 0
1670585268435 0.004166846557947152 0
1670585269702 0.004243690351364761 0
1670585270962 0.004254802411603795 0
1670585272408 0.004247110831131906 0
1670585273749 0.00424207107589566 0
1670585274808 0.004234447281479559 0
1670585275993 0.004228862857544405 0
1670585277211 0.004221335753008105 0
1670585278425 0.004220597364333591 0
1670585279542 0.004231603646807318 0
1670585280701 0.004223207187723327 0
1670585282124 0.004214860512472037 0
1670585283335 0.004209430843820245 0
1670585284619 0.004213185267063942 0
1670585286075 0.004234446032596895 0
1670585287152 0.0042464956143424696 0
1670585288234 0.004241614077477508 0
1670585289467 0.004246243810837269 0
