1670576669346 0.01778868663100508 0
1670576672106 0.008143527309589171 0
1670576675103 0.00529664626214249 0
1670576678098 0.007375107877914677 0
1670576680173 0.008224076557151128 0
1670576682297 0.007291633085278193 0
1670576684697 0.006996401307702016 0
1670576687135 0.00752021209329734 0
1670576690257 0.007030033280681858 0
1670576692606 0.006618164785746006 0
1670576694932 0.006339597200716529 0
1670576697163 0.006173543164952389 0
1670576699860 0.005942276224251641 0
1670576702365 0.00578016364785694 0
1670576705212 0.00568916385590057 0
1670576707873 0.006294488334662396 0
1670576710502 0.006094662117500649 0
1670576712539 0.005914834359748433 0
1670576716124 0.005744197653514527 0
1670576718862 0.006351197101804096 0
1670576721654 0.0061897228266711846 0
1670576724657 0.006043300773431459 0
1670576726803 0.006015703715912646 0
1670576729857 0.0058817850128919935 0
1670576732865 0.005771254375701584 0
1670576735546 0.005653104539082576 0
1670576737924 0.005655499991420898 0
1670576740314 0.005594841295545161 0
1670576742851 0.0053592104254781 0
1670576745517 0.0052798294703135795 0
1670576747956 0.005198467329477263 0
1670576750493 0.0051542042925061815 0
1670576753259 0.0050951368189000035 0
1670576756209 0.005047939951092539 0
1670576759173 0.004989348821885342 0
1670576762291 0.004998783230810266 0
1670576764932 0.004933585971052923 0
1670576768509 0.0049136195502451074 0
1670576771673 0.004857143107315276 0
1670576775134 0.004809586035885549 0
1670576778332 0.004767775176391542 0
1670576780648 0.004822000792876757 0
1670576783384 0.004802060517416107 0
1670576785632 0.0047582528530957235 0
1670576787886 0.004729409216103375 0
1670576790909 0.004755140245428002 0
1670576793964 0.0047303802839246956 0
1670576796397 0.0046885008400811 0
1670576798732 0.004683413401154857 0
1670576801175 0.004664032815729857 0
1670576803694 0.004626805036600623 0
1670576805856 0.004582950944125974 0
1670576808109 0.004542913850793029 0
1670576810368 0.004611783934872604 0
1670576812783 0.0045734397659841775 0
1670576814789 0.004552472658645723 0
1670576816833 0.004514210231501892 0
1670576819790 0.004567866088005024 0
1670576822185 0.0046317256915129335 0
1670576824639 0.0045961119470408485 0
1670576827245 0.004559163277092881 0
1670576829733 0.004539717456784054 0
1670576831697 0.004520278978581094 0
1670576833933 0.004493896771324168 0
1670576836155 0.0044631383888059095 0
1670576838640 0.0044531009957717305 0
1670576840800 0.004443156800592762 0
1670576843273 0.004421058198195937 0
1670576845559 0.004390690731406244 0
1670576848399 0.004360379819707383 0
1670576851117 0.00433265497467461 0
1670576854017 0.004308284778536509 0
1670576856303 0.004321388714969787 0
1670576858636 0.004353454111482358 0
1670576861421 0.004390363437910938 0
1670576863325 0.0043648689288990905 0
1670576865777 0.004346739379073261 0
1670576868628 0.0043192147496030064 0
1670576870961 0.0042989834131291205 0
1670576873736 0.004296470498376059 0
1670576876865 0.004271409750284616 0
1670576879034 0.004270000609115587 0
1670576881282 0.004251014450623647 0
1670576883676 0.004234757835949676 0
1670576885817 0.0042474917225550635 0
1670576888005 0.004223021477949895 0
1670576890396 0.004216433928702468 0
1670576893357 0.00423169021207026 0
1670576896216 0.004293367881576748 0
1670576899162 0.004283855767023448 0
1670576901845 0.00426089991953138 0
1670576904388 0.004237998860556591 0
1670576906674 0.004233006576813081 0
1670576909334 0.004231611479138309 0
1670576912217 0.004209995744644479 0
1670576914604 0.004232488721634231 0
1670576917251 0.004224899524754799 0
1670576919393 0.004213360620211937 0
1670576921564 0.004224082077055491 0
1670576923788 0.004287891144540867 0
1670576925838 0.004297890613189026 0
1670576927958 0.004325300766506335 0
1670576930210 0.004340593297250561 0
1670576932663 0.0043218953083191125 0
1670576934900 0.004306620994805943 0
1670576937564 0.004289822540795463 0
1670576939835 0.0042732088534291335 0
1670576942107 0.004265202686259628 0
1670576944780 0.004247943902913054 0
1670576946941 0.004243744519729864 0
1670576949410 0.004258602028420155 0
1670576951788 0.004239773662446544 0
1670576953810 0.004222973893153237 0
1670576956161 0.004207589865550476 0
1670576958854 0.004189846764430016 0
1670576961233 0.004214925276339376 0
1670576963793 0.0042173057058647045 0
1670576966331 0.004257718869358884 0
1670576968704 0.004302793065468491 0
1670576971385 0.004320629224394745 0
1670576973790 0.00430322093716573 0
1670576976175 0.0042865899743258495 0
1670576978530 0.0042752951648111215 0
1670576980946 0.004268689178381413 0
1670576983170 0.004270529821635227 0
1670576985365 0.004275952766157609 0
1670576988088 0.004306705149709655 0
1670576990205 0.004292569044239192 0
1670576992512 0.004290559174661479 0
1670576994692 0.00427458154722854 0
1670576996569 0.004330980885160929 0
1670576998630 0.004316729881922721 0
1670577000393 0.004300702039590654 0
1670577002542 0.004287912008700712 0
1670577004477 0.00428487798264543 0
1670577006600 0.0042702290209238325 0
1670577008957 0.004264716964972659 0
1670577011202 0.004249563410025969 0
1670577013274 0.004236716313316791 0
1670577015366 0.004222314493492529 0
1670577017820 0.0042078191135586085 0
1670577019891 0.004201724332584034 0
1670577022355 0.004193643883617704 0
1670577025052 0.004186931728008658 0
1670577027277 0.004172977195953886 0
1670577030091 0.004158940554958412 0
1670577032983 0.004145044581912061 0
1670577035341 0.0041329116862171 0
1670577037962 0.0041255366701459795 0
1670577040399 0.0041124302655320966 0
1670577043278 0.0041030671488614945 0
1670577045792 0.004090221877670164 0
1670577048188 0.0040778894265562915 0
1670577051345 0.004064718256755251 0
1670577053932 0.004069586796712821 0
1670577056823 0.004059464508791577 0
1670577059783 0.004046684692516456 0
1670577062916 0.0040418414706105965 0
1670577066096 0.004036954904493351 0
1670577069251 0.004054266253532612 0
1670577071952 0.004041887686393797 0
1670577074637 0.004045784333705504 0
1670577077265 0.00412797432357781 0
1670577080065 0.004123774050414086 0
1670577082772 0.004111567082370204 0
1670577085357 0.004101430926077898 0
1670577087397 0.00409740619716481 0
1670577090163 0.004091414624308565 0
1670577093012 0.0040941200226383145 0
1670577095924 0.004096532347082793 0
1670577098213 0.0040846252063968524 0
1670577100516 0.0040927676886547415 0
1670577102541 0.004095170526003 0
1670577104713 0.004084082006638845 0
1670577107608 0.00408931828652237 0
1670577109671 0.004079876784173098 0
1670577111906 0.004068624453399616 0
1670577114538 0.004082603475510427 0
1670577116985 0.004073391972629736 0
1670577119597 0.00407354054145026 0
1670577121910 0.004062545682164298 0
1670577124532 0.00407038349819383 0
1670577126958 0.00405933346022358 0
1670577129945 0.004048576980881957 0
1670577132589 0.004041986471125636 0
1670577135776 0.0040368220319787484 0
1670577138954 0.004039247764895337 0
1670577141593 0.004039331867480067 0
1670577143941 0.004069694394099155 0
1670577146863 0.004060042752227044 0
1670577149388 0.004066531681810315 0
1670577151643 0.004056423814118915 0
1670577154304 0.004052361564932827 0
1670577157055 0.004042373921829878 0
1670577159311 0.004035600756103042 0
1670577161589 0.004026863572824224 0
1670577164291 0.004026379549373904 0
1670577167215 0.004017780312821295 0
1670577170100 0.004011178225753642 0
1670577172728 0.004022489899089543 0
1670577175334 0.004012930729239805 0
1670577177390 0.004003439222611871 0
1670577180031 0.003993721061303079 0
1670577182700 0.0039848441478034236 0
1670577185099 0.003986352019743622 0
1670577187614 0.004009762528577432 0
1670577189945 0.004030398345803321 0
1670577192712 0.0040215093233695876 0
1670577195466 0.004016514455723541 0
1670577197917 0.004011517456985192 0
1670577200510 0.004062733173331834 0
1670577203642 0.0040554660827719635 0
1670577205942 0.004074331680458176 0
1670577208927 0.004069298232030061 0
1670577211113 0.004061192234884603 0
1670577213393 0.004066226594814815 0
1670577215378 0.004088575978762665 0
1670577217932 0.00412079959024686 0
1670577220189 0.004114457025498175 0
1670577222193 0.004110480643161107 0
1670577224794 0.004101573122454183 0
1670577227826 0.004092366770475975 0
1670577230243 0.004083535619945178 0
1670577232654 0.004086590773212606 0
1670577236118 0.004080508964399099 0
1670577238215 0.0040833239027874835 0
1670577240563 0.004074426559359412 0
1670577243090 0.00406558711975924 0
1670577245350 0.004066459545026879 0
1670577247394 0.00407888462309608 0
1670577249730 0.00408002210707642 0
1670577251861 0.004071568818285132 0
1670577254502 0.00406795116864167 0
1670577256853 0.00406224723053078 0
1670577258867 0.004053703648670137 0
1670577261266 0.004048067257062471 0
1670577263327 0.0040492229768360755 0
1670577265309 0.004043577963711131 0
1670577267511 0.004038027925200249 0
1670577270046 0.004071045110285887 0
1670577272508 0.004072223138175679 0
1670577274769 0.00406412519996624 0
1670577277530 0.004068983041731422 0
1670577279494 0.004062577092679098 0
1670577281458 0.004069408107083117 0
1670577283433 0.004062392338686771 0
1670577285397 0.004069083068872381 0
1670577287540 0.004067106132026543 0
