1670571871261 0.0 0
1670571871406 0.0 0
1670571871588 0.0 0
1670571871683 0.0 0
1670571871874 0.0 0
1670571872095 0.0 0
1670571872253 0.0 0
1670571872352 0.0 0
1670571872518 0.0 0
1670571872769 0.0 0
1670571872960 0.0 0
1670571873111 0.0 0
1670571873219 0.0 0
1670571873298 0.0 0
1670571873604 0.0 0
1670571873801 0.0 0
1670571874056 0.0 0
1670571874213 0.0 0
1670571874468 0.0 0
1670571874617 0.0 0
1670571874685 0.0 0
1670571874896 0.0 0
1670571875116 0.0 0
1670571875287 0.0 0
1670571875366 0.0 0
1670571875593 0.0 0
1670571875805 0.0 0
1670571875916 0.0 0
1670571876257 0.0 0
1670571876450 0.0 0
1670571876621 0.0 0
1670571876727 0.0 0
1670571876910 0.0 0
1670571877040 0.0 0
1670571877153 0.0 0
1670571877380 0.0 0
1670571877532 0.0 0
1670571877659 0.0 0
1670571877869 0.0 0
1670571878020 0.0 0
1670571878200 0.0 0
1670571878344 0.0 0
1670571878541 0.0 0
1670571878697 0.0 0
1670571878904 0.0 0
1670571879179 0.0 0
1670571879329 0.0 0
1670571879445 0.0 0
1670571879713 0.0 0
1670571879858 0.0 0
1670571880027 0.0 0
1670571880135 0.0 0
1670571880339 0.0 0
1670571880557 0.0 0
1670571880727 0.0 0
1670571880925 0.0 0
1670571881029 0.0 0
1670571881202 0.0 0
1670571881317 0.0 0
1670571881561 0.0 0
1670571881687 0.0 0
1670571881810 0.0 0
1670571882082 0.0 0
1670571882358 0.0 0
1670571882724 0.0 0
1670571882833 0.0 0
1670571883090 0.0 0
1670571883304 0.0 0
1670571883525 0.0 0
1670571883629 0.0 0
1670571883726 0.0 0
1670571883958 0.0 0
1670571884048 0.0 0
1670571884176 0.0 0
1670571884356 0.0 0
1670571884561 0.0 0
1670571884836 0.0 0
1670571885005 0.0 0
1670571885295 0.0 0
1670571885452 0.0 0
1670571885584 0.0 0
1670571885820 0.0 0
1670571885952 0.0 0
1670571886116 0.0 0
1670571886297 0.0 0
1670571886624 0.0 0
1670571886827 0.0 0
1670571887029 0.0 0
1670571887225 0.0 0
1670571887403 0.0 0
1670571887556 0.0 0
1670571887693 0.0 0
1670571887862 0.0 0
1670571888090 0.0 0
1670571888207 0.0 0
1670571888445 0.0 0
1670571888636 0.0 0
1670571888778 0.0 0
1670571888915 0.0 0
1670571889124 0.0 0
1670571889186 0.0 0
