1670595897489 0.0907 0
1670595900778 0.0926 0
1670595904051 0.0933 0
1670595907913 0.0915 0
1670595911221 0.0921 0
1670595914666 0.0915 0
1670595918587 0.0928 0
1670595922045 0.0925 0
1670595925794 0.092 0
1670595929634 0.0922 0
1670595933162 0.0918 0
1670595936746 0.0907 0
1670595940670 0.0914 0
1670595944215 0.0922 0
1670595947749 0.0926 0
1670595951652 0.0909 0
1670595955479 0.0924 0
1670595959548 0.0913 0
1670595963154 0.0931 0
1670595967777 0.0919 0
1670595971483 0.0927 0
1670595975327 0.0922 0
1670595978751 0.091 0
1670595982631 0.0914 0
1670595986267 0.0927 0
1670595990204 0.0913 0
1670595994283 0.0917 0
1670595998624 0.0927 0
1670596002824 0.0914 0
1670596006711 0.089 0
1670596010575 0.0925 0
1670596014583 0.0917 0
1670596019170 0.0928 0
1670596023506 0.0908 0
1670596027669 0.0918 0
1670596031539 0.0919 0
1670596035369 0.0907 0
1670596039235 0.0913 0
1670596042662 0.0916 0
1670596046665 0.0917 0
1670596050193 0.0912 0
1670596054144 0.0926 0
1670596058005 0.0919 0
1670596061231 0.0918 0
1670596064667 0.0927 0
1670596068333 0.0925 0
1670596072357 0.0922 0
1670596076454 0.0923 0
1670596080395 0.091 0
1670596084419 0.0934 0
1670596088569 0.091 0
1670596092362 0.0918 0
1670596096174 0.0909 0
1670596099984 0.0914 0
1670596104138 0.0917 0
1670596107291 0.093 0
1670596110859 0.0914 0
1670596114736 0.0925 0
1670596118422 0.0913 0
1670596121849 0.0925 0
1670596125540 0.091 0
1670596129032 0.0912 0
1670596132856 0.0925 0
1670596136488 0.0935 0
1670596139660 0.0931 0
1670596142847 0.0913 0
1670596146433 0.0918 0
1670596149659 0.092 0
1670596152796 0.0924 0
1670596156148 0.0928 0
1670596159574 0.0924 0
1670596163241 0.0919 0
1670596167023 0.092 0
1670596170910 0.0917 0
1670596174445 0.0916 0
1670596177989 0.0928 0
1670596181325 0.0912 0
1670596184592 0.0912 0
1670596187757 0.0922 0
1670596191320 0.0899 0
1670596194862 0.092 0
1670596198505 0.0929 0
1670596202315 0.0907 0
1670596205579 0.0929 0
1670596208528 0.091 0
1670596211227 0.0916 0
1670596214165 0.0922 0
1670596217646 0.0918 0
1670596221013 0.0928 0
1670596224786 0.0927 0
1670596228592 0.0915 0
1670596232094 0.0918 0
1670596235513 0.0918 0
1670596238717 0.0931 0
1670596242111 0.0924 0
1670596245451 0.0926 0
1670596248580 0.0911 0
1670596251917 0.0923 0
1670596255475 0.093 0
1670596258943 0.0928 0
1670596262479 0.0919 0
1670596266214 0.0907 0
1670596269211 0.0913 0
1670596271856 0.093 0
1670596274938 0.0916 0
1670596278398 0.0913 0
1670596282227 0.0918 0
1670596285765 0.0898 0
1670596288959 0.0921 0
1670596292474 0.0921 0
1670596295614 0.0925 0
1670596299040 0.0929 0
1670596302329 0.0916 0
1670596306015 0.0917 0
1670596309752 0.0924 0
1670596313440 0.0915 0
1670596317225 0.0922 0
1670596321155 0.0925 0
1670596324895 0.0934 0
1670596328521 0.0928 0
1670596331655 0.0912 0
1670596335880 0.0931 0
1670596339458 0.0923 0
1670596343235 0.0926 0
1670596346842 0.0918 0
1670596350411 0.0922 0
1670596354050 0.0924 0
1670596357461 0.0915 0
1670596361126 0.091 0
1670596364458 0.0921 0
1670596368272 0.094 0
1670596371577 0.0915 0
1670596375089 0.0913 0
1670596378854 0.0907 0
1670596382650 0.0921 0
1670596386259 0.0907 0
1670596389486 0.0924 0
1670596392734 0.092 0
