1670616873365 0.0 0
1670616878768 0.0 0
1670616883909 0.0 0
1670616888951 0.0 0
1670616894185 0.0 0
1670616899357 0.0 0
1670616902603 0.0 0
1670616907685 0.0 0
1670616912856 0.0 0
1670616918117 0.0 0
1670616923160 0.0 0
1670616928001 0.0 0
1670616933106 0.0 0
1670616938296 0.0 0
1670616943239 0.0 0
1670616948216 0.0 0
1670616952942 0.0 0
1670616957736 0.0 0
1670616962844 0.0 0
1670616967764 0.0 0
1670616972653 0.0 0
1670616977472 0.0 0
1670616982381 0.0 0
1670616987356 0.0 0
1670616992479 0.0 0
1670616997569 0.0 0
1670617002688 0.0 0
1670617007869 0.0 0
1670617013016 0.0 0
1670617018115 0.0 0
1670617022989 0.0 0
1670617027886 0.0 0
1670617032524 0.0 0
1670617037248 0.0 0
1670617041932 0.0 0
1670617046841 0.0 0
1670617051931 0.0 0
1670617057461 0.0 0
1670617062805 0.0 0
1670617068281 0.0 0
1670617073457 0.0 0
1670617078757 0.0 0
1670617083448 0.0 0
1670617088578 0.0 0
1670617093667 0.0 0
1670617098570 0.0 0
1670617103885 0.0 0
1670617109164 0.0 0
1670617114505 0.0 0
1670617119375 0.0 0
1670617124742 0.0 0
1670617130184 0.0 0
1670617135283 0.0 0
1670617140282 0.0 0
1670617145279 0.0 0
1670617150429 0.0 0
1670617155701 0.0 0
1670617160885 0.0 0
1670617165884 0.0 0
1670617170731 0.0 0
1670617175788 0.0 0
1670617180861 0.0 0
1670617185429 0.0 0
1670617189739 0.0 0
1670617194008 0.0 0
1670617198051 0.0 0
