1670576419369 0.0 0
1670576419598 0.0 0
1670576419848 0.0 0
1670576420043 0.0 0
1670576420208 0.0 0
1670576420498 0.0 0
1670576420608 0.0 0
1670576420817 0.0 0
1670576421171 0.0 0
1670576421319 0.0 0
1670576421615 0.0 0
1670576421741 0.0 0
1670576421916 0.0 0
1670576422098 0.0 0
1670576422271 0.0 0
1670576422419 0.0 0
1670576422694 0.0 0
1670576423044 0.0 0
1670576423276 0.0 0
1670576423555 0.0 0
1670576423747 0.0 0
1670576423990 0.0 0
1670576424057 0.0 0
1670576424313 0.0 0
1670576424483 0.0 0
1670576424648 0.0 0
1670576424805 0.0 0
1670576424922 0.0 0
1670576425180 0.0 0
1670576425364 0.0 0
1670576425519 0.0 0
1670576425798 0.0 0
1670576425950 0.0 0
1670576426170 0.0 0
1670576426419 0.0 0
1670576426712 0.0 0
1670576426986 0.0 0
1670576427162 0.0 0
1670576427401 0.0 0
1670576427663 0.0 0
1670576427941 0.0 0
1670576428053 0.0 0
1670576428300 0.0 0
1670576428564 0.0 0
1670576428656 0.0 0
1670576428861 0.0 0
1670576429070 0.0 0
1670576429466 0.0 0
1670576429636 0.0 0
1670576429774 0.0 0
1670576429880 0.0 0
1670576430138 0.0 0
1670576430303 0.0 0
1670576430687 0.0 0
1670576430868 0.0 0
1670576431009 0.0 0
1670576431192 0.0 0
1670576431613 0.0 0
1670576431913 0.0 0
1670576432205 0.0 0
1670576432477 0.0 0
1670576432567 0.0 0
1670576432744 0.0 0
1670576432902 0.0 0
1670576433030 0.0 0
1670576433304 0.0 0
1670576433570 0.0 0
1670576433832 0.0 0
1670576433933 0.0 0
1670576434143 0.0 0
1670576434353 0.0 0
1670576434537 0.0 0
1670576434805 0.0 0
1670576434969 0.0 0
1670576435155 0.0 0
1670576435246 0.0 0
1670576435506 0.0 0
1670576435648 0.0 0
1670576435892 0.0 0
1670576436086 0.0 0
1670576436272 0.0 0
1670576436452 0.0 0
1670576436629 0.0 0
1670576436878 0.0 0
1670576437122 0.0 0
1670576437275 0.0 0
1670576437415 0.0 0
1670576437649 0.0 0
1670576437900 0.0 0
1670576438104 0.0 0
1670576438249 0.0 0
1670576438493 0.0 0
1670576438688 0.0 0
1670576438990 0.0 0
1670576439171 0.0 0
1670576439389 0.0 0
1670576439583 0.0 0
1670576439809 0.0 0
1670576440009 0.0 0
1670576440191 0.0 0
1670576440421 0.0 0
