1670624251788 0.0 0
1670624262141 0.0 0
1670624271932 0.0 0
1670624281064 0.0 0
1670624289747 0.0 0
1670624298613 0.0 0
1670624306915 0.0 0
1670624315217 0.0 0
1670624324378 0.0 0
1670624333312 0.0 0
1670624341875 0.0 0
1670624350196 0.0 0
1670624359146 0.0 0
1670624367271 0.0 0
1670624375739 0.0 0
1670624384884 0.0 0
1670624393749 0.0 0
1670624402551 0.0 0
1670624411191 0.0 0
1670624419948 0.0 0
1670624429065 0.0 0
1670624437459 0.0 0
1670624446453 0.0 0
1670624455547 0.0 0
1670624463659 0.0 0
1670624471866 0.0 0
1670624480702 0.0 0
1670624489697 0.0 0
1670624498726 0.0 0
1670624507755 0.0 0
1670624516014 0.0 0
1670624524213 0.0 0
1670624533106 0.0 0
1670624541800 0.0 0
1670624550547 0.0 0
1670624559377 0.0 0
1670624568611 0.0 0
1670624577180 0.0 0
1670624585815 0.0 0
1670624594989 0.0 0
1670624603810 0.0 0
1670624612366 0.0 0
1670624621041 0.0 0
1670624629879 0.0 0
1670624638779 0.0 0
1670624647208 0.0 0
1670624655916 0.0 0
1670624664548 0.0 0
1670624673492 0.0 0
1670624681467 0.0 0
1670624690248 0.0 0
1670624699083 0.0 0
1670624707733 0.0 0
1670624715817 0.0 0
1670624724405 0.0 0
1670624733752 0.0 0
1670624741587 0.0 0
1670624750114 0.0 0
1670624759152 0.0 0
1670624767857 0.0 0
1670624776223 0.0 0
1670624785128 0.0 0
1670624793903 0.0 0
1670624802416 0.0 0
1670624810775 0.0 0
1670624819579 0.0 0
1670624828103 0.0 0
1670624836675 0.0 0
1670624844819 0.0 0
1670624853334 0.0 0
1670624862471 0.0 0
1670624871062 0.0 0
1670624880145 0.0 0
1670624889353 0.0 0
1670624897965 0.0 0
1670624906116 0.0 0
1670624915441 0.0 0
1670624924705 0.0 0
1670624933742 0.0 0
1670624942700 0.0 0
1670624951369 0.0 0
1670624960201 0.0 0
1670624968988 0.0 0
1670624978144 0.0 0
1670624986874 0.0 0
1670624995683 0.0 0
1670625004331 0.0 0
1670625013094 0.0 0
1670625022395 0.0 0
1670625031322 0.0 0
1670625040415 0.0 0
1670625049709 0.0 0
1670625058045 0.0 0
1670625066526 0.0 0
1670625075092 0.0 0
1670625083577 0.0 0
1670625092133 0.0 0
1670625100101 0.0 0
1670625108614 0.0 0
1670625116810 0.0 0
1670625124879 0.0 0
