1670697804682 0.006 0
1670697806036 0.008 0
1670697807519 0.007714285714285714 0
1670697809482 0.010285714285714285 0
1670697810583 0.007857142857142858 0
1670697811763 0.009714285714285713 0
1670697813065 0.009428571428571429 0
1670697814145 0.011428571428571429 0
1670697815161 0.010142857142857143 0
1670697816941 0.007142857142857143 0
1670697818587 0.009428571428571429 0
1670697820357 0.009285714285714286 0
1670697822005 0.007714285714285714 0
1670697823609 0.010285714285714285 0
1670697825439 0.009571428571428571 0
1670697826884 0.007285714285714286 0
1670697828747 0.008 0
1670697830423 0.007857142857142858 0
1670697831734 0.007857142857142858 0
1670697833002 0.008857142857142857 0
1670697834535 0.01 0
1670697836227 0.009285714285714286 0
1670697837956 0.007857142857142858 0
1670697839053 0.008857142857142857 0
1670697840502 0.009 0
1670697841637 0.007714285714285714 0
1670697843288 0.008 0
1670697844701 0.007714285714285714 0
1670697846150 0.009428571428571429 0
1670697847668 0.006857142857142857 0
1670697849035 0.009 0
1670697850662 0.007571428571428572 0
1670697852310 0.009714285714285713 0
1670697853715 0.006142857142857143 0
1670697855101 0.007142857142857143 0
1670697856411 0.009 0
1670697858147 0.009428571428571429 0
1670697859710 0.009857142857142858 0
1670697861241 0.007714285714285714 0
1670697862342 0.009142857142857144 0
1670697863798 0.00842857142857143 0
1670697865439 0.00842857142857143 0
1670697866819 0.010571428571428572 0
1670697868485 0.01042857142857143 0
1670697869816 0.006857142857142857 0
1670697870894 0.007714285714285714 0
1670697872535 0.006857142857142857 0
1670697874355 0.007142857142857143 0
1670697875876 0.008857142857142857 0
1670697877343 0.008714285714285714 0
1670697879057 0.007 0
1670697880806 0.009857142857142858 0
1670697882515 0.007857142857142858 0
1670697884333 0.009 0
1670697885789 0.008142857142857143 0
1670697887019 0.009142857142857144 0
1670697888295 0.00842857142857143 0
1670697889394 0.009 0
1670697890843 0.008 0
1670697892399 0.009285714285714286 0
1670697894179 0.0064285714285714285 0
1670697895221 0.007857142857142858 0
1670697896345 0.009142857142857144 0
1670697897344 0.008285714285714285 0
1670697898763 0.00842857142857143 0
1670697900614 0.013142857142857144 0
1670697902760 0.008571428571428572 0
1670697904651 0.009714285714285713 0
1670697906413 0.00842857142857143 0
1670697907809 0.009 0
1670697909160 0.008571428571428572 0
1670697910692 0.006571428571428572 0
1670697912364 0.007142857142857143 0
1670697914086 0.010857142857142857 0
1670697915574 0.007 0
1670697916865 0.006857142857142857 0
1670697917962 0.008857142857142857 0
1670697919957 0.007857142857142858 0
1670697921651 0.007714285714285714 0
1670697922768 0.00842857142857143 0
1670697924253 0.00842857142857143 0
1670697925489 0.007857142857142858 0
1670697927120 0.007571428571428572 0
1670697928175 0.008571428571428572 0
1670697929175 0.009142857142857144 0
1670697930719 0.008857142857142857 0
1670697932435 0.00842857142857143 0
1670697933403 0.008142857142857143 0
1670697934531 0.007142857142857143 0
1670697935857 0.008285714285714285 0
1670697937475 0.007142857142857143 0
1670697938761 0.008714285714285714 0
1670697940108 0.007857142857142858 0
1670697941829 0.008714285714285714 0
1670697943380 0.008142857142857143 0
1670697944645 0.008142857142857143 0
1670697946160 0.007857142857142858 0
1670697947328 0.008714285714285714 0
1670697948603 0.005714285714285714 0
1670697950112 0.007857142857142858 0
1670697951065 0.00842857142857143 0
1670697952530 0.007571428571428572 0
1670697954141 0.008857142857142857 0
1670697955492 0.008142857142857143 0
1670697956639 0.007857142857142858 0
1670697957760 0.007857142857142858 0
1670697959166 0.007 0
1670697960917 0.009 0
1670697962434 0.008857142857142857 0
1670697963879 0.007 0
1670697965373 0.007571428571428572 0
1670697966636 0.008857142857142857 0
1670697967883 0.006571428571428572 0
1670697969255 0.008714285714285714 0
1670697970440 0.009142857142857144 0
1670697971694 0.00842857142857143 0
1670697973094 0.008285714285714285 0
1670697974410 0.008714285714285714 0
1670697975568 0.008142857142857143 0
1670697976696 0.004571428571428572 0
1670697978399 0.009 0
1670697979606 0.008285714285714285 0
1670697980867 0.005285714285714286 0
1670697981857 0.00842857142857143 0
1670697983174 0.008285714285714285 0
1670697984242 0.008285714285714285 0
1670697985790 0.006857142857142857 0
1670697987078 0.007 0
1670697988207 0.009285714285714286 0
1670697990159 0.006714285714285714 0
1670697991254 0.00842857142857143 0
1670697992383 0.007142857142857143 0
1670697993599 0.006571428571428572 0
1670697994748 0.006714285714285714 0
1670697995757 0.009285714285714286 0
1670697996907 0.008857142857142857 0
1670697997958 0.010142857142857143 0
1670697999184 0.009428571428571429 0
1670698000306 0.007714285714285714 0
1670698001491 0.006142857142857143 0
1670698002741 0.007857142857142858 0
1670698003807 0.008714285714285714 0
1670698004802 0.008571428571428572 0
1670698005855 0.008142857142857143 0
1670698007090 0.009142857142857144 0
1670698008228 0.008142857142857143 0
1670698009251 0.0074285714285714285 0
1670698010247 0.009285714285714286 0
1670698011200 0.01 0
1670698012203 0.007714285714285714 0
1670698013257 0.009285714285714286 0
1670698014711 0.00842857142857143 0
1670698015844 0.008142857142857143 0
1670698016993 0.009 0
1670698018393 0.008571428571428572 0
1670698019691 0.008714285714285714 0
1670698021025 0.007857142857142858 0
1670698022169 0.00842857142857143 0
1670698023344 0.008285714285714285 0
1670698024504 0.007 0
1670698025649 0.0064285714285714285 0
1670698026808 0.007142857142857143 0
1670698027962 0.006 0
1670698029112 0.007571428571428572 0
1670698030277 0.0074285714285714285 0
1670698031451 0.006714285714285714 0
1670698032609 0.006857142857142857 0
1670698033755 0.008714285714285714 0
1670698034901 0.007285714285714286 0
1670698036044 0.006714285714285714 0
1670698037186 0.00842857142857143 0
1670698038329 0.009 0
1670698039480 0.007285714285714286 0
1670698040639 0.010857142857142857 0
1670698041803 0.0074285714285714285 0
1670698042958 0.009285714285714286 0
1670698044105 0.008857142857142857 0
1670698045279 0.008285714285714285 0
1670698046436 0.008857142857142857 0
1670698047581 0.0074285714285714285 0
1670698048730 0.01 0
1670698049886 0.009428571428571429 0
1670698051044 0.008285714285714285 0
1670698052193 0.006714285714285714 0
1670698053339 0.008857142857142857 0
1670698054485 0.00842857142857143 0
1670698055632 0.008857142857142857 0
1670698056777 0.008142857142857143 0
1670698057916 0.007285714285714286 0
1670698059064 0.007857142857142858 0
1670698060217 0.008285714285714285 0
1670698061363 0.009714285714285713 0
1670698062511 0.008285714285714285 0
1670698063673 0.009428571428571429 0
1670698064812 0.008714285714285714 0
1670698065952 0.008285714285714285 0
1670698067103 0.010142857142857143 0
1670698068262 0.007571428571428572 0
1670698069412 0.008714285714285714 0
1670698070557 0.009571428571428571 0
1670698071702 0.009285714285714286 0
1670698072865 0.009285714285714286 0
1670698074013 0.009285714285714286 0
1670698075159 0.009285714285714286 0
1670698076313 0.009142857142857144 0
1670698077467 0.009714285714285713 0
1670698078613 0.006285714285714286 0
1670698079756 0.006 0
1670698080902 0.01042857142857143 0
1670698082074 0.008571428571428572 0
1670698083226 0.007571428571428572 0
1670698084372 0.008571428571428572 0
1670698085526 0.007714285714285714 0
1670698086679 0.009 0
1670698087824 0.009571428571428571 0
1670698088975 0.010571428571428572 0
1670698090123 0.008857142857142857 0
1670698091265 0.007714285714285714 0
1670698092415 0.007142857142857143 0
1670698093551 0.01042857142857143 0
1670698094421 0.009 0
1670698095063 0.008571428571428572 0
1670698095701 0.009 0
1670698096337 0.008142857142857143 0
1670698096977 0.008857142857142857 0
1670698097618 0.00842857142857143 0
1670698098254 0.008285714285714285 0
1670698098893 0.008857142857142857 0
1670698099531 0.008857142857142857 0
1670698100173 0.007714285714285714 0
1670698100814 0.007571428571428572 0
1670698101455 0.009 0
1670698102094 0.008285714285714285 0
1670698102742 0.007714285714285714 0
1670698103391 0.006857142857142857 0
1670698104031 0.008 0
1670698104672 0.007857142857142858 0
1670698105312 0.007714285714285714 0
1670698105954 0.008142857142857143 0
1670698106594 0.008285714285714285 0
1670698107232 0.009428571428571429 0
1670698107870 0.007857142857142858 0
1670698108513 0.008285714285714285 0
1670698109156 0.008857142857142857 0
1670698109796 0.007714285714285714 0
1670698110433 0.008142857142857143 0
1670698111069 0.007285714285714286 0
1670698111711 0.008285714285714285 0
1670698112350 0.007714285714285714 0
1670698112986 0.008285714285714285 0
1670698113619 0.009571428571428571 0
1670698114253 0.009 0
1670698114887 0.008285714285714285 0
1670698115525 0.009285714285714286 0
1670698116162 0.007 0
1670698116802 0.008142857142857143 0
1670698117433 0.009285714285714286 0
1670698118068 0.007571428571428572 0
1670698118704 0.0074285714285714285 0
1670698119338 0.008571428571428572 0
1670698119975 0.0074285714285714285 0
1670698120613 0.007 0
1670698121248 0.008571428571428572 0
1670698121886 0.008714285714285714 0
1670698122523 0.007285714285714286 0
1670698123166 0.008714285714285714 0
1670698123810 0.007285714285714286 0
1670698124456 0.008714285714285714 0
1670698125094 0.008857142857142857 0
1670698125732 0.008142857142857143 0
1670698126365 0.009428571428571429 0
1670698127004 0.007571428571428572 0
1670698127648 0.009 0
1670698128287 0.006571428571428572 0
1670698128927 0.008571428571428572 0
1670698129567 0.01042857142857143 0
1670698130207 0.009571428571428571 0
1670698130833 0.007571428571428572 0
1670698131467 0.008571428571428572 0
1670698132105 0.008571428571428572 0
1670698132744 0.008285714285714285 0
1670698133390 0.008285714285714285 0
1670698134034 0.008714285714285714 0
1670698134677 0.007 0
1670698135314 0.007714285714285714 0
1670698135951 0.007714285714285714 0
1670698136584 0.008714285714285714 0
1670698137223 0.01042857142857143 0
1670698137864 0.007714285714285714 0
1670698138495 0.007142857142857143 0
1670698139130 0.008 0
1670698139760 0.007142857142857143 0
1670698140391 0.008571428571428572 0
1670698141023 0.009285714285714286 0
1670698141652 0.006857142857142857 0
1670698142285 0.006714285714285714 0
1670698142915 0.007714285714285714 0
1670698143549 0.008 0
1670698144179 0.0074285714285714285 0
1670698144819 0.009285714285714286 0
1670698145460 0.007571428571428572 0
1670698146096 0.009142857142857144 0
1670698146737 0.011 0
1670698147375 0.008142857142857143 0
1670698148019 0.008142857142857143 0
1670698148659 0.007142857142857143 0
1670698149295 0.00842857142857143 0
1670698149933 0.007857142857142858 0
1670698150575 0.008714285714285714 0
1670698151216 0.008285714285714285 0
1670698151855 0.007571428571428572 0
1670698152483 0.008 0
1670698153121 0.009 0
1670698153760 0.0074285714285714285 0
1670698154394 0.007857142857142858 0
1670698155032 0.01042857142857143 0
1670698155679 0.007857142857142858 0
1670698156322 0.008285714285714285 0
1670698156964 0.009428571428571429 0
1670698157599 0.006857142857142857 0
1670698158229 0.009428571428571429 0
1670698158859 0.006857142857142857 0
1670698159490 0.008857142857142857 0
1670698160123 0.007142857142857143 0
1670698160758 0.007714285714285714 0
1670698161392 0.005714285714285714 0
1670698162024 0.008 0
1670698162655 0.009285714285714286 0
1670698163286 0.008857142857142857 0
1670698163915 0.008 0
1670698164540 0.008571428571428572 0
1670698165171 0.009285714285714286 0
1670698165832 0.007571428571428572 0
1670698166469 0.009 0
1670698167099 0.008857142857142857 0
1670698167729 0.011142857142857144 0
1670698168360 0.009857142857142858 0
1670698168997 0.00842857142857143 0
1670698169623 0.008714285714285714 0
1670698170252 0.007 0
1670698170880 0.009 0
1670698171511 0.008142857142857143 0
1670698172142 0.006142857142857143 0
1670698172775 0.008 0
1670698173411 0.008285714285714285 0
1670698174045 0.007142857142857143 0
1670698174682 0.008571428571428572 0
1670698175320 0.008714285714285714 0
1670698175955 0.010142857142857143 0
1670698176591 0.007714285714285714 0
1670698177227 0.009 0
1670698177868 0.008571428571428572 0
1670698178505 0.010142857142857143 0
1670698179143 0.009857142857142858 0
1670698179779 0.01042857142857143 0
1670698180411 0.0064285714285714285 0
1670698181042 0.008 0
