1670566175321 0.0 0
1670566175519 0.0 0
1670566175893 0.0 0
1670566176044 0.0 0
1670566176303 0.0 0
1670566176478 0.0 0
1670566176611 0.0 0
1670566176714 0.0 0
1670566176997 0.0 0
1670566177186 0.0 0
1670566177490 0.0 0
1670566177786 0.0 0
1670566177960 0.0 0
1670566178269 0.0 0
1670566178504 0.0 0
1670566178750 0.0 0
1670566178910 0.0 0
1670566179102 0.0 0
1670566179274 0.0 0
1670566179412 0.0 0
1670566179732 0.0 0
1670566179918 0.0 0
1670566180099 0.0 0
1670566180232 0.0 0
1670566180358 0.0 0
1670566180571 0.0 0
1670566180710 0.0 0
1670566180848 0.0 0
1670566180993 0.0 0
1670566181130 0.0 0
1670566181457 0.0 0
1670566181708 0.0 0
1670566181936 0.0 0
1670566182273 0.0 0
1670566182536 0.0 0
1670566182694 0.0 0
1670566182916 0.0 0
1670566183123 0.0 0
1670566183384 0.0 0
1670566183537 0.0 0
1670566183664 0.0 0
1670566183859 0.0 0
1670566184008 0.0 0
1670566184149 0.0 0
1670566184417 0.0 0
1670566184560 0.0 0
1670566184684 0.0 0
1670566184847 0.0 0
1670566185089 0.0 0
1670566185323 0.0 0
1670566185550 0.0 0
1670566185688 0.0 0
1670566185990 0.0 0
1670566186237 0.0 0
1670566186503 0.0 0
1670566186766 0.0 0
1670566186898 0.0 0
1670566187055 0.0 0
1670566187193 0.0 0
1670566187393 0.0 0
1670566187647 0.0 0
1670566187831 0.0 0
1670566188117 0.0 0
1670566188410 0.0 0
1670566188553 0.0 0
1670566188704 0.0 0
1670566188860 0.0 0
1670566189266 0.0 0
1670566189377 0.0 0
1670566189834 0.0 0
1670566190116 0.0 0
1670566190446 0.0 0
1670566190635 0.0 0
1670566190854 0.0 0
1670566191112 0.0 0
1670566191335 0.0 0
1670566191691 0.0 0
1670566191916 0.0 0
1670566192180 0.0 0
1670566192424 0.0 0
1670566192622 0.0 0
1670566192917 0.0 0
1670566193132 0.0 0
1670566193454 0.0 0
1670566193613 0.0 0
1670566193824 0.0 0
1670566193961 0.0 0
1670566194106 0.0 0
1670566194399 0.0 0
1670566194638 0.0 0
1670566194890 0.0 0
1670566195117 0.0 0
1670566195410 0.0 0
1670566195612 0.0 0
1670566195877 0.0 0
1670566196029 0.0 0
1670566196315 0.0 0
1670566196626 0.0 0
1670566196783 0.0 0
1670566197029 0.0 0
1670566197168 0.0 0
1670566197393 0.0 0
