1670011068949 0.0 0
1670011068964 0.0 0
1670011068980 0.0 0
1670011068995 0.0 0
1670011069010 0.0 0
1670011069024 0.0 0
1670011069039 0.0 0
1670011069055 0.0 0
1670011069070 0.0 0
1670011069085 0.0 0
1670011069101 0.0 0
1670011069117 0.0 0
1670011069134 0.0 0
1670011069151 0.0 0
1670011069166 0.0 0
1670011069181 0.0 0
1670011069196 0.0 0
1670011069212 0.0 0
1670011069228 0.0 0
1670011069244 0.0 0
1670011069259 0.0 0
1670011069274 0.0 0
1670011069289 0.0 0
1670011069304 0.0 0
1670011069320 0.0 0
1670011069336 0.0 0
1670011069351 0.0 0
1670011069367 0.0 0
1670011069382 0.0 0
1670011069397 0.0 0
1670011069413 0.0 0
1670011069429 0.0 0
1670011069444 0.0 0
1670011069459 0.0 0
1670011069474 0.0 0
1670011069489 0.0 0
1670011069503 0.0 0
1670011069519 0.0 0
1670011069534 0.0 0
1670011069548 0.0 0
1670011069563 0.0 0
1670011069578 0.0 0
1670011069593 0.0 0
1670011069608 0.0 0
1670011069623 0.0 0
1670011069638 0.0 0
1670011069653 0.0 0
1670011069667 0.0 0
1670011069682 0.0 0
1670011069696 0.0 0
1670011069711 0.0 0
1670011069725 0.0 0
1670011069741 0.0 0
1670011069755 0.0 0
1670011069770 0.0 0
1670011069785 0.0 0
1670011069800 0.0 0
1670011069815 0.0 0
1670011069830 0.0 0
1670011069845 0.0 0
1670011069860 0.0 0
1670011069875 0.0 0
1670011069890 0.0 0
1670011069905 0.0 0
1670011069920 0.0 0
1670011069935 0.0 0
1670011069950 0.0 0
1670011069964 0.0 0
1670011069980 0.0 0
1670011069995 0.0 0
1670011070010 0.0 0
1670011070024 0.0 0
1670011070039 0.0 0
1670011070054 0.0 0
1670011070068 0.0 0
1670011070083 0.0 0
1670011070097 0.0 0
1670011070112 0.0 0
1670011070127 0.0 0
1670011070143 0.0 0
1670011070159 0.0 0
1670011070174 0.0 0
1670011070189 0.0 0
1670011070204 0.0 0
1670011070219 0.0 0
1670011070233 0.0 0
1670011070248 0.0 0
1670011070262 0.0 0
1670011070277 0.0 0
1670011070292 0.0 0
1670011070307 0.0 0
1670011070322 0.0 0
1670011070337 0.0 0
1670011070352 0.0 0
1670011070367 0.0 0
1670011070381 0.0 0
1670011070396 0.0 0
1670011070411 0.0 0
1670011070426 0.0 0
1670011070441 0.0 0
1670011070456 0.0 0
