1670615239568 0.0001 0
1670615249285 0.0002 0
1670615257937 0.0004 0
1670615267462 0.0001 0
1670615276123 0.0003 0
1670615283966 0.0003 0
1670615292184 0.0002 0
1670615302327 0.0003 0
1670615311704 0.0001 0
1670615319846 0.0 0
1670615328174 0.0001 0
1670615330871 0.0002 0
1670615339394 0.0004 0
1670615346387 0.0001 0
1670615356140 0.0004 0
1670615367642 0.0 0
1670615379718 0.0002 0
1670615389195 0.0002 0
1670615399157 0.0002 0
1670615409200 0.0002 0
1670615420542 0.0003 0
1670615430976 0.0001 0
1670615440544 0.0004 0
1670615449224 0.0004 0
1670615458850 0.0 0
1670615469848 0.0002 0
1670615481486 0.0002 0
1670615492375 0.0005 0
1670615502399 0.0003 0
1670615508435 0.0002 0
1670615519765 0.0002 0
1670615525298 0.0 0
1670615533299 0.0002 0
1670615545431 0.0004 0
1670615556456 0.0001 0
1670615567810 0.0001 0
1670615579231 0.0001 0
1670615590647 0.0001 0
1670615602526 0.0004 0
1670615614541 0.0002 0
1670615623720 0.0003 0
1670615630404 0.0 0
1670615642856 0.0001 0
1670615655210 0.0002 0
1670615667051 0.0 0
1670615678677 0.0004 0
1670615690154 0.0003 0
1670615701431 0.0003 0
1670615712866 0.0002 0
1670615724323 0.0002 0
1670615735190 0.0004 0
1670615745570 0.0003 0
1670615756273 0.0001 0
1670615767365 0.0002 0
1670615778307 0.0 0
1670615789166 0.0003 0
1670615799671 0.0003 0
1670615810521 0.0004 0
1670615821768 0.0003 0
1670615832645 0.0001 0
1670615843507 0.0002 0
1670615854269 0.0003 0
1670615865151 0.0002 0
1670615876289 0.0005 0
1670615887234 0.0003 0
1670615897592 0.0001 0
1670615908337 0.0 0
1670615918981 0.0003 0
1670615929753 0.0002 0
1670615940267 0.0 0
1670615951734 0.0004 0
1670615963157 0.0001 0
1670615974656 0.0005 0
1670615986121 0.0001 0
1670615995888 0.0004 0
1670616006103 0.0001 0
1670616016820 0.0002 0
1670616027371 0.0002 0
1670616038335 0.0001 0
1670616048271 0.0001 0
1670616058474 0.0003 0
1670616069018 0.0001 0
1670616080167 0.0002 0
1670616091324 0.0005 0
1670616102164 0.0003 0
1670616112666 0.0002 0
1670616123067 0.0001 0
1670616133332 0.0004 0
1670616144232 0.0001 0
1670616154568 0.0001 0
1670616165820 0.0001 0
1670616176776 0.0001 0
1670616187357 0.0004 0
1670616198078 0.0 0
1670616209490 0.0003 0
1670616220161 0.0 0
1670616230683 0.0001 0
1670616241521 0.0002 0
1670616252092 0.0001 0
1670616262635 0.0001 0
1670616273157 0.0004 0
1670616283488 0.0 0
