1670566507491 0.0 0
1670566509157 0.0 0
1670566510884 0.0 0
1670566512232 0.0 0
1670566513697 0.0 0
1670566515638 0.0 0
1670566517407 0.0 0
1670566519350 0.0 0
1670566521195 0.0 0
1670566522579 0.0 0
1670566524097 0.0 0
1670566525816 0.0 0
1670566527266 0.0 0
1670566528708 0.0 0
1670566530294 0.0 0
1670566531451 0.0 0
1670566532766 0.0 0
1670566534368 0.0 0
1670566535875 0.0 0
1670566537211 0.0 0
1670566538556 0.0 0
1670566539564 0.0 0
1670566540770 0.0 0
1670566541772 0.0 0
1670566543161 0.0 0
1670566544482 0.0 0
1670566546159 0.0 0
1670566547324 0.0 0
1670566548885 0.0 0
1670566550296 0.0 0
1670566551605 0.0 0
1670566553147 0.0 0
1670566554532 0.0 0
1670566556146 0.0 0
1670566557636 0.0 0
1670566558981 0.0 0
1670566560508 0.0 0
1670566561869 0.0 0
1670566563374 0.0 0
1670566565003 0.0 0
1670566566477 0.0 0
1670566567820 0.0 0
1670566569156 0.0 0
1670566570496 0.0 0
1670566572177 0.0 0
1670566573487 0.0 0
1670566574901 0.0 0
1670566576242 0.0 0
1670566577789 0.0 0
1670566579567 0.0 0
1670566581445 0.0 0
1670566582663 0.0 0
1670566584545 0.0 0
1670566586068 0.0 0
1670566587459 0.0 0
1670566589380 0.0 0
1670566591346 0.0 0
1670566593436 0.0 0
1670566595355 0.0 0
1670566597131 0.0 0
1670566598671 0.0 0
1670566600238 0.0 0
1670566601692 0.0 0
1670566603114 0.0 0
1670566604749 0.0 0
1670566606391 0.0 0
1670566607796 0.0 0
1670566609402 0.0 0
1670566610783 0.0 0
1670566611953 0.0 0
1670566613659 0.0 0
1670566615427 0.0 0
1670566617413 0.0 0
1670566618682 0.0 0
1670566619843 0.0 0
1670566621436 0.0 0
1670566622839 0.0 0
1670566624827 0.0 0
1670566626693 0.0 0
1670566628312 0.0 0
1670566630136 0.0 0
1670566631908 0.0 0
1670566633656 0.0 0
1670566635597 0.0 0
1670566637754 0.0 0
1670566639563 0.0 0
1670566641489 0.0 0
1670566643129 0.0 0
1670566644363 0.0 0
1670566645958 0.0 0
1670566647704 0.0 0
1670566649174 0.0 0
1670566650519 0.0 0
1670566652921 0.0 0
1670566654806 0.0 0
1670566656387 0.0 0
1670566657648 0.0 0
1670566659389 0.0 0
1670566660863 0.0 0
1670566662311 0.0 0
1670566664171 0.0 0
1670566666137 0.0 0
