1670604194122 0.0 0
1670604194774 0.0 0
1670604195389 0.0 0
1670604195908 0.0 0
1670604196483 0.0 0
1670604197081 0.0 0
1670604197796 0.0 0
1670604198659 0.0 0
1670604199039 0.0 0
1670604199787 0.0 0
1670604200557 0.0 0
1670604201428 0.0 0
1670604202054 0.0 0
1670604202827 0.0 0
1670604203447 0.0 0
1670604203972 0.0 0
1670604204688 0.0 0
1670604205222 0.0 0
1670604205965 0.0 0
1670604206728 0.0 0
1670604207458 0.0 0
1670604208009 0.0 0
1670604208534 0.0 0
1670604209369 0.0 0
1670604209945 0.0 0
1670604210550 0.0 0
1670604211301 0.0 0
1670604211885 0.0 0
1670604212573 0.0 0
1670604213243 0.0 0
1670604213984 0.0 0
1670604214703 0.0 0
1670604215462 0.0 0
1670604216048 0.0 0
1670604216759 0.0 0
1670604217324 0.0 0
1670604218012 0.0 0
1670604218946 0.0 0
1670604219304 0.0 0
1670604220156 0.0 0
1670604220936 0.0 0
1670604221912 0.0 0
1670604222344 0.0 0
1670604222949 0.0 0
1670604223491 0.0 0
1670604224351 0.0 0
1670604224885 0.0 0
1670604225449 0.0 0
1670604225950 0.0 0
1670604226463 0.0 0
1670604227193 0.0 0
1670604228003 0.0 0
1670604228773 0.0 0
1670604229453 0.0 0
1670604230060 0.0 0
1670604230624 0.0 0
1670604231098 0.0 0
1670604231681 0.0 0
1670604232085 0.0 0
1670604232632 0.0 0
1670604233026 0.0 0
1670604233736 0.0 0
1670604234263 0.0 0
1670604234765 0.0 0
1670604235431 0.0 0
1670604236029 0.0 0
1670604236657 0.0 0
1670604237310 0.0 0
1670604238090 0.0 0
1670604238716 0.0 0
1670604239251 0.0 0
1670604239836 0.0 0
1670604240291 0.0 0
1670604240940 0.0 0
1670604241488 0.0 0
1670604242159 0.0 0
1670604242699 0.0 0
1670604243106 0.0 0
1670604243732 0.0 0
1670604244792 0.0 0
1670604245459 0.0 0
1670604246219 0.0 0
1670604246842 0.0 0
1670604247225 0.0 0
1670604247793 0.0 0
1670604248141 0.0 0
1670604248852 0.0 0
1670604249254 0.0 0
1670604250172 0.0 0
1670604250738 0.0 0
1670604251374 0.0 0
1670604251974 0.0 0
1670604252708 0.0 0
1670604253258 0.0 0
1670604253872 0.0 0
1670604254506 0.0 0
1670604255011 0.0 0
1670604255683 0.0 0
1670604256205 0.0 0
1670604256749 0.0 0
1670604257258 0.0 0
1670604257690 0.0 0
