1670595038224 0.024666666666666667 0
1670595039134 0.031 0
1670595040399 0.03 0
1670595041361 0.02266666666666667 0
1670595042250 0.026333333333333334 0
1670595043433 0.030666666666666665 0
1670595044570 0.029333333333333333 0
1670595045701 0.023 0
1670595046939 0.024666666666666667 0
1670595048258 0.027666666666666666 0
1670595049221 0.029333333333333333 0
1670595050183 0.027 0
1670595051297 0.023666666666666666 0
1670595052437 0.029 0
1670595053465 0.028666666666666667 0
1670595054551 0.025 0
1670595055495 0.024666666666666667 0
1670595056616 0.031 0
1670595057714 0.031 0
1670595058764 0.025333333333333333 0
1670595059722 0.028666666666666667 0
1670595061053 0.023666666666666666 0
1670595062116 0.028 0
1670595063239 0.027 0
1670595064228 0.026 0
1670595065259 0.03233333333333333 0
1670595066477 0.026 0
1670595067489 0.028666666666666667 0
1670595068546 0.021666666666666667 0
1670595069472 0.03666666666666667 0
1670595070442 0.035333333333333335 0
1670595071555 0.022333333333333334 0
1670595072456 0.032 0
1670595073748 0.028666666666666667 0
1670595075021 0.03133333333333333 0
1670595075908 0.023666666666666666 0
1670595077151 0.027666666666666666 0
1670595078279 0.028 0
1670595079415 0.03166666666666667 0
1670595080356 0.026 0
1670595081232 0.024666666666666667 0
1670595082119 0.028 0
1670595083093 0.029666666666666668 0
1670595084184 0.024666666666666667 0
1670595085122 0.024666666666666667 0
1670595086130 0.028 0
1670595087159 0.029 0
1670595088046 0.028 0
1670595089097 0.029333333333333333 0
1670595090248 0.032 0
1670595091139 0.025666666666666667 0
1670595092177 0.027333333333333334 0
1670595093124 0.028 0
1670595094234 0.024333333333333332 0
1670595095390 0.029333333333333333 0
1670595096522 0.028 0
1670595097560 0.031 0
1670595098899 0.028 0
1670595100067 0.028666666666666667 0
1670595101152 0.024 0
1670595102238 0.027666666666666666 0
1670595103623 0.03133333333333333 0
1670595104770 0.028666666666666667 0
1670595105979 0.025666666666666667 0
1670595107131 0.033 0
1670595108078 0.022333333333333334 0
1670595109129 0.022 0
1670595110355 0.029 0
1670595111408 0.026333333333333334 0
1670595112662 0.031 0
1670595113752 0.026333333333333334 0
1670595114974 0.032 0
1670595116164 0.028333333333333332 0
1670595117220 0.023666666666666666 0
1670595118414 0.024666666666666667 0
1670595119372 0.028 0
1670595120811 0.028666666666666667 0
1670595122185 0.02666666666666667 0
1670595123483 0.03233333333333333 0
1670595124571 0.027 0
1670595125756 0.028 0
1670595127009 0.024666666666666667 0
1670595128190 0.025666666666666667 0
1670595129199 0.028333333333333332 0
1670595130335 0.02666666666666667 0
1670595131370 0.032 0
1670595132481 0.025 0
1670595133944 0.027666666666666666 0
1670595135259 0.026333333333333334 0
1670595136369 0.026333333333333334 0
1670595137628 0.03166666666666667 0
1670595139048 0.027 0
1670595140186 0.025 0
1670595141497 0.022 0
1670595142786 0.027333333333333334 0
1670595144053 0.027333333333333334 0
1670595145305 0.024333333333333332 0
1670595146449 0.02266666666666667 0
1670595147548 0.027666666666666666 0
1670595148555 0.027 0
1670595149721 0.024 0
1670595150895 0.021666666666666667 0
1670595152310 0.027 0
1670595153665 0.027 0
1670595154942 0.027333333333333334 0
1670595156108 0.027666666666666666 0
1670595157414 0.028 0
1670595158841 0.03133333333333333 0
1670595159885 0.02666666666666667 0
1670595160911 0.029666666666666668 0
1670595162100 0.03 0
1670595163379 0.025333333333333333 0
1670595164545 0.03 0
1670595165655 0.031 0
1670595167163 0.028333333333333332 0
1670595168451 0.032 0
1670595169737 0.028333333333333332 0
1670595170910 0.025666666666666667 0
1670595172403 0.025 0
1670595173423 0.027 0
1670595174565 0.029666666666666668 0
1670595175836 0.023 0
1670595177198 0.026 0
1670595178378 0.027333333333333334 0
1670595179873 0.030333333333333334 0
1670595181018 0.027333333333333334 0
1670595182430 0.024666666666666667 0
1670595183576 0.033 0
1670595184823 0.027 0
1670595185918 0.031 0
1670595187083 0.03133333333333333 0
1670595188089 0.030333333333333334 0
1670595189252 0.030666666666666665 0
1670595190354 0.024 0
1670595191517 0.023333333333333334 0
1670595192976 0.027666666666666666 0
1670595194179 0.026 0
1670595195380 0.031 0
1670595196605 0.025666666666666667 0
1670595197941 0.029333333333333333 0
1670595199189 0.028333333333333332 0
1670595200390 0.025666666666666667 0
1670595202028 0.026333333333333334 0
1670595203411 0.027666666666666666 0
1670595204753 0.027333333333333334 0
1670595205813 0.03 0
1670595206954 0.030333333333333334 0
1670595208223 0.024 0
1670595209440 0.028333333333333332 0
1670595210693 0.031 0
1670595211800 0.02666666666666667 0
1670595213007 0.03133333333333333 0
1670595214193 0.03166666666666667 0
1670595215421 0.024666666666666667 0
1670595216557 0.028 0
1670595217680 0.023333333333333334 0
1670595218817 0.028333333333333332 0
1670595220006 0.02666666666666667 0
1670595221269 0.019666666666666666 0
1670595222529 0.026333333333333334 0
1670595223902 0.025333333333333333 0
1670595225087 0.027666666666666666 0
1670595226335 0.021333333333333333 0
1670595227521 0.033 0
1670595228666 0.022 0
1670595229893 0.02266666666666667 0
1670595231303 0.027666666666666666 0
1670595232499 0.029 0
1670595233808 0.023 0
1670595235019 0.023333333333333334 0
1670595236493 0.021 0
