1670595039141 0.08047262999740326 0
1670595040406 0.023922741535259497 0
1670595041368 0.02232128101706288 0
1670595042256 0.017497234494446637 0
1670595043440 0.016427507553352136 0
1670595044575 0.01479386148082518 0
1670595045708 0.015343508468397566 0
1670595046945 0.014580448950880627 0
1670595048265 0.01360641514312268 0
1670595049228 0.013123095716281178 0
1670595050189 0.012413971594320544 0
1670595051304 0.012497235890289643 0
1670595052443 0.012162295628263969 0
1670595053472 0.011789368015500852 0
1670595054557 0.011564464278663741 0
1670595055501 0.011407182109164301 0
1670595056622 0.011722499937578706 0
1670595057721 0.011927968579090904 0
1670595058770 0.011725086794761138 0
1670595059728 0.011474793540787145 0
1670595061060 0.01161202164988203 0
1670595062122 0.011348965979780593 0
1670595063247 0.011083006410528583 0
1670595064234 0.010875124379280895 0
1670595065266 0.011414618046461857 0
1670595066484 0.011226348845079823 0
1670595067498 0.011055383757192887 0
1670595068552 0.01163966608142666 0
1670595069478 0.012843853485973979 0
1670595070452 0.01376575385021852 0
1670595071561 0.01403447419932501 0
1670595072464 0.014142649779011151 0
1670595073753 0.013948849636754943 0
1670595075028 0.013951825176428474 0
1670595075914 0.014011993402882315 0
1670595077159 0.013821350166259325 0
1670595078285 0.013639712897331725 0
1670595079422 0.013686972109217113 0
1670595080369 0.013559368991439072 0
1670595081238 0.013522139624617319 0
1670595082125 0.013361605457218304 0
1670595083100 0.013257248863186064 0
1670595084191 0.013227248626549698 0
1670595085129 0.013193249082443528 0
1670595086137 0.013051134341979596 0
1670595087170 0.012935759609288298 0
1670595088052 0.012801968077678437 0
1670595089103 0.01270541881615643 0
1670595090254 0.012799870394620255 0
1670595091146 0.012724723202064796 0
1670595092182 0.012603485950134375 0
1670595093131 0.01248496687615977 0
1670595094241 0.012497414389942431 0
1670595095399 0.01241446352384995 0
1670595096528 0.012304208514725398 0
1670595097566 0.012314153304579623 0
1670595098904 0.012208209546589816 0
1670595100089 0.01211313570201094 0
1670595101158 0.012159716218599334 0
1670595102246 0.012059650083625216 0
1670595103629 0.012095439849303492 0
1670595104781 0.012007217384551603 0
1670595105985 0.011957168505032895 0
1670595107138 0.012132702892130892 0
1670595108084 0.012324314116656753 0
1670595109139 0.012532815388348738 0
1670595110361 0.012456457375639982 0
1670595111413 0.012381862003151788 0
1670595112672 0.012391065020567305 0
1670595113766 0.012319792692644466 0
1670595115001 0.012393017605017695 0
1670595116171 0.012310756492288914 0
1670595117227 0.01236640000045235 0
1670595118419 0.012359068359723516 0
1670595119378 0.012278441050103325 0
1670595120818 0.012206591959493949 0
1670595122192 0.012136246282007563 0
1670595123489 0.012231679265726422 0
1670595124577 0.012159051946349201 0
1670595125762 0.01208440375387258 0
1670595127016 0.012081934860112296 0
1670595128197 0.012039725358047412 0
1670595129205 0.011971323852360851 0
1670595130341 0.011908139947050245 0
1670595131377 0.011978940973886056 0
1670595132487 0.011963271810498503 0
1670595133950 0.011895104571188125 0
1670595135264 0.011840984298409622 0
1670595136384 0.011787541948536116 0
1670595137633 0.011837483270852576 0
1670595139054 0.011776264913989358 0
1670595140192 0.011762695925787492 0
1670595141503 0.011918453678337076 0
1670595142791 0.011855999015358321 0
1670595144092 0.011794515928919839 0
1670595145310 0.011803916263543646 0
1670595146456 0.011900055836301136 0
1670595147555 0.011839982233747659 0
1670595148561 0.011782258462333335 0
1670595149727 0.011802069978803589 0
1670595150901 0.011955472227755781 0
1670595152316 0.011898313898255491 0
1670595153672 0.011841967279973966 0
1670595154949 0.011785467322592669 0
1670595156121 0.011730189441256398 0
1670595157420 0.011677444508159905 0
1670595158847 0.011716456778333804 0
1670595159890 0.01166618101842018 0
1670595160916 0.011642695026056811 0
1670595162106 0.011628414149062613 0
1670595163384 0.011603352804506806 0
1670595164552 0.01158952040497719 0
1670595165662 0.011610056634768967 0
1670595167168 0.01156333501108691 0
1670595168457 0.011627342378213452 0
1670595169743 0.011580930804837259 0
1670595170917 0.011551892260949048 0
1670595172408 0.011539328607029553 0
1670595173432 0.011492679620698748 0
1670595174572 0.011470364320676385 0
1670595175842 0.011535402023829768 0
1670595177204 0.011500586081978598 0
1670595178383 0.011454251441898058 0
1670595179878 0.011451491382482006 0
1670595181036 0.011406127729422198 0
1670595182445 0.011403779783606564 0
1670595183583 0.011517322067314893 0
1670595184828 0.011474048102769866 0
1670595185924 0.011491547564529556 0
1670595187090 0.011519997420496388 0
1670595188096 0.011514296702564389 0
1670595189257 0.01151772804985372 0
1670595190360 0.011539712411422601 0
1670595191524 0.011585973217660882 0
1670595192981 0.01154334652537722 0
1670595194184 0.011513044502378805 0
1670595195385 0.011528222580336714 0
1670595196617 0.01150419372598092 0
1670595197949 0.011477831197748381 0
1670595199195 0.01143973472709238 0
1670595200396 0.01141673634591979 0
1670595202034 0.011383949362807927 0
1670595203425 0.01134440202729083 0
1670595204758 0.011305465123037643 0
1670595205819 0.011294191580807727 0
1670595206960 0.011290620008486792 0
1670595208228 0.011311596215995312 0
1670595209446 0.011276190896933547 0
1670595210704 0.011291385273987545 0
1670595211806 0.011257864744378416 0
1670595213015 0.011283102483460632 0
1670595214199 0.011318554378658353 0
1670595215427 0.011320704047397913 0
1670595216562 0.011284731446456985 0
1670595217685 0.011328535010126383 0
1670595218824 0.01129469846556494 0
1670595220013 0.011262694856642629 0
1670595221274 0.011493324987922476 0
1670595222534 0.0114635293349091 0
1670595223907 0.011448130670955903 0
1670595225092 0.011412819350388383 0
1670595226341 0.0115348146543277 0
1670595227527 0.011621745063685917 0
1670595228674 0.011707832730313901 0
1670595229899 0.011763958559814908 0
1670595231310 0.011728844615537606 0
1670595232508 0.01170304053793099 0
1670595233822 0.011745641444760292 0
1670595235027 0.011775808373299161 0
1670595236498 0.011897258986254058 0
