1670640480812 0.03388321263048556 0
1670640483595 0.009959525562085379 0
1670640486813 0.01701236761315986 0
1670640490068 0.013664573571565534 0
1670640493342 0.012628806412337577 0
1670640496247 0.01146638235659557 0
1670640499507 0.010471604701680168 0
1670640502513 0.009736461903474228 0
1670640505603 0.009996812380212671 0
1670640508899 0.009550111537825978 0
1670640512121 0.009059228723260968 0
1670640515257 0.008784096898991761 0
1670640518183 0.00841326991316231 0
1670640521143 0.009774297953922567 0
1670640523685 0.010822395129790038 0
1670640526815 0.011020604396167515 0
1670640529766 0.010663713467156319 0
1670640533115 0.010335577373710256 0
1670640536116 0.01009484882714691 0
1670640539309 0.009819045035856108 0
1670640542516 0.009920026648448987 0
1670640545632 0.009675367019554165 0
1670640548802 0.010775714011292487 0
1670640551803 0.010537306596034485 0
1670640554858 0.010324637332311381 0
1670640557977 0.010115618247262925 0
1670640560958 0.009918594581135573 0
1670640563885 0.00981096920623704 0
1670640566785 0.009359307838298487 0
1670640569600 0.009240512475038473 0
1670640573023 0.00924150149824533 0
1670640576305 0.009111593329093153 0
1670640579611 0.008986964286960483 0
1670640582502 0.009002820344358578 0
1670640585739 0.008905382479579893 0
1670640588994 0.008935308487243193 0
1670640592267 0.008826739108267825 0
1670640595304 0.008981948888671532 0
1670640598477 0.009045006102478034 0
1670640601859 0.009045137698926422 0
1670640605265 0.008937771559493324 0
1670640608684 0.009620677483932218 0
1670640611711 0.009926193531257062 0
1670640614530 0.009820993695904636 0
1670640617873 0.009722698719998146 0
1670640621444 0.009662045346649255 0
1670640624672 0.009621011145994507 0
1670640627983 0.009525668171833045 0
1670640631069 0.009468436144968548 0
1670640634138 0.009376662576012117 0
1670640637142 0.009340053538699846 0
1670640640425 0.009313202276758095 0
1670640643939 0.009270105532379544 0
1670640646832 0.00926638070902798 0
1670640649681 0.00918534396208985 0
1670640652761 0.00919231712223854 0
1670640655919 0.00919608187413136 0
1670640659120 0.009167267508116968 0
1670640662205 0.0091465698892286 0
1670640665499 0.009096245905922274 0
1670640668790 0.009041050498051942 0
1670640671928 0.009040572642567732 0
1670640674975 0.009059221809650797 0
1670640678422 0.009044725561802882 0
1670640681659 0.009087084180447791 0
1670640684748 0.009019782192210949 0
1670640688220 0.008972429000632873 0
1670640691759 0.00895347609760952 0
1670640695329 0.008890031389108308 0
1670640698842 0.008897096073587227 0
1670640702198 0.00883511591216049 0
1670640705624 0.008836303958674092 0
1670640709123 0.008776458412622645 0
1670640712649 0.008718543682760094 0
1670640716125 0.008679197960779216 0
1670640719525 0.00862472234567245 0
1670640722597 0.008688048244931287 0
1670640725589 0.008643162929217782 0
1670640728297 0.008601152695262848 0
1670640731312 0.008648419101230265 0
1670640734397 0.00863848534119473 0
1670640737786 0.008637268398851938 0
1670640740830 0.008585987541850346 0
1670640744003 0.008537989883466393 0
1670640747179 0.00850230478117324 0
1670640750546 0.008457677238709979 0
1670640753945 0.008513268028770865 0
1670640757525 0.0084656319790032 0
1670640760801 0.0084282671651571 0
1670640763704 0.008422470033802601 0
1670640766773 0.008520242062126506 0
1670640770226 0.008474327245981919 0
1670640773425 0.008432882456642352 0
1670640776387 0.008418737428410584 0
1670640779477 0.008386209709840619 0
1670640782992 0.008343432845905122 0
1670640786159 0.008389598845530102 0
1670640789272 0.008380029418941004 0
1670640792161 0.008343757468659188 0
1670640795338 0.008310560769862724 0
1670640798249 0.00828438411560263 0
1670640801465 0.00827187528937572 0
1670640804621 0.008366963157096577 0
1670640807658 0.008383061450796925 0
1670640811021 0.008449221918027421 0
1670640813893 0.008532029926902936 0
1670640817397 0.008610321573191915 0
1670640820774 0.008572169267900526 0
1670640823998 0.008627235909676026 0
1670640827297 0.00859130828416255 0
1670640830672 0.0086755664557116 0
1670640833550 0.008665443163264609 0
1670640836807 0.008638949496801954 0
1670640840182 0.008603608510234784 0
1670640843168 0.00867122936458219 0
1670640846409 0.008701241740718318 0
1670640849799 0.008667260326643639 0
1670640853361 0.008631400486302208 0
1670640856903 0.008599968860325682 0
1670640860332 0.008564458146943232 0
1670640863469 0.008562001392116159 0
1670640866684 0.008548967987461836 0
1670640869855 0.008546577439328924 0
1670640873091 0.008548896286795934 0
1670640876338 0.00855649971311817 0
1670640879664 0.008533976314336347 0
1670640882614 0.008502985593863824 0
1670640885177 0.008491272955476276 0
1670640887991 0.008469121671544524 0
1670640890967 0.008451047757148385 0
1670640893788 0.008514233721975295 0
1670640896510 0.008512631862549108 0
1670640899234 0.008629273470799281 0
1670640901932 0.008597390566949192 0
1670640904593 0.008595742567079376 0
1670640907264 0.008573760958398666 0
1670640909952 0.008565084124295477 0
1670640913070 0.008556203008657226 0
1670640916134 0.008610916679795966 0
1670640919297 0.008585022993662844 0
1670640922370 0.00856363375410163 0
1670640925469 0.008568053493163558 0
1670640928211 0.00856300818021577 0
1670640931270 0.008547016033036061 0
1670640933922 0.00851769906039793 0
1670640936961 0.008502889541450231 0
1670640939856 0.008476700455175193 0
1670640941827 0.008456727716250025 0
1670640944472 0.008429117916693846 0
1670640947198 0.008439078570127132 0
1670640949802 0.008421931501395728 0
1670640952349 0.008431587470270563 0
1670640955326 0.008404866399899999 0
1670640958272 0.008380390544671379 0
1670640961225 0.008361397941475477 0
1670640964169 0.008357757151355515 0
1670640966863 0.008335060680468881 0
1670640969377 0.008325418538619848 0
1670640972323 0.00830928918226842 0
1670640975334 0.008287164447656481 0
1670640978371 0.008265818943922837 0
1670640981022 0.008298195359589911 0
1670640983495 0.008308160016318511 0
1670640986159 0.008298301051070725 0
1670640989126 0.008403128739897486 0
1670640992095 0.008377932561130948 0
1670640995129 0.008367866765784018 0
1670640998125 0.008423151865913223 0
1670641000522 0.008400704570773052 0
1670641002840 0.008414107229516368 0
1670641005163 0.008407196114187453 0
1670641007559 0.008392508787384626 0
1670641009861 0.008368897532857827 0
1670641012276 0.008345123573023295 0
1670641014563 0.008321504698528243 0
1670641016884 0.00836706585402695 0
1670641019259 0.008352198648587147 0
1670641021790 0.008329270342397926 0
1670641024483 0.008331032190893397 0
1670641026884 0.008313390564603815 0
1670641028981 0.008293821787794694 0
1670641031313 0.008326025779865437 0
1670641033976 0.0083088638967273 0
1670641036402 0.008287420004178748 0
1670641038829 0.00827335776929354 0
1670641041222 0.00826582264483433 0
1670641043621 0.008252018178772899 0
1670641046113 0.008232028754613832 0
1670641048255 0.008274068609393073 0
1670641050596 0.0083390373273666 0
1670641052984 0.00831751686583801 0
1670641055523 0.008311132070760577 0
1670641057801 0.00829116289454579 0
1670641060161 0.008281328939112442 0
1670641062494 0.008262580433018227 0
1670641065041 0.008251566085966833 0
1670641068057 0.008250405581852915 0
1670641071060 0.008230301769805048 0
1670641074040 0.008209776678838297 0
1670641077022 0.008189973278092719 0
1670641079992 0.00818061670846763 0
1670641082898 0.008259075577918384 0
1670641085813 0.008248332692994617 0
1670641088730 0.00822906910693584 0
1670641091635 0.008225293063474526 0
1670641094532 0.00820607155418189 0
1670641097437 0.008186533861202383 0
1670641100405 0.008287919954818226 0
1670641103368 0.00827839470756958 0
1670641106351 0.008260603556165355 0
1670641109307 0.008241251354496073 0
1670641112093 0.00829077314682708 0
1670641114532 0.00829751737912883 0
1670641117075 0.008283555747717913 0
1670641119831 0.008279620986527212 0
1670641122609 0.00826113632219004 0
1670641125398 0.008243049850777909 0
1670641128172 0.008225081281811267 0
1670641130921 0.008235348997881434 0
1670641133672 0.008223515441570614 0
1670641136624 0.008208371230086598 0
1670641139621 0.00820016148293383 0
1670641142627 0.008183396762798029 0
1670641145611 0.00818998039458732 0
1670641148566 0.008184724731166729 0
1670641151543 0.008166921169915131 0
1670641154524 0.008217607022219686 0
1670641157251 0.008201080166767238 0
1670641159795 0.008200724443517271 0
1670641162270 0.008193308158479306 0
1670641164673 0.008185611792123154 0
1670641167087 0.008175903491268566 0
1670641169518 0.008158712534594454 0
1670641171906 0.008207045463113419 0
1670641174204 0.00823468304719582 0
1670641176597 0.008218158310199435 0
1670641179013 0.008201732297298453 0
1670641181332 0.008191868383140549 0
1670641183668 0.008293121623460686 0
1670641186045 0.00827859723696095 0
1670641188369 0.008338681814141477 0
1670641190624 0.00832310551948659 0
1670641193128 0.008312936094450163 0
1670641196003 0.008313385753359298 0
1670641198652 0.008301770960415369 0
1670641201183 0.008285818757822944 0
1670641203654 0.008289048154581605 0
