1670638296642 0.021177007894053537 0
1670638298259 0.03497452607221639 0
1670638299681 0.023577801367888934 0
1670638301020 0.020120236130759417 0
1670638302774 0.018210388036811867 0
1670638304430 0.01660966529713824 0
1670638306024 0.015400343488780818 0
1670638307775 0.014164271647804774 0
1670638309466 0.013400934512772387 0
1670638311031 0.01427966605821046 0
1670638312551 0.01350593093699326 0
1670638314449 0.013183664037009421 0
1670638316240 0.012620088314781897 0
1670638317884 0.012732069843857677 0
1670638319485 0.01227737500398629 0
1670638321297 0.011927852617634155 0
1670638323168 0.012266942526906341 0
1670638325032 0.011902428814357477 0
1670638326766 0.01160134617393177 0
1670638328592 0.012142855547502343 0
1670638330378 0.012553836860922069 0
1670638332072 0.012363851875762555 0
1670638333788 0.014014777168333936 0
1670638335507 0.014343103439837801 0
1670638337316 0.014120472475478499 0
1670638339126 0.013906730075813403 0
1670638340761 0.013632030512163607 0
1670638342548 0.014221905055588985 0
1670638344309 0.013435494827333083 0
1670638346106 0.01346168679157897 0
1670638347956 0.013561090363292685 0
1670638349792 0.014063276627707469 0
1670638351361 0.013938628389414412 0
1670638353009 0.013756763942455494 0
1670638354691 0.013569857771960472 0
1670638356334 0.013473089052693302 0
1670638358019 0.013334816589020054 0
1670638359736 0.013168088375883055 0
1670638361528 0.013002530673466309 0
1670638363255 0.01293824274893654 0
1670638365016 0.012828713010995113 0
1670638366564 0.012679444706882412 0
1670638368241 0.012979477703977657 0
1670638369961 0.012840767859710209 0
1670638371740 0.012769395481258508 0
1670638373593 0.012840408287858068 0
1670638375367 0.013139465870154951 0
1670638377007 0.013097789706901258 0
1670638378618 0.012966846802451762 0
1670638380334 0.012856766772049166 0
1670638382086 0.01280072951732103 0
1670638383821 0.012823635122458196 0
1670638385505 0.0127114643157962 0
1670638387234 0.012602171496352677 0
1670638388992 0.012505304982514676 0
1670638390804 0.01245983277360517 0
1670638392607 0.012587930301288547 0
1670638394356 0.012481897657626029 0
1670638395966 0.012406054239559788 0
1670638397656 0.01241642688915083 0
1670638399440 0.012316749304996516 0
1670638401110 0.01222242608303975 0
1670638402695 0.012277441761880212 0
1670638404431 0.012408542745061604 0
1670638406130 0.012429198127679411 0
1670638407775 0.012575350362675625 0
1670638409539 0.01250909335109325 0
1670638411223 0.01245463256358123 0
1670638412921 0.012374181765961265 0
1670638414654 0.012334299500840765 0
1670638416311 0.01228347005363431 0
1670638418059 0.012259616131196735 0
1670638419814 0.012416269588823067 0
1670638421518 0.012333919220300193 0
1670638423340 0.012507224737700398 0
1670638425033 0.012502579580453171 0
1670638426793 0.012423500129039672 0
1670638428530 0.012377989799319547 0
1670638430199 0.012643065413446508 0
1670638431917 0.012928763798761692 0
1670638433660 0.01294876730506879 0
1670638435377 0.012873722483390873 0
1670638437074 0.013137970122254997 0
1670638438790 0.013118353981961664 0
1670638440586 0.013042165076186163 0
1670638442316 0.01296897559143155 0
1670638444038 0.01305284520239991 0
1670638445813 0.01301972560657802 0
1670638447445 0.013215923966571341 0
1670638449156 0.013145538666247875 0
1670638450950 0.013076264361705489 0
1670638452804 0.013077993744173427 0
1670638454518 0.013307229015517091 0
1670638456195 0.013238951609495161 0
1670638457902 0.013452647547254157 0
1670638459603 0.013468454753090942 0
1670638461302 0.013437160241792187 0
1670638462963 0.013369332026648043 0
1670638464631 0.01345536806744041 0
1670638465961 0.013415708362487788 0
1670638467408 0.013517230808122546 0
1670638468801 0.013478703290076305 0
