1670628212328 0.31892483937154387 0
1670628223448 0.32383816933551035 0
1670628236232 0.322014886703617 0
1670628247749 0.3091158265490472 0
1670628272993 0.31839573726838444 0
1670628284311 0.30606617458952096 0
1670628300126 0.30840273989733297 0
1670628312097 0.31197014804762313 0
1670628326991 0.3107154636396861 0
1670628341937 0.31622113115403633 0
1670628358615 0.3151942191498107 0
1670628371056 0.31372843713548737 0
1670628382230 0.3056901890604625 0
1670628393507 0.31108406732767857 0
1670628406958 0.30512880624229566 0
1670628418157 0.30577588408183304 0
1670628432369 0.3158933716530037 0
1670628469271 0.31410523547329244 0
1670628483565 0.31041287936390005 0
1670628494829 0.32408374889337543 0
1670628508598 0.31140520679125333 0
1670628527214 0.30835916071988984 0
1670628541139 0.3161863811868381 0
1670628552240 0.31617717673529677 0
1670628566164 0.3156521852959853 0
1670628591297 0.31814395961504116 0
1670628613269 0.31957497242781524 0
1670628627370 0.31180740597941664 0
1670628642192 0.30626363134907714 0
1670628655897 0.31888762963346756 0
