1670627796128 0.0 0
1670627801259 0.0 0
1670627806164 0.0 0
1670627811130 0.0 0
1670627815857 0.0 0
1670627821069 0.0 0
1670627826571 0.0 0
1670627831736 0.0 0
1670627836778 0.0 0
1670627841816 0.0 0
1670627846945 0.0 0
1670627851919 0.0 0
1670627856893 0.0 0
1670627861242 0.0 0
1670627865948 0.0 0
1670627870844 0.0 0
1670627875579 0.0 0
1670627880986 0.0 0
1670627886455 0.0 0
1670627891923 0.0 0
1670627897719 0.0 0
1670627903367 0.0 0
1670627909494 0.0 0
1670627915808 0.0 0
1670627921995 0.0 0
1670627928268 0.0 0
1670627934480 0.0 0
1670627940844 0.0 0
1670627947316 0.0 0
1670627953634 0.0 0
1670627960173 0.0 0
1670627966686 0.0 0
1670627973167 0.0 0
1670627979803 0.0 0
1670627986531 0.0 0
1670627993087 0.0 0
1670627999388 0.0 0
1670628005754 0.0 0
1670628012394 0.0 0
1670628019245 0.0 0
1670628025971 0.0 0
1670628032712 0.0 0
1670628039524 0.0 0
1670628046372 0.0 0
1670628053148 0.0 0
1670628059936 0.0 0
1670628066634 0.0 0
1670628073313 0.0 0
1670628080051 0.0 0
1670628086760 0.0 0
1670628093546 0.0 0
1670628100301 0.0 0
1670628107056 0.0 0
1670628113684 0.0 0
1670628119956 0.0 0
1670628126343 0.0 0
1670628132999 0.0 0
1670628139257 0.0 0
1670628145538 0.0 0
1670628151932 0.0 0
1670628158299 0.0 0
1670628164753 0.0 0
1670628171192 0.0 0
1670628177869 0.0 0
1670628184527 0.0 0
1670628191088 0.0 0
1670628197668 0.0 0
1670628204089 0.0 0
1670628210815 0.0 0
1670628217653 0.0 0
1670628224340 0.0 0
1670628231015 0.0 0
1670628237644 0.0 0
1670628244417 0.0 0
1670628251468 0.0 0
1670628258241 0.0 0
1670628264999 0.0 0
1670628271665 0.0 0
1670628278411 0.0 0
1670628285126 0.0 0
1670628291805 0.0 0
1670628298662 0.0 0
1670628305464 0.0 0
1670628312115 0.0 0
1670628318586 0.0 0
1670628325389 0.0 0
1670628331768 0.0 0
1670628338228 0.0 0
1670628344974 0.0 0
1670628351762 0.0 0
1670628358660 0.0 0
1670628365653 0.0 0
1670628372302 0.0 0
1670628379142 0.0 0
1670628385923 0.0 0
1670628392699 0.0 0
1670628399481 0.0 0
1670628406221 0.0 0
1670628412924 0.0 0
1670628419580 0.0 0
1670628426173 0.0 0
1670628432809 0.0 0
