1670640021718 0.0 0
1670640024798 0.0 0
1670640027768 0.0 0
1670640031213 0.0 0
1670640034781 0.0 0
1670640038350 0.0 0
1670640042085 0.00014285714285714287 0
1670640045538 0.0 0
1670640048926 0.0 0
1670640052269 0.0 0
1670640055543 0.0 0
1670640058866 0.0 0
1670640062258 0.0 0
1670640065667 0.0 0
1670640069064 0.0 0
1670640072491 0.0 0
1670640075876 0.0 0
1670640079513 0.0 0
1670640083139 0.0 0
1670640086751 0.0 0
1670640090320 0.0 0
1670640093864 0.0 0
1670640097398 0.0 0
1670640101134 0.00014285714285714287 0
1670640104709 0.0 0
1670640108341 0.0 0
1670640111667 0.0 0
1670640114692 0.0 0
1670640117687 0.0 0
1670640120654 0.0 0
1670640123630 0.0 0
1670640126715 0.0 0
1670640129655 0.0 0
1670640132631 0.0 0
1670640135536 0.0 0
1670640138432 0.0 0
1670640141300 0.0 0
1670640144207 0.0 0
1670640147040 0.0 0
1670640149685 0.0 0
1670640152415 0.0 0
1670640155125 0.0 0
1670640158127 0.0 0
1670640161508 0.0 0
1670640164124 0.0 0
1670640167338 0.0 0
1670640170562 0.0 0
1670640173829 0.0 0
1670640176889 0.0 0
1670640179711 0.0 0
1670640182568 0.0 0
1670640185487 0.0 0
1670640188234 0.0 0
1670640191263 0.0 0
1670640194289 0.0 0
1670640197265 0.0 0
1670640200785 0.0 0
1670640204306 0.0 0
1670640207503 0.0 0
1670640210197 0.0 0
1670640212951 0.0 0
1670640216208 0.0 0
1670640219668 0.0 0
1670640222932 0.0 0
1670640226537 0.0 0
1670640230035 0.0 0
1670640233551 0.0 0
1670640237091 0.0 0
1670640240590 0.0 0
1670640244053 0.0 0
1670640247491 0.00014285714285714287 0
1670640250946 0.0 0
1670640254420 0.0 0
1670640257906 0.0 0
1670640261318 0.0 0
1670640264718 0.0 0
1670640268136 0.0 0
1670640271566 0.0 0
1670640274995 0.0 0
1670640278421 0.0 0
1670640281916 0.0 0
1670640285385 0.0 0
1670640288973 0.0 0
1670640292399 0.0 0
1670640295833 0.0 0
1670640299265 0.0 0
1670640302920 0.0 0
1670640306460 0.0 0
1670640310322 0.0 0
1670640313995 0.0 0
1670640317563 0.00014285714285714287 0
1670640321263 0.0 0
1670640324972 0.00014285714285714287 0
1670640328502 0.0 0
1670640331540 0.0 0
1670640334216 0.0 0
1670640336989 0.0 0
1670640339688 0.0 0
1670640342949 0.0 0
1670640345750 0.0 0
1670640348291 0.0 0
1670640351112 0.0 0
