1670609090276 0.011435584262788893 0
1670609092929 0.0031682901822304254 0
1670609095405 0.0025608313112534978 0
1670609098224 0.002059815414343266 0
1670609100510 0.001756041701310749 0
1670609103185 0.0016306086035692887 0
1670609105302 0.0016382597374237362 0
1670609107413 0.0015132330235526348 0
1670609109616 0.001569878397181668 0
1670609112636 0.001511468774922991 0
1670609115415 0.001906109061984393 0
1670609117953 0.0022515993402895205 0
1670609120862 0.0021886214209283997 0
1670609123757 0.0021503083637017754 0
1670609127372 0.0020713204720533176 0
1670609130406 0.0021129988552549875 0
1670609132680 0.0024796913216933725 0
1670609134972 0.0025561689842248207 0
1670609138134 0.0025582028780716717 0
1670609140815 0.0025348052335954618 0
1670609143456 0.0025842621449841028 0
1670609145461 0.002536922664953159 0
1670609148229 0.0024773560429144814 0
1670609150686 0.0025119807662153802 0
1670609153556 0.0024907173870418182 0
1670609155960 0.002515034535058768 0
1670609158592 0.002465465862817822 0
1670609160904 0.0025641087679015907 0
1670609163635 0.002476975433247071 0
1670609166652 0.0024417485461837654 0
1670609169678 0.0024401354823197605 0
1670609171962 0.0024038186763257648 0
1670609174106 0.0026504374334719947 0
1670609176668 0.002647182181355576 0
1670609179615 0.0026529994755045364 0
1670609182543 0.0026809902990276215 0
1670609184957 0.002682532041205608 0
1670609187874 0.0026479253064315526 0
1670609189854 0.0027014639422143286 0
1670609192087 0.0026842190553852587 0
1670609195054 0.002652129238519445 0
1670609198237 0.0026230650664632645 0
1670609200848 0.0025977887893263323 0
1670609203804 0.0025812357389335856 0
1670609206980 0.0026393392339520115 0
1670609209422 0.0026292898498027004 0
1670609212862 0.0026050547944178252 0
1670609216429 0.002633884022178356 0
1670609219879 0.0026702047533050384 0
1670609223880 0.002747037365160021 0
1670609226910 0.0027206036487919323 0
1670609230064 0.0027104022913141436 0
1670609233738 0.002688866843837132 0
1670609237193 0.002675233207618635 0
1670609240613 0.0026573617512075445 0
1670609244033 0.002689733198862206 0
1670609247036 0.0026665245170966745 0
1670609250292 0.002649410288705535 0
1670609253639 0.0026306305962596355 0
1670609257728 0.0026596804953924504 0
1670609261027 0.0026384304030503208 0
1670609264544 0.0026351196216309308 0
1670609267775 0.0026518357866555167 0
1670609270798 0.00264714993727227 0
1670609274316 0.002627024288591656 0
1670609276582 0.002608899474838059 0
1670609278318 0.0025969826698480566 0
1670609280006 0.0025817379403062293 0
1670609283338 0.0025963299522323846 0
1670609286641 0.002613096087631007 0
1670609290597 0.0025963301572626027 0
1670609294342 0.002603244916667248 0
1670609298247 0.0026492408627655836 0
1670609302048 0.0026340775207738826 0
1670609305113 0.002617495820693634 0
1670609308560 0.0026005647792436332 0
1670609312363 0.002641450568012615 0
1670609317263 0.002626583795307245 0
1670609321179 0.0026128560249313332 0
1670609325113 0.0026239193563909833 0
1670609328729 0.00262720709494442 0
1670609332615 0.002611365138019855 0
1670609335958 0.0025983093423470258 0
1670609340112 0.002598304145411328 0
1670609344276 0.0025840156499107314 0
1670609347782 0.0025878129235711866 0
1670609351168 0.0025731073175910414 0
1670609355252 0.0025609685359021805 0
1670609358798 0.00261426148282946 0
1670609362030 0.002610598379162034 0
1670609365548 0.0025980172589655103 0
1670609368970 0.002620305376478241 0
1670609372426 0.0026243511924765473 0
1670609376281 0.0026279322327323385 0
1670609379582 0.002636140933605735 0
1670609383649 0.0026490061405690483 0
1670609386887 0.0026387391120539106 0
1670609389933 0.0026474024731047655 0
1670609393663 0.0026341770121161047 0
1670609397035 0.0026294387308333244 0
1670609401555 0.0026180734563845264 0
