1670623074422 0.0 0
1670623086337 0.0 0
1670623098113 0.0 0
1670623109856 0.0 0
1670623121013 0.0 0
1670623132508 0.0 0
1670623144351 0.0 0
1670623156215 0.0 0
1670623167089 0.0 0
1670623178490 0.0 0
1670623189403 0.0 0
1670623200424 0.0 0
1670623212138 0.0 0
1670623223973 0.0 0
1670623235581 0.0 0
1670623247120 0.0 0
1670623257996 0.0 0
1670623269281 0.0 0
1670623280651 0.0 0
1670623292849 0.0 0
1670623305185 0.0 0
1670623316480 0.0 0
1670623327991 0.0 0
1670623339355 0.0 0
1670623351112 0.0 0
1670623363006 0.0 0
1670623374910 0.0 0
1670623386881 0.0 0
1670623398777 0.0 0
1670623410271 0.0 0
1670623421750 0.0 0
1670623433689 0.0 0
1670623445051 0.0 0
1670623456673 0.0 0
1670623468214 0.0 0
1670623479953 0.0 0
1670623491648 0.0 0
1670623503432 0.0 0
1670623515352 0.0 0
1670623527519 0.0 0
1670623539921 0.0 0
1670623552046 0.0 0
1670623564322 0.0 0
1670623576345 0.0 0
1670623587868 0.0 0
1670623599111 0.0 0
1670623610641 0.0 0
1670623621876 0.0 0
1670623633699 0.0 0
1670623644688 0.0 0
1670623656762 0.0 0
1670623668842 0.0 0
1670623680763 0.0 0
1670623691909 0.0 0
1670623703301 0.0 0
1670623714737 0.0 0
1670623726668 0.0 0
1670623738123 0.0 0
1670623749235 0.0 0
1670623760293 0.0 0
1670623772049 0.0 0
1670623783670 0.0 0
1670623794935 0.0 0
1670623807081 0.0 0
1670623818588 0.0 0
1670623830126 0.0 0
1670623841935 0.0 0
1670623853786 0.0 0
1670623865907 0.0 0
1670623877080 0.0 0
1670623885854 0.0 0
1670623897405 0.0 0
1670623909614 0.0 0
1670623921760 0.0 0
1670623933281 0.0 0
1670623945007 0.0 0
1670623957238 0.0 0
1670623969000 0.0 0
1670623980585 0.0 0
1670623992361 0.0 0
1670624003633 0.0 0
1670624014965 0.0 0
1670624026244 0.0 0
1670624037767 0.0 0
1670624049400 0.0 0
1670624061003 0.0 0
1670624072719 0.0 0
1670624084056 0.0 0
1670624095363 0.0 0
1670624107344 0.0 0
1670624118490 0.0 0
1670624130364 0.0 0
1670624141650 0.0 0
1670624152684 0.0 0
1670624164591 0.0 0
1670624176570 0.0 0
1670624187667 0.0 0
1670624199251 0.0 0
1670624211041 0.0 0
1670624222765 0.0 0
1670624234315 0.0 0
