1670583459239 0.003811861420929628 0
1670583462426 0.0010732701579730388 0
1670583464980 0.0009413803123746146 0
1670583467721 0.0007532306753393768 0
1670583470205 0.0006469155756251828 0
1670583473220 0.000576507200522485 0
1670583476167 0.000567016976189246 0
1670583479165 0.0005519205472483711 0
1670583482116 0.0006462013388732139 0
1670583484764 0.0006405448832110858 0
1670583487506 0.0006754072421289656 0
1670583490317 0.0006737476289175322 0
1670583493427 0.0006962876927833945 0
1670583496677 0.0006803479141540928 0
1670583499953 0.0006823968123018064 0
1670583502626 0.000681187936948939 0
1670583505936 0.000659727482439315 0
1670583508856 0.0006401891968672681 0
1670583512463 0.0006331181539399589 0
1670583515669 0.000616176216086018 0
1670583518848 0.0006192840231737707 0
1670583521748 0.0006451925087359184 0
1670583524693 0.0006410891979208228 0
1670583527163 0.0006287273263551154 0
1670583530243 0.0006251307754913053 0
1670583532729 0.0006128404739409923 0
1670583535486 0.0006139768684555946 0
1670583538424 0.0006039992158621737 0
1670583541461 0.0005790653436105562 0
1670583544496 0.0005708453696665179 0
1670583547214 0.0005874785663509245 0
1670583549756 0.0005792553744416104 0
1670583552385 0.0005784166387793967 0
1670583555371 0.0005771970166317626 0
1670583558079 0.0005790489633906582 0
1670583560729 0.0005724898461988513 0
1670583563235 0.0005736994718493228 0
1670583566073 0.0006052396612662419 0
1670583568995 0.0006148166783329009 0
1670583571596 0.000612339193668034 0
1670583574605 0.0006097348266932083 0
1670583577315 0.0006042819992577416 0
1670583580059 0.0006185131384145691 0
1670583583024 0.0006118784325528273 0
1670583585682 0.0006098143542968748 0
1670583588604 0.0006110636956896383 0
1670583591355 0.0006184485283627422 0
1670583594067 0.0006122893286140388 0
1670583596729 0.0006100999867972281 0
1670583599409 0.0006078366029328862 0
1670583602249 0.000602075623545391 0
1670583605053 0.0005998589619749567 0
1670583607513 0.0005975896535850794 0
1670583609862 0.0006149199446517733 0
1670583612403 0.0006172600726742541 0
1670583615493 0.0006118657219826347 0
1670583618494 0.0006066103582597813 0
1670583621044 0.0006041973690395141 0
1670583623976 0.0005991708172397573 0
1670583626951 0.0006035073230199413 0
1670583629672 0.0005986342270965085 0
1670583632579 0.0005962195074799689 0
1670583635610 0.0005989876889998858 0
1670583638475 0.0005959682040912917 0
1670583641660 0.0005938096825866741 0
1670583645023 0.0005963061033157365 0
1670583648155 0.0006073109332494567 0
1670583651754 0.0006090133385428774 0
1670583654652 0.0006071693432614764 0
1670583657257 0.0006053018089372808 0
1670583659939 0.0006034141555838757 0
1670583662670 0.0006132825696859559 0
1670583665168 0.0006146806556294202 0
1670583667871 0.0006106370467487565 0
1670583670458 0.0006119116140554908 0
1670583673107 0.0006103461111256596 0
1670583675882 0.0006087555627246656 0
1670583678459 0.0006059250995830258 0
1670583681445 0.0006043994744623642 0
1670583684378 0.0006028523269320385 0
1670583686930 0.000604300038321889 0
1670583690038 0.0006125097271499004 0
1670583693346 0.000624136661697519 0
1670583696004 0.0006317159946671955 0
1670583699209 0.0006477733371981688 0
1670583701915 0.0006509710478835107 0
1670583704908 0.0006513729697156225 0
1670583707881 0.0006477932482353548 0
1670583710317 0.0006508339721428235 0
1670583713324 0.0006492074651648179 0
1670583716136 0.0006475701905566738 0
1670583718782 0.0006459236318382372 0
1670583722075 0.0006442691635122155 0
1670583724991 0.0006417065994067234 0
1670583727692 0.000638400165850556 0
1670583730230 0.0006368390573145792 0
1670583732618 0.0006344140668514515 0
1670583735619 0.0006407824982282409 0
1670583738646 0.0006376242120143991 0
1670583741529 0.0006361954314867467 0
1670583744364 0.000636883225099155 0
