1670568084303 0.0045 0
1670568088383 0.005 0
1670568092180 0.0054 0
1670568095408 0.0039 0
1670568098451 0.0039 0
1670568100963 0.005 0
1670568104093 0.0039 0
1670568107718 0.0039 0
1670568111004 0.0034 0
1670568114649 0.0041 0
1670568118067 0.004 0
1670568121766 0.0036 0
1670568124404 0.004 0
1670568128916 0.0045 0
1670568133071 0.0047 0
1670568135140 0.0043 0
1670568137044 0.0046 0
1670568139854 0.0043 0
1670568143756 0.0045 0
1670568147415 0.0044 0
1670568150122 0.0038 0
1670568153637 0.0042 0
1670568157154 0.0043 0
1670568160344 0.0048 0
1670568163813 0.0054 0
1670568167323 0.0033 0
1670568171163 0.005 0
1670568174780 0.0047 0
1670568176945 0.0046 0
1670568179297 0.0033 0
1670568182837 0.004 0
1670568186598 0.0036 0
1670568189664 0.0043 0
1670568193400 0.0045 0
1670568197466 0.0044 0
1670568201139 0.0044 0
1670568205004 0.0039 0
1670568208682 0.0049 0
1670568212246 0.0034 0
1670568216039 0.0047 0
1670568219767 0.0038 0
1670568222977 0.004 0
1670568226070 0.0037 0
1670568229547 0.0051 0
1670568233158 0.0044 0
1670568236224 0.0036 0
1670568239517 0.0044 0
1670568243057 0.0034 0
1670568246961 0.0038 0
1670568250168 0.0044 0
1670568253862 0.0055 0
1670568257998 0.0039 0
1670568261617 0.0049 0
1670568265509 0.004 0
1670568269357 0.0044 0
1670568273047 0.004 0
1670568276449 0.0045 0
1670568279554 0.0047 0
1670568283389 0.0053 0
1670568286850 0.0048 0
1670568289857 0.0042 0
1670568293219 0.0042 0
1670568296327 0.0044 0
1670568299810 0.0037 0
1670568303159 0.0046 0
1670568306722 0.0037 0
1670568310823 0.0036 0
1670568314518 0.0041 0
1670568318562 0.0046 0
1670568321980 0.0053 0
1670568325526 0.0044 0
1670568329357 0.0039 0
1670568332696 0.0042 0
1670568335950 0.0039 0
1670568339973 0.0041 0
1670568343351 0.0048 0
1670568346986 0.0034 0
1670568350490 0.0034 0
1670568354237 0.0041 0
1670568357572 0.0042 0
1670568361113 0.0037 0
1670568364993 0.0042 0
1670568368988 0.0033 0
1670568372609 0.0035 0
1670568375361 0.0046 0
1670568379050 0.0042 0
1670568383371 0.0043 0
1670568387144 0.0031 0
1670568390870 0.0046 0
1670568394402 0.0038 0
1670568397127 0.0033 0
1670568400652 0.0039 0
1670568403122 0.0055 0
1670568407301 0.0047 0
1670568411099 0.0042 0
1670568415236 0.0047 0
1670568417507 0.0036 0
1670568420829 0.0039 0
1670568424842 0.004 0
1670568428869 0.0033 0
1670568432991 0.004 0
1670568437525 0.0044 0
1670568441558 0.0037 0
1670568445194 0.0039 0
1670568448800 0.0045 0
1670568453290 0.0047 0
1670568457170 0.0041 0
1670568460155 0.0064 0
