1670622073979 0.0 0
1670622082679 0.0 0
1670622091549 0.0 0
1670622100642 0.0 0
1670622109792 0.0 0
1670622119165 0.0 0
1670622128551 0.0 0
1670622137698 0.0 0
1670622146855 0.0 0
1670622155954 0.0 0
1670622164903 0.0 0
1670622173556 0.0 0
1670622182395 0.0 0
1670622191398 0.0 0
1670622200716 0.0 0
1670622209661 0.0 0
1670622218607 0.0 0
1670622227700 0.0 0
1670622237514 0.0 0
1670622247483 0.0 0
1670622257405 0.0 0
1670622266807 0.0 0
1670622276233 0.0 0
1670622285526 0.0 0
1670622294726 0.0 0
1670622304057 0.0 0
1670622313232 0.0 0
1670622323664 0.0 0
1670622334024 0.0 0
1670622344057 0.0 0
1670622353655 0.0 0
1670622362743 0.0 0
1670622372404 0.0 0
1670622381980 0.0 0
1670622391689 0.0 0
1670622401224 0.0 0
1670622410921 0.0 0
1670622420633 0.0 0
1670622430351 0.0 0
1670622439866 0.0 0
1670622449472 0.0 0
1670622459235 0.0 0
1670622468967 0.0 0
1670622478436 0.0 0
1670622487873 0.0 0
1670622497190 0.0 0
1670622506882 0.0 0
1670622515314 0.0 0
1670622524974 0.0 0
1670622534100 0.0 0
1670622543695 0.0 0
1670622552012 0.0 0
1670622561305 0.0 0
1670622570663 0.0 0
1670622580398 0.0 0
1670622589990 0.0 0
1670622599696 0.0 0
1670622609618 0.0 0
1670622619187 0.0 0
1670622628169 0.0 0
1670622636913 0.0 0
1670622645971 0.0 0
1670622655097 0.0 0
1670622664961 0.0 0
1670622673972 0.0 0
1670622683549 0.0 0
1670622693637 0.0 0
1670622703578 0.0 0
1670622713117 0.0 0
1670622722369 0.0 0
1670622731813 0.0 0
1670622741028 0.0 0
1670622750520 0.0 0
1670622760628 0.0 0
1670622770909 0.0 0
1670622781017 0.0 0
1670622790796 0.0 0
1670622799731 0.0 0
1670622808806 0.0 0
1670622818222 0.0 0
1670622827922 0.0 0
1670622837894 0.0 0
1670622846819 0.0 0
1670622856445 0.0 0
1670622865691 0.0 0
1670622875221 0.0 0
1670622885333 0.0 0
1670622895176 0.0 0
1670622905575 0.0 0
1670622915177 0.0 0
1670622924654 0.0 0
1670622934588 0.0 0
1670622944765 0.0 0
1670622953756 0.0 0
1670622963025 0.0 0
1670622972760 0.0 0
1670622982005 0.0 0
1670622991428 0.0 0
1670623001253 0.0 0
1670623010580 0.0 0
1670623019982 0.0 0
1670623029735 0.0 0
