1670570936211 0.030333333333333334 0
1670570936772 0.023333333333333334 0
1670570937786 0.022333333333333334 0
1670570938466 0.027666666666666666 0
1670570939090 0.027666666666666666 0
1670570939761 0.024666666666666667 0
1670570940373 0.025666666666666667 0
1670570941029 0.028666666666666667 0
1670570941785 0.03133333333333333 0
1670570942378 0.028666666666666667 0
1670570942977 0.026 0
1670570943468 0.02266666666666667 0
1670570944351 0.021 0
1670570945122 0.023666666666666666 0
1670570945899 0.024333333333333332 0
1670570946671 0.022 0
1670570947288 0.028666666666666667 0
1670570947953 0.028333333333333332 0
1670570948869 0.024333333333333332 0
1670570949468 0.027333333333333334 0
1670570950216 0.021333333333333333 0
1670570950816 0.021666666666666667 0
1670570951459 0.025 0
1670570952255 0.02666666666666667 0
1670570953152 0.026333333333333334 0
1670570953879 0.027333333333333334 0
1670570954551 0.023333333333333334 0
1670570955120 0.026 0
1670570955801 0.027666666666666666 0
1670570956694 0.027 0
1670570957228 0.022 0
1670570957828 0.025666666666666667 0
1670570958665 0.024666666666666667 0
1670570959333 0.026333333333333334 0
1670570959992 0.03166666666666667 0
1670570960757 0.02266666666666667 0
1670570961573 0.032 0
1670570962091 0.025666666666666667 0
1670570962682 0.027 0
1670570963293 0.027 0
1670570963868 0.025333333333333333 0
1670570964512 0.022333333333333334 0
1670570965253 0.02266666666666667 0
1670570965965 0.026333333333333334 0
1670570966918 0.026 0
1670570967425 0.027333333333333334 0
1670570967901 0.022 0
1670570968376 0.024666666666666667 0
1670570969112 0.023666666666666666 0
1670570970074 0.025 0
1670570971027 0.024333333333333332 0
1670570971754 0.025666666666666667 0
1670570972839 0.025 0
1670570973656 0.027 0
1670570974481 0.021 0
1670570975302 0.03233333333333333 0
1670570976180 0.025 0
1670570976868 0.025 0
1670570977532 0.02666666666666667 0
1670570978141 0.028333333333333332 0
1670570978878 0.028333333333333332 0
1670570979603 0.02033333333333333 0
1670570980429 0.02666666666666667 0
1670570981144 0.023 0
1670570981819 0.027 0
1670570982366 0.028 0
1670570983228 0.029333333333333333 0
1670570984296 0.029666666666666668 0
1670570985006 0.023333333333333334 0
1670570985517 0.024 0
1670570986303 0.030666666666666665 0
1670570987364 0.027 0
1670570988144 0.028333333333333332 0
1670570989085 0.024 0
1670570989607 0.029 0
1670570990685 0.026333333333333334 0
1670570991250 0.027 0
1670570992017 0.028 0
1670570992904 0.023 0
1670570993502 0.022333333333333334 0
1670570994051 0.024 0
1670570994678 0.030666666666666665 0
1670570995393 0.023666666666666666 0
1670570996347 0.026333333333333334 0
1670570997199 0.02266666666666667 0
1670570998233 0.022 0
1670570998975 0.026 0
1670570999708 0.029333333333333333 0
1670571000656 0.021 0
1670571001513 0.026 0
1670571002446 0.02666666666666667 0
1670571003259 0.021 0
1670571004107 0.022333333333333334 0
1670571005222 0.025 0
1670571006125 0.023333333333333334 0
1670571007222 0.030333333333333334 0
1670571007957 0.03233333333333333 0
1670571008874 0.024666666666666667 0
1670571009404 0.026 0
1670571010145 0.03166666666666667 0
1670571010894 0.024666666666666667 0
1670571011695 0.03 0
1670571012767 0.027333333333333334 0
1670571013455 0.024333333333333332 0
1670571014419 0.02266666666666667 0
