1670576981641 0.0 0
1670576982195 0.0 0
1670576982831 0.0 0
1670576983373 0.0 0
1670576984118 0.0 0
1670576984622 0.0 0
1670576985136 0.0 0
1670576985950 0.0 0
1670576986547 0.0 0
1670576987031 0.0 0
1670576987630 0.0 0
1670576988282 0.0 0
1670576989001 0.0 0
1670576989734 0.0 0
1670576990538 0.0 0
1670576991084 0.0 0
1670576991631 0.0 0
1670576992293 0.0 0
1670576992940 0.0 0
1670576993633 0.0 0
1670576994382 0.0 0
1670576994937 0.0 0
1670576995383 0.0 0
1670576995975 0.0 0
1670576996649 0.0 0
1670576997315 0.0 0
1670576997777 0.0 0
1670576998560 0.0 0
1670576999123 0.0 0
1670576999572 0.0 0
1670577000286 0.0 0
1670577000919 0.0 0
1670577001389 0.0 0
1670577002146 0.0 0
1670577002830 0.0 0
1670577003369 0.0 0
1670577004048 0.0 0
1670577004650 0.0 0
1670577005242 0.0 0
1670577005849 0.0 0
1670577006373 0.0 0
1670577006931 0.0 0
1670577007609 0.0 0
1670577008266 0.0 0
1670577008826 0.0 0
1670577009427 0.0 0
1670577010063 0.0 0
1670577010586 0.0 0
1670577011015 0.0 0
1670577011663 0.0 0
1670577012256 0.0 0
1670577012898 0.0 0
1670577013381 0.0 0
1670577013899 0.0 0
1670577014375 0.0 0
1670577015093 0.0 0
1670577015768 0.0 0
1670577016544 0.0 0
1670577017358 0.0 0
1670577017994 0.0 0
1670577018618 0.0 0
1670577019133 0.0 0
1670577019843 0.0 0
1670577020554 0.0 0
1670577021417 0.0 0
1670577021928 0.0 0
1670577022788 0.0 0
1670577023575 0.0 0
1670577024313 0.0 0
1670577025129 0.0 0
1670577025637 0.0 0
1670577026302 0.0 0
1670577027128 0.0 0
1670577027768 0.0 0
1670577028449 0.0 0
1670577029029 0.0 0
1670577029757 0.0 0
1670577030517 0.0 0
1670577030928 0.0 0
1670577031990 0.0 0
1670577032761 0.0 0
1670577033494 0.0 0
1670577034319 0.0 0
1670577034765 0.0 0
1670577035516 0.0 0
1670577036320 0.0 0
1670577036933 0.0 0
1670577037601 0.0 0
1670577038401 0.0 0
1670577038977 0.0 0
1670577039703 0.0 0
1670577040425 0.0 0
1670577041277 0.0 0
1670577042070 0.0 0
1670577042703 0.0 0
1670577043436 0.0 0
1670577044047 0.0 0
1670577044813 0.0 0
1670577045832 0.0 0
1670577046369 0.0 0
1670577047168 0.0 0
1670577047617 0.0 0
