1670583524284 0.0 0
1670583525126 0.0 0
1670583525981 0.0 0
1670583526691 0.0 0
1670583527435 0.0 0
1670583528434 0.0 0
1670583529194 0.0 0
1670583530165 0.0 0
1670583530882 0.0 0
1670583531568 0.0 0
1670583532267 0.0 0
1670583533189 0.0 0
1670583533855 0.0 0
1670583534765 0.0 0
1670583535716 0.0 0
1670583536420 0.0 0
1670583537409 0.0 0
1670583538410 0.0 0
1670583539318 0.0 0
1670583540393 0.0 0
1670583541104 0.0 0
1670583542096 0.0 0
1670583543034 0.0 0
1670583543954 0.0 0
1670583544921 0.0 0
1670583545733 0.0 0
1670583546544 0.0 0
1670583547184 0.0 0
1670583547947 0.0 0
1670583548763 0.0 0
1670583549448 0.0 0
1670583550223 0.0 0
1670583550867 0.0 0
1670583551706 0.0 0
1670583552563 0.0 0
1670583553457 0.0 0
1670583554408 0.0 0
1670583555324 0.0 0
1670583556413 0.0 0
1670583557172 0.0 0
1670583558061 0.0 0
1670583559005 0.0 0
1670583559813 0.0 0
1670583560595 0.0 0
1670583561310 0.0 0
1670583562241 0.0 0
1670583562968 0.0 0
1670583563764 0.0 0
1670583564471 0.0 0
1670583565419 0.0 0
1670583566307 0.0 0
1670583567283 0.0 0
1670583568156 0.0 0
1670583569091 0.0 0
1670583569977 0.0 0
1670583570894 0.0 0
1670583571579 0.0 0
1670583572653 0.0 0
1670583573376 0.0 0
1670583574391 0.0 0
1670583575074 0.0 0
1670583576103 0.0 0
1670583576930 0.0 0
1670583577994 0.0 0
1670583578683 0.0 0
1670583579573 0.0 0
1670583580403 0.0 0
1670583581310 0.0 0
1670583582207 0.0 0
1670583582940 0.0 0
1670583583632 0.0 0
1670583584519 0.0 0
1670583585328 0.0 0
1670583586199 0.0 0
1670583586941 0.0 0
1670583587890 0.0 0
1670583588585 0.0 0
1670583589558 0.0 0
1670583590353 0.0 0
1670583591163 0.0 0
1670583592009 0.0 0
1670583592926 0.0 0
1670583593581 0.0 0
1670583594469 0.0 0
1670583595176 0.0 0
1670583596105 0.0 0
1670583596865 0.0 0
1670583597843 0.00013772353500783512 0
1670583598485 0.00013696491296045444 0
1670583599402 0.00013621868841858496 0
1670583600074 0.0001354845274071097 0
1670583600875 0.00013476210841024798 0
1670583601872 0.00013405112178034383 0
1670583602739 0.00013335126918057923 0
1670583603648 0.00013266226305933503 0
1670583604381 0.00013198382615409786 0
1670583605358 0.00013131569102297068 0
1670583606083 0.00013065759960198984 0
1670583606976 0.00018292997189040507 0
1670583607718 0.00018204051409451472 0
1670583608409 0.00022076737047350257 0
