1670568748163 0.016941606315242788 0
1670568749221 0.0054087731953974625 0
1670568750174 0.005512158693112199 0
1670568751019 0.00592308289108864 0
1670568751908 0.0068845727147546 0
1670568752583 0.006746072965491265 0
1670568753339 0.008577989304368178 0
1670568754117 0.008756670207307922 0
1670568754829 0.008199431271753679 0
1670568755616 0.007869409550622774 0
1670568756663 0.00750884043382892 0
1670568757408 0.007604481153368991 0
1670568758181 0.007266333472209734 0
1670568758896 0.007429147501771385 0
1670568759628 0.007693256770469162 0
1670568760536 0.007479247071734625 0
1670568761322 0.00763589024019771 0
1670568762194 0.007703292636005462 0
1670568763089 0.007519366730584867 0
1670568763652 0.0076346882218033965 0
1670568764465 0.0074577928608688705 0
1670568765379 0.007318405698966633 0
1670568766189 0.007421148444669895 0
1670568767047 0.007259083301083327 0
1670568767847 0.007344964244648738 0
1670568768866 0.007215971486658266 0
1670568769556 0.007229434646706714 0
1670568770295 0.007092295851676106 0
1670568771328 0.006693984725704 0
1670568772032 0.006616036059185096 0
1670568772844 0.006585575397614319 0
1670568773744 0.006515551532524672 0
1670568774473 0.006421027201797203 0
1670568775421 0.006328957357016909 0
1670568776104 0.0062407376792772236 0
1670568776934 0.0062221996957940225 0
1670568777665 0.006151804203839839 0
1670568778389 0.006074611393208071 0
1670568779321 0.006131395430076679 0
1670568780167 0.006056179601942508 0
1670568780945 0.006014883084727365 0
1670568781662 0.005973816644984925 0
1670568782229 0.005905557840091048 0
1670568782842 0.005891906526781579 0
1670568783339 0.0059772690715347325 0
1670568783933 0.006066079039576561 0
1670568784822 0.0061864020991343515 0
1670568785711 0.00626365728298927 0
1670568786517 0.0062249421586961 0
1670568786943 0.006204804020641787 0
1670568788086 0.006156809920660266 0
1670568788826 0.0061232403596489515 0
1670568789675 0.006066282388306089 0
1670568790585 0.006073005111857167 0
1670568791285 0.006027255539928779 0
1670568791916 0.005974214545694445 0
1670568792438 0.005942183821037346 0
1670568793120 0.006001983642883577 0
1670568793941 0.005968590841976101 0
1670568794758 0.00592566613480882 0
1670568795449 0.005878041000644133 0
1670568796391 0.005860977562374533 0
1670568797005 0.005815454398467894 0
1670568797729 0.005775175469211068 0
1670568798435 0.00574608538936151 0
1670568799230 0.0057036976771725565 0
1670568800143 0.005666764324202506 0
1670568801005 0.005690389538289293 0
1670568801925 0.005674224670192597 0
1670568802749 0.0056379974693998025 0
1670568803580 0.005621928201376846 0
1670568804553 0.005605627053213375 0
1670568805439 0.005583096862855679 0
1670568805944 0.00556754491912244 0
1670568806935 0.0055968929624130356 0
1670568807807 0.005560626974247794 0
1670568808367 0.005602228369832221 0
1670568808979 0.005610082880015936 0
1670568809603 0.005584822710907962 0
1670568810294 0.005584211274465067 0
1670568811011 0.0055512133700672435 0
1670568811815 0.005567615096020891 0
1670568812796 0.005582413335800948 0
1670568813636 0.005549494678012234 0
1670568814651 0.005524928525592833 0
1670568815585 0.0054930928866491705 0
1670568816463 0.005490787691460802 0
1670568817193 0.005475701392448023 0
1670568818023 0.005452004649394151 0
1670568818684 0.005589357459249114 0
1670568819335 0.005558931213640588 0
1670568820119 0.005542368856894542 0
1670568820789 0.005525828147912233 0
1670568821429 0.0055018939820034056 0
1670568822120 0.00560820328576213 0
1670568823096 0.005594444726910524 0
1670568823794 0.005643220775903068 0
1670568824755 0.005616105971482365 0
1670568825586 0.005611737385697755 0
1670568826447 0.00562227843275514 0
1670568827308 0.005618067464362923 0
1670568828169 0.005661017493259082 0
1670568828943 0.005638799428545626 0
1670568829899 0.005612934521778385 0
1670568830857 0.005587421542662211 0
1670568831714 0.005562252600632402 0
1670568832531 0.005557170485410615 0
1670568833197 0.005578551680753253 0
1670568833854 0.005625590739096447 0
1670568834625 0.00561990380907464 0
1670568835466 0.00559678518008007 0
1670568836354 0.0055957809740638555 0
1670568837060 0.00565956538438696 0
1670568837905 0.005666105545540392 0
1670568838865 0.005660787186913029 0
1670568839808 0.005636585936416355 0
1670568840552 0.00563127476150687 0
1670568841253 0.00561161856411776 0
1670568842040 0.0056458035196443705 0
1670568842691 0.005728666902640445 0
1670568843497 0.005807330933083998 0
1670568844402 0.005811822393446261 0
1670568845308 0.005789151429899856 0
1670568846330 0.005837403217449104 0
1670568847094 0.005866782014446305 0
1670568847924 0.0058688617244383 0
1670568848859 0.005891081910247167 0
1670568849728 0.005870040411493475 0
