1670620101055 0.25314285714285717 0
1670620105255 0.24642857142857144 0
1670620109268 0.25 0
1670620113478 0.23814285714285716 0
1670620117640 0.24857142857142858 0
1670620121768 0.24628571428571427 0
1670620125919 0.23285714285714285 0
1670620130086 0.2342857142857143 0
1670620134326 0.24242857142857144 0
1670620138378 0.24628571428571427 0
1670620142597 0.24571428571428572 0
1670620146722 0.24828571428571428 0
1670620150688 0.24171428571428571 0
1670620154376 0.2512857142857143 0
1670620158061 0.25385714285714284 0
1670620161830 0.246 0
1670620165673 0.24685714285714286 0
1670620169442 0.23942857142857144 0
1670620173264 0.24314285714285713 0
1670620177095 0.24671428571428572 0
1670620180954 0.2412857142857143 0
1670620185080 0.2392857142857143 0
1670620188935 0.24314285714285713 0
1670620192731 0.248 0
1670620196479 0.24457142857142858 0
1670620200253 0.24514285714285713 0
1670620204035 0.23957142857142857 0
1670620208009 0.24285714285714285 0
1670620211962 0.24242857142857144 0
1670620216018 0.242 0
1670620220060 0.24757142857142858 0
1670620224033 0.24242857142857144 0
1670620228122 0.24514285714285713 0
1670620232281 0.23242857142857143 0
1670620236321 0.24271428571428572 0
1670620240460 0.24671428571428572 0
1670620244203 0.25042857142857144 0
1670620247869 0.245 0
1670620251584 0.249 0
1670620255255 0.23842857142857143 0
1670620258750 0.24385714285714286 0
1670620262471 0.23785714285714285 0
1670620266170 0.24457142857142858 0
1670620269790 0.243 0
1670620273796 0.243 0
1670620277945 0.24457142857142858 0
1670620282112 0.242 0
1670620286230 0.24 0
1670620290355 0.24871428571428572 0
1670620294575 0.24871428571428572 0
1670620298819 0.24657142857142858 0
1670620303089 0.23585714285714285 0
1670620307397 0.24528571428571427 0
1670620311758 0.24485714285714286 0
1670620316091 0.246 0
1670620320472 0.24114285714285713 0
1670620325171 0.23714285714285716 0
1670620329934 0.24985714285714286 0
1670620335246 0.24957142857142858 0
1670620339562 0.24314285714285713 0
