1670567842354 0.355 0
1670567843018 0.353 0
1670567843553 0.3486666666666667 0
1670567844246 0.3466666666666667 0
1670567844923 0.34933333333333333 0
1670567846003 0.349 0
1670567846758 0.35133333333333333 0
1670567847409 0.3496666666666667 0
1670567848135 0.34833333333333333 0
1670567848831 0.356 0
1670567849406 0.3506666666666667 0
1670567850098 0.3486666666666667 0
1670567850756 0.35133333333333333 0
1670567851435 0.3496666666666667 0
1670567852123 0.3516666666666667 0
1670567853031 0.35033333333333333 0
1670567853507 0.35733333333333334 0
1670567853944 0.3516666666666667 0
1670567854515 0.35233333333333333 0
1670567854927 0.35233333333333333 0
1670567855324 0.3546666666666667 0
1670567855668 0.35 0
1670567856340 0.351 0
1670567856990 0.35233333333333333 0
1670567858031 0.3536666666666667 0
1670567858641 0.3486666666666667 0
1670567859303 0.3516666666666667 0
1670567859907 0.351 0
1670567860454 0.349 0
1670567861330 0.3516666666666667 0
1670567861936 0.35033333333333333 0
1670567862495 0.352 0
1670567863083 0.35333333333333333 0
1670567863487 0.35133333333333333 0
1670567864017 0.3526666666666667 0
1670567864503 0.35433333333333333 0
1670567865174 0.3486666666666667 0
1670567865814 0.3526666666666667 0
1670567866319 0.349 0
1670567867220 0.3546666666666667 0
1670567867696 0.3476666666666667 0
1670567868445 0.35233333333333333 0
1670567869048 0.35233333333333333 0
1670567869661 0.3496666666666667 0
1670567870091 0.349 0
1670567870634 0.35233333333333333 0
1670567871436 0.3516666666666667 0
1670567872189 0.3506666666666667 0
1670567872860 0.35033333333333333 0
1670567873369 0.3473333333333333 0
1670567874037 0.351 0
1670567874894 0.3536666666666667 0
1670567875442 0.34833333333333333 0
1670567876368 0.351 0
1670567877153 0.34833333333333333 0
1670567877894 0.3526666666666667 0
1670567878399 0.35133333333333333 0
1670567878927 0.3466666666666667 0
1670567879385 0.35033333333333333 0
1670567880102 0.3526666666666667 0
1670567880853 0.348 0
1670567881397 0.34933333333333333 0
1670567882164 0.3506666666666667 0
1670567882915 0.3526666666666667 0
1670567883518 0.353 0
1670567884229 0.3506666666666667 0
1670567885034 0.3496666666666667 0
1670567885413 0.353 0
1670567885825 0.3476666666666667 0
1670567886404 0.35 0
1670567887036 0.3536666666666667 0
1670567887817 0.3486666666666667 0
1670567888581 0.34933333333333333 0
1670567889390 0.34933333333333333 0
1670567890098 0.352 0
1670567890756 0.3566666666666667 0
1670567891445 0.35 0
1670567892134 0.348 0
1670567892917 0.35433333333333333 0
1670567893349 0.351 0
1670567893968 0.35 0
1670567894728 0.35 0
1670567895561 0.35033333333333333 0
1670567896105 0.351 0
1670567896850 0.351 0
1670567897415 0.3546666666666667 0
1670567897860 0.355 0
1670567898325 0.349 0
1670567899002 0.35233333333333333 0
1670567899539 0.3473333333333333 0
1670567900113 0.35133333333333333 0
1670567900832 0.35233333333333333 0
1670567901350 0.35133333333333333 0
1670567902231 0.351 0
1670567902744 0.3566666666666667 0
1670567903391 0.3536666666666667 0
1670567903863 0.3486666666666667 0
1670567904355 0.35133333333333333 0
1670567904829 0.34933333333333333 0
1670567905429 0.3536666666666667 0
1670567906115 0.354 0
1670567906699 0.3486666666666667 0
1670567907471 0.352 0
1670567907915 0.35233333333333333 0
1670567908492 0.34933333333333333 0
1670567908898 0.3506666666666667 0
1670567909531 0.3546666666666667 0
1670567910241 0.354 0
1670567910768 0.35033333333333333 0
1670567911680 0.3516666666666667 0
1670567912323 0.345 0
1670567913056 0.34933333333333333 0
1670567913651 0.34933333333333333 0
1670567914200 0.35 0
1670567914630 0.3476666666666667 0
1670567915347 0.34933333333333333 0
1670567916123 0.351 0
1670567916808 0.34833333333333333 0
1670567917292 0.355 0
