1670575365368 0.0 0
1670575365610 0.0 0
1670575365777 0.0 0
1670575365966 0.0 0
1670575366362 0.0 0
1670575366459 0.0 0
1670575366989 0.0 0
1670575367350 0.0 0
1670575367557 0.0 0
1670575367891 0.0 0
1670575368068 0.0 0
1670575368388 0.0 0
1670575368644 0.0 0
1670575368939 0.0 0
1670575369181 0.0 0
1670575369514 0.0 0
1670575369963 0.0 0
1670575370298 0.0 0
1670575370556 0.0 0
1670575370794 0.0 0
1670575371113 0.0 0
1670575371444 0.0 0
1670575371866 0.0 0
1670575371964 0.0 0
1670575372343 0.0 0
1670575372563 0.0 0
1670575372810 0.0 0
1670575373144 0.0 0
1670575373436 0.0 0
1670575373780 0.0 0
1670575374257 0.0 0
1670575374519 0.0 0
1670575374846 0.0 0
1670575375090 0.0 0
1670575375508 0.0 0
1670575375673 0.0 0
1670575375890 0.0 0
1670575376366 0.0 0
1670575376699 0.0 0
1670575377025 0.0 0
1670575377289 0.0 0
1670575377648 0.0 0
1670575377996 0.0 0
1670575378166 0.0 0
1670575378379 0.0 0
1670575378665 0.0 0
1670575378820 0.0 0
1670575379277 0.0 0
1670575379834 0.0 0
1670575379967 0.0 0
1670575380385 0.0 0
1670575380829 0.0 0
1670575380925 0.0 0
1670575381340 0.0 0
1670575381521 0.0 0
1670575381741 0.0 0
1670575381930 0.0 0
1670575382073 0.0 0
1670575382370 0.0 0
1670575382641 0.0 0
1670575383097 0.0 0
1670575383330 0.0 0
1670575383636 0.0 0
1670575383863 0.0 0
1670575384047 0.0 0
1670575384199 0.0 0
1670575384530 0.0 0
1670575384796 0.0 0
1670575385166 0.0 0
1670575385605 0.0 0
1670575385860 0.0 0
1670575386256 0.0 0
1670575386559 0.0 0
1670575386858 0.0 0
1670575387233 0.0 0
1670575387527 0.0 0
1670575387823 0.0 0
1670575388158 0.0 0
1670575388493 0.0 0
1670575388754 0.0 0
1670575389237 0.0 0
1670575389487 0.0 0
1670575389658 0.0 0
1670575390122 0.0 0
1670575390456 0.0 0
1670575390773 0.0 0
1670575391020 0.0 0
1670575391179 0.0 0
1670575391384 0.0 0
1670575391789 0.0 0
1670575392073 0.0 0
1670575392372 0.0 0
1670575392550 0.0 0
1670575392829 0.0 0
1670575393108 0.0 0
1670575393374 0.0 0
1670575393542 0.0 0
1670575393741 0.0 0
1670575393875 0.0 0
1670575394031 0.0 0
1670575394186 0.0 0
