1670583483993 0.0 0
1670583484279 0.0 0
1670583484597 0.0 0
1670583484898 0.0 0
1670583485232 0.0 0
1670583485549 0.0 0
1670583486121 0.0 0
1670583486420 0.0 0
1670583486785 0.0 0
1670583487150 0.0 0
1670583487446 0.0 0
1670583487777 0.0 0
1670583488127 0.0 0
1670583488479 0.0 0
1670583488827 0.0 0
1670583489126 0.0 0
1670583489460 0.0 0
1670583489928 0.0 0
1670583490253 0.0 0
1670583490574 0.0 0
1670583490889 0.0 0
1670583491346 0.0 0
1670583491805 0.0 0
1670583492113 0.0 0
1670583492457 0.0 0
1670583492779 0.0 0
1670583493385 0.0 0
1670583493814 0.0 0
1670583494130 0.0 0
1670583494655 0.0 0
1670583494978 0.0 0
1670583495442 0.0 0
1670583495812 0.0 0
1670583496118 0.0 0
1670583496524 0.0 0
1670583496871 0.0 0
1670583497240 0.0 0
1670583497744 0.0 0
1670583498107 0.0 0
1670583498584 0.0 0
1670583499101 0.0 0
1670583499412 0.0 0
1670583499801 0.0 0
1670583500217 0.0 0
1670583500561 0.0 0
1670583500879 0.0 0
1670583501227 0.0 0
1670583501567 0.0 0
1670583501872 0.0 0
1670583502160 0.0 0
1670583502572 0.0 0
1670583503064 0.0 0
1670583503383 0.0 0
1670583503802 0.0 0
1670583504119 0.0 0
1670583504641 0.0 0
1670583505050 0.0 0
1670583505383 0.0 0
1670583505932 0.0 0
1670583506224 0.0 0
1670583506643 0.0 0
1670583507097 0.0 0
1670583507480 0.0 0
1670583507799 0.0 0
1670583508091 0.0 0
1670583508436 0.0 0
1670583508975 0.0 0
1670583509304 0.0 0
1670583509649 0.0 0
1670583510174 0.0 0
1670583510685 0.0 0
1670583511231 0.0 0
1670583511640 0.0 0
1670583512086 0.0 0
1670583512491 0.0 0
1670583512870 0.0 0
1670583513323 0.0 0
1670583513708 0.0 0
1670583514009 0.0 0
1670583514338 0.0 0
1670583514636 0.0 0
1670583515131 0.0 0
1670583515631 0.0 0
1670583516058 0.0 0
1670583516609 0.0 0
1670583516918 0.0 0
1670583517206 0.0 0
1670583517495 0.0 0
1670583518055 0.0 0
1670583518467 0.0 0
1670583518919 0.0 0
1670583519484 0.0 0
1670583519916 0.0 0
1670583520234 0.0 0
1670583520560 0.0 0
1670583520854 0.0 0
1670583521154 0.0 0
1670583521461 0.0 0
1670583521818 0.0 0
1670583522116 0.0 0
1670583522433 0.0 0
