1670581760353 0.08894343315502456 0
1670581761656 0.025333333334286 0
1670581762896 0.037666417736266694 0
1670581763983 0.029522721225085702 0
1670581765347 0.025922295563983677 0
1670581766451 0.024430247742980582 0
1670581767815 0.022383409591077125 0
1670581768943 0.021644372172239773 0
1670581769947 0.022955415595891232 0
1670581771228 0.02166771874857351 0
1670581772582 0.022750086400766895 0
1670581773838 0.021822766949492672 0
1670581775062 0.020855926322304125 0
1670581776337 0.020034797202559657 0
1670581777617 0.0192806534867781 0
1670581778964 0.019089966475462516 0
1670581780109 0.018466001993039216 0
1670581781450 0.019428195573725465 0
1670581782786 0.019332513901484716 0
1670581784080 0.02018645640585809 0
1670581785414 0.019666347708457238 0
1670581786407 0.019209042657752695 0
1670581787493 0.019022153807422226 0
1670581788684 0.01878941330538464 0
1670581790068 0.019158418810256456 0
1670581791014 0.018866906649377346 0
1670581791920 0.018587050600512467 0
1670581793091 0.01883345536286951 0
1670581794435 0.020832881847463458 0
1670581795463 0.0204950162087032 0
1670581796554 0.020250161972432623 0
1670581797770 0.020010444662181603 0
1670581798963 0.021805635953446645 0
1670581800108 0.02150976127193671 0
1670581801138 0.02164300190972307 0
1670581802462 0.02137999018774625 0
1670581803595 0.02162334457788953 0
1670581804735 0.02140944032207928 0
1670581806027 0.021328690139102796 0
1670581807534 0.021086278666988645 0
1670581808748 0.0209622482290458 0
1670581809824 0.020758328830543016 0
1670581810860 0.020714123203728285 0
1670581811944 0.020486894284582335 0
1670581813052 0.020263694965454188 0
1670581814305 0.020242077351704385 0
1670581815722 0.020426088974719758 0
1670581816722 0.020230087144804204 0
1670581817938 0.020066713280065707 0
1670581819220 0.0198775684579853 0
1670581820464 0.019704685470139455 0
1670581821495 0.019932551585587516 0
1670581822900 0.020101124084295957 0
1670581824247 0.02013935723094673 0
1670581825543 0.020003893907437703 0
1670581826790 0.020457960001778575 0
1670581828164 0.02046578682585315 0
1670581829478 0.020839195820625406 0
1670581830678 0.02072789974060915 0
1670581831768 0.02095536444767096 0
1670581832910 0.02081670292026902 0
1670581834092 0.020675714881386836 0
1670581835298 0.02064060818649266 0
1670581836209 0.02048649369841038 0
1670581837265 0.020493545024900944 0
1670581838224 0.02036946748460189 0
1670581839360 0.02021953464190651 0
1670581840377 0.020472635553579144 0
1670581841481 0.020525564530879503 0
1670581842734 0.02077464652794403 0
1670581843736 0.020642865972860636 0
1670581844666 0.0206153576173235 0
1670581845614 0.020480870092045883 0
1670581846644 0.020371217864288443 0
1670581848027 0.020263167659726994 0
1670581849114 0.020235235800654727 0
1670581850278 0.020205351635758595 0
1670581851474 0.020221219295031734 0
1670581852575 0.020122296907944565 0
1670581853477 0.020208969650576836 0
1670581854471 0.02011851200558798 0
1670581855798 0.020009897104352442 0
1670581856983 0.020003883323464866 0
1670581857952 0.020000340810232192 0
1670581859213 0.020025611707024216 0
1670581860234 0.020231631427934854 0
1670581861477 0.0201164670007285 0
1670581862558 0.02013197597742089 0
1670581863873 0.02005227062162876 0
1670581864982 0.0199441093416374 0
1670581866276 0.019899648944578796 0
1670581867308 0.019792424517588475 0
1670581868229 0.019808244199070457 0
1670581869126 0.02019379385647524 0
1670581870176 0.02017171847250393 0
1670581871239 0.020076921130424252 0
1670581872334 0.019983430674752944 0
1670581873399 0.019928883364385502 0
1670581874285 0.02029674538441409 0
1670581875352 0.020210878218067968 0
1670581876358 0.020231262921835635 0
1670581877388 0.020172744982152463 0
1670581878303 0.020102697261817376 0
1670581879204 0.020138394069541293 0
1670581880340 0.02010095394229111 0
1670581881324 0.02001294587953742 0
1670581882247 0.019944638223047734 0
1670581883133 0.019856075801281486 0
1670581884045 0.019814294410903655 0
1670581885173 0.019799448349819337 0
1670581886129 0.019759013242450885 0
1670581887368 0.019795917216804237 0
1670581888593 0.019829951981988087 0
1670581889705 0.019752125583195362 0
1670581890837 0.019875061976021763 0
1670581891739 0.01995900256760441 0
1670581892613 0.019893831978262805 0
1670581893696 0.01990530149680253 0
1670581894909 0.01984993036354482 0
1670581895885 0.019767939224448944 0
1670581897039 0.019716881755990345 0
1670581897994 0.019637739495232315 0
1670581899088 0.01958549417502717 0
1670581899954 0.019518441686464605 0
1670581901067 0.019454567884001045 0
1670581902352 0.019378015265008902 0
1670581903235 0.019357734541390392 0
1670581904328 0.019409762976233563 0
1670581905475 0.01937726448921656 0
1670581906459 0.019344567589348438 0
1670581907550 0.019272536856616757 0
1670581908377 0.01927422847229307 0
1670581909471 0.019202181060916645 0
1670581910632 0.019143271488754943 0
1670581911612 0.0190731492987182 0
1670581912570 0.01916145668428687 0
1670581913771 0.01910802306219969 0
1670581914917 0.019040409184337026 0
1670581916057 0.018977501477775216 0
1670581917149 0.018910412665872844 0
1670581918462 0.018843709078309345 0
1670581919382 0.018839541594858067 0
1670581920470 0.018774015147490775 0
1670581921722 0.01879830980761993 0
1670581923141 0.018734818014292193 0
1670581924385 0.018673374053069625 0
1670581925307 0.018618625929648552 0
1670581926538 0.018765422687912148 0
1670581927503 0.018973331243989727 0
1670581928548 0.01893022983769957 0
1670581929464 0.018896703727419334 0
1670581930442 0.018871624951151106 0
1670581931360 0.018817900479656285 0
1670581932300 0.018830910359860425 0
1670581933441 0.018925465381449208 0
1670581934368 0.018947992370057343 0
1670581935276 0.0189113368220572 0
1670581936398 0.018852926989806035 0
1670581937500 0.018807762550619556 0
1670581938903 0.01881270553448619 0
1670581940212 0.018844248938675312 0
1670581941227 0.018887864057927112 0
1670581942169 0.01883123672876849 0
1670581943557 0.01877432717017158 0
1670581944711 0.018734872099874705 0
1670581945630 0.01867869900909544 0
1670581946969 0.018676974363144472 0
1670581948135 0.018634955776869577 0
1670581949290 0.018586750128448237 0
1670581950272 0.018549278679670184 0
1670581951334 0.0184975403232929 0
1670581952558 0.01844517992267755 0
1670581953490 0.018507669443407482 0
1670581954668 0.018474997404503535 0
1670581955826 0.018422854346685946 0
1670581956811 0.018400849668000846 0
1670581957894 0.018421287759647686 0
1670581959178 0.01841612681753596 0
1670581960247 0.018365357474088018 0
1670581961192 0.018353432857855817 0
1670581962444 0.01832974883139396 0
1670581963652 0.01832378918487987 0
1670581964889 0.01831105033077693 0
1670581966137 0.018277834231764073 0
1670581967322 0.018328745315013828 0
1670581968656 0.0182807531416731 0
1670581969957 0.018234188823059605 0
1670581971285 0.018215266021536863 0
1670581972220 0.018192585309447257 0
1670581973313 0.018164319489907627 0
1670581974650 0.018258683409739213 0
1670581975882 0.018258509981211174 0
1670581977285 0.01845456135574905 0
1670581978498 0.01844558906717214 0
1670581979589 0.018412367420282738 0
1670581980749 0.018403060438107022 0
1670581981847 0.018382661853960813 0
1670581982956 0.018337841609953415 0
1670581984182 0.018292436024078124 0
1670581985389 0.01824964008462271 0
1670581986410 0.01826766478531583 0
1670581987602 0.018229510120910647 0
1670581988622 0.0181974909095102 0
1670581989721 0.018257455561108887 0
1670581990705 0.018220410987203117 0
1670581991673 0.01818959122719843 0
1670581993056 0.018158889352150792 0
1670581994390 0.01828324712970608 0
1670581995587 0.01824585158699657 0
1670581996533 0.018233041842786207 0
1670581997546 0.018194828404916957 0
1670581998728 0.018164973981617344 0
1670582000127 0.01812666787742742 0
1670582001211 0.018142791481117082 0
1670582002158 0.018125729457737688 0
1670582003204 0.018111662713366533 0
1670582004212 0.018241676667626605 0
1670582005150 0.01820071716822194 0
1670582006403 0.0182018479441014 0
1670582007382 0.018168023672195638 0
1670582008588 0.018127224615436394 0
1670582009943 0.018086797892116563 0
1670582011279 0.018071285640068213 0
1670582012216 0.018031087918347177 0
1670582013366 0.018156146137939866 0
1670582014362 0.018118014560442847 0
1670582015757 0.01808343812186808 0
1670582016844 0.018084182077757277 0
1670582018188 0.018045595646260487 0
1670582019316 0.018014019873432013 0
1670582020448 0.01805614765129132 0
1670582021697 0.018024335795363472 0
1670582022977 0.018134092742800256 0
1670582024085 0.018105368330141508 0
1670582025181 0.018233958853580784 0
1670582026236 0.018204793374948763 0
1670582027677 0.01816988289862126 0
1670582028718 0.018141789424288762 0
1670582030110 0.018137480178223198 0
1670582031266 0.01810002290181334 0
1670582032504 0.018062767678356545 0
1670582033448 0.01808183963947746 0
1670582034560 0.018051631982290345 0
1670582035543 0.01802691449519664 0
1670582036501 0.017990463562686104 0
1670582037555 0.01796109745187624 0
1670582038705 0.017931603560881526 0
1670582039732 0.018043678338254515 0
1670582040805 0.018048916424074968 0
1670582042110 0.018105804310271395 0
1670582043285 0.018145600503204712 0
1670582044294 0.018420271001935246 0
1670582045414 0.01838570114451396 0
1670582046648 0.018376057123207334 0
1670582047879 0.018398844709945794 0
1670582049018 0.018364581547683362 0
1670582050011 0.018343718458383118 0
1670582051160 0.018330064937658014 0
