1670608661790 0.0 0
1670608662027 0.0 0
1670608662176 0.0 0
1670608662347 0.0 0
1670608662530 0.0 0
1670608662766 0.0 0
1670608662902 0.0 0
1670608663191 0.0 0
1670608663356 0.0 0
1670608663542 0.0 0
1670608663759 0.0 0
1670608664090 0.0 0
1670608664215 0.0 0
1670608664398 0.0 0
1670608664558 0.0 0
1670608664734 0.0 0
1670608665086 0.0 0
1670608665380 0.0 0
1670608665650 0.0 0
1670608665894 0.0 0
1670608666054 0.0 0
1670608666182 0.0 0
1670608666524 0.0 0
1670608666610 0.0 0
1670608667004 0.0 0
1670608667118 0.0 0
1670608667465 0.0 0
1670608667657 0.0 0
1670608667948 0.0 0
1670608668151 0.0 0
1670608668309 0.0 0
1670608668509 0.0 0
1670608668744 0.0 0
1670608668903 0.0 0
1670608668990 0.0 0
1670608669350 0.0 0
1670608669474 0.0 0
1670608669591 0.0 0
1670608669739 0.0 0
1670608669949 0.0 0
1670608670120 0.0 0
1670608670189 0.0 0
1670608670270 0.0 0
1670608670790 0.0 0
1670608671063 0.0 0
1670608671299 0.0 0
1670608671527 0.0 0
1670608671777 0.0 0
1670608672116 0.0 0
1670608672307 0.0 0
1670608672496 0.0 0
1670608672694 0.0 0
1670608672969 0.0 0
1670608673107 0.0 0
1670608673276 0.0 0
1670608673397 0.0 0
1670608673534 0.0 0
1670608673655 0.0 0
1670608673759 0.0 0
1670608673873 0.0 0
1670608674029 0.0 0
1670608674170 0.0 0
1670608674273 0.0 0
1670608674425 0.0 0
1670608674539 0.0 0
1670608674688 0.0 0
1670608674809 0.0 0
1670608674952 0.0 0
1670608675075 0.0 0
1670608675264 0.0 0
1670608675563 0.0 0
1670608675772 0.0 0
1670608675899 0.0 0
1670608676030 0.0 0
1670608676233 0.0 0
1670608676352 0.0 0
1670608676588 0.0 0
1670608676909 0.0 0
1670608677189 0.0 0
1670608677299 0.0 0
1670608677594 0.0 0
1670608677800 0.0 0
1670608678032 0.0 0
1670608678232 0.0 0
1670608678430 0.0 0
1670608678619 0.0 0
1670608678730 0.0 0
1670608678847 0.0 0
1670608679149 0.0 0
1670608679375 0.0 0
1670608679543 0.0 0
1670608679793 0.0 0
1670608679935 0.0 0
1670608680096 0.0 0
1670608680295 0.0 0
1670608680517 0.0 0
1670608680684 0.0 0
1670608680854 0.0 0
1670608681050 0.0 0
1670608681337 0.0 0
1670608681472 0.0 0
1670608681648 0.0 0
