1670630651824 0.0 0
1670630655778 0.0 0
1670630659510 0.0 0
1670630663390 0.0 0
1670630667036 0.00014285714285714287 0
1670630671174 0.00014285714285714287 0
1670630674955 0.00014285714285714287 0
1670630678402 0.0 0
1670630682327 0.0 0
1670630685946 0.00014285714285714287 0
1670630689503 0.0 0
1670630693170 0.00028571428571428574 0
1670630697092 0.0 0
1670630700836 0.0 0
1670630704649 0.00028571428571428574 0
1670630708807 0.0 0
1670630712908 0.0 0
1670630716882 0.0 0
1670630720839 0.00014285714285714287 0
1670630724826 0.0 0
1670630728501 0.00014285714285714287 0
1670630732261 0.00028571428571428574 0
1670630736161 0.0 0
1670630740245 0.0 0
1670630743938 0.00014285714285714287 0
1670630747836 0.0 0
1670630751493 0.0 0
1670630754852 0.0 0
1670630758598 0.00014285714285714287 0
1670630762240 0.0 0
1670630765848 0.0 0
1670630769570 0.00014285714285714287 0
1670630773192 0.0 0
1670630776653 0.0 0
1670630780238 0.0 0
1670630784033 0.0 0
1670630787636 0.0 0
1670630791379 0.0 0
1670630794954 0.0 0
1670630798677 0.0 0
1670630802299 0.0 0
1670630806265 0.0 0
1670630809916 0.00028571428571428574 0
1670630813709 0.0 0
1670630817687 0.0 0
1670630821569 0.0 0
1670630825114 0.0 0
1670630829115 0.0 0
1670630833072 0.0 0
1670630837109 0.0 0
1670630840643 0.00014285714285714287 0
1670630844568 0.0 0
1670630848149 0.0 0
1670630852128 0.00014285714285714287 0
1670630856097 0.0 0
1670630859896 0.0 0
1670630863421 0.00014285714285714287 0
1670630867338 0.00014285714285714287 0
1670630871147 0.00042857142857142855 0
1670630875015 0.0 0
1670630878924 0.0 0
1670630882839 0.00014285714285714287 0
1670630886724 0.0 0
1670630890540 0.0 0
1670630893806 0.0 0
1670630897553 0.00014285714285714287 0
1670630901402 0.00014285714285714287 0
1670630905545 0.00014285714285714287 0
1670630909567 0.0 0
1670630913632 0.0 0
1670630917404 0.0 0
1670630921305 0.0 0
1670630925380 0.0 0
1670630929387 0.0 0
1670630933473 0.0 0
1670630937474 0.0 0
1670630941382 0.0 0
1670630945528 0.0 0
1670630950212 0.00028571428571428574 0
1670630954496 0.0 0
1670630958676 0.0 0
1670630962661 0.0 0
1670630966721 0.00014285714285714287 0
1670630970859 0.0 0
1670630974910 0.0 0
1670630978931 0.0 0
1670630983040 0.0 0
1670630987077 0.0 0
1670630991227 0.00014285714285714287 0
1670630995205 0.00014285714285714287 0
1670630999096 0.0 0
1670631002936 0.00014285714285714287 0
1670631006911 0.0 0
1670631010940 0.00014285714285714287 0
1670631014963 0.0 0
1670631018847 0.00014285714285714287 0
1670631022723 0.00014285714285714287 0
1670631026461 0.00014285714285714287 0
1670631030250 0.0 0
1670631034250 0.0 0
1670631038174 0.00014285714285714287 0
1670631042130 0.00014285714285714287 0
1670631046098 0.00014285714285714287 0
1670631050044 0.0 0
1670631053862 0.00014285714285714287 0
1670631057337 0.0 0
1670631060937 0.0 0
1670631064414 0.0 0
1670631068165 0.00014285714285714287 0
1670631072653 0.00014285714285714287 0
1670631076527 0.0 0
1670631080023 0.0 0
1670631083878 0.00014285714285714287 0
1670631087943 0.0 0
1670631091812 0.0 0
1670631095605 0.0 0
1670631099596 0.0 0
1670631103686 0.00014285714285714287 0
1670631107640 0.00014285714285714287 0
1670631111617 0.00028571428571428574 0
1670631115652 0.0 0
1670631119687 0.0 0
1670631123701 0.0 0
1670631127766 0.0 0
1670631131699 0.0 0
1670631135466 0.0 0
1670631139265 0.00014285714285714287 0
1670631143006 0.00014285714285714287 0
1670631147061 0.0 0
1670631150839 0.0 0
1670631154600 0.00014285714285714287 0
1670631158130 0.00014285714285714287 0
1670631162014 0.0 0
1670631165518 0.0 0
1670631169170 0.0 0
1670631172987 0.0 0
1670631176625 0.00028571428571428574 0
1670631180535 0.0 0
1670631184305 0.0 0
1670631187819 0.0 0
1670631191578 0.00014285714285714287 0
1670631195504 0.0 0
1670631199521 0.0 0
1670631203408 0.0 0
1670631207228 0.0 0
1670631211036 0.00014285714285714287 0
1670631214428 0.0 0
1670631217916 0.0 0
1670631221475 0.00028571428571428574 0
1670631225049 0.0 0
1670631228859 0.0 0
1670631232466 0.0 0
1670631235883 0.0 0
1670631239555 0.00028571428571428574 0
1670631243192 0.0 0
1670631246740 0.00014285714285714287 0
1670631250462 0.00028571428571428574 0
1670631254301 0.0 0
1670631257986 0.00014285714285714287 0
1670631261233 0.00028571428571428574 0
1670631264113 0.00014285714285714287 0
