1670572727770 0.004235401578810698 0
1670572729352 0.0017887835966217316 0
1670572730466 0.0013780396732780494 0
1670572731486 0.0012553844588989614 0
1670572732896 0.00117764227018409 0
1670572734378 0.0011054020965478913 0
1670572735613 0.001110331748437764 0
1670572736842 0.001024890726681498 0
1670572738388 0.0009656582238419444 0
1670572739667 0.0009548679343331014 0
1670572741111 0.0009686156336132378 0
1670572742556 0.0009281322381391899 0
1670572743566 0.0009272999958065988 0
1670572745048 0.0008916729948776431 0
1670572746222 0.0008881039773163845 0
1670572747831 0.0009049726521393305 0
1670572749154 0.0010285309199695163 0
1670572750477 0.0009972191779638651 0
1670572751624 0.001008013171361379 0
1670572752919 0.0010140691333119234 0
1670572754239 0.0009924179265630054 0
1670572755554 0.001146868880137082 0
1670572756727 0.0011592665884129901 0
1670572758343 0.0011332872660819824 0
1670572759723 0.001137533798279361 0
1670572761119 0.0011394202826413911 0
1670572762430 0.00112122937284219 0
1670572763685 0.0011212915615859665 0
1670572764957 0.0010554729072796214 0
1670572766171 0.001049097358395667 0
1670572767652 0.0010329917205076024 0
1670572768980 0.0010268075100297643 0
1670572770394 0.0010153262774927107 0
1670572771508 0.001001044151849254 0
1670572772842 0.0010051989196829762 0
1670572774513 0.001000720693634874 0
1670572776184 0.001004410823067435 0
1670572777507 0.0009941614187206694 0
1670572778958 0.0009967165765187647 0
1670572780721 0.0010407667404830853 0
1670572781792 0.0010426673041611647 0
1670572782959 0.0010309225473470029 0
1670572784230 0.001052443948239264 0
1670572785355 0.0010412734678115097 0
1670572786134 0.0010304500506455104 0
1670572787388 0.0010312600429807715 0
1670572788348 0.0010444063401794216 0
1670572789810 0.0010626396117980961 0
1670572791363 0.00105344898804961 0
1670572792706 0.0010436990405714806 0
1670572793957 0.0010350525919879275 0
1670572795401 0.001097432962935505 0
1670572796730 0.0010888688803000301 0
1670572797437 0.0010793169288991489 0
1670572798808 0.0010793832929614727 0
1670572800321 0.0010712930644715026 0
1670572801538 0.0010624796925575693 0
1670572803197 0.0010596809919871436 0
1670572804864 0.0010511956186499275 0
1670572805979 0.0010603624755463723 0
1670572807327 0.0010533752027180837 0
1670572809080 0.001046515059237066 0
1670572810198 0.0010437797833714978 0
1670572810938 0.0010372615598143854 0
1670572812572 0.0010346503847352868 0
1670572814057 0.0010284484398577027 0
1670572815344 0.0010259530472871417 0
1670572816922 0.0010200442890072137 0
1670572818159 0.0010926179127889277 0
1670572819539 0.0011058907549678998 0
1670572821322 0.0011693376486681096 0
1670572822829 0.0011730473856061052 0
1670572824338 0.0011668545074693041 0
1670572825523 0.0011703187850063946 0
1670572826861 0.0011656513796876897 0
1670572828090 0.0011663906603415317 0
1670572829354 0.0011606007528986374 0
1670572830931 0.0011610878761120769 0
1670572832488 0.0011613693963685684 0
1670572833673 0.0011556202327872634 0
1670572834555 0.0011499487019850517 0
1670572836024 0.0011443533466943098 0
1670572836944 0.0011444228756446737 0
1670572838133 0.0011378073613949836 0
1670572839543 0.0011345398720901457 0
1670572840953 0.0011292660650633354 0
1670572842586 0.0011389652970759513 0
1670572844063 0.0011327042430507302 0
1670572845605 0.0011275037315231855 0
1670572847035 0.0011274102530143357 0
1670572848081 0.0011214464140400372 0
1670572849532 0.0011213122181637082 0
1670572850857 0.0011162852001116701 0
1670572852203 0.0011322333632982427 0
1670572853766 0.0011273211546081316 0
1670572855269 0.0011216603229818537 0
1670572856577 0.0011160838273437106 0
1670572858380 0.0011114127638182176 0
1670572860093 0.0011090309953444436 0
1670572860961 0.0011036757080277399 0
1670572862579 0.0010992372405732515 0
