1670572864595 0.0 0
1670572866586 0.0 0
1670572868634 0.0 0
1670572870348 0.0 0
1670572872372 0.0 0
1670572874373 0.0 0
1670572876561 0.0 0
1670572878550 0.0 0
1670572880534 0.0 0
1670572882561 0.0 0
1670572884764 0.0 0
1670572887084 0.0 0
1670572888722 0.0 0
1670572890673 0.0 0
1670572892547 0.0 0
1670572894705 0.0 0
1670572897230 0.0 0
1670572899106 0.0 0
1670572900914 0.0 0
1670572902851 0.0 0
1670572905205 0.0 0
1670572907335 0.0 0
1670572909186 0.0 0
1670572911400 0.0 0
1670572913395 0.0 0
1670572915563 0.0 0
1670572917581 0.0 0
1670572919796 0.0 0
1670572921793 0.0 0
1670572923726 0.0 0
1670572925650 0.0 0
1670572927654 0.0 0
1670572929949 0.0 0
1670572932163 0.0 0
1670572933693 0.0 0
1670572935643 0.0 0
1670572937676 0.0 0
1670572939858 0.0 0
1670572941908 0.0 0
1670572943669 0.0 0
1670572945185 0.0 0
1670572947277 0.0 0
1670572949282 0.0 0
1670572950947 0.0 0
1670572952554 0.0 0
1670572954323 0.0 0
1670572956118 0.0 0
1670572957678 0.0 0
1670572959305 0.0 0
1670572960737 0.0 0
1670572962526 0.0 0
1670572964458 0.0 0
1670572966738 0.0 0
1670572968856 0.0 0
1670572970802 0.0 0
1670572973196 0.0 0
1670572975066 0.0 0
1670572977372 0.0 0
1670572979529 0.0 0
1670572980785 0.0 0
1670572982986 0.0 0
1670572984667 0.0 0
1670572986547 0.0 0
1670572987784 0.0 0
1670572989640 0.0 0
1670572991867 0.0 0
1670572993842 0.0 0
1670572995877 0.0 0
1670572997956 0.0 0
1670573000036 0.0 0
1670573001527 0.0 0
1670573003707 0.0 0
1670573005762 0.0 0
1670573007976 0.0 0
1670573009946 0.0 0
1670573012043 0.0 0
1670573014613 0.0 0
1670573016974 0.0 0
1670573018670 0.0 0
1670573020641 0.0 0
1670573022294 0.0 0
1670573024012 0.0 0
1670573025087 0.0 0
1670573027436 0.0 0
1670573028792 0.0 0
1670573030634 0.0 0
1670573032835 0.0 0
1670573034847 0.0 0
1670573036932 0.0 0
1670573038637 0.0 0
1670573039579 0.0 0
1670573041561 0.0 0
1670573043586 0.0 0
1670573045319 0.0 0
1670573047619 0.0 0
1670573049756 0.0 0
1670573051863 0.0 0
1670573054028 0.0 0
1670573056452 0.0 0
1670573058702 0.0 0
1670573061080 0.0 0
1670573063399 0.0 0
