1670563447294 0.0 0
1670563449323 0.0 0
1670563451701 0.0 0
1670563453877 0.0 0
1670563455825 0.0 0
1670563457637 0.0 0
1670563459947 0.0 0
1670563462153 0.0 0
1670563464399 0.0 0
1670563466424 0.0 0
1670563468733 0.0 0
1670563470961 0.0 0
1670563472713 0.0 0
1670563474833 0.0001 0
1670563476893 0.0 0
1670563478864 0.0 0
1670563480865 0.0 0
1670563482996 0.0 0
1670563484949 0.0 0
1670563486784 0.0 0
1670563488861 0.0 0
1670563490881 0.0 0
1670563493060 0.0 0
1670563495020 0.0001 0
1670563497578 0.0 0
1670563499369 0.0 0
1670563501558 0.0 0
1670563503330 0.0 0
1670563505704 0.0 0
1670563507778 0.0 0
1670563509754 0.0 0
1670563511907 0.0 0
1670563514800 0.0 0
1670563516853 0.0 0
1670563518747 0.0001 0
1670563520488 0.0 0
1670563522754 0.0 0
1670563524895 0.0 0
1670563527223 0.0 0
1670563529610 0.0 0
1670563531670 0.0 0
1670563533840 0.0 0
1670563535925 0.0001 0
1670563538115 0.0 0
1670563540575 0.0 0
1670563542625 0.0 0
1670563545175 0.0 0
1670563547909 0.0 0
1670563549736 0.0 0
1670563552377 0.0 0
1670563554490 0.0 0
1670563556997 0.0 0
1670563559236 0.0 0
1670563561385 0.0 0
1670563563463 0.0 0
1670563565952 0.0 0
1670563568443 0.0 0
1670563570618 0.0 0
1670563572509 0.0 0
1670563574759 0.0 0
1670563576589 0.0 0
1670563578235 0.0 0
1670563580362 0.0001 0
1670563582453 0.0 0
1670563584518 0.0 0
1670563586799 0.0 0
1670563589066 0.0 0
1670563591107 0.0 0
1670563593529 0.0 0
1670563595483 0.0 0
1670563597796 0.0 0
1670563599935 0.0 0
1670563601936 0.0 0
1670563604125 0.0 0
1670563606307 0.0 0
1670563608635 0.0 0
1670563610823 0.0 0
1670563613663 0.0001 0
1670563615387 0.0 0
1670563617413 0.0 0
1670563619853 0.0001 0
1670563621849 0.0 0
1670563623773 0.0 0
1670563626172 0.0 0
1670563628657 0.0 0
1670563630985 0.0 0
1670563633362 0.0 0
1670563635240 0.0 0
1670563637518 0.0 0
1670563639252 0.0 0
1670563640864 0.0 0
1670563642560 0.0 0
1670563644725 0.0 0
1670563646667 0.0 0
1670563649064 0.0 0
1670563651257 0.0 0
1670563653677 0.0001 0
1670563655917 0.0001 0
1670563657979 0.0 0
1670563659737 0.0 0
1670563662137 0.0 0
1670563664424 0.0 0
