1670633768431 0.0 0
1670633769051 0.0 0
1670633769641 0.0 0
1670633770225 0.0 0
1670633770829 0.0 0
1670633771379 0.0 0
1670633771981 0.0 0
1670633772522 0.0 0
1670633773140 0.0 0
1670633773732 0.0 0
1670633774260 0.0 0
1670633774933 0.0 0
1670633775602 0.0 0
1670633776270 0.0 0
1670633776933 0.0 0
1670633777567 0.0 0
1670633778212 0.0 0
1670633778821 0.0 0
1670633779365 0.0 0
1670633779902 0.0 0
1670633780416 0.0 0
1670633780958 0.0 0
1670633781516 0.0 0
1670633782131 0.0 0
1670633782668 0.0 0
1670633783218 0.0 0
1670633783805 0.0 0
1670633784323 0.0 0
1670633784852 0.0 0
1670633785337 0.0 0
1670633785893 0.0 0
1670633786403 0.0 0
1670633786949 0.0 0
1670633787564 0.0 0
1670633788068 0.0 0
1670633788593 0.0 0
1670633789114 0.0 0
1670633789622 0.0 0
1670633790133 0.0 0
1670633790688 0.0 0
1670633791233 0.0 0
1670633791786 0.0 0
1670633792327 0.0 0
1670633792872 0.0 0
1670633793439 0.0 0
1670633793990 0.0 0
1670633794539 0.0 0
1670633795098 0.0 0
1670633795645 0.0 0
1670633796197 0.0 0
1670633796772 0.0 0
1670633797333 0.0 0
1670633797893 0.0 0
1670633798523 0.0 0
1670633799067 0.0 0
1670633799630 0.0 0
1670633800173 0.0 0
1670633800704 0.0 0
1670633801259 0.0 0
1670633801829 0.0 0
1670633802512 0.0 0
1670633803068 0.0 0
1670633803599 0.0 0
1670633804135 0.0 0
1670633804689 0.0 0
1670633805227 0.0 0
1670633805802 0.0 0
1670633806386 0.0 0
1670633806945 0.0 0
1670633807517 0.0 0
1670633808084 0.0 0
1670633808625 0.0 0
1670633809142 0.0 0
1670633809640 0.0 0
1670633810246 0.0 0
1670633810810 0.0 0
1670633811361 0.0 0
1670633811908 0.0 0
1670633812541 0.0 0
1670633813097 0.0 0
1670633813636 0.0 0
1670633814263 0.0 0
1670633814868 0.0 0
1670633815358 0.0 0
1670633815843 0.0 0
1670633816320 0.0 0
1670633816811 0.0 0
1670633817366 0.0 0
1670633817901 0.0 0
1670633818429 0.0 0
1670633818963 0.0 0
1670633819498 0.0 0
1670633820031 0.0 0
1670633820566 0.0 0
1670633821100 0.0 0
1670633821630 0.0 0
1670633822158 0.0 0
1670633822689 0.0 0
1670633823222 0.0 0
1670633823748 0.0 0
1670633824276 0.0 0
1670633824807 0.0 0
