1670631120887 0.012 0
1670631122618 0.013 0
1670631124303 0.012 0
1670631126040 0.012666666666666666 0
1670631127756 0.008666666666666666 0
1670631129555 0.009 0
1670631131240 0.012 0
1670631132934 0.005666666666666667 0
1670631134761 0.009666666666666667 0
1670631136384 0.009 0
1670631138114 0.011333333333333334 0
1670631139743 0.01 0
1670631141298 0.008666666666666666 0
1670631142883 0.013 0
1670631144519 0.011666666666666667 0
1670631146087 0.009 0
1670631147678 0.013333333333333334 0
1670631149023 0.009 0
1670631150602 0.011666666666666667 0
1670631152284 0.014666666666666666 0
1670631153831 0.010333333333333333 0
1670631155485 0.019666666666666666 0
1670631157053 0.012333333333333333 0
1670631158701 0.012666666666666666 0
1670631160048 0.012 0
1670631161579 0.01 0
1670631163303 0.006666666666666667 0
1670631165149 0.007666666666666666 0
1670631166878 0.013333333333333334 0
1670631168517 0.008666666666666666 0
1670631169891 0.009 0
1670631171365 0.011666666666666667 0
1670631173118 0.011 0
1670631174690 0.009333333333333334 0
1670631176241 0.01 0
1670631177827 0.009333333333333334 0
1670631179315 0.006666666666666667 0
1670631180869 0.01 0
1670631182416 0.008333333333333333 0
1670631184002 0.011666666666666667 0
1670631185604 0.008666666666666666 0
1670631187073 0.011333333333333334 0
1670631188714 0.009666666666666667 0
1670631190398 0.011333333333333334 0
1670631191919 0.012666666666666666 0
1670631193530 0.011333333333333334 0
1670631195223 0.010666666666666666 0
1670631196796 0.009333333333333334 0
1670631198578 0.009 0
1670631200255 0.011333333333333334 0
1670631201805 0.009666666666666667 0
1670631203380 0.011 0
1670631204891 0.013333333333333334 0
1670631206526 0.006 0
1670631208208 0.012 0
1670631209579 0.009333333333333334 0
1670631211229 0.011333333333333334 0
1670631212572 0.009666666666666667 0
1670631214123 0.011 0
1670631215681 0.010333333333333333 0
1670631217296 0.01 0
1670631218811 0.010666666666666666 0
1670631220463 0.013333333333333334 0
1670631222042 0.012 0
1670631223721 0.011333333333333334 0
1670631225233 0.008666666666666666 0
1670631226916 0.009666666666666667 0
1670631228567 0.012 0
1670631230255 0.009333333333333334 0
1670631231830 0.009 0
1670631233567 0.011666666666666667 0
1670631235175 0.007 0
1670631236795 0.012333333333333333 0
1670631238390 0.010666666666666666 0
1670631240029 0.008333333333333333 0
1670631241571 0.011333333333333334 0
1670631243039 0.01 0
1670631244557 0.009666666666666667 0
1670631246207 0.014666666666666666 0
1670631247695 0.009 0
1670631249234 0.008666666666666666 0
1670631250605 0.01 0
1670631252180 0.010666666666666666 0
1670631253675 0.009666666666666667 0
1670631255135 0.011333333333333334 0
1670631256585 0.008666666666666666 0
1670631258001 0.007333333333333333 0
1670631259562 0.008666666666666666 0
1670631261177 0.007333333333333333 0
1670631262532 0.010666666666666666 0
1670631263815 0.008666666666666666 0
1670631265152 0.013333333333333334 0
1670631266531 0.011666666666666667 0
1670631267893 0.011 0
1670631269275 0.012 0
1670631270662 0.012333333333333333 0
1670631271918 0.009333333333333334 0
1670631273225 0.010666666666666666 0
1670631274464 0.010666666666666666 0
1670631275789 0.006666666666666667 0
1670631277226 0.008 0
1670631278633 0.011333333333333334 0
1670631280069 0.01 0
1670631281509 0.009 0
1670631282942 0.011333333333333334 0
1670631284406 0.011333333333333334 0
1670631285854 0.014 0
1670631287311 0.014 0
1670631288755 0.012 0
1670631290189 0.015333333333333332 0
1670631291625 0.011666666666666667 0
1670631293049 0.010666666666666666 0
1670631294342 0.01 0
1670631295969 0.009333333333333334 0
1670631297517 0.013 0
1670631299030 0.011 0
1670631300539 0.011 0
1670631301893 0.007666666666666666 0
1670631303130 0.010333333333333333 0
1670631304428 0.015333333333333332 0
1670631305767 0.008666666666666666 0
1670631306846 0.012333333333333333 0
1670631307901 0.007666666666666666 0
1670631309220 0.007666666666666666 0
1670631310657 0.011333333333333334 0
1670631311988 0.009333333333333334 0
1670631313321 0.011666666666666667 0
1670631314652 0.013 0
1670631315961 0.006333333333333333 0
1670631317298 0.011 0
1670631318622 0.011666666666666667 0
1670631319928 0.009333333333333334 0
1670631321272 0.01 0
1670631322622 0.009666666666666667 0
1670631324067 0.011333333333333334 0
1670631325424 0.010666666666666666 0
1670631326794 0.011 0
1670631328107 0.009333333333333334 0
1670631329480 0.013666666666666667 0
1670631330919 0.009666666666666667 0
1670631332102 0.011333333333333334 0
1670631333351 0.010666666666666666 0
1670631334685 0.008333333333333333 0
1670631336132 0.009 0
1670631337703 0.011333333333333334 0
1670631339266 0.007 0
1670631340845 0.012666666666666666 0
1670631342416 0.008666666666666666 0
1670631343975 0.011333333333333334 0
1670631345379 0.010666666666666666 0
1670631346657 0.015666666666666666 0
1670631347934 0.012666666666666666 0
1670631349207 0.013333333333333334 0
1670631350494 0.009 0
1670631351750 0.010666666666666666 0
1670631353270 0.011 0
1670631354827 0.011333333333333334 0
1670631356368 0.008 0
1670631357927 0.010666666666666666 0
1670631359432 0.012 0
1670631360976 0.010333333333333333 0
1670631362525 0.009 0
1670631364102 0.014333333333333333 0
1670631365667 0.010666666666666666 0
1670631367183 0.011 0
1670631368448 0.01 0
1670631369727 0.011 0
1670631370939 0.008 0
1670631372190 0.010333333333333333 0
1670631373450 0.009333333333333334 0
1670631374695 0.013 0
1670631375963 0.01 0
1670631377152 0.010333333333333333 0
1670631378335 0.014 0
1670631379555 0.011666666666666667 0
1670631380816 0.009333333333333334 0
1670631382116 0.012666666666666666 0
1670631383411 0.010666666666666666 0
1670631384646 0.009666666666666667 0
1670631385894 0.011 0
1670631387079 0.012333333333333333 0
1670631388258 0.011 0
1670631389514 0.006666666666666667 0
1670631390704 0.01 0
1670631392003 0.010666666666666666 0
1670631393230 0.011333333333333334 0
1670631394550 0.013333333333333334 0
1670631395753 0.011333333333333334 0
1670631397039 0.01 0
1670631398303 0.011 0
1670631399566 0.011333333333333334 0
1670631400772 0.009666666666666667 0
1670631401969 0.012 0
1670631403192 0.013333333333333334 0
1670631404426 0.007333333333333333 0
1670631405639 0.009333333333333334 0
1670631406894 0.008 0
1670631408142 0.008333333333333333 0
1670631409377 0.01 0
1670631410629 0.009 0
1670631411898 0.009666666666666667 0
1670631413121 0.012 0
1670631414405 0.007333333333333333 0
1670631415675 0.009333333333333334 0
1670631417025 0.008 0
1670631418302 0.009333333333333334 0
1670631419575 0.011333333333333334 0
1670631420779 0.012333333333333333 0
1670631421946 0.01 0
1670631422939 0.011666666666666667 0
1670631424103 0.011 0
1670631425288 0.009666666666666667 0
1670631426448 0.013 0
1670631427618 0.011666666666666667 0
1670631428798 0.007666666666666666 0
1670631430003 0.008666666666666666 0
1670631431183 0.007 0
1670631432391 0.013333333333333334 0
1670631433588 0.01 0
1670631434821 0.012 0
1670631436033 0.007333333333333333 0
1670631437289 0.013666666666666667 0
1670631438455 0.009666666666666667 0
1670631439688 0.007333333333333333 0
1670631440866 0.008333333333333333 0
1670631442055 0.011 0
1670631443288 0.010666666666666666 0
1670631444525 0.010666666666666666 0
1670631445870 0.015 0
1670631447218 0.011666666666666667 0
1670631448553 0.009333333333333334 0
1670631449902 0.009 0
1670631451236 0.008333333333333333 0
1670631452579 0.015 0
1670631453940 0.008666666666666666 0
1670631455299 0.010666666666666666 0
1670631456658 0.011333333333333334 0
1670631458022 0.014333333333333333 0
1670631459360 0.014666666666666666 0
1670631460663 0.009666666666666667 0
1670631462063 0.009 0
1670631463445 0.009 0
