1670600567994 0.05929562210334977 0
1670600568681 0.016450141463922523 0
1670600569915 0.01055498031008073 0
1670600571043 0.010830904091437901 0
1670600571942 0.009281558027963453 0
1670600572816 0.008492353475214393 0
1670600573730 0.008882653987502105 0
1670600574795 0.00936839576704317 0
1670600575975 0.012068607874303777 0
1670600577127 0.012204392653335491 0
1670600578234 0.011582151508488799 0
1670600579226 0.011786744542004395 0
1670600580270 0.012401415760996341 0
1670600581334 0.012085470686837053 0
1670600582437 0.012534542351654333 0
1670600583417 0.012872014803277959 0
1670600584499 0.012573955416147843 0
1670600585459 0.012430807179153729 0
1670600586446 0.012071183445141798 0
1670600587246 0.011762023864316917 0
1670600588016 0.011483400254191749 0
1670600588813 0.011223782081367026 0
1670600589692 0.011029098892478752 0
1670600590427 0.010979905863286257 0
1670600591249 0.010781380756448446 0
1670600592124 0.010725518898880952 0
1670600593126 0.010815420435195747 0
1670600593910 0.010614968653408823 0
1670600594949 0.010095030174567907 0
1670600595767 0.009934118850789923 0
1670600596742 0.009874395899116026 0
1670600597838 0.009723673218411426 0
1670600598710 0.009876083094647006 0
1670600599462 0.009749898127484793 0
1670600600394 0.009746981600124272 0
1670600601203 0.009639416195013004 0
1670600602163 0.0096178179952838 0
1670600602956 0.009659633886728435 0
1670600603661 0.00966297361417998 0
1670600604809 0.010408448072591607 0
1670600605635 0.010300031991975222 0
1670600606517 0.010188498054571168 0
1670600607390 0.01007439968927102 0
1670600608346 0.00996404867981645 0
1670600609129 0.010005433084058477 0
1670600610381 0.010016432045536563 0
1670600611322 0.010087181634671545 0
1670600612197 0.010013353502365194 0
1670600612997 0.01028150935219942 0
1670600614051 0.010184440794483909 0
1670600614861 0.010151452835529366 0
1670600615697 0.010066776861312444 0
1670600616672 0.0099759219354454 0
1670600617632 0.010028383457620145 0
1670600618476 0.01000170881155768 0
1670600619365 0.010215678690069535 0
1670600620275 0.01012725113132406 0
1670600621290 0.010042839128575325 0
1670600622100 0.010069417631046605 0
1670600623058 0.010068987299284227 0
1670600624118 0.01008218897424799 0
1670600625152 0.010020663488683013 0
1670600626133 0.010041495149821028 0
1670600627190 0.010308643787343905 0
1670600628035 0.01040262525708778 0
1670600629003 0.010331491080135952 0
1670600630243 0.010534822845868416 0
1670600630995 0.010554368074827458 0
1670600631737 0.010489228295541456 0
1670600632691 0.010419715413491598 0
1670600633610 0.010418916290054706 0
1670600634673 0.01086760944220323 0
1670600635609 0.010826652559164162 0
1670600636317 0.010785775620241758 0
1670600637113 0.010736197357747633 0
1670600637886 0.010825031348594583 0
1670600638649 0.010824805796941523 0
1670600639573 0.010859143705258915 0
1670600640431 0.01079531950119772 0
1670600641257 0.01073211623333107 0
1670600642204 0.010691389422832449 0
1670600643211 0.01063553080549572 0
1670600644051 0.010595639560866926 0
1670600645047 0.01066954902842963 0
1670600645829 0.010615269487339072 0
1670600646599 0.010585978203998588 0
1670600647524 0.01053294106938401 0
1670600648307 0.010503969480548016 0
1670600649193 0.01057977190018148 0
1670600649873 0.01063021800637411 0
1670600650618 0.010572287336561976 0
1670600651392 0.010523118858079779 0
1670600652380 0.010589445618954023 0
1670600653152 0.010546075264838788 0
1670600654022 0.01049762747571218 0
1670600654971 0.010507489699952108 0
1670600656104 0.010630251502194994 0
1670600657325 0.01087773260960409 0
1670600658274 0.010834108565548818 0
1670600659056 0.01079468449085207 0
1670600659807 0.010742064444877936 0
