1670593892453 0.002541240947286305 0
1670593895845 0.0021465403159460494 0
1670593898598 0.0018212381418064583 0
1670593902297 0.0014480166086174862 0
1670593906018 0.0018156550851632924 0
1670593909337 0.002201943218788388 0
1670593912917 0.0021149842266014185 0
1670593916148 0.001944593429459185 0
1670593919449 0.0018299718934832176 0
1670593922822 0.001786190158925921 0
1670593926241 0.0017174580537812068 0
1670593929261 0.001633916225049159 0
1670593932185 0.0024791948453705692 0
1670593935591 0.0024907449659193337 0
1670593938830 0.0024896708431755565 0
1670593942643 0.002402286047227309 0
1670593946111 0.002353597809775898 0
1670593949188 0.002282024764732049 0
1670593952465 0.00226936320105553 0
1670593955841 0.002253229406829871 0
1670593959133 0.002202560971402534 0
1670593962477 0.0021901826865515783 0
1670593965492 0.0021987429050666363 0
1670593969009 0.0021511487093423265 0
1670593972553 0.0021065302693468457 0
1670593976115 0.0021335082463863064 0
1670593979253 0.0023054112203582666 0
1670593982769 0.0022888268156451286 0
1670593986304 0.0021676488871516797 0
1670593989445 0.0021936674034848114 0
1670593992676 0.00236620502728771 0
1670593995969 0.0023676227148110296 0
1670593999204 0.0023360787935117755 0
1670594002708 0.0023459224845772675 0
1670594006814 0.002365503424629517 0
1670594009962 0.002351002137263164 0
1670594013301 0.002564085489658252 0
1670594016733 0.0025380563273721124 0
1670594020386 0.002517905399573833 0
1670594023690 0.002498023146326661 0
1670594027196 0.002484585146320939 0
1670594030318 0.0027600900201379397 0
1670594033512 0.002733574783335746 0
1670594037125 0.0027140449464879424 0
1670594040283 0.002758795720726376 0
1670594043363 0.0027432777112525175 0
1670594046717 0.0027410192480439577 0
1670594049912 0.002714438654411927 0
1670594052889 0.002719435726071834 0
1670594056276 0.0027236472372897114 0
1670594059408 0.0027920202213858047 0
1670594062923 0.0027655642967676364 0
1670594066070 0.002751888564730909 0
1670594069372 0.0027893815503443886 0
1670594073024 0.0027766117232657372 0
1670594076247 0.0027542115177440762 0
1670594079138 0.00280936481361746 0
1670594082231 0.0028033987015136097 0
1670594085714 0.002882058007632665 0
1670594088735 0.002885259624746367 0
1670594092090 0.0028679468209064363 0
1670594095510 0.002846327039016855 0
1670594098761 0.002886791424599855 0
1670594102660 0.0029038481325814602 0
1670594106382 0.002886034099061713 0
1670594110242 0.002875170804716748 0
1670594113179 0.0028721999960727995 0
1670594116585 0.0028599810048110796 0
1670594119978 0.0028422167254320563 0
1670594123140 0.002830267345320381 0
1670594126471 0.0028106688324570084 0
1670594129897 0.0027914718765694457 0
1670594133021 0.0027749694315454265 0
1670594136386 0.002757203015677695 0
1670594140087 0.0027398746051977285 0
1670594143319 0.002856641638099261 0
1670594147374 0.0028537329369290043 0
1670594151146 0.0028428981506907203 0
1670594154678 0.0028355157031120792 0
1670594158169 0.002824719385444957 0
1670594162506 0.0028082276381442284 0
1670594166218 0.002804964373769092 0
1670594169481 0.0027950755093933966 0
1670594173347 0.0027919371019630435 0
1670594176949 0.0027817437622259245 0
1670594180972 0.002801443675588655 0
1670594184696 0.0027855431717445645 0
1670594188790 0.0027789650055754234 0
1670594192532 0.0027635277668006386 0
1670594196261 0.00274834496278914 0
1670594199773 0.002734166723195597 0
1670594203734 0.0027667908446099843 0
1670594207942 0.0027555766091219847 0
1670594211639 0.0027467744435285546 0
1670594215079 0.0027538360995515987 0
1670594218224 0.002751589773641594 0
1670594222081 0.0027408137333030658 0
1670594225594 0.002735070565954484 0
1670594229109 0.0027809147065855633 0
1670594232305 0.0027687736017811826 0
1670594235434 0.002763506971401347 0
