1670634062055 0.0012706204736432096 0
1670634065961 0.001462620682002057 0
1670634069921 0.0011363606258434098 0
1670634073965 0.0008884624336632958 0
1670634077864 0.0008611342577296878 0
1670634081808 0.0009327393108888256 0
1670634086150 0.0008505254642838691 0
1670634090991 0.0007838906721973871 0
1670634095893 0.0007516355467878146 0
1670634100698 0.0007425901780364608 0
1670634105648 0.000758905584242404 0
1670634110322 0.0007220471490237896 0
1670634114441 0.0007017381688511409 0
1670634119193 0.0006803479141540929 0
1670634123933 0.0007666554690707978 0
1670634128764 0.0007523470647496618 0
1670634133615 0.0007607048247650218 0
1670634138073 0.0007949093195599849 0
1670634143078 0.0007931428974773827 0
1670634147354 0.0007714682648824061 0
1670634151450 0.0007555139243627807 0
1670634156525 0.0007404796310039351 0
1670634161313 0.0007386585133984029 0
1670634165942 0.0007358138487878689 0
1670634170935 0.0007275533814789456 0
1670634175655 0.0007148184074357216 0
1670634180347 0.0007027210041193903 0
1670634185322 0.0006897653986204073 0
1670634190136 0.0006492581006483492 0
1670634195436 0.0006582654153832958 0
1670634200580 0.0006480814003875105 0
1670634205502 0.0006434194743830037 0
1670634210490 0.0006607951649595487 0
1670634214961 0.0006610725368529311 0
1670634219399 0.0006573017220304847 0
1670634224360 0.0006575359492362535 0
1670634229421 0.0006541261731198482 0
1670634234501 0.000645934536031359 0
1670634239389 0.0006529210462425993 0
1670634243934 0.0006450529365417217 0
1670634247999 0.0006374624687460594 0
1670634251867 0.0006434450922098799 0
1670634256383 0.0006450826168643549 0
1670634261322 0.0006379842501899522 0
1670634265950 0.0006326665298479965 0
1670634269966 0.0006339704237991483 0
1670634273966 0.0006312564143465004 0
1670634278727 0.0006262408377711844 0
1670634283617 0.0006200924625539317 0
1670634288416 0.0006387357107600394 0
1670634292975 0.0006341159178468397 0
1670634297097 0.0006313160063381117 0
1670634301446 0.000625507549674924 0
1670634306189 0.0006213298139337753 0
1670634310997 0.0006172203813214385 0
1670634315777 0.0006285653932020807 0
1670634320569 0.0006243109696973605 0
1670634325372 0.0006191358936447514 0
1670634330167 0.0006292267920123935 0
1670634335336 0.0006297589196227059 0
1670634339547 0.0006280915803555489 0
1670634343888 0.0006285868903341583 0
1670634347952 0.0006443661055660584 0
1670634352276 0.0006423712858769823 0
1670634356247 0.0006384662099934576 0
1670634360328 0.0006338161986459438 0
1670634364529 0.0006344203498031516 0
1670634369317 0.000632717541057904 0
1670634374413 0.0006463940627059141 0
1670634379470 0.0006428142830755426 0
1670634384525 0.0006408620100236051 0
1670634389591 0.0006374432751833977 0
1670634394697 0.000638153219468031 0
1670634399838 0.0006505768406184216 0
1670634404942 0.0006511913948294245 0
1670634410020 0.0006478350319753866 0
1670634414782 0.0006437608199879397 0
1670634419182 0.0006442876112308835 0
1670634423695 0.0006403528089978746 0
1670634428571 0.0006371878954092814 0
1670634433279 0.000634065590695799 0
1670634438310 0.0006309851007849785 0
1670634443467 0.0006279456429776618 0
1670634448610 0.0006243676504693811 0
1670634453335 0.0006310561968697454 0
1670634458898 0.0006280514669913987 0
1670634464083 0.0006250868001589855 0
1670634469249 0.0006221614011089264 0
1670634474577 0.0006188608097799136 0
1670634480058 0.0006156120260888102 0
1670634485759 0.0006159607120112692 0
1670634491417 0.000612811751528241 0
1670634497105 0.0006119736942514119 0
1670634502399 0.0006111015720846604 0
1670634507789 0.0006101978361441375 0
1670634513049 0.0006076543812955175 0
1670634518360 0.0006114133310051158 0
1670634523637 0.0006104346978638409 0
1670634529413 0.0006110562964011327 0
1670634535116 0.0006086303960518044 0
1670634541068 0.0006077394035074735 0
1670634547016 0.0006380970459206367 0
1670634552874 0.0006350897334978767 0
1670634558997 0.0006321245159618492 0
1670634564834 0.0006297978441061628 0
1670634570189 0.0006696464107055955 0
1670634575817 0.0006715770401078449 0
1670634581165 0.0006733758621863604 0
1670634587347 0.000671059286564713 0
1670634593679 0.0006680541815154945 0
1670634599522 0.0006650890866800748 0
