1670634058074 0.0002 0
1670634062039 0.0001 0
1670634065947 0.0005 0
1670634069906 0.0005 0
1670634073958 0.0003 0
1670634077850 0.0001 0
1670634081802 0.0006 0
1670634086129 0.0004 0
1670634090967 0.0003 0
1670634095872 0.0002 0
1670634100679 0.0005 0
1670634105627 0.0001 0
1670634110302 0.0003 0
1670634114421 0.0002 0
1670634119173 0.0004 0
1670634123914 0.0007 0
1670634128743 0.0002 0
1670634133601 0.0001 0
1670634138052 0.0 0
1670634143057 0.0001 0
1670634147342 0.0003 0
1670634151430 0.0002 0
1670634156505 0.0002 0
1670634161307 0.0001 0
1670634165921 0.0001 0
1670634170914 0.0004 0
1670634175635 0.0002 0
1670634180327 0.0002 0
1670634185303 0.0003 0
1670634190116 0.0003 0
1670634195415 0.0005 0
1670634200552 0.0003 0
1670634205483 0.0004 0
1670634210469 0.0 0
1670634214940 0.0001 0
1670634219379 0.0004 0
1670634224339 0.0001 0
1670634229400 0.0004 0
1670634234483 0.0003 0
1670634239368 0.0005 0
1670634243921 0.0003 0
1670634247985 0.0003 0
1670634251860 0.0005 0
1670634256364 0.0001 0
1670634261300 0.0003 0
1670634265937 0.0002 0
1670634269952 0.0001 0
1670634273946 0.0004 0
1670634278706 0.0002 0
1670634283596 0.0003 0
1670634288396 0.0006 0
1670634292954 0.0002 0
1670634297083 0.0004 0
1670634301426 0.0003 0
1670634306168 0.0002 0
1670634310981 0.0002 0
1670634315756 0.0 0
1670634320548 0.0002 0
1670634325351 0.0003 0
1670634330152 0.0 0
1670634335318 0.0001 0
1670634339524 0.0004 0
1670634343881 0.0001 0
1670634347928 0.0006 0
1670634352256 0.0004 0
1670634356226 0.0002 0
1670634360315 0.0003 0
1670634364505 0.0001 0
1670634369296 0.0004 0
1670634374391 0.0006 0
1670634379450 0.0002 0
1670634384518 0.0004 0
1670634389569 0.0002 0
1670634394676 0.0001 0
1670634399816 0.0006 0
1670634404921 0.0001 0
1670634409999 0.0002 0
1670634414758 0.0003 0
1670634419162 0.0001 0
1670634423675 0.0003 0
1670634428565 0.0002 0
1670634433263 0.0002 0
1670634438289 0.0002 0
1670634443446 0.0002 0
1670634448590 0.0003 0
1670634453319 0.0 0
1670634458876 0.0002 0
1670634464064 0.0002 0
1670634469227 0.0002 0
1670634474549 0.0003 0
1670634480038 0.0003 0
1670634485739 0.0001 0
1670634491395 0.0003 0
1670634497086 0.0004 0
1670634502379 0.0004 0
1670634507769 0.0004 0
1670634513043 0.0002 0
1670634518339 0.0005 0
1670634523630 0.0004 0
1670634529383 0.0001 0
1670634535096 0.0002 0
1670634541046 0.0004 0
1670634546991 0.0008 0
1670634552846 0.0003 0
1670634558990 0.0003 0
1670634564815 0.0002 0
1670634570177 0.0009 0
1670634575805 0.0005 0
1670634581146 0.0005 0
1670634587318 0.0002 0
1670634593651 0.0003 0
1670634599497 0.0003 0
