1670575932780 0.0023333333333333335 0
1670575933271 0.004 0
1670575933846 0.002 0
1670575934759 0.005 0
1670575935200 0.004333333333333333 0
1670575935882 0.001 0
1670575936446 0.002 0
1670575937103 0.0026666666666666666 0
1670575937744 0.003 0
1670575938299 0.005 0
1670575938819 0.0016666666666666668 0
1670575939410 0.0023333333333333335 0
1670575940037 0.002 0
1670575940684 0.0026666666666666666 0
1670575941428 0.002 0
1670575942006 0.0016666666666666668 0
1670575942637 0.006 0
1670575943347 0.0033333333333333335 0
1670575943954 0.004333333333333333 0
1670575944604 0.0033333333333333335 0
1670575945350 0.0023333333333333335 0
1670575945967 0.0013333333333333333 0
1670575946650 0.004333333333333333 0
1670575947507 0.003 0
1670575948107 0.0026666666666666666 0
1670575948990 0.003 0
1670575949537 0.004666666666666667 0
1670575949974 0.0016666666666666668 0
1670575950717 0.0023333333333333335 0
1670575951345 0.003 0
1670575952146 0.0033333333333333335 0
1670575952818 0.0016666666666666668 0
1670575953610 0.004333333333333333 0
1670575954246 0.0033333333333333335 0
1670575955022 0.003 0
1670575955768 0.0033333333333333335 0
1670575956252 0.0026666666666666666 0
1670575956749 0.0013333333333333333 0
1670575957659 0.0036666666666666666 0
1670575958284 0.0026666666666666666 0
1670575958977 0.0023333333333333335 0
1670575959749 0.0033333333333333335 0
1670575960340 0.002 0
1670575960994 0.0026666666666666666 0
1670575961765 0.0036666666666666666 0
1670575962449 0.003 0
1670575963251 0.0023333333333333335 0
1670575963715 0.003 0
1670575964463 0.004 0
1670575965039 0.0033333333333333335 0
1670575965828 0.003 0
1670575966660 0.0033333333333333335 0
1670575967091 0.002 0
1670575967688 0.005333333333333333 0
1670575968361 0.0033333333333333335 0
1670575969169 0.002 0
1670575969782 0.0033333333333333335 0
1670575970315 0.004666666666666667 0
1670575971008 0.0033333333333333335 0
1670575971533 0.001 0
1670575972420 0.002 0
1670575972982 0.0026666666666666666 0
1670575973644 0.003 0
1670575974419 0.002 0
1670575974928 0.004333333333333333 0
1670575975802 0.0026666666666666666 0
1670575976777 0.0026666666666666666 0
1670575977452 0.002 0
1670575978186 0.0013333333333333333 0
1670575978962 0.004666666666666667 0
1670575979590 0.003 0
1670575980646 0.004666666666666667 0
1670575981520 0.0006666666666666666 0
1670575982283 0.004666666666666667 0
1670575983024 0.001 0
1670575983738 0.0033333333333333335 0
1670575984457 0.004 0
1670575985156 0.002 0
1670575985922 0.0033333333333333335 0
1670575986467 0.003 0
1670575987076 0.0023333333333333335 0
1670575987805 0.002 0
1670575988342 0.004333333333333333 0
1670575988966 0.0016666666666666668 0
1670575989841 0.0016666666666666668 0
1670575990638 0.0026666666666666666 0
1670575991331 0.004666666666666667 0
1670575991924 0.0016666666666666668 0
1670575992607 0.0036666666666666666 0
1670575993363 0.0033333333333333335 0
1670575994087 0.004 0
1670575994627 0.004333333333333333 0
1670575995214 0.004333333333333333 0
1670575995900 0.004333333333333333 0
1670575996518 0.002 0
1670575997362 0.0033333333333333335 0
1670575997810 0.0026666666666666666 0
1670575998394 0.004333333333333333 0
1670575999185 0.0036666666666666666 0
1670575999934 0.004333333333333333 0
1670576000402 0.0026666666666666666 0
1670576001174 0.005666666666666667 0
1670576002120 0.002 0
1670576002593 0.004 0
1670576003239 0.0036666666666666666 0
1670576004001 0.0026666666666666666 0
1670576004765 0.0026666666666666666 0
1670576005315 0.0026666666666666666 0
1670576005951 0.0023333333333333335 0
1670576006707 0.001 0
1670576007352 0.0026666666666666666 0
1670576008064 0.004 0
1670576008631 0.0023333333333333335 0
1670576009604 0.002 0
1670576010188 0.004333333333333333 0
1670576010860 0.0036666666666666666 0
1670576011763 0.003 0
1670576012698 0.003 0
1670576013455 0.0033333333333333335 0
1670576014035 0.0026666666666666666 0
1670576014835 0.003 0
1670576015549 0.0026666666666666666 0
1670576016100 0.003 0
1670576016878 0.001 0
1670576017354 0.004666666666666667 0
1670576018549 0.0016666666666666668 0
1670576019309 0.0036666666666666666 0
1670576020185 0.005666666666666667 0
1670576021205 0.004333333333333333 0
1670576021873 0.005333333333333333 0
1670576022538 0.0016666666666666668 0
1670576023119 0.003 0
