1670575933273 0.021177007894053492 0
1670575933848 0.0075286936609910635 0
1670575934760 0.007795369581752025 0
1670575935201 0.006475727138834826 0
1670575935884 0.007315446605481104 0
1670575936448 0.006721878961797175 0
1670575937105 0.006092700632230566 0
1670575937746 0.005603152579283174 0
1670575938301 0.00592591152470194 0
1670575938820 0.005873796190977739 0
1670575939412 0.005614097006066077 0
1670575940039 0.0054509699901417125 0
1670575940686 0.005213220359814169 0
1670575941435 0.005083541617566941 0
1670575942007 0.00502936661936894 0
1670575942639 0.0058477813453312 0
1670575943349 0.005669958996622182 0
1670575943956 0.005647862665436569 0
1670575944605 0.0054917235802500125 0
1670575945360 0.00537737856325926 0
1670575945969 0.00543313913130254 0
1670575946652 0.005431434851618346 0
1670575947509 0.0053037179896354356 0
1670575948109 0.005191041104251458 0
1670575948992 0.005079525337562575 0
1670575949539 0.005145445522368057 0
1670575949976 0.005150470782139719 0
1670575950719 0.005076099055959888 0
1670575951346 0.004775357344708485 0
1670575952147 0.0047045631380503005 0
1670575952819 0.0047161191464853095 0
1670575953612 0.00473788015620199 0
1670575954248 0.004673554584730694 0
1670575955024 0.004606310138550817 0
1670575955770 0.004547249943338618 0
1670575956253 0.004490381688107196 0
1670575956759 0.004551350546151701 0
1670575957661 0.0045146722847405445 0
1670575958289 0.004461639406592383 0
1670575958979 0.0044230684915728905 0
1670575959751 0.004376314175264229 0
1670575960341 0.004361572217738684 0
1670575961006 0.0043144724309036285 0
1670575961767 0.00428777830037347 0
1670575962451 0.004241051219264661 0
1670575963252 0.004209795517908649 0
1670575963717 0.004165901910851539 0
1670575964465 0.004165560661597463 0
1670575965040 0.0041289907940977155 0
1670575965829 0.004088367889892282 0
1670575966661 0.004053830112486426 0
1670575967092 0.0040484541717722665 0
1670575967690 0.0042039608431470475 0
1670575968362 0.004169361009675185 0
1670575969171 0.004164449592687565 0
1670575969783 0.004131712521053714 0
1670575970316 0.004184510673613892 0
1670575971010 0.004151978817668285 0
1670575971582 0.004240497767273515 0
1670575972421 0.004234304123184783 0
1670575972983 0.004202735103975395 0
1670575973703 0.004169276595129967 0
1670575974420 0.004163271821963478 0
1670575974929 0.004184444575456565 0
1670575975804 0.004155236160454643 0
1670575976778 0.004126624732292982 0
1670575977454 0.004121409014315925 0
1670575978188 0.004161025402232721 0
1670575978963 0.004209659506760308 0
1670575979591 0.0041799667661849196 0
1670575980648 0.004224622601388535 0
1670575981539 0.004325614693652783 0
1670575982284 0.004366362533962432 0
1670575983026 0.004426534720289038 0
1670575983740 0.0044007853283240875 0
1670575984459 0.004397003134822148 0
1670575985157 0.00438923492471776 0
1670575985923 0.004364622116314769 0
1670575986468 0.004337304547121541 0
1670575987078 0.004318816506072262 0
1670575987807 0.004311674613706628 0
1670575988344 0.004327147729045269 0
1670575988968 0.004335876227349799 0
1670575989843 0.004343583456877166 0
1670575990639 0.004319584594624941 0
1670575991333 0.00435635584940258 0
1670575991926 0.00436365685118369 0
1670575992608 0.00434990182900776 0
1670575993365 0.0043288012426707136 0
1670575994089 0.004326811044955035 0
1670575994628 0.004339876143687317 0
1670575995216 0.0043518482246964925 0
1670575995901 0.004362794221285214 0
1670575996520 0.0043579119756106365 0
1670575997363 0.004337403638142764 0
1670575997811 0.004316841376559037 0
1670575998395 0.004327588569689998 0
1670575999186 0.0043136799932067 0
1670575999944 0.004323289408131983 0
1670576000403 0.004303977907540587 0
1670576001176 0.004403736280575677 0
1670576002122 0.0044004728628612 0
1670576002603 0.004394985267711168 0
1670576003240 0.004380540713612038 0
1670576004002 0.004362178400500941 0
1670576004767 0.0043440401779149 0
1670576005316 0.0043261216561571334 0
1670576005952 0.004314184874868005 0
1670576006743 0.004360276496734584 0
1670576007361 0.004342443684152975 0
1670576008065 0.004338524443346815 0
1670576008633 0.00432652586320781 0
1670576009606 0.004323263427059647 0
1670576010190 0.0043316917673390225 0
1670576010862 0.004319508276863002 0
1670576011765 0.004301013726797829 0
1670576012699 0.004282754721038123 0
1670576013457 0.004266224358332312 0
1670576014037 0.004250272437732159 0
1670576014839 0.004232677022903414 0
1670576015551 0.0042171075718938095 0
1670576016101 0.0041999326259443545 0
1670576016880 0.00424211505505083 0
1670576017356 0.004265137827106553 0
1670576018550 0.004273822739928557 0
1670576019311 0.00426322504515653 0
1670576020211 0.004344738416879477 0
1670576021206 0.00435113908720049 0
1670576021874 0.004405190839852952 0
1670576022540 0.004413791780607117 0
1670576023121 0.004397065668296139 0
