1670697043201 0.0 0
1670697048167 0.0002 0
1670697053125 0.0 0
1670697057856 0.0 0
1670697062349 0.0003 0
1670697066757 0.0 0
1670697071129 0.0002 0
1670697075530 0.0001 0
1670697079967 0.0 0
1670697084409 0.0 0
1670697088961 0.0001 0
1670697093673 0.0 0
1670697097943 0.0002 0
1670697102193 0.0 0
1670697106848 0.0002 0
1670697111700 0.0 0
1670697116692 0.0001 0
1670697121634 0.0 0
1670697126641 0.0 0
1670697131738 0.0 0
1670697136815 0.0001 0
1670697141878 0.0003 0
1670697146843 0.0 0
1670697151666 0.0002 0
1670697155884 0.0 0
1670697160270 0.0001 0
1670697164692 0.0001 0
1670697169116 0.0 0
1670697173468 0.0 0
1670697178144 0.0001 0
1670697182781 0.0 0
1670697187247 0.0001 0
1670697191637 0.0 0
1670697196030 0.0 0
1670697200829 0.0 0
1670697205625 0.0001 0
1670697210490 0.0 0
1670697215400 0.0 0
1670697220280 0.0001 0
1670697225000 0.0 0
1670697229173 0.0 0
1670697233137 0.0001 0
1670697237190 0.0001 0
1670697241864 0.0 0
1670697246538 0.0 0
1670697251226 0.0001 0
1670697256185 0.0 0
1670697261141 0.0 0
1670697266204 0.0001 0
1670697270862 0.0001 0
1670697275110 0.0002 0
1670697279626 0.0 0
1670697284144 0.0 0
1670697288706 0.0 0
1670697293252 0.0 0
1670697297803 0.0 0
1670697302295 0.0 0
1670697306814 0.0002 0
1670697311348 0.0001 0
1670697316046 0.0 0
1670697321041 0.0001 0
1670697326011 0.0002 0
1670697331061 0.0002 0
1670697335923 0.0 0
1670697340447 0.0 0
1670697345086 0.0 0
1670697349711 0.0 0
1670697354639 0.0 0
1670697359607 0.0001 0
1670697364494 0.0002 0
1670697368594 0.0003 0
1670697372902 0.0 0
1670697377326 0.0002 0
1670697382339 0.0 0
1670697387521 0.0 0
1670697392250 0.0001 0
1670697397072 0.0001 0
1670697401874 0.0 0
1670697406710 0.0 0
1670697411608 0.0 0
1670697416978 0.0 0
1670697422014 0.0 0
1670697426904 0.0001 0
1670697431504 0.0003 0
1670697436050 0.0 0
1670697440881 0.0001 0
1670697445314 0.0 0
1670697449783 0.0 0
1670697454126 0.0001 0
1670697458640 0.0 0
1670697463087 0.0001 0
1670697467503 0.0 0
1670697471896 0.0 0
1670697476600 0.0 0
1670697481815 0.0001 0
1670697486755 0.0001 0
1670697491722 0.0001 0
1670697496701 0.0001 0
1670697501724 0.0 0
1670697506052 0.0 0
1670697510416 0.0001 0
1670697514841 0.0001 0
1670697519632 0.0 0
1670697524181 0.0001 0
1670697528858 0.0002 0
1670697533698 0.0001 0
1670697538522 0.0 0
1670697542643 0.0002 0
1670697546642 0.0 0
1670697550791 0.0001 0
1670697554955 0.0001 0
1670697559738 0.0002 0
1670697563749 0.0001 0
1670697567759 0.0001 0
1670697571437 0.0002 0
1670697575117 0.0001 0
1670697578611 0.0001 0
1670697582037 0.0 0
1670697585643 0.0001 0
1670697589359 0.0 0
1670697592667 0.0 0
1670697596547 0.0002 0
1670697600607 0.0001 0
1670697604246 0.0001 0
1670697608176 0.0 0
1670697612237 0.0001 0
1670697615912 0.0 0
1670697619705 0.0 0
1670697623502 0.0 0
1670697627145 0.0 0
1670697631149 0.0 0
1670697634238 0.0 0
1670697637968 0.0001 0
1670697641679 0.0 0
1670697645023 0.0 0
1670697648360 0.0 0
1670697651966 0.0001 0
1670697655433 0.0 0
1670697658576 0.0001 0
1670697661820 0.0001 0
1670697665430 0.0001 0
1670697668808 0.0 0
1670697672412 0.0002 0
1670697675820 0.0002 0
1670697678746 0.0001 0
1670697681625 0.0001 0
1670697683488 0.0002 0
1670697685428 0.0002 0
1670697688218 0.0 0
1670697690332 0.0001 0
1670697692564 0.0001 0
1670697694669 0.0002 0
1670697696609 0.0 0
1670697698617 0.0 0
1670697700481 0.0 0
1670697702611 0.0 0
1670697704544 0.0002 0
1670697706530 0.0 0
1670697709046 0.0001 0
1670697710817 0.0 0
1670697712874 0.0002 0
1670697715069 0.0001 0
1670697716630 0.0001 0
1670697718666 0.0 0
1670697721039 0.0001 0
1670697722808 0.0001 0
1670697724667 0.0 0
1670697727093 0.0 0
1670697729323 0.0 0
1670697731893 0.0001 0
1670697734236 0.0 0
1670697735858 0.0 0
1670697737840 0.0 0
1670697739784 0.0001 0
1670697741819 0.0001 0
