1670627823982 0.0 0
1670627829186 0.0 0
1670627834104 0.0 0
1670627839125 0.0 0
1670627843892 0.0 0
1670627848930 0.0 0
1670627853906 0.0 0
1670627858689 0.0 0
1670627863582 0.0 0
1670627868708 0.0 0
1670627873854 0.0 0
1670627879697 0.0 0
1670627885589 0.0 0
1670627891155 0.0 0
1670627897018 0.0 0
1670627903145 0.0 0
1670627909600 0.0 0
1670627916314 0.0 0
1670627923194 0.0 0
1670627930076 0.0 0
1670627937078 0.0 0
1670627943996 0.0 0
1670627950924 0.0 0
1670627957910 0.0 0
1670627964940 0.0 0
1670627972005 0.0 0
1670627979044 0.0 0
1670627986076 0.0 0
1670627992985 0.0 0
1670627999471 0.0 0
1670628005847 0.0 0
1670628012829 0.0 0
1670628019597 0.0 0
1670628026767 0.0 0
1670628033962 0.0 0
1670628041057 0.0 0
1670628048101 0.0 0
1670628055104 0.0 0
1670628062099 0.0 0
1670628068945 0.0 0
1670628075870 0.0 0
1670628082799 0.0 0
1670628089736 0.0 0
1670628096703 0.0 0
1670628103665 0.0 0
1670628110662 0.0 0
1670628116835 0.0 0
1670628123090 0.0 0
1670628129613 0.0 0
1670628136480 0.0 0
1670628142876 0.0 0
1670628149392 0.0 0
1670628155798 0.0 0
1670628162291 0.0 0
1670628168804 0.0 0
1670628175670 0.0 0
1670628182886 0.0 0
1670628190052 0.0 0
1670628197160 0.0 0
1670628204272 0.0 0
1670628211377 0.0 0
1670628218216 0.0 0
1670628224913 0.0 0
1670628231760 0.0 0
1670628238757 0.0 0
1670628245853 0.0 0
1670628252885 0.0 0
1670628260070 0.0 0
1670628267224 0.0 0
1670628274360 0.0 0
1670628281545 0.0 0
1670628288572 0.0 0
1670628295671 0.0 0
1670628302715 0.0 0
1670628309901 0.0 0
1670628317141 0.0 0
1670628324643 0.0 0
1670628331631 0.0 0
1670628338649 0.0 0
1670628345587 0.0 0
1670628352345 0.0 0
1670628359336 0.0 0
1670628366505 0.0 0
1670628373647 0.0 0
1670628380626 0.0 0
1670628387221 0.0 0
1670628394070 0.0 0
1670628401268 0.0 0
1670628408433 0.0 0
1670628415726 0.0 0
1670628423142 0.0 0
1670628429981 0.0 0
1670628436667 0.0 0
1670628443098 0.0 0
1670628449557 0.0 0
1670628455931 0.0 0
1670628462328 0.0 0
1670628468798 0.0 0
1670628475351 0.0 0
1670628481644 0.0 0
1670628488318 0.0 0
1670628495070 0.0 0
