1670567500263 0.021177007894053468 0
1670567501173 0.049701151850627956 0
1670567501970 0.03221108031598943 0
1670567502652 0.026202738986638052 0
1670567503407 0.022293018295456213 0
1670567504341 0.019650057486851835 0
1670567505089 0.018180118125101896 0
1670567505735 0.023605883405812544 0
1670567506329 0.022905822953284694 0
1670567506841 0.02220555595131765 0
1670567507671 0.021001400458449254 0
1670567508397 0.02000256905993128 0
1670567509492 0.02057416801064124 0
1670567510099 0.019786531732153306 0
1670567510795 0.019083905927823108 0
1670567511503 0.018948247813895175 0
1670567512246 0.019935686426973964 0
1670567513124 0.020040332644262665 0
1670567513644 0.019541866675922254 0
1670567514558 0.01903322805064181 0
1670567515267 0.01912290086827903 0
1670567516002 0.018694043930735843 0
1670567516795 0.019387258011126812 0
1670567517487 0.02008868805992603 0
1670567518264 0.01972678150960333 0
1670567518916 0.02013896986012953 0
1670567519737 0.019748018985062427 0
1670567520502 0.019880605666574402 0
1670567521336 0.019107784341790723 0
1670567522215 0.01884579966454067 0
1670567522976 0.019171973951751825 0
1670567523659 0.01888655212558557 0
1670567524339 0.018616474855601528 0
1670567525300 0.020185331217583202 0
1670567526246 0.02048318365432933 0
1670567527060 0.02027695446889366 0
1670567527878 0.020571972049203746 0
1670567528515 0.02034105270212297 0
1670567529400 0.020362255655507644 0
1670567530116 0.020282370685896195 0
1670567530804 0.020189110200967808 0
1670567531643 0.020266218394746544 0
1670567532314 0.020075836912758688 0
1670567532965 0.02040669268476053 0
1670567533675 0.020191755517411897 0
1670567534571 0.020046709930644557 0
1670567535259 0.01984125567866718 0
1670567536127 0.01985328640201317 0
1670567537032 0.019659201935390086 0
1670567537634 0.019596374222610513 0
1670567538343 0.019434583630177416 0
1670567539097 0.019307464010083125 0
1670567539833 0.019177286162170987 0
1670567540560 0.01901105597007896 0
1670567541261 0.018840970088603526 0
1670567542134 0.01875813680049518 0
1670567543087 0.018622734289005488 0
1670567543902 0.018529423422527613 0
1670567544828 0.018374364728491965 0
1670567545773 0.018464906843887297 0
1670567546777 0.018759627980882543 0
1670567547503 0.01882235343883301 0
1670567548126 0.01921865020506683 0
1670567548879 0.019109142487964498 0
1670567549408 0.020795235290453795 0
1670567550106 0.02073656913360139 0
1670567551016 0.020587398003388352 0
1670567551705 0.02061956033381676 0
1670567552585 0.020539539094654474 0
1670567553455 0.020398310317155416 0
1670567554402 0.02039548754336243 0
1670567555343 0.020319826523660323 0
1670567556233 0.02018220825454184 0
1670567557273 0.02007869491324618 0
1670567558182 0.020006177539823033 0
1670567558971 0.019893953573199313 0
1670567559641 0.01982805943096233 0
1670567560254 0.020051890134554412 0
1670567560777 0.02008205380660133 0
1670567561765 0.01996599647677419 0
1670567562472 0.01990718853957041 0
1670567563312 0.019812577292470518 0
1670567564054 0.019726995334174935 0
1670567565143 0.01995195841794284 0
1670567565796 0.019858319097384086 0
1670567566543 0.0197446941585889 0
1670567567593 0.02044796651719738 0
1670567568099 0.020515144480947184 0
1670567568823 0.02042736076890081 0
1670567569361 0.020505636221460927 0
1670567570000 0.020929864683924826 0
1670567570863 0.020849581028683756 0
1670567571981 0.020795120684252377 0
1670567573036 0.020880024573619954 0
1670567573999 0.02077251061845778 0
1670567574914 0.020700223124759276 0
1670567575684 0.020594732090857354 0
1670567576289 0.02051109455412664 0
1670567577092 0.020514418704199677 0
1670567577853 0.02053255478788263 0
1670567578444 0.02043203121088666 0
