1670639268411 0.0 0
1670639270321 0.0 0
1670639272243 0.0 0
1670639274174 0.0 0
1670639276110 0.0 0
1670639278030 0.0 0
1670639279728 0.0 0
1670639281402 0.0 0
1670639282914 0.0 0
1670639284555 0.0 0
1670639286202 0.0 0
1670639287950 0.0 0
1670639289540 0.0 0
1670639291030 0.0 0
1670639292875 0.0 0
1670639294476 0.0 0
1670639296326 0.0 0
1670639298094 0.0 0
1670639299801 0.0 0
1670639301485 0.0 0
1670639303311 0.0 0
1670639305062 0.0 0
1670639306852 0.0 0
1670639308541 0.0 0
1670639310329 0.0 0
1670639312124 0.0 0
1670639313703 0.0 0
1670639315358 0.0 0
1670639317160 0.0 0
1670639318767 0.0 0
1670639320551 0.0 0
1670639322315 0.0 0
1670639323950 0.0 0
1670639325614 0.0 0
1670639327401 0.0 0
1670639329211 0.0 0
1670639331000 0.0 0
1670639332631 0.0 0
1670639334315 0.0 0
1670639335949 0.0 0
1670639337696 0.0 0
1670639339518 0.0 0
1670639341138 0.0 0
1670639342932 0.0 0
1670639344710 0.0 0
1670639346275 0.0 0
1670639347916 0.0 0
1670639349537 0.0 0
1670639351120 0.0 0
1670639352871 0.0 0
1670639354686 0.0 0
1670639356291 0.0 0
1670639357698 0.0 0
1670639359059 0.0 0
1670639360681 0.0 0
1670639362094 0.0 0
1670639363697 0.0 0
1670639365424 0.0 0
1670639367112 0.0 0
1670639368854 0.0 0
1670639370313 0.0 0
1670639371908 0.0 0
1670639373710 0.0 0
1670639375188 0.0 0
1670639376710 0.0 0
1670639378317 0.0 0
1670639379820 0.0 0
1670639381447 0.0 0
1670639383107 0.0 0
1670639384703 0.0 0
1670639386450 0.0 0
1670639388042 0.0 0
1670639389617 0.0 0
1670639391259 0.0 0
1670639392824 0.0 0
1670639394354 0.0 0
1670639395951 0.0 0
1670639397350 0.0 0
1670639398896 0.0 0
1670639400388 0.0 0
1670639401853 0.0 0
1670639403424 0.0 0
1670639405069 0.0 0
1670639406717 0.0 0
1670639408336 0.0 0
1670639409884 0.0 0
1670639411540 0.0 0
1670639413025 0.0 0
1670639414317 0.0 0
1670639415760 0.0 0
1670639417164 0.0 0
1670639418742 0.0 0
1670639420332 0.0 0
1670639421952 0.0 0
1670639423516 0.0 0
1670639425018 0.0 0
1670639426619 0.0 0
1670639428199 0.0 0
1670639429732 0.0 0
1670639431472 0.0 0
1670639433095 0.0 0
