1670589925190 0.0 0
1670589925581 0.0 0
1670589925851 0.0 0
1670589926068 0.0 0
1670589926300 0.0 0
1670589926521 0.0 0
1670589926767 0.0 0
1670589927186 0.0 0
1670589927497 0.0 0
1670589927770 0.0 0
1670589928207 0.0 0
1670589928445 0.0 0
1670589928715 0.0 0
1670589928987 0.0 0
1670589929339 0.0 0
1670589929604 0.0 0
1670589929843 0.0 0
1670589930067 0.0 0
1670589930329 0.0 0
1670589930587 0.0 0
1670589930895 0.0 0
1670589931134 0.0 0
1670589931328 0.0 0
1670589931856 0.0 0
1670589932115 0.0 0
1670589932371 0.0 0
1670589932623 0.0 0
1670589932922 0.0 0
1670589933265 0.0 0
1670589933472 0.0 0
1670589933689 0.0 0
1670589933891 0.0 0
1670589934122 0.0 0
1670589934372 0.0 0
1670589934642 0.0 0
1670589934848 0.0 0
1670589935116 0.0 0
1670589935345 0.0 0
1670589935612 0.0 0
1670589935857 0.0 0
1670589936100 0.0 0
1670589936351 0.0 0
1670589936664 0.0 0
1670589936938 0.0 0
1670589937366 0.0 0
1670589937638 0.0 0
1670589937841 0.0 0
1670589938114 0.0 0
1670589938518 0.0 0
1670589938775 0.0 0
1670589939135 0.0 0
1670589939601 0.0 0
1670589939794 0.0 0
1670589940077 0.0 0
1670589940346 0.0 0
1670589940540 0.0 0
1670589940789 0.0 0
1670589941033 0.0 0
1670589941246 0.0 0
1670589941496 0.0 0
1670589941833 0.0 0
1670589942171 0.0 0
1670589942361 0.0 0
1670589942668 0.0 0
1670589942985 0.0 0
1670589943231 0.0 0
1670589943527 0.0 0
1670589943935 0.0 0
1670589944176 0.0 0
1670589944488 0.0 0
1670589944739 0.0 0
1670589944980 0.0 0
1670589945233 0.0 0
1670589945491 0.0 0
1670589945744 0.0 0
1670589946120 0.0 0
1670589946458 0.0 0
1670589946722 0.0 0
1670589946962 0.0 0
1670589947165 0.0 0
1670589947348 0.0 0
1670589947587 0.0 0
1670589947838 0.0 0
1670589948097 0.0 0
1670589948349 0.0 0
1670589948617 0.0 0
1670589948855 0.0 0
1670589949106 0.0 0
1670589949342 0.0 0
1670589949569 0.0 0
1670589949788 0.0 0
1670589950061 0.0 0
1670589950478 0.0 0
1670589950777 0.0 0
1670589951104 0.0 0
1670589951372 0.0 0
1670589951591 0.0 0
1670589951825 0.0 0
1670589952287 0.0 0
1670589952537 0.0 0
1670589952786 0.0 0
