1670609916879 0.0025412409472861386 0
1670609919472 0.0014052404971566235 0
1670609922482 0.0021289114841844814 0
1670609924814 0.0020954344589301233 0
1670609926955 0.004678333393611678 0
1670609929784 0.0042422100812585795 0
1670609932275 0.004666389901719414 0
1670609934564 0.004381332937010041 0
1670609937778 0.004082927349620125 0
1670609940231 0.0038398515402096045 0
1670609942676 0.003657103144448337 0
1670609945434 0.003541738408130546 0
1670609947653 0.003519532711252049 0
1670609949861 0.0034347553287298327 0
1670609952350 0.0033369908668662296 0
1670609955217 0.003365337749829278 0
1670609957800 0.0032621169147788454 0
1670609960390 0.0031628271464825275 0
1670609962868 0.0030721144407653833 0
1670609965406 0.0030234683275686125 0
1670609967787 0.0029657667917935004 0
1670609969700 0.0028925930933872968 0
1670609972452 0.002964073482224161 0
1670609975348 0.0033758819762075287 0
1670609978611 0.0034706514302575986 0
1670609981876 0.003806840508186582 0
1670609984857 0.003757039016070829 0
1670609987710 0.0036904060392400906 0
1670609989840 0.0035502228786306045 0
1670609992208 0.0034929313121018213 0
1670609995015 0.0034389374981629306 0
1670609997290 0.0034500241559871636 0
1670610000225 0.0034351598899337032 0
1670610003194 0.0033943692078044485 0
1670610006564 0.003392433862398847 0
1670610008965 0.0033473944996520455 0
1670610011373 0.0033031188812370216 0
1670610013587 0.0032838951682371276 0
1670610015859 0.00327201003922728 0
1670610018342 0.0033257294416342287 0
1670610021053 0.00333298434208551 0
1670610023725 0.0033019708763235567 0
1670610026466 0.0032667834648208993 0
1670610029218 0.0033019445649461465 0
1670610031369 0.003330489135506598 0
1670610033478 0.0032964866818167016 0
1670610035673 0.003262265294112554 0
1670610037995 0.003239614527908219 0
1670610040722 0.0032567407018287975 0
1670610043595 0.003254712170361662 0
1670610046264 0.003252190162217783 0
1670610048259 0.0032436389511226738 0
1670610050853 0.0032174227824259827 0
1670610053212 0.0031947884973564378 0
1670610055677 0.0031725715261613496 0
1670610058251 0.003202926867524103 0
1670610060306 0.0031798923536277 0
1670610062882 0.0031905884785311533 0
1670610065904 0.003180702115914036 0
1670610068479 0.003155292691635392 0
1670610071276 0.003138057647953052 0
1670610073889 0.0031210182475768233 0
1670610076470 0.0031012743292601064 0
1670610079092 0.0030774326389509943 0
1670610081357 0.003069961103054575 0
1670610083893 0.003047716728469374 0
1670610086268 0.0030299814365677413 0
1670610088627 0.0030938652226688568 0
1670610091122 0.0031239396252694673 0
1670610093531 0.003159956315275214 0
1670610095590 0.003184857714631506 0
1670610097781 0.0031653747397266674 0
1670610100134 0.003158379680907264 0
1670610102208 0.0031393987180885485 0
1670610104310 0.003168631763164176 0
1670610106953 0.0031660943837923394 0
1670610109903 0.00314955991176602 0
1670610112125 0.0031356989798085877 0
1670610114847 0.0031199423984394903 0
1670610117306 0.0031012698491097446 0
1670610120015 0.003115577770204103 0
1670610121784 0.0031430895643642653 0
1670610124053 0.00313038199219684 0
1670610126703 0.003156276352756726 0
1670610129363 0.0031458543944031803 0
1670610132045 0.0031298058192164024 0
1670610134610 0.0031267129894592127 0
1670610136903 0.0031091103626421646 0
1670610139357 0.003094607502345137 0
1670610141534 0.0030956487421018863 0
1670610144309 0.003130275497065793 0
1670610146514 0.003129170706842044 0
1670610149184 0.003122850097932117 0
1670610152356 0.003135969521462112 0
1670610155043 0.003126901514049929 0
1670610157727 0.003161940726688073 0
1670610160650 0.003148236925886394 0
1670610163750 0.0031474399110827944 0
1670610166606 0.0031410219179732746 0
1670610169156 0.0031367204234498125 0
1670610171878 0.003146155084719382 0
1670610174803 0.003142000790918087 0
1670610177720 0.0031279748833359378 0
1670610179917 0.0031130503509005925 0
1670610182365 0.0030991141654791443 0
1670610184537 0.003088623443769034 0
1670610187484 0.0030742955124531957 0
1670610189885 0.003075241190433897 0
1670610192856 0.003093961522907862 0
1670610195840 0.0030856572456093856 0
1670610198446 0.003072736240427254 0
1670610201419 0.0030591099187392556 0
1670610204522 0.0030511805481415744 0
1670610207771 0.003039812732234859 0
1670610211181 0.0030444063644305963 0
1670610214425 0.0030622709838435958 0
1670610217536 0.003066661388029579 0
1670610220682 0.0030889756060311635 0
1670610223682 0.0031359151534239293 0
1670610226998 0.0031393407855457856 0
1670610230309 0.0031427364224486665 0
1670610234135 0.003136975367450612 0
1670610237292 0.003127319987716093 0
1670610240010 0.0031215624692709776 0
1670610243013 0.0031575894843774988 0
1670610245761 0.003145448901961001 0
1670610248553 0.003138423647819022 0
1670610251301 0.0031314104896791317 0
1670610253953 0.003151900412931341 0
1670610256924 0.00314294991712738 0
1670610258906 0.003131022858447463 0
1670610261657 0.003134282686782619 0
1670610264409 0.0031531794919273937 0
1670610266730 0.003152669035798583 0
1670610268616 0.003149391203370766 0
1670610270687 0.003154823118666772 0
1670610273160 0.0031538209542060214 0
1670610275895 0.0031444039160714032 0
1670610278496 0.0031409120959592363 0
1670610281455 0.0031520001571991862 0
