1670574361895 0.0038118614209299295 0
1670574364515 0.0014626206820020915 0
1670574367578 0.0018212381418065693 0
1670574370123 0.0034695567172869923 0
1670574372819 0.002968252230686974 0
1670574375490 0.0039138103345432995 0
1670574378408 0.003609442268124763 0
1670574381676 0.0033968595795220713 0
1670574385168 0.0033188243346539137 0
1670574388089 0.003709413060993816 0
1670574391192 0.003511627199779488 0
1670574394075 0.003568917311509545 0
1670574397130 0.003554004433537261 0
1670574400271 0.0035939241651480325 0
1670574403013 0.0034647325370662507 0
1670574405670 0.003357010212458711 0
1670574408310 0.0032843624082328216 0
1670574411168 0.0032299970031244296 0
1670574414049 0.0031528335076356218 0
1670574417157 0.003103090975933198 0
1670574419194 0.003084391993909197 0
1670574421900 0.003020627749600102 0
1670574424771 0.0029505577572581654 0
1670574427486 0.0031023464300177217 0
1670574430667 0.0031084223089534735 0
1670574433858 0.00309094473254945 0
1670574436332 0.0030323261976671345 0
1670574438965 0.0030406097272208665 0
1670574441040 0.002864380057707061 0
1670574443133 0.0029365108037113785 0
1670574445297 0.0029140821622788415 0
1670574447191 0.002975670595740665 0
1670574449283 0.003048705029061183 0
1670574451736 0.003010141331669547 0
1670574454363 0.0029773745223721226 0
1670574456684 0.0029413534543036857 0
1670574459159 0.0030232452271045096 0
1670574462344 0.0030167695202797384 0
1670574465798 0.0029793870185642612 0
1670574469186 0.0029433602313141405 0
1670574472809 0.0029103306880896573 0
1670574476655 0.0029070820941344833 0
1670574479923 0.0028744236333303474 0
1670574483863 0.0028630551947498306 0
1670574487141 0.0028868928290951557 0
1670574490547 0.0028571002325462613 0
1670574493155 0.0028377088224281755 0
1670574495741 0.0029178524813483486 0
1670574498221 0.0028890693528547118 0
1670574501930 0.002934009604114496 0
1670574505232 0.002928393510793992 0
1670574507908 0.002916161344114432 0
1670574511036 0.002890162416062547 0
1670574514829 0.0028905810252182196 0
1670574517942 0.0029247653954695974 0
1670574520744 0.002911136298078043 0
1670574523781 0.0029847849801101223 0
1670574527387 0.0029917385802714636 0
1670574530699 0.0029844416207077673 0
1670574534216 0.0029825050111489393 0
1670574536862 0.0029604328032754035 0
1670574539787 0.003042324450174383 0
1670574542652 0.003043119989313614 0
1670574545207 0.003023495720976488 0
1670574548639 0.003032137227945153 0
1670574551667 0.0031042035938391166 0
1670574554287 0.003105632415988935 0
1670574556340 0.0031266144536712392 0
1670574559370 0.0031392605587506894 0
1670574562832 0.0031259146240474323 0
1670574566127 0.003125826611902194 0
1670574568348 0.00310754901487853 0
1670574570950 0.003119848413989934 0
1670574574017 0.003100391826891702 0
1670574577388 0.003112491896449132 0
1670574579890 0.0031129327615058155 0
1670574582819 0.003118420784885889 0
1670574585893 0.0031133833582134285 0
1670574588825 0.0030942882911133562 0
1670574592240 0.0031506130166392143 0
1670574594900 0.003178229060947335 0
1670574597955 0.003190708176049384 0
1670574600769 0.0031724239437028734 0
1670574603963 0.003156943363160747 0
1670574605826 0.0031765463194648458 0
1670574608209 0.0031666583368891166 0
1670574610690 0.0031502727465573255 0
1670574613410 0.00314425767173121 0
1670574615766 0.0032178711804633497 0
1670574618070 0.003200895713901253 0
1670574620802 0.0032059049745174484 0
1670574623309 0.0031906062166122684 0
1670574625434 0.0031908736168205776 0
1670574628333 0.0031748889495659682 0
1670574630825 0.003164132639356443 0
1670574633082 0.003153443435711001 0
1670574635837 0.0031542178675832977 0
1670574638801 0.00314648837040854 0
1670574641987 0.0031561506408823714 0
1670574644586 0.0031468414777985343 0
1670574646868 0.0031783717788558263 0
