1670600494176 0.0 0
1670600498150 0.0 0
1670600501264 0.0 0
1670600505193 0.0 0
1670600508845 0.0 0
1670600512312 0.0 0
1670600515605 0.0 0
1670600518903 0.0 0
1670600522698 0.0 0
1670600526791 0.0 0
1670600530388 0.0 0
1670600534297 0.0 0
1670600538536 0.0 0
1670600542190 0.0 0
1670600546547 0.0 0
1670600550049 0.0 0
1670600553805 0.0 0
1670600557707 0.0 0
1670600561464 0.0 0
1670600564902 0.0 0
1670600568384 0.0 0
1670600572035 0.0 0
1670600575809 0.0 0
1670600579852 0.0 0
1670600583869 0.0 0
1670600587230 0.0 0
1670600590038 0.0 0
1670600593115 0.0 0
1670600596428 0.0 0
1670600599480 0.0 0
1670600602886 0.0 0
1670600606175 0.0 0
1670600609436 0.0 0
1670600613180 0.0 0
1670600616447 0.0 0
1670600619964 0.0 0
1670600623252 0.0 0
1670600627141 0.0 0
1670600630736 0.0 0
1670600634054 0.0 0
1670600637436 0.0 0
1670600640598 0.0 0
1670600644084 0.0 0
1670600647289 0.0 0
1670600650201 0.0 0
1670600653145 0.0 0
1670600657025 0.0 0
1670600660034 0.0 0
1670600663314 0.0 0
1670600666731 0.0 0
1670600670038 0.0 0
1670600673904 0.0 0
1670600677543 0.0 0
1670600681142 0.0 0
1670600684807 0.0 0
1670600689018 0.0 0
1670600692948 0.0 0
1670600696800 0.0 0
1670600700585 0.0 0
1670600704908 0.0 0
1670600708357 0.0 0
1670600711692 0.0 0
1670600715154 0.0 0
1670600718268 0.0 0
1670600721771 0.0 0
1670600725379 0.0 0
1670600728860 0.0 0
1670600732370 0.0 0
1670600735932 0.0 0
1670600739316 0.0 0
1670600742591 0.0 0
1670600746251 0.0 0
1670600750268 0.0 0
1670600754187 0.0 0
1670600758229 0.0 0
1670600762107 0.0 0
1670600765580 0.0 0
1670600769166 0.0 0
1670600772351 0.0 0
1670600776073 0.0 0
1670600780007 0.0 0
1670600783549 0.0 0
1670600787039 0.0 0
1670600790351 0.0 0
1670600793549 0.0 0
1670600797397 0.0 0
1670600800482 0.0 0
1670600803823 0.0 0
1670600807222 0.0 0
1670600810815 0.0 0
1670600814157 0.0 0
1670600817927 0.0 0
1670600821432 0.0 0
1670600825374 0.0 0
1670600828773 0.0 0
1670600832353 0.0 0
1670600835687 0.0 0
1670600838993 0.0 0
1670600842238 0.0 0
1670600845570 0.0 0
1670600849029 0.0 0
