1670567803922 0.0016 0
1670567805871 0.0012 0
1670567808026 0.0021 0
1670567809874 0.0014 0
1670567811627 0.0016 0
1670567813767 0.0014 0
1670567815571 0.0015 0
1670567817695 0.0019 0
1670567819820 0.0019 0
1670567821855 0.0018 0
1670567823999 0.0011 0
1670567826000 0.0022 0
1670567828173 0.0018 0
1670567830267 0.0016 0
1670567832004 0.0015 0
1670567834224 0.002 0
1670567835992 0.0016 0
1670567837993 0.0007 0
1670567840134 0.0018 0
1670567842242 0.0015 0
1670567844116 0.0019 0
1670567846678 0.0014 0
1670567848742 0.0009 0
1670567850608 0.001 0
1670567852545 0.002 0
1670567854254 0.0012 0
1670567855847 0.0013 0
1670567857915 0.002 0
1670567860032 0.0016 0
1670567861793 0.0013 0
1670567863518 0.0009 0
1670567865680 0.0015 0
1670567867906 0.0013 0
1670567869847 0.001 0
1670567871755 0.002 0
1670567873869 0.002 0
1670567875935 0.001 0
1670567878126 0.0017 0
1670567880088 0.002 0
1670567882383 0.0012 0
1670567884288 0.0017 0
1670567885911 0.0021 0
1670567888106 0.0016 0
1670567890145 0.001 0
1670567892114 0.0023 0
1670567894190 0.0013 0
1670567896132 0.0018 0
1670567898151 0.0025 0
1670567900109 0.0015 0
1670567902167 0.0013 0
1670567904131 0.0013 0
1670567906232 0.0014 0
1670567907992 0.0011 0
1670567909881 0.002 0
1670567911802 0.0014 0
1670567913875 0.0012 0
1670567915906 0.0014 0
1670567918112 0.0012 0
1670567919827 0.0015 0
1670567921852 0.0013 0
1670567924118 0.0018 0
1670567926080 0.0015 0
1670567928097 0.0016 0
1670567929990 0.0018 0
1670567932232 0.0022 0
1670567934679 0.0009 0
1670567936762 0.001 0
1670567938650 0.0021 0
1670567940794 0.002 0
1670567942676 0.0014 0
1670567944659 0.0018 0
1670567947218 0.0015 0
1670567949190 0.0013 0
1670567951132 0.0015 0
1670567953066 0.0018 0
1670567955034 0.0021 0
1670567957327 0.0019 0
1670567959494 0.0021 0
1670567961609 0.0014 0
1670567963687 0.0022 0
1670567965504 0.0013 0
1670567967817 0.0017 0
1670567969376 0.0017 0
1670567971518 0.0019 0
1670567973585 0.0022 0
1670567975807 0.0011 0
1670567977875 0.0017 0
1670567979762 0.0021 0
1670567981975 0.0027 0
1670567983751 0.0014 0
1670567985525 0.0024 0
1670567987592 0.0019 0
1670567989745 0.0012 0
1670567991818 0.0018 0
1670567993659 0.0017 0
1670567995518 0.0022 0
1670567997464 0.0013 0
1670567999158 0.0018 0
1670568001230 0.0015 0
1670568003266 0.0012 0
1670568005172 0.0017 0
1670568007195 0.0011 0
