1670608663951 0.006333333333333333 0
1670608665390 0.009333333333333334 0
1670608666455 0.008666666666666666 0
1670608667534 0.009166666666666667 0
1670608668893 0.01 0
1670608669957 0.009833333333333333 0
1670608671214 0.008166666666666666 0
1670608672627 0.006833333333333334 0
1670608673532 0.007333333333333333 0
1670608674207 0.010833333333333334 0
1670608674925 0.010166666666666666 0
1670608676030 0.008166666666666666 0
1670608677191 0.008333333333333333 0
1670608678508 0.007666666666666666 0
1670608679564 0.008 0
1670608680747 0.008833333333333334 0
1670608681781 0.007 0
1670608682995 0.0095 0
1670608684299 0.009666666666666667 0
1670608685367 0.010166666666666666 0
1670608686476 0.009333333333333334 0
1670608688153 0.008166666666666666 0
1670608689180 0.009 0
1670608690307 0.010166666666666666 0
1670608691521 0.010333333333333333 0
1670608692629 0.005666666666666667 0
1670608693799 0.009333333333333334 0
1670608695271 0.009166666666666667 0
1670608696518 0.009666666666666667 0
1670608697703 0.010666666666666666 0
1670608698880 0.009 0
1670608700392 0.008333333333333333 0
1670608701707 0.010333333333333333 0
1670608703145 0.008333333333333333 0
1670608704766 0.009 0
1670608705916 0.008666666666666666 0
1670608707163 0.008333333333333333 0
1670608708538 0.008333333333333333 0
1670608709781 0.008 0
1670608711235 0.010833333333333334 0
1670608712652 0.008666666666666666 0
1670608714097 0.0085 0
1670608715271 0.008833333333333334 0
1670608716440 0.007166666666666667 0
1670608717398 0.007166666666666667 0
1670608718468 0.009 0
1670608719823 0.0125 0
1670608720637 0.007833333333333333 0
1670608721491 0.009833333333333333 0
1670608722859 0.0075 0
1670608723556 0.008 0
1670608724552 0.007166666666666667 0
1670608726008 0.010166666666666666 0
1670608727332 0.010833333333333334 0
1670608728420 0.009833333333333333 0
1670608729640 0.008 0
1670608730743 0.008333333333333333 0
1670608731805 0.007666666666666666 0
1670608732809 0.009833333333333333 0
1670608733833 0.006333333333333333 0
1670608735142 0.009833333333333333 0
1670608736531 0.009 0
1670608737595 0.007666666666666666 0
1670608738711 0.009333333333333334 0
1670608739621 0.009333333333333334 0
1670608740595 0.008666666666666666 0
1670608741888 0.008 0
1670608742978 0.008333333333333333 0
1670608744757 0.0105 0
1670608746117 0.009166666666666667 0
1670608747312 0.008833333333333334 0
1670608748536 0.008166666666666666 0
1670608749695 0.008333333333333333 0
1670608750935 0.009833333333333333 0
1670608752260 0.006833333333333334 0
1670608753492 0.010166666666666666 0
1670608754428 0.009666666666666667 0
1670608755750 0.007333333333333333 0
1670608756671 0.0085 0
1670608757980 0.006833333333333334 0
1670608759417 0.0085 0
1670608760420 0.008333333333333333 0
1670608761567 0.007833333333333333 0
1670608762819 0.0085 0
1670608763569 0.006833333333333334 0
1670608764380 0.009 0
1670608765416 0.008666666666666666 0
1670608766784 0.008 0
1670608768185 0.0095 0
1670608769488 0.007833333333333333 0
1670608770912 0.007333333333333333 0
1670608771773 0.010666666666666666 0
1670608773152 0.01 0
1670608774291 0.009666666666666667 0
1670608775409 0.007833333333333333 0
1670608776506 0.010166666666666666 0
1670608777837 0.008666666666666666 0
1670608779004 0.009 0
1670608780523 0.009666666666666667 0
1670608781970 0.0085 0
1670608783350 0.009833333333333333 0
1670608784452 0.008166666666666666 0
1670608785990 0.009666666666666667 0
1670608787115 0.0085 0
1670608788255 0.010333333333333333 0
1670608789644 0.008166666666666666 0
1670608791090 0.006666666666666667 0
1670608792435 0.008 0
1670608793917 0.008666666666666666 0
1670608795338 0.0085 0
1670608796568 0.008166666666666666 0
1670608798195 0.008833333333333334 0
1670608799692 0.007166666666666667 0
1670608801214 0.009666666666666667 0
1670608802064 0.009666666666666667 0
1670608802791 0.008666666666666666 0
1670608803750 0.009666666666666667 0
1670608805243 0.0115 0
1670608806601 0.010833333333333334 0
1670608807755 0.010666666666666666 0
1670608809068 0.008166666666666666 0
1670608810152 0.008333333333333333 0
1670608811186 0.006166666666666667 0
1670608812523 0.0075 0
1670608813571 0.008666666666666666 0
1670608814855 0.0095 0
1670608816605 0.0075 0
1670608818115 0.008666666666666666 0
1670608819463 0.007 0
1670608820561 0.010166666666666666 0
1670608822090 0.009166666666666667 0
1670608823364 0.009833333333333333 0
1670608824881 0.009166666666666667 0
1670608826371 0.009333333333333334 0
1670608827752 0.008 0
1670608828889 0.0095 0
1670608830700 0.010833333333333334 0
1670608832193 0.010666666666666666 0
1670608833601 0.009333333333333334 0
1670608834679 0.0095 0
1670608836260 0.007666666666666666 0
1670608837701 0.009333333333333334 0
1670608839459 0.008833333333333334 0
1670608841012 0.008833333333333334 0
1670608842708 0.009833333333333333 0
1670608843838 0.010666666666666666 0
1670608845018 0.009333333333333334 0
1670608846466 0.009666666666666667 0
1670608847869 0.008333333333333333 0
1670608849438 0.010833333333333334 0
1670608851042 0.008166666666666666 0
1670608852486 0.0085 0
1670608853926 0.01 0
1670608855560 0.008333333333333333 0
1670608856971 0.009833333333333333 0
1670608858319 0.01 0
1670608859819 0.009166666666666667 0
1670608861215 0.009666666666666667 0
1670608862782 0.008 0
1670608864249 0.009166666666666667 0
1670608865555 0.007166666666666667 0
1670608867201 0.009166666666666667 0
1670608868509 0.008833333333333334 0
1670608869681 0.0085 0
1670608871088 0.011 0
1670608872282 0.006833333333333334 0
1670608873725 0.006666666666666667 0
1670608875279 0.008166666666666666 0
1670608876767 0.008333333333333333 0
1670608878461 0.0075 0
1670608879592 0.007333333333333333 0
1670608880994 0.006833333333333334 0
1670608882276 0.01 0
1670608883647 0.007166666666666667 0
1670608885398 0.006666666666666667 0
1670608886879 0.0075 0
1670608888429 0.009833333333333333 0
1670608889721 0.009666666666666667 0
1670608891180 0.0105 0
