1670610641794 0.0 0
1670610644460 0.0 0
1670610646651 0.0 0
1670610649190 0.0 0
1670610651825 0.0 0
1670610654394 0.0 0
1670610657039 0.0 0
1670610659523 0.0 0
1670610661929 0.0 0
1670610664006 0.0 0
1670610666384 0.0 0
1670610668953 0.0 0
1670610671696 0.0 0
1670610674008 0.0 0
1670610676408 0.0 0
1670610679040 0.0 0
1670610681302 0.0 0
1670610683513 0.0 0
1670610685953 0.0 0
1670610688149 0.0 0
1670610690378 0.0 0
1670610693286 0.0 0
1670610696167 0.0 0
1670610698451 0.0 0
1670610700406 0.0 0
1670610702444 0.0 0
1670610705036 0.0 0
1670610707463 0.0 0
1670610709491 0.0 0
1670610711950 0.0 0
1670610714695 0.0 0
1670610717242 0.0 0
1670610719936 0.0 0
1670610722592 0.0 0
1670610725220 0.0 0
1670610727779 0.0 0
1670610729978 0.0 0
1670610732755 0.0 0
1670610735480 0.0 0
1670610738023 0.0 0
1670610741047 0.0 0
1670610743368 0.0 0
1670610745659 0.0 0
1670610748776 0.0 0
1670610751259 0.0 0
1670610754244 0.0 0
1670610756500 0.0 0
1670610758883 0.0 0
1670610761626 0.0 0
1670610764661 0.0 0
1670610767892 0.0 0
1670610770517 0.0 0
1670610773339 0.0 0
1670610775685 0.0 0
1670610778432 0.0 0
1670610781096 0.0 0
1670610784171 0.0 0
1670610786659 0.0 0
1670610789052 0.0 0
1670610791720 0.0 0
1670610794905 0.0 0
1670610797187 0.0 0
1670610799209 0.0 0
1670610801754 0.0 0
1670610804412 0.0 0
1670610806983 0.0 0
1670610809915 0.0 0
1670610812471 0.0 0
1670610814838 0.0 0
1670610817359 0.0 0
1670610819968 0.0 0
1670610822837 0.0 0
1670610825635 0.0 0
1670610827540 0.0 0
1670610829939 0.0 0
1670610832413 0.0 0
1670610834714 0.0 0
1670610836565 0.0 0
1670610838651 0.0 0
1670610841417 0.0 0
1670610843382 0.0 0
1670610845728 0.0 0
1670610847575 0.0 0
1670610849896 0.0 0
1670610852776 0.0 0
1670610854965 0.0 0
1670610856765 0.0 0
1670610858954 0.0 0
1670610860740 0.0 0
1670610863044 0.0 0
1670610864689 0.0 0
1670610867020 0.0 0
1670610869292 0.0 0
1670610871096 0.0 0
1670610872741 0.0 0
1670610875081 0.0 0
1670610876895 0.0 0
1670610878948 0.0 0
1670610881523 0.0 0
1670610884038 0.0 0
1670610886529 0.0 0
