1670610467375 0.0 0
1670610469119 0.0 0
1670610471114 0.0 0
1670610472754 0.0 0
1670610474352 0.0 0
1670610475964 0.0 0
1670610477914 0.0 0
1670610479408 0.0 0
1670610481299 0.0 0
1670610483066 0.0 0
1670610485465 0.0 0
1670610487335 0.0 0
1670610489305 0.0 0
1670610491301 0.0 0
1670610493196 0.0 0
1670610495606 0.0 0
1670610497621 0.0 0
1670610499268 0.0 0
1670610501045 0.0 0
1670610503085 0.0 0
1670610505048 0.0 0
1670610507343 0.0 0
1670610509289 0.0 0
1670610511685 0.0 0
1670610513386 0.0 0
1670610514540 0.0 0
1670610515962 0.0 0
1670610517353 0.0 0
1670610518808 0.0 0
1670610520319 0.0 0
1670610522047 0.0 0
1670610523758 0.0 0
1670610525525 0.0 0
1670610527194 0.0 0
1670610528937 0.0 0
1670610530794 0.0 0
1670610532126 0.0 0
1670610533685 0.0 0
1670610535223 0.0 0
1670610536511 0.0 0
1670610537893 0.0 0
1670610539288 0.0 0
1670610540794 0.0 0
1670610542380 0.0 0
1670610544136 0.0 0
1670610545484 0.0 0
1670610547040 0.0 0
1670610548773 0.0 0
1670610550449 0.0 0
1670610552017 0.0 0
1670610553961 0.0 0
1670610555174 0.0 0
1670610556411 0.0 0
1670610558015 0.0 0
1670610559631 0.0 0
1670610561663 0.0 0
1670610563508 0.0 0
1670610564798 0.0 0
1670610566917 0.0 0
1670610568631 0.0 0
1670610570382 0.0 0
1670610571853 0.0 0
1670610573308 0.0 0
1670610574885 0.0 0
1670610576318 0.0 0
1670610578182 0.0 0
1670610579759 0.0 0
1670610580880 0.0 0
1670610582066 0.0 0
1670610583944 0.0 0
1670610585139 0.0 0
1670610586869 0.0 0
1670610588289 0.0 0
1670610589729 0.0 0
1670610591268 0.0 0
1670610592716 0.0 0
1670610594144 0.0 0
1670610595544 0.0 0
1670610597120 0.0 0
1670610598725 0.0 0
1670610599858 0.0 0
1670610601579 0.0 0
1670610603260 0.0 0
1670610604921 0.0 0
1670610606242 0.0 0
1670610607391 0.0 0
1670610608733 0.0 0
1670610610541 0.0 0
1670610612189 0.0 0
1670610613611 0.0 0
1670610615321 0.0 0
1670610616669 0.0 0
1670610617910 0.0 0
1670610619843 0.0 0
1670610621256 0.0 0
1670610623164 0.0 0
1670610624618 0.0 0
1670610625984 0.0 0
1670610627456 0.0 0
1670610628692 0.0 0
1670610629985 0.0 0
1670610631633 0.0 0
