1670563385423 0.08233333333333333 0
1670563386421 0.07383333333333333 0
1670563387707 0.082 0
1670563388658 0.079 0
1670563389964 0.08133333333333333 0
1670563391141 0.08483333333333333 0
1670563392202 0.08233333333333333 0
1670563393420 0.08616666666666667 0
1670563394270 0.08883333333333333 0
1670563395251 0.08466666666666667 0
1670563396354 0.0845 0
1670563397581 0.08333333333333333 0
1670563398664 0.08316666666666667 0
1670563399775 0.07966666666666666 0
1670563400928 0.08633333333333333 0
1670563401963 0.07866666666666666 0
1670563402998 0.08566666666666667 0
1670563404210 0.08 0
1670563405381 0.08416666666666667 0
1670563406267 0.07666666666666666 0
1670563407287 0.07833333333333334 0
1670563408477 0.08216666666666667 0
1670563409448 0.08533333333333333 0
1670563410679 0.08916666666666667 0
1670563411870 0.07983333333333334 0
1670563413000 0.08866666666666667 0
1670563414046 0.0855 0
1670563415066 0.07916666666666666 0
1670563416724 0.07966666666666666 0
1670563417607 0.07483333333333334 0
1670563418532 0.07883333333333334 0
1670563419685 0.07866666666666666 0
1670563421058 0.08066666666666666 0
1670563422138 0.08166666666666667 0
1670563423359 0.07866666666666666 0
1670563424739 0.0785 0
1670563425832 0.08733333333333333 0
1670563427028 0.0795 0
1670563428208 0.08116666666666666 0
1670563429362 0.08666666666666667 0
1670563430424 0.08316666666666667 0
1670563431546 0.08666666666666667 0
1670563432653 0.0865 0
1670563433986 0.0805 0
1670563435225 0.08316666666666667 0
1670563436277 0.081 0
1670563437423 0.08533333333333333 0
1670563438524 0.082 0
1670563439694 0.08033333333333334 0
1670563440835 0.0805 0
1670563442070 0.07766666666666666 0
1670563443212 0.08633333333333333 0
1670563444399 0.08333333333333333 0
1670563445618 0.077 0
1670563446938 0.087 0
1670563448282 0.0785 0
1670563449274 0.081 0
1670563450447 0.08083333333333333 0
1670563451751 0.08316666666666667 0
1670563452987 0.085 0
1670563454106 0.08433333333333333 0
1670563455379 0.0775 0
1670563456495 0.08166666666666667 0
1670563457773 0.08116666666666666 0
1670563459145 0.08683333333333333 0
1670563460381 0.08116666666666666 0
1670563461737 0.08316666666666667 0
1670563462917 0.08266666666666667 0
1670563464309 0.08333333333333333 0
1670563465321 0.08566666666666667 0
1670563466310 0.083 0
1670563467524 0.07666666666666666 0
1670563468640 0.08583333333333333 0
1670563469666 0.08133333333333333 0
1670563470863 0.0835 0
1670563472015 0.08566666666666667 0
1670563473051 0.0805 0
1670563474256 0.08266666666666667 0
1670563475358 0.085 0
1670563476459 0.08483333333333333 0
1670563477773 0.08366666666666667 0
1670563478983 0.07933333333333334 0
1670563480022 0.08283333333333333 0
1670563481183 0.08183333333333333 0
1670563482504 0.084 0
1670563483753 0.08983333333333333 0
1670563484825 0.0775 0
1670563485915 0.0915 0
1670563487374 0.08466666666666667 0
1670563488449 0.07983333333333334 0
1670563489465 0.08183333333333333 0
1670563490678 0.08516666666666667 0
1670563491805 0.082 0
1670563492990 0.086 0
1670563494084 0.08466666666666667 0
1670563495246 0.0785 0
1670563496585 0.084 0
1670563497781 0.08466666666666667 0
1670563499018 0.07983333333333334 0
1670563499749 0.085 0
1670563500944 0.0805 0
1670563502248 0.08283333333333333 0
1670563503429 0.085 0
1670563504904 0.08233333333333333 0
1670563505904 0.0865 0
1670563507104 0.08566666666666667 0
1670563508076 0.08016666666666666 0
1670563509269 0.082 0
1670563510433 0.0825 0
1670563511454 0.08166666666666667 0
1670563512753 0.084 0
1670563514060 0.08116666666666666 0
1670563515544 0.08666666666666667 0
1670563516480 0.08433333333333333 0
1670563517793 0.08316666666666667 0
1670563518988 0.08633333333333333 0
1670563520033 0.08316666666666667 0
1670563521380 0.082 0
1670563522537 0.083 0
1670563523739 0.08133333333333333 0
1670563524735 0.08966666666666667 0
1670563526050 0.07583333333333334 0
1670563527356 0.08816666666666667 0
1670563528489 0.07616666666666666 0
1670563529977 0.08066666666666666 0
1670563531280 0.08833333333333333 0
1670563532672 0.082 0
1670563533639 0.08883333333333333 0
1670563534824 0.08583333333333333 0
1670563535999 0.08616666666666667 0
1670563537642 0.08016666666666666 0
1670563538723 0.08366666666666667 0
1670563539875 0.079 0
1670563540903 0.086 0
1670563541786 0.08066666666666666 0
1670563543010 0.08566666666666667 0
1670563543988 0.09116666666666666 0
1670563545212 0.087 0
1670563546533 0.08633333333333333 0
1670563547885 0.08266666666666667 0
1670563548943 0.0845 0
1670563550363 0.08366666666666667 0
1670563551756 0.0845 0
1670563552922 0.0875 0
