1670614989683 0.1101204410490782 0
1670614991873 0.04256725122668892 0
1670614994191 0.03157596929912129 0
1670614996441 0.025341304647751306 0
1670614998801 0.02161863833983771 0
1670615001400 0.025937590133163907 0
1670615004174 0.023458296167593456 0
1670615006883 0.021568748978628982 0
1670615009464 0.020188898981991776 0
1670615011986 0.01896032089789318 0
1670615014639 0.019251534547585936 0
1670615017372 0.01831006157623588 0
1670615020088 0.0175337240112326 0
1670615022829 0.01683323158106287 0
1670615025694 0.01903445307672083 0
1670615028517 0.021437495233293524 0
1670615031253 0.02086709719109789 0
1670615033958 0.020636424783392282 0
1670615036792 0.020400155716852858 0
1670615039412 0.020272948354647158 0
1670615042069 0.01975057659592694 0
1670615044678 0.020126389951607287 0
1670615047320 0.019680706019490513 0
1670615049937 0.019378755828592498 0
1670615052561 0.019503497730064767 0
1670615055202 0.019172987731382374 0
1670615057894 0.018801529559460517 0
1670615060587 0.018643643898645174 0
1670615063143 0.017571307586002866 0
1670615065801 0.017288597677743794 0
1670615068407 0.018302428178363805 0
1670615071161 0.018030227034600332 0
1670615073819 0.017765113319100412 0
1670615076339 0.017804346179014996 0
1670615078873 0.01763101057817268 0
1670615081416 0.017628634362543028 0
1670615083972 0.01774469763273412 0
1670615086386 0.017587473863393183 0
1670615088731 0.017474330496402513 0
1670615091105 0.01739475962083728 0
1670615093464 0.017396689860288472 0
1670615096194 0.01720486105878377 0
1670615098827 0.017122454379859958 0
1670615101450 0.017002701415476384 0
1670615104040 0.016922584212604508 0
1670615106485 0.016775999220642934 0
1670615108946 0.016674632430111164 0
1670615111483 0.017880978860956798 0
1670615114063 0.017720309833033243 0
1670615116783 0.01768894547934316 0
1670615119536 0.018216626151827675 0
1670615122096 0.01834740678678526 0
1670615124816 0.018256216489065974 0
1670615127778 0.0182653006976157 0
1670615130641 0.01810555216296364 0
1670615132975 0.018614632725395236 0
1670615134674 0.01845766717545161 0
1670615137289 0.018790559019402908 0
1670615140510 0.01869610380353731 0
1670615143695 0.0196389179896459 0
1670615145066 0.019773911226443425 0
1670615145593 0.019693929821939377 0
1670615146168 0.01966198052658319 0
1670615147844 0.019808915237644692 0
1670615150020 0.01967456758433217 0
1670615152194 0.019759324017033425 0
1670615154778 0.019662009281648685 0
1670615156886 0.019665697722410114 0
1670615159852 0.019529792223487302 0
1670615163144 0.019564122764877262 0
1670615166432 0.019427886153173285 0
1670615169239 0.019347138297528932 0
1670615172118 0.019232435078022164 0
1670615175085 0.01911731282526613 0
1670615177820 0.01913505939039592 0
1670615179220 0.019022188768092585 0
1670615179877 0.019074765552096445 0
1670615180448 0.01969692726514463 0
1670615181577 0.02059960066147626 0
1670615182748 0.02056212647812722 0
1670615184667 0.020443779733034295 0
1670615187121 0.02063554054764749 0
1670615189781 0.02051646907251156 0
1670615192053 0.020399432109573262 0
1670615194718 0.02036002444901841 0
1670615197269 0.02034061135875634 0
1670615200221 0.020280461769484892 0
1670615203295 0.020181625003879378 0
1670615204445 0.020156248934602855 0
1670615205199 0.020186620997759502 0
1670615207265 0.02028331573667072 0
1670615209549 0.020175618119292582 0
1670615211458 0.020133539345843582 0
1670615214393 0.020127217897979277 0
1670615216474 0.020384962487960595 0
1670615218967 0.02041165537660497 0
1670615220779 0.020383130762380686 0
1670615222611 0.020348285551750417 0
1670615224681 0.020361350087250457 0
1670615226665 0.02027753018969622 0
1670615229182 0.020182621833164327 0
