1670610680476 0.0006666666666666666 0
1670610681008 0.0 0
1670610681785 0.0 0
1670610682310 0.0006666666666666666 0
1670610682916 0.0006666666666666666 0
1670610683706 0.0 0
1670610684485 0.0003333333333333333 0
1670610685558 0.0006666666666666666 0
1670610686263 0.0003333333333333333 0
1670610687028 0.0003333333333333333 0
1670610687471 0.0 0
1670610688253 0.0013333333333333333 0
1670610689017 0.0 0
1670610689760 0.0006666666666666666 0
1670610690698 0.0 0
1670610691666 0.0 0
1670610692638 0.0003333333333333333 0
1670610693422 0.0 0
1670610694332 0.0003333333333333333 0
1670610695023 0.0003333333333333333 0
1670610696026 0.0006666666666666666 0
1670610696533 0.001 0
1670610697224 0.0 0
1670610698013 0.0006666666666666666 0
1670610698659 0.001 0
1670610699100 0.0003333333333333333 0
1670610699815 0.0003333333333333333 0
1670610700895 0.0006666666666666666 0
1670610701579 0.001 0
1670610702053 0.0006666666666666666 0
1670610702871 0.0006666666666666666 0
1670610703546 0.0006666666666666666 0
1670610704148 0.001 0
1670610704953 0.0006666666666666666 0
1670610705762 0.0 0
1670610706446 0.0003333333333333333 0
1670610707496 0.0006666666666666666 0
1670610707985 0.0 0
1670610708829 0.0006666666666666666 0
1670610709531 0.0 0
1670610709990 0.0006666666666666666 0
1670610710596 0.0006666666666666666 0
1670610711240 0.0006666666666666666 0
1670610712159 0.001 0
1670610712871 0.0003333333333333333 0
1670610713873 0.0003333333333333333 0
1670610714730 0.0003333333333333333 0
1670610715737 0.0003333333333333333 0
1670610716213 0.0003333333333333333 0
1670610716886 0.0003333333333333333 0
1670610717810 0.0003333333333333333 0
1670610718450 0.0003333333333333333 0
1670610718953 0.0003333333333333333 0
1670610719782 0.0 0
1670610720556 0.0003333333333333333 0
1670610721184 0.001 0
1670610721875 0.0 0
1670610722850 0.0 0
1670610723725 0.0 0
1670610724350 0.0003333333333333333 0
1670610725391 0.0003333333333333333 0
1670610725801 0.001 0
1670610726681 0.0 0
1670610727491 0.0 0
1670610728240 0.001 0
1670610728966 0.001 0
1670610729826 0.0 0
1670610730655 0.0003333333333333333 0
1670610731494 0.0006666666666666666 0
1670610732394 0.0006666666666666666 0
1670610732966 0.0003333333333333333 0
1670610733806 0.0006666666666666666 0
1670610734697 0.0003333333333333333 0
1670610735487 0.0 0
1670610736289 0.0003333333333333333 0
1670610736940 0.0 0
1670610737776 0.0003333333333333333 0
1670610738564 0.0003333333333333333 0
1670610739205 0.0 0
1670610740197 0.0 0
1670610741014 0.0 0
1670610741752 0.0 0
1670610742494 0.0 0
1670610742970 0.001 0
1670610743934 0.0003333333333333333 0
1670610744758 0.0003333333333333333 0
1670610745240 0.0 0
1670610746070 0.0003333333333333333 0
1670610746798 0.0003333333333333333 0
1670610747630 0.0 0
1670610748516 0.0003333333333333333 0
1670610749028 0.0 0
1670610749664 0.0 0
1670610750559 0.0006666666666666666 0
1670610751382 0.0003333333333333333 0
1670610752400 0.001 0
1670610753339 0.0 0
1670610754117 0.0006666666666666666 0
1670610754770 0.0006666666666666666 0
1670610755459 0.0016666666666666668 0
1670610756531 0.0 0
1670610757079 0.0003333333333333333 0
1670610758004 0.0003333333333333333 0
1670610758709 0.0 0
1670610759556 0.001 0
1670610760208 0.0 0
1670610761180 0.0006666666666666666 0
