1670591723366 0.0 0
1670591726375 0.0 0
1670591729741 0.0 0
1670591732909 0.0 0
1670591736062 0.0 0
1670591738932 0.0 0
1670591742086 0.0 0
1670591745602 0.0 0
1670591748922 0.0 0
1670591752190 0.0 0
1670591755702 0.0 0
1670591758886 0.0 0
1670591762548 0.0 0
1670591766081 0.0 0
1670591769427 0.0 0
1670591772291 0.0 0
1670591775273 0.0 0
1670591778096 0.0 0
1670591781316 0.0 0
1670591784897 0.0 0
1670591787785 0.0 0
1670591791389 0.0 0
1670591794085 0.0 0
1670591797181 0.0 0
1670591800115 0.0 0
1670591802843 0.0 0
1670591805865 0.0 0
1670591809052 0.0 0
1670591812119 0.0 0
1670591815005 0.0 0
1670591818174 0.0 0
1670591821276 0.0 0
1670591824552 0.0 0
1670591827406 0.0 0
1670591830259 0.0 0
1670591833077 0.0 0
1670591835952 0.0 0
1670591839236 0.0 0
1670591842611 0.0 0
1670591845860 0.0 0
1670591849315 0.0 0
1670591852897 0.0 0
1670591856090 0.0 0
1670591859505 0.0 0
1670591862953 0.0 0
1670591865799 0.0 0
1670591869102 0.0 0
1670591872285 0.0 0
1670591875864 0.0 0
1670591879357 0.0 0
1670591882484 0.0 0
1670591885607 0.0 0
1670591888966 0.0 0
1670591891925 0.0 0
1670591894959 0.0 0
1670591898502 0.0 0
1670591901576 0.0 0
1670591905187 0.0 0
1670591908723 0.0 0
1670591912030 0.0 0
1670591915219 0.0 0
1670591918429 0.0 0
1670591921608 0.0 0
1670591924971 0.0 0
1670591928493 0.0 0
1670591931650 0.0 0
1670591935047 0.0 0
1670591938220 0.0 0
1670591941775 0.0 0
1670591944722 0.0 0
1670591947837 0.0 0
1670591950688 0.0 0
1670591954051 0.0 0
1670591957445 0.0 0
1670591960692 0.0 0
1670591963903 0.0 0
1670591967279 0.0 0
1670591970190 0.0 0
1670591973449 0.0 0
1670591976499 0.0 0
1670591979499 0.0 0
1670591982546 0.0 0
1670591985527 0.0 0
1670591988546 0.0 0
1670591991866 0.0 0
1670591995366 0.0 0
1670591998862 0.0 0
1670592002719 0.0 0
1670592006514 0.0 0
1670592010121 0.0 0
1670592013209 0.0 0
1670592016796 0.0 0
1670592020678 0.0 0
1670592024394 0.0 0
1670592027714 0.0 0
1670592031476 0.0 0
1670592034527 0.0 0
1670592038085 0.0 0
1670592041577 0.0 0
1670592044692 0.0 0
1670592047906 0.0 0
1670592050981 0.0 0
