1670574889862 0.0 0
1670574890523 0.0 0
1670574891074 0.0003333333333333333 0
1670574891868 0.0 0
1670574892418 0.0 0
1670574893080 0.001 0
1670574893523 0.0 0
1670574894185 0.0 0
1670574894976 0.0 0
1670574895669 0.0 0
1670574896231 0.0003333333333333333 0
1670574896935 0.0003333333333333333 0
1670574897457 0.0006666666666666666 0
1670574898080 0.0 0
1670574898765 0.0 0
1670574899474 0.0006666666666666666 0
1670574900042 0.0 0
1670574900593 0.0 0
1670574901164 0.0003333333333333333 0
1670574901707 0.0006666666666666666 0
1670574902399 0.001 0
1670574903036 0.0003333333333333333 0
1670574903631 0.0003333333333333333 0
1670574904401 0.0 0
1670574905054 0.0003333333333333333 0
1670574905742 0.0006666666666666666 0
1670574906667 0.0 0
1670574907349 0.0 0
1670574908077 0.0003333333333333333 0
1670574908733 0.0 0
1670574909423 0.0 0
1670574909898 0.0 0
1670574910733 0.0 0
1670574911313 0.0 0
1670574911650 0.0 0
1670574912312 0.0003333333333333333 0
1670574912894 0.0 0
1670574913673 0.0003333333333333333 0
1670574914546 0.0 0
1670574915406 0.0 0
1670574916168 0.0 0
1670574916919 0.0 0
1670574917669 0.0 0
1670574918429 0.0003333333333333333 0
1670574919310 0.0 0
1670574920017 0.0 0
1670574920630 0.0 0
1670574921309 0.0006666666666666666 0
1670574921798 0.0003333333333333333 0
1670574922455 0.0 0
1670574923271 0.0 0
1670574924032 0.0 0
1670574924717 0.0 0
1670574925640 0.0006666666666666666 0
1670574926024 0.0006666666666666666 0
1670574926361 0.0 0
1670574926732 0.0 0
1670574927089 0.0 0
1670574927831 0.0003333333333333333 0
1670574928597 0.0003333333333333333 0
1670574928948 0.0 0
1670574929612 0.0 0
1670574930055 0.001 0
1670574930789 0.0 0
1670574931469 0.0 0
1670574931988 0.0003333333333333333 0
1670574932666 0.0 0
1670574933411 0.0 0
1670574934192 0.0 0
1670574934678 0.0 0
1670574935343 0.0 0
1670574935831 0.0003333333333333333 0
1670574936371 0.0003333333333333333 0
1670574936955 0.0 0
1670574937511 0.0003333333333333333 0
1670574938103 0.0006666666666666666 0
1670574938580 0.0003333333333333333 0
1670574939173 0.0003333333333333333 0
1670574939664 0.0 0
1670574940134 0.0003333333333333333 0
1670574940668 0.0 0
1670574941166 0.0 0
1670574941852 0.0003333333333333333 0
1670574942536 0.0 0
1670574942889 0.0003333333333333333 0
1670574943619 0.0003333333333333333 0
1670574944494 0.0003333333333333333 0
1670574945099 0.0 0
1670574945527 0.0 0
1670574946024 0.0 0
1670574946894 0.0 0
1670574947565 0.0 0
1670574948348 0.0 0
1670574949090 0.0 0
1670574949658 0.0003333333333333333 0
1670574950338 0.0 0
1670574951127 0.0003333333333333333 0
1670574951713 0.0003333333333333333 0
1670574952521 0.0 0
1670574953166 0.0 0
1670574953887 0.0 0
1670574954574 0.0 0
1670574955295 0.0 0
1670574955805 0.0 0
1670574956570 0.0003333333333333333 0
1670574957388 0.0006666666666666666 0
1670574958404 0.0 0
1670574959307 0.0003333333333333333 0
1670574959938 0.0003333333333333333 0
1670574960744 0.0 0
1670574961648 0.0 0
1670574962223 0.0 0
1670574962839 0.0 0
1670574963658 0.0 0
1670574964559 0.0006666666666666666 0
1670574965326 0.0 0
1670574966278 0.0 0
1670574967406 0.0 0
1670574968435 0.0 0
1670574969307 0.0 0
1670574970359 0.0 0
1670574971268 0.0003333333333333333 0
1670574972037 0.0 0
1670574973013 0.0003333333333333333 0
1670574974039 0.0 0
1670574974820 0.0003333333333333333 0
1670574975620 0.0 0
1670574976381 0.0003333333333333333 0
1670574977103 0.0003333333333333333 0
1670574977731 0.0 0
1670574978433 0.0 0
1670574979037 0.0 0
1670574979760 0.0 0
1670574980637 0.0006666666666666666 0
1670574981295 0.0003333333333333333 0
1670574981896 0.0 0
1670574982659 0.0003333333333333333 0
1670574983366 0.0003333333333333333 0
1670574983996 0.0 0
1670574984556 0.0003333333333333333 0
1670574985168 0.0 0
1670574986040 0.0 0
1670574986682 0.0 0
1670574987318 0.0003333333333333333 0
1670574988208 0.0 0
1670574988808 0.0 0
1670574989233 0.0 0
1670574990117 0.0003333333333333333 0
1670574990863 0.0003333333333333333 0
1670574992007 0.0003333333333333333 0
1670574992582 0.0 0
1670574993239 0.0 0
1670574994220 0.0003333333333333333 0
1670574994859 0.0 0
1670574995597 0.0 0
1670574996331 0.0003333333333333333 0
1670574997140 0.0 0
1670574997625 0.0003333333333333333 0
1670574998202 0.0003333333333333333 0
1670574998883 0.001 0
1670574999663 0.0 0
1670575000338 0.0006666666666666666 0
1670575000955 0.0 0
1670575001774 0.0 0
1670575002376 0.0 0
1670575002903 0.0 0
1670575003729 0.0006666666666666666 0
1670575004577 0.0003333333333333333 0
1670575005103 0.0 0
1670575005731 0.0013333333333333333 0
1670575006391 0.0 0
1670575006905 0.0006666666666666666 0
1670575007694 0.0003333333333333333 0
1670575008518 0.0 0
