1670581366191 0.0 0
1670581366882 0.0 0
1670581367363 0.0009186931155186996 0
1670581368000 0.0007403853613860797 0
1670581368422 0.0006386661920440906 0
1670581368908 0.0005708271881056994 0
1670581369536 0.0005213506426904687 0
1670581369960 0.0004831381218744638 0
1670581370411 0.00045243143254819826 0
1670581371001 0.0005729207605998607 0
1670581371872 0.0005468391594904145 0
1670581372470 0.0005240788735363475 0
1670581373110 0.000503981034726812 0
1670581373701 0.00048605818551922004 0
1670581374241 0.0004699404524693003 0
1670581374674 0.0004553411577090536 0
1670581375172 0.0005241878946692212 0
1670581375936 0.0005107233286229625 0
1670581376387 0.0004982393827925062 0
1670581377101 0.0004866234350379338 0
1670581377864 0.0004757800065754757 0
1670581378392 0.0007010234257949885 0
1670581379094 0.0006871540859331098 0
1670581379492 0.0006740664475803723 0
1670581380065 0.000661690874359563 0
1670581380527 0.0007992718511178786 0
1670581381306 0.0007862163595380096 0
1670581382082 0.0007935717412970496 0
1670581382569 0.0007493443425201089 0
1670581383155 0.0007397253404262425 0
1670581383648 0.0007304354504804846 0
1670581384293 0.0007214594625724107 0
1670581384794 0.0007127826767661216 0
1670581385805 0.00070439098093948 0
1670581386353 0.0006962708934529477 0
1670581387137 0.0006884095812808735 0
1670581387751 0.0006807948610840521 0
1670581388458 0.0006734151885984292 0
1670581389021 0.0006662596402072534 0
1670581389730 0.0006593178894780862 0
1670581390369 0.0006525801806604555 0
1670581390814 0.0006460373005695869 0
1670581391346 0.0006396805498664373 0
1670581391848 0.000633501714441534 0
1670581392492 0.0006274930373892675 0
1670581393090 0.0006400249565967909 0
1670581393531 0.0006343303768038643 0
1670581394092 0.000628779172358929 0
1670581394649 0.000623365784392361 0
1670581395286 0.0006180849205151113 0
1670581395732 0.0006129315421242967 0
1670581396276 0.0006079008519050857 0
1670581396987 0.0006029882816459409 0
1670581397786 0.000677807460794935 0
1670581398328 0.000672619287820945 0
1670581399047 0.0006807948610840521 0
1670581399865 0.000675849649841398 0
1670581400395 0.000671005625114376 0
1670581401134 0.0006662596402072535 0
1670581401612 0.0006739762521575196 0
1670581402415 0.000680950262761046 0
1670581403201 0.0006765300573336 0
1670581403666 0.0006721891514934345 0
1670581404135 0.000678728211296008 0
1670581404930 0.0006745730805619678 0
1670581405419 0.0006704876264277283 0
1670581406162 0.0006664701960563251 0
1670581406785 0.0006625191715641954 0
1670581407593 0.0006586329711122937 0
1670581408050 0.0006548100496375827 0
1670581408889 0.0006510488992838312 0
1670581409343 0.0006473480495816865 0
1670581409959 0.0006437060674204248 0
1670581410742 0.0006401215568473745 0
1670581411175 0.0006469561808549007 0
1670581411819 0.0006434955527634032 0
1670581412615 0.0006400864845762009 0
1670581413231 0.0006367278448693446 0
1670581413955 0.0006432395565771716 0
1670581414716 0.0006399914574492833 0
1670581415566 0.0006367888312792917 0
1670581416023 0.000642949351687613 0
1670581416520 0.0006398493384396373 0
1670581416961 0.0006367904593532547 0
1670581417631 0.0006337719367855966 0
1670581418288 0.0006307930065186379 0
1670581418841 0.0006367442391433266 0
1670581419437 0.0006338547939643641 0
1670581420248 0.0006394626564598377 0
1670581420807 0.0006366594597535095 0
1670581421471 0.0006338896658952661 0
1670581422035 0.0006311527289833502 0
1670581422843 0.0006284481094579832 0
1670581423410 0.0006338850116137031 0
1670581424135 0.0006312564143465004 0
1670581424755 0.0006286574048596477 0
1670581425149 0.0006260875289832725 0
1670581425939 0.0006235463372544625 0
1670581426441 0.0006210333852521056 0
1670581426956 0.0006185482338815617 0
1670581427674 0.0006160904496145536 0
1670581428305 0.0006136596046890931 0
1670581428824 0.0006112552772737653 0
1670581429524 0.00060887705160024 0
1670581430054 0.0006065245180674794 0
1670581430889 0.0006447917008318279 0
1670581431741 0.0006423631430446263 0
1670581432636 0.0006399599031834019 0
1670581433076 0.0006375816010338215 0
1670581433905 0.0006352278618334282 0
1670581434452 0.0006328983163320952 0
1670581434952 0.0006305926008350318 0
1670581435953 0.0006283103572302185 0
1670581436560 0.0006260512330019682 0
1670581437352 0.0006307930065186381 0
1670581437836 0.0006285843392665294 0
1670581438673 0.000626397208745617 0
1670581439291 0.0006242313079014022 0
1670581439881 0.0006288158861980413 0
1670581440525 0.0006331759313101536 0
1670581441195 0.0006310835495071462 0
1670581441731 0.000635258486543701 0
1670581442307 0.0006332116419574263 0
1670581442970 0.0006311827934058229 0
1670581443824 0.0006291717226677154 0
1670581444429 0.0006271782134480198 0
1670581445356 0.0006252020514639422 0
1670581445856 0.0006232430245204542 0
1670581446504 0.0006273688534260847 0
1670581447246 0.0006254495593609559 0
1670581447695 0.0006235463372544626 0
1670581448362 0.0006216589998847596 0
1670581448995 0.000619787361716363 0
1670581449595 0.0006179312389582334 0
1670581450154 0.0006160904496145538 0
1670581450559 0.000614264813528797 0
1670581451083 0.0006183541264676985 0
1670581452269 0.0006165626814414947 0
1670581452827 0.0006147855076984206 0
1670581453285 0.0006130224450684078 0
1670581454271 0.0006112733348880733 0
1670581454947 0.0006095380200354289 0
1670581455725 0.000607816344959902 0
1670581456459 0.0006061081557080436 0
1670581457048 0.000610150590437922 0
1670581457813 0.0006084720577376912 0
1670581458771 0.0006068062719979425 0
1670581459587 0.0006051530954144564 0
1670581460220 0.0006035123915072915 0
1670581461028 0.0006018840251415069 0
1670581461681 0.0006002678625448011 0
1670581462320 0.0005986637713223103 0
1670581462774 0.0005970716204687804 0
1670581463294 0.000595491280378321 0
1670581464027 0.0005939226228519285 0
1670581464579 0.0005923655211029552 0
1670581465351 0.0005908198497606884 0
1670581465814 0.0005892854848721887 0
1670581466414 0.0005877623039025316 0
1670581467043 0.0005862501857335796 0
1670581467627 0.0005847490106614091 0
1670581468188 0.0005832586603925039 0
1670581468993 0.0006101125587413366 0
1670581469798 0.0006352042804867701 0
1670581470697 0.0006336307522240348 0
1670581471649 0.000657140280012549 0
1670581472460 0.0006599083703269183 0
1670581473241 0.0006583231549513448 0
1670581474243 0.0006567484928425976 0
