1670598219999 0.004235401578810695 0
1670598220919 0.0013521932988493652 0
1670598221947 0.00709637161394846 0
1670598222954 0.005565216285962833 0
1670598223804 0.004719220270909318 0
1670598224836 0.005573487600616231 0
1670598225575 0.005104370068274218 0
1670598226636 0.004831381218744638 0
1670598227459 0.004596628146749699 0
1670598228286 0.004317016963140056 0
1670598229266 0.004106758447031322 0
1670598230331 0.004984388102854855 0
1670598231215 0.004860217089069237 0
1670598232007 0.004695123123875183 0
1670598233194 0.004545843296084869 0
1670598233972 0.00462120803471274 0
1670598234873 0.0044786633353039364 0
1670598235696 0.004356143668840542 0
1670598236735 0.004243215907243337 0
1670598237595 0.0042184427691786056 0
1670598238513 0.004210944250576329 0
1670598239375 0.004143823916362653 0
1670598240139 0.00412292451559866 0
1670598241007 0.0040578576201379096 0
1670598242073 0.004033214382019109 0
1670598242897 0.0039672473881688305 0
1670598243727 0.003910690495343252 0
1670598244472 0.0038377480528276955 0
1670598245486 0.003911207317634762 0
1670598246535 0.003847883247422813 0
1670598247389 0.003856247817720148 0
1670598248254 0.003953182887654215 0
1670598249160 0.0038982034232842213 0
1670598249948 0.0038736107322116047 0
1670598250798 0.003819673121737381 0
1670598251803 0.003989775927428546 0
1670598252736 0.003985733280073438 0
1670598253717 0.003934362373604554 0
1670598254728 0.003965396756867416 0
1670598255772 0.004034461212055805 0
1670598256922 0.003986642957388421 0
1670598257896 0.003940485427206818 0
1670598258971 0.003909452732299142 0
1670598260110 0.0038743880006974034 0
1670598260949 0.003845532962972671 0
1670598261927 0.003891729885410258 0
1670598262911 0.0038739102419434717 0
1670598263827 0.0038797225168325893 0
1670598264989 0.0038408182458270538 0
1670598265915 0.0038381101542276953 0
1670598266866 0.003803762732663287 0
1670598268139 0.003767894979329684 0
1670598269168 0.0037330230738408113 0
1670598270178 0.0038348467685688703 0
1670598271348 0.003800829174049516 0
1670598272298 0.003767700944737779 0
1670598273233 0.0037632413324181664 0
1670598274017 0.0038129277127180276 0
1670598274840 0.003805499375882416 0
1670598276084 0.0038484008826320595 0
1670598276954 0.0038182776892962764 0
1670598278005 0.0037954291432592473 0
1670598278931 0.0037740882996522493 0
1670598279946 0.003815182607299122 0
1670598280744 0.003794124138508894 0
1670598281589 0.003948013270106845 0
1670598282432 0.003940595901086846 0
1670598283540 0.003977009036585568 0
1670598284522 0.003955543294191585 0
1670598285484 0.003946406851711835 0
1670598286297 0.003956015475808423 0
1670598287305 0.003935304213276806 0
1670598288226 0.003915471333599265 0
1670598289006 0.003946974116462562 0
1670598289854 0.003926671045024614 0
1670598290686 0.0039020731242658847 0
1670598291704 0.003877460410025838 0
1670598292626 0.0038538043401667665 0
1670598293330 0.003909570029911739 0
1670598294331 0.00389264866811019 0
1670598295215 0.0038738285380136503 0
1670598296096 0.0038552540826577025 0
1670598297023 0.003946841255585514 0
1670598298002 0.003952974680664266 0
1670598298860 0.003934652162460616 0
1670598299664 0.003912987820892503 0
1670598300483 0.0040222762162161856 0
1670598301315 0.004032223874153949 0
1670598302456 0.004010008411554411 0
1670598303456 0.004019259304081024 0
1670598304231 0.0039976577498763806 0
1670598304989 0.003988792130255805 0
1670598306000 0.003983589709519847 0
1670598306886 0.0039878448390042965 0
1670598307870 0.003996845034994645 0
1670598308698 0.003991374355038274 0
1670598309534 0.004094712772443783 0
1670598310405 0.0040867360677962076 0
1670598311190 0.004078651093209632 0
1670598312019 0.004063553797326205 0
1670598313044 0.004047807221424428 0
1670598314126 0.0040287914171221245 0
1670598315188 0.004068658107561801 0
1670598316472 0.004060439105138942 0
