1670614269549 0.016941606315242774 0
1670614272406 0.007155134386486933 0
1670614275264 0.007406740688899176 0
1670614278172 0.007403853613860803 0
1670614281040 0.006759007659733134 0
1670614283921 0.006253098547254726 0
1670614286874 0.006424621185827581 0
1670614290019 0.006836873888911436 0
1670614293034 0.006476076546581463 0
1670614295951 0.007334479773578784 0
1670614298769 0.007149804381443291 0
1670614301672 0.006967042192910685 0
1670614304537 0.006852566950565055 0
1670614307476 0.007021687253370374 0
1670614310304 0.007823384506922442 0
1670614313128 0.007625661687510034 0
1670614316012 0.007402008241970515 0
1670614318934 0.007273699580136387 0
1670614321878 0.007534886595869747 0
1670614324842 0.00768392631647459 0
1670614327764 0.008083102956749272 0
1670614330535 0.00796028001643618 0
1670614333292 0.008223393847234223 0
1670614336025 0.008088797370964464 0
1670614338672 0.00860635694504111 0
1670614341353 0.008472391077117218 0
1670614344073 0.008408413171101083 0
1670614346805 0.008430787456035267 0
1670614349580 0.008286971799988309 0
1670614352344 0.008183569451919809 0
1670614354983 0.008054686287742386 0
1670614357611 0.008183866081655193 0
1670614360250 0.008318441796423007 0
1670614362918 0.008224713498638077 0
1670614365679 0.0081130271818783 0
1670614368489 0.008028787655854568 0
1670614371156 0.008096048393029631 0
1670614373993 0.008629257167329304 0
1670614376877 0.008651945473747409 0
1670614379531 0.008547400286623485 0
1670614382194 0.008508206427490644 0
1670614385115 0.008446831532648053 0
1670614388025 0.008371021085059424 0
1670614390849 0.009133630519599825 0
1670614393632 0.009096609195076676 0
1670614396367 0.009110387531556616 0
1670614399124 0.009020171336728687 0
1670614402098 0.008932572157331668 0
1670614405038 0.00897620709925784 0
1670614407908 0.009080053156424914 0
1670614410469 0.009020089913846924 0
1670614412944 0.008940741949532635 0
1670614415545 0.008898344808191426 0
1670614418021 0.008825897119224962 0
1670614420593 0.008861590187676563 0
1670614423182 0.00892029739109683 0
1670614425725 0.008868064288680463 0
1670614428308 0.008927149218060537 0
1670614430854 0.008854023996946722 0
1670614433650 0.0088813209988787 0
1670614436436 0.00898976487408941 0
1670614439247 0.008918885190205887 0
1670614441888 0.008915259415853097 0
1670614444520 0.008865272990597785 0
1670614447181 0.008878099571695464 0
1670614449859 0.008827552128293885 0
1670614452697 0.008762529035508749 0
1670614455556 0.008737996985041477 0
1670614458394 0.008675423689727456 0
1670614461091 0.00861417569538144 0
1670614463906 0.008624929110202621 0
1670614466701 0.00859777359930896 0
1670614469495 0.008550088424173138 0
1670614472404 0.008528799592907012 0
1670614475360 0.008474223301882904 0
1670614478197 0.008429703266844349 0
1670614481054 0.008409885291205461 0
1670614483924 0.008420648977143431 0
1670614487122 0.008372953881975828 0
1670614490260 0.008401032579112504 0
1670614493163 0.008786866970436596 0
1670614496055 0.008903764014595437 0
1670614498932 0.00894203443690155 0
1670614501672 0.008958563395558332 0
1670614504372 0.008936062895603685 0
1670614507053 0.00889531192073778 0
1670614509899 0.008915544572682496 0
1670614512753 0.008882512850750923 0
1670614515622 0.008870746856839612 0
1670614518577 0.008887264684458857 0
1670614521509 0.008886902543479569 0
1670614524437 0.00890031170310119 0
1670614527356 0.008859999205740543 0
1670614530290 0.008813384129993064 0
1670614532867 0.008896132053815856 0
1670614535477 0.008867915262019133 0
1670614538094 0.008888121099579866 0
1670614540707 0.00908319186721223 0
1670614543306 0.009039200528263076 0
1670614545890 0.00907394078140628 0
1670614548459 0.009029970915002121 0
