1670649578127 0.10478754911004942 0
1670649599327 0.10155556863125675 0
1670649612600 0.10440133785004896 0
1670649634826 0.10529529277837993 0
1670649646883 0.10534939762936107 0
1670649658369 0.1072701531322211 0
1670649669931 0.1049943200214928 0
1670649681463 0.10435323741494407 0
1670649699786 0.10095625474245058 0
1670649711283 0.10499133241930131 0
1670649725487 0.10287914792159893 0
1670649737008 0.10465980277225215 0
1670649751223 0.10838011006936081 0
1670649762740 0.1029830903802262 0
1670649780329 0.10303077480754139 0
1670649792433 0.10741393023550365 0
1670649815909 0.10396403861605864 0
1670649835533 0.10354864097582905 0
1670649861632 0.10883528086907611 0
1670649873105 0.10915646799330625 0
1670649884576 0.10914926194931246 0
1670649896072 0.11663215731304186 0
1670649919073 0.10303885651578011 0
1670649930532 0.10932231193325706 0
1670649949018 0.10791836609117446 0
1670649962435 0.10141618666262871 0
1670649973898 0.10288529316211001 0
1670649985343 0.10979256982464697 0
1670649996827 0.10531773724579757 0
1670650013436 0.10543591336168293 0
