1670591250848 0.0038118614209296303 0
1670591253107 0.003995267856272697 0
1670591255629 0.0032610370605557874 0
1670591258076 0.0029256934387568937 0
1670591260232 0.002577712451801212 0
1670591262443 0.002638185167235024 0
1670591264479 0.0024545437573451684 0
1670591266717 0.002359475642739285 0
1670591269136 0.0022693845203326807 0
1670591271200 0.002131388434636049 0
1670591273410 0.002018236585070308 0
1670591275532 0.0019819481069690177 0
1670591277894 0.002377807945080826 0
1670591280327 0.002280611972342068 0
1670591282709 0.0022041445378208086 0
1670591284878 0.002126789315616797 0
1670591287310 0.0021104666550212864 0
1670591289531 0.002057761903457597 0
1670591291997 0.0020356205771156037 0
1670591294455 0.0019820573345116638 0
1670591296781 0.0020236037307596573 0
1670591299130 0.002024275430544676 0
1670591301725 0.002057638519239945 0
1670591304076 0.00201450032921344 0
1670591306547 0.0019713700533507137 0
1670591309405 0.0019519180215444524 0
1670591312257 0.00193236118668705 0
1670591315296 0.0018960655971270552 0
1670591318358 0.0018423198100390135 0
1670591321139 0.0018370431595401693 0
1670591323911 0.0018081597255704875 0
1670591326643 0.0017823396875363108 0
1670591329279 0.001813569164999563 0
1670591332003 0.0017876218831893 0
1670591334796 0.0017757244855700714 0
1670591337326 0.001767709834493881 0
1670591339944 0.0017447702143543126 0
1670591342953 0.0017433946352329978 0
1670591345673 0.0017296335140965747 0
1670591348249 0.0017085232393068426 0
1670591350847 0.0016956585403807723 0
1670591353470 0.001751480010226153 0
1670591356196 0.0018773120041791576 0
1670591359006 0.0019111358079814628 0
1670591361550 0.0019243688186251463 0
1670591363826 0.0019261515291334672 0
1670591366367 0.0019094810740046871 0
1670591368877 0.001897095604458051 0
1670591371330 0.0018986214720154825 0
1670591373892 0.0018992993649775969 0
1670591376368 0.001919580337789704 0
1670591379237 0.0019378886271395395 0
1670591381969 0.0019321278656110486 0
1670591384649 0.0019151466745099396 0
1670591387399 0.0019006552121910558 0
1670591389948 0.001889854942789317 0
1670591392380 0.001873505941779029 0
1670591394727 0.0018584530638352144 0
1670591397116 0.0018544546327459019 0
1670591399379 0.0018391930560517737 0
1670591401975 0.0018268421645797677 0
1670591404459 0.0018122897282393767 0
1670591407016 0.001800914812951168 0
1670591409515 0.001809941152569672 0
1670591411727 0.001798387585063256 0
1670591413997 0.001823335401088244 0
1670591416224 0.0018144118420578342 0
1670591418323 0.0018144902005275574 0
1670591420839 0.0018188548533443413 0
1670591422870 0.00182940154584596 0
1670591425191 0.0018466442557479807 0
1670591427878 0.0018550651234475963 0
1670591429888 0.0018780871157034907 0
1670591432418 0.0018661419001372763 0
1670591434496 0.0018669454759499089 0
1670591436716 0.0019059241057480375 0
1670591438753 0.0019468342511197465 0
1670591441192 0.0019474185033080153 0
1670591443625 0.0019594187937307106 0
1670591445431 0.002026508499721709 0
1670591447827 0.002016331677011377 0
1670591449984 0.0020077975712796976 0
1670591452220 0.0020038007195578274 0
1670591454553 0.0019922991194959248 0
1670591457258 0.0019851418757859153 0
1670591459522 0.0019757016995195376 0
1670591462335 0.001993087504822833 0
1670591464822 0.0020029188196489644 0
1670591467627 0.001993342745855776 0
1670591469824 0.0020318879282602053 0
1670591471932 0.0020454771560635557 0
1670591474077 0.002034650752235549 0
1670591476416 0.002023994379940842 0
1670591478379 0.002031032387796775 0
1670591480678 0.0020211716136027524 0
1670591483160 0.002019085643459665 0
1670591485232 0.0020113426664552358 0
1670591487643 0.0020020940568836803 0
1670591490126 0.001992137321486423 0
1670591492590 0.0019984849897477976 0
1670591494841 0.002015672880608654 0
