1670566712601 nan 0
1670566714560 nan 0
1670566715979 nan 0
1670566717903 nan 0
1670566719312 nan 0
1670566720795 nan 0
1670566722781 nan 0
1670566724457 nan 0
1670566726251 1.1102230246251565e-16 0
1670566727902 1.1102230246251565e-16 0
1670566729803 nan 0
1670566732038 nan 0
1670566733842 nan 0
1670566736029 1.1102230246251565e-16 0
1670566738356 nan 0
1670566740378 nan 0
1670566741937 1.1102230246251565e-16 0
1670566744024 1.1102230246251565e-16 0
1670566745985 1.1102230246251565e-16 0
1670566748233 1.1102230246251565e-16 0
1670566750240 1.1102230246251565e-16 0
1670566752352 2.220446049250313e-16 0
1670566754763 nan 0
1670566756774 1.1102230246251565e-16 0
1670566758481 1.1102230246251565e-16 0
1670566760344 2.220446049250313e-16 0
1670566761957 2.220446049250313e-16 0
1670566764253 2.220446049250313e-16 0
1670566766016 2.220446049250313e-16 0
1670566768430 3.3306690738754696e-16 0
1670566770593 nan 0
1670566772908 0.00011199222823027322 0
1670566774461 0.00011038368523674791 0
1670566776338 0.00010884243532838234 0
1670566778029 0.0001073639194864584 0
1670566779239 0.00010594399916430408 0
1670566780793 0.00010457890777099133 0
1670566782762 0.0001032652088172048 0
1670566784413 0.00010199975966984631 0
1670566786530 0.00010077968004951199 0
1670566787770 9.960232455480389e-05 0
1670566789484 9.846525862033939e-05 0
1670566790998 9.736623741263273e-05 0
1670566793092 9.630318724929143e-05 0
1670566794990 9.527418919308417e-05 0
1670566797039 9.427746452617125e-05 0
1670566798987 9.33113618557524e-05 0
1670566800748 9.237434563885705e-05 0
1670566801708 9.146498594519992e-05 0
1670566802709 9.058194930389174e-05 0
1670566803615 8.9723990500723e-05 0
1670566804821 8.888994521161209e-05 0
1670566806353 8.807872337335265e-05 0
1670566807692 8.728930320645034e-05 0
1670566808986 8.652072581494252e-05 0
1670566810077 8.577209029897448e-05 0
1670566811589 8.504254932395483e-05 0
1670566813354 8.433130509560849e-05 0
1670566815007 8.363760569901624e-05 0
1670566816547 8.296074176272761e-05 0
1670566818056 8.230004341419628e-05 0
1670566819708 8.165487749761668e-05 0
1670566821233 8.102464502712792e-05 0
1670566822869 8.040877885290287e-05 0
1670566824416 7.980674151891742e-05 0
1670566826044 7.92180232940809e-05 0
1670566827598 7.864214036090722e-05 0
1670566829184 7.807863314651664e-05 0
1670566830380 7.752706478303395e-05 0
1670566831833 7.69870196859479e-05 0
1670566833417 7.645810223966265e-05 0
1670566835095 7.593993558080436e-05 0
1670566836795 7.543216047117829e-05 0
1670566838019 7.49344342519942e-05 0
1670566839521 7.444642987342043e-05 0
1670566840691 7.396783499208359e-05 0
1670566842092 7.349835113207304e-05 0
1670566843503 7.303769290323281e-05 0
1670566845066 7.258558727302189e-05 0
1670566846898 7.214177288694668e-05 0
1670566848161 7.170599943440159e-05 0
1670566849388 7.127802705575448e-05 0
1670566850619 7.085762578834531e-05 0
1670566852029 7.044457504740143e-05 0
1670566853405 7.00386631401484e-05 0
1670566854935 6.963968681045207e-05 0
1670566856823 6.924745081138273e-05 0
1670566858356 6.886176750392492e-05 0
1670566860250 6.848245648022333e-05 0
1670566861938 6.810934420931058e-05 0
1670566863841 6.774226370354075e-05 0
1670566865471 6.738105420511786e-05 0
1670566867169 6.702556089016598e-05 0
1670566868341 6.667563459028525e-05 0
1670566869826 6.633113152965109e-05 0
1670566871043 6.599191307704588e-05 0
1670566872735 6.56578455114909e-05 0
1670566874628 6.532879980097883e-05 0
1670566876174 6.50046513933078e-05 0
1670566878003 6.46852800177955e-05 0
1670566880069 6.437056949837316e-05 0
1670566881529 6.406040757561682e-05 0
1670566883011 6.375468573904808e-05 0
1670566884525 6.345329906737307e-05 0
1670566886417 6.315614607749209e-05 0
1670566887675 6.286312858094778e-05 0
1670566889318 6.257415154770074e-05 0
1670566890542 6.228912297667755e-05 0
1670566892685 6.200795377281354e-05 0
1670566894639 6.173055763003532e-05 0
1670566896767 6.145685092018294e-05 0
1670566898831 6.118675258687256e-05 0
1670566900815 6.0920184044910286e-05 0
1670566902164 6.065706908431334e-05 0
1670566903915 6.039733377860568e-05 0
1670566905008 6.014090639766545e-05 0
1670566906062 5.9887717324735856e-05 0
1670566907332 5.963769897676663e-05 0
1670566908666 8.363760569901624e-05 0
1670566910284 8.329711205729007e-05 0
1670566911828 8.296074176272761e-05 0
1670566912890 8.262841229184081e-05 0
1670566914290 8.230004341419628e-05 0
1670566915512 8.197555711103588e-05 0
1670566916856 8.165487749761668e-05 0
1670566918058 8.133793074860396e-05 0
1670566919554 8.102464502712792e-05 0
1670566920714 8.071495041606092e-05 0
1670566922237 8.040877885290287e-05 0
1670566924009 8.010606406694265e-05 0
1670566925265 7.980674151891742e-05 0
