1670622084081 0.0 0
1670622093315 0.0 0
1670622102382 0.0 0
1670622112233 0.0 0
1670622122888 0.0 0
1670622133030 0.0 0
1670622143213 0.0 0
1670622153120 0.0 0
1670622163497 0.0 0
1670622173655 0.0 0
1670622183417 0.0 0
1670622193235 0.0 0
1670622203020 0.0 0
1670622212647 0.0 0
1670622222292 0.0 0
1670622232158 0.0 0
1670622242807 0.0 0
1670622253126 0.0 0
1670622263986 0.0 0
1670622275168 0.0 0
1670622285295 0.0 0
1670622295393 0.0 0
1670622305322 0.0 0
1670622314982 0.0 0
1670622325795 0.0 0
1670622336365 0.0 0
1670622347091 0.0 0
1670622358036 0.0 0
1670622369129 0.0 0
1670622379759 0.0 0
1670622389893 0.0 0
1670622400159 0.0 0
1670622409976 0.0 0
1670622419816 0.0 0
1670622430223 0.0 0
1670622441016 0.0 0
1670622452000 0.0 0
1670622462908 0.0 0
1670622473450 0.0 0
1670622484173 0.0 0
1670622494976 0.0 0
1670622505483 0.0 0
1670622515173 0.0 0
1670622525629 0.0 0
1670622536028 0.0 0
1670622546471 0.0 0
1670622556183 0.0 0
1670622565971 0.0 0
1670622575569 0.0 0
1670622584975 0.0 0
1670622594209 0.0 0
1670622603664 0.0 0
1670622613310 0.0 0
1670622623119 0.0 0
1670622632546 0.0 0
1670622641849 0.0 0
1670622651426 0.0 0
1670622661159 0.0 0
1670622671246 0.0 0
1670622680980 0.0 0
1670622691071 0.0 0
1670622701580 0.0 0
1670622711665 0.0 0
1670622721363 0.0 0
1670622731043 0.0 0
1670622740670 0.0 0
1670622751063 0.0 0
1670622761223 0.0 0
1670622770650 0.0 0
1670622780417 0.0 0
1670622790614 0.0 0
1670622800916 0.0 0
1670622810635 0.0 0
1670622820931 0.0 0
1670622831527 0.0 0
1670622841148 0.0 0
1670622851217 0.0 0
1670622861223 0.0 0
1670622871278 0.0 0
1670622881289 0.0 0
1670622890837 0.0 0
1670622900053 0.0 0
1670622910210 0.0 0
1670622919984 0.0 0
1670622929813 0.0 0
1670622939866 0.0 0
1670622950156 0.0 0
1670622960470 0.0 0
1670622970151 0.0 0
1670622979966 0.0 0
1670622989748 0.0 0
1670622999634 0.0 0
1670623009140 0.0 0
1670623018185 0.0 0
1670623027919 0.0 0
1670623037147 0.0 0
1670623047436 0.0 0
1670623059063 0.0 0
1670623071024 0.0 0
1670623082925 0.0 0
1670623094537 0.0 0
