1670622074436 0.0 0
1670622084038 0.0 0
1670622093265 0.0 0
1670622102343 0.0 0
1670622112182 0.0 0
1670622122840 0.0 0
1670622133003 0.0 0
1670622143172 0.0 0
1670622153081 0.0 0
1670622163441 0.0 0
1670622173601 0.0 0
1670622183381 0.0 0
1670622193194 0.0 0
1670622202981 0.0 0
1670622212609 0.0 0
1670622222253 0.0 0
1670622232120 0.0 0
1670622242771 0.0 0
1670622253087 0.0 0
1670622263945 0.0 0
1670622275129 0.0 0
1670622285241 0.0 0
1670622295349 0.0 0
1670622305276 0.0 0
1670622314935 0.0 0
1670622325762 0.0 0
1670622336327 0.0 0
1670622347052 0.0 0
1670622357999 0.0 0
1670622369091 0.0 0
1670622379719 0.0 0
1670622389853 0.0 0
1670622400101 0.0 0
1670622409936 0.0 0
1670622419781 0.0 0
1670622430185 0.0 0
1670622440980 0.0 0
1670622451963 0.0 0
1670622462862 0.0 0
1670622473406 0.0 0
1670622484137 0.0 0
1670622494936 0.0 0
1670622505433 0.0 0
1670622515124 0.0 0
1670622525591 0.0 0
1670622535995 0.0 0
1670622546415 0.0 0
1670622556143 0.0 0
1670622565940 0.0 0
1670622575530 0.0 0
1670622584917 0.0 0
1670622594157 0.0 0
1670622603622 0.0 0
1670622613257 0.0 0
1670622623088 0.0 0
1670622632512 0.0 0
1670622641813 0.0 0
1670622651386 0.0 0
1670622661132 0.0 0
1670622671210 0.0 0
1670622680940 0.0 0
1670622691017 0.0 0
1670622701539 0.0 0
1670622711626 0.0 0
1670622721330 0.0 0
1670622731003 0.0 0
1670622740640 0.0 0
1670622751022 0.0 0
1670622761192 0.0 0
1670622770609 0.0 0
1670622780379 0.0 0
1670622790556 0.0 0
1670622800879 0.0 0
1670622810595 0.0 0
1670622820890 0.0 0
1670622831484 0.0 0
1670622841093 0.0 0
1670622851179 0.0 0
1670622861167 0.0 0
1670622871239 0.0 0
1670622881260 0.0 0
1670622890798 0.0 0
1670622900024 0.0 0
1670622910168 0.0 0
1670622919951 0.0 0
1670622929775 0.0 0
1670622939835 0.0 0
1670622950105 0.0 0
1670622960431 0.0 0
1670622970111 0.0 0
1670622979913 0.0 0
1670622989716 0.0 0
1670622999590 0.0 0
1670623009089 0.0 0
1670623018152 0.0 0
1670623027883 0.0 0
1670623037120 0.0 0
1670623047392 0.0 0
1670623059022 0.0 0
1670623070989 0.0 0
1670623082879 0.0 0
1670623094485 0.0 0
