1670606482486 0.0 0
1670606482678 0.0 0
1670606482890 0.0 0
1670606483311 0.0 0
1670606483611 0.0 0
1670606483909 0.0 0
1670606484123 0.0 0
1670606484330 0.0 0
1670606484588 0.0 0
1670606484798 0.0 0
1670606484999 0.0 0
1670606485222 0.0 0
1670606485403 0.0 0
1670606485524 0.0 0
1670606485733 0.0 0
1670606486037 0.0 0
1670606486294 0.0 0
1670606486813 0.0 0
1670606487072 0.0 0
1670606487473 0.0 0
1670606487797 0.0 0
1670606488088 0.0 0
1670606488521 0.0 0
1670606488822 0.0 0
1670606489080 0.0 0
1670606489478 0.0 0
1670606489831 0.0 0
1670606490022 0.0 0
1670606490209 0.0 0
1670606490542 0.0 0
1670606490958 0.0 0
1670606491208 0.0 0
1670606491460 0.0 0
1670606491803 0.0 0
1670606492180 0.0 0
1670606492720 0.0 0
1670606492948 0.0 0
1670606493507 0.0 0
1670606493839 0.0 0
1670606494095 0.0 0
1670606494449 0.0 0
1670606494781 0.0 0
1670606495080 0.0 0
1670606495495 0.0 0
1670606495914 0.0 0
1670606496228 0.0 0
1670606496641 0.0 0
1670606497026 0.0 0
1670606497319 0.0 0
1670606497855 0.0 0
1670606498222 0.0 0
1670606498529 0.0 0
1670606498798 0.0 0
1670606499119 0.0 0
1670606499566 0.0 0
1670606499996 0.0 0
1670606500311 0.0 0
1670606500614 0.0 0
1670606501150 0.0 0
1670606501499 0.0 0
1670606501840 0.0 0
1670606502111 0.0 0
1670606502490 0.0 0
1670606502924 0.0 0
1670606503338 0.0 0
1670606503710 0.0 0
1670606504202 0.0 0
1670606504553 0.0 0
1670606505005 0.0 0
1670606505232 0.0 0
1670606505400 0.0 0
1670606505588 0.0 0
1670606506026 0.0 0
1670606506353 0.0 0
1670606507021 0.0 0
1670606507425 0.0 0
1670606507793 0.0 0
1670606508244 0.0 0
1670606508583 0.0 0
1670606509029 0.0 0
1670606509604 0.0 0
1670606509919 0.0 0
1670606510199 0.0 0
1670606510525 0.0 0
1670606510737 0.0 0
1670606510906 0.0 0
1670606511071 0.0 0
1670606511232 0.0 0
1670606511410 0.0 0
1670606511583 0.0 0
1670606511750 0.0 0
1670606511940 0.0 0
1670606512421 0.0 0
1670606512752 0.0 0
1670606513038 0.0 0
1670606513313 0.0 0
1670606513699 0.0 0
1670606514042 0.0 0
1670606514307 0.0 0
1670606514600 0.0 0
1670606514953 0.0 0
