1670584219929 0.3065 0
1670584223698 0.3071 0
1670584227392 0.308 0
1670584230687 0.3061 0
1670584234592 0.3073 0
1670584237763 0.306 0
1670584241441 0.3072 0
1670584244810 0.3081 0
1670584248205 0.3061 0
1670584251277 0.3062 0
1670584254701 0.3074 0
1670584258273 0.3078 0
1670584262251 0.3068 0
1670584265973 0.3069 0
1670584269179 0.3064 0
1670584272382 0.3075 0
1670584276524 0.3073 0
1670584280182 0.3074 0
1670584283761 0.3086 0
1670584287432 0.3059 0
1670584290858 0.3076 0
1670584294499 0.3083 0
1670584298552 0.307 0
1670584302400 0.3077 0
1670584306301 0.307 0
1670584309990 0.3066 0
1670584313608 0.3071 0
1670584317346 0.3078 0
1670584321306 0.3074 0
1670584325317 0.3089 0
1670584328661 0.3079 0
1670584332101 0.3062 0
1670584335479 0.3062 0
1670584339495 0.3074 0
1670584343315 0.3073 0
1670584346780 0.3077 0
1670584349934 0.307 0
1670584353091 0.3077 0
1670584356638 0.3073 0
1670584360379 0.3084 0
1670584364373 0.3068 0
1670584367891 0.3076 0
1670584371156 0.3071 0
1670584374602 0.307 0
1670584378069 0.3075 0
1670584381910 0.3092 0
1670584385628 0.3072 0
1670584389267 0.3074 0
1670584393007 0.306 0
1670584397008 0.3082 0
1670584400104 0.3069 0
1670584403889 0.3083 0
1670584407231 0.3074 0
1670584410523 0.3082 0
1670584413783 0.3062 0
1670584416964 0.3086 0
1670584420678 0.3068 0
1670584423600 0.3084 0
1670584426761 0.3054 0
1670584429502 0.3084 0
1670584433190 0.3077 0
1670584436703 0.306 0
1670584439856 0.3077 0
1670584443465 0.3069 0
1670584447029 0.3072 0
1670584450406 0.3068 0
1670584453714 0.307 0
1670584457235 0.3086 0
1670584460255 0.3068 0
1670584463092 0.3059 0
1670584466386 0.3078 0
1670584469390 0.3069 0
1670584472209 0.3077 0
1670584475401 0.3088 0
1670584478588 0.3066 0
1670584481775 0.3069 0
1670584485293 0.307 0
1670584488317 0.3083 0
1670584492740 0.3082 0
1670584496173 0.307 0
1670584499209 0.3076 0
1670584502695 0.307 0
1670584506387 0.3077 0
1670584510174 0.3066 0
1670584513088 0.3057 0
1670584516522 0.3075 0
1670584520003 0.3073 0
1670584523909 0.306 0
1670584527445 0.3069 0
1670584530946 0.3064 0
1670584534474 0.3072 0
1670584538021 0.3063 0
1670584541262 0.3074 0
1670584544683 0.3067 0
1670584548247 0.307 0
1670584551435 0.3072 0
1670584555440 0.3081 0
1670584559280 0.308 0
1670584562958 0.3081 0
1670584566146 0.3069 0
1670584569189 0.3069 0
1670584572310 0.3071 0
1670584575717 0.3072 0
1670584578918 0.3056 0
1670584582307 0.3073 0
1670584586343 0.3081 0
1670584589991 0.3073 0
1670584593315 0.308 0
1670584596946 0.3071 0
1670584600250 0.3082 0
1670584603679 0.3072 0
1670584606869 0.3076 0
1670584610231 0.3075 0
1670584613518 0.307 0
1670584616770 0.3076 0
1670584619889 0.3085 0
1670584623516 0.3065 0
1670584627489 0.3069 0
1670584630495 0.3065 0
1670584633381 0.3082 0
1670584636235 0.3081 0
1670584639447 0.3065 0
1670584642637 0.3066 0
1670584646349 0.3067 0
1670584649724 0.3072 0
1670584653807 0.3076 0
1670584657073 0.308 0
1670584660375 0.3073 0
1670584663698 0.307 0
1670584667335 0.3071 0
1670584670643 0.3089 0
1670584674092 0.3064 0
1670584677911 0.3059 0
1670584681448 0.3071 0
1670584685087 0.309 0
1670584688186 0.3077 0
1670584691289 0.3064 0
1670584694408 0.3076 0
1670584697402 0.3065 0
1670584701378 0.3085 0
1670584705120 0.3073 0
1670584708261 0.3092 0
1670584711635 0.3081 0
1670584715448 0.3062 0
1670584718866 0.3092 0
