1670609989030 nan 0
1670609990097 0.0006760966494246829 0
1670609991217 0.0007501097877428587 0
1670609992316 0.0006925670891223797 0
1670609993606 0.0006996237601969497 0
1670609994682 0.0006794202514872033 0
1670609995815 0.0006152947381051513 0
1670609997291 0.0005665296652528695 0
1670609998821 0.000711371599701507 0
1670610000233 0.0006684075540331709 0
1670610001452 0.0006324213202020033 0
1670610002508 0.0006017059575198247 0
1670610003981 0.0005750870443222279 0
1670610005468 0.0005517266864578221 0
1670610007100 0.0005310089463867367 0
1670610008341 0.0005124695651563192 0
1670610009475 0.0005183308628532985 0
1670610010780 0.0005315776941642947 0
1670610012001 0.0005358940938568247 0
1670610013014 0.0005460728650320368 0
1670610014110 0.0006019843441959062 0
1670610015239 0.0005874416870655191 0
1670610016299 0.0005943989086131895 0
1670610017735 0.0005811583931914428 0
1670610019028 0.0005687668991396805 0
1670610020406 0.0005697101413206957 0
1670610021724 0.0005759696433868518 0
1670610023167 0.0005650778322193777 0
1670610024465 0.0005778191234959369 0
1670610025798 0.0005832832798159543 0
1670610027034 0.0006135087104800866 0
1670610028173 0.0006178632647378106 0
1670610029420 0.0006088562600510838 0
1670610030443 0.0006123009420490744 0
1670610031670 0.0006038070033830314 0
1670610032898 0.0006065493140054774 0
1670610033757 0.0006066356312876387 0
1670610035037 0.0006090850738138218 0
1670610036262 0.000601446067642004 0
1670610037347 0.0006017314936273627 0
1670610038561 0.0006040574106444007 0
1670610039616 0.0005970105815361916 0
1670610040722 0.0005989187869335077 0
1670610041671 0.0006003608692275803 0
1670610043040 0.0006013940809974063 0
1670610044300 0.0006578895491938032 0
1670610045508 0.0006510488992838312 0
1670610046639 0.0006520957112687625 0
1670610047673 0.0006527984618872313 0
1670610048834 0.0006463769483523055 0
1670610050058 0.0006401412841554782 0
1670610051172 0.0006407574126340466 0
1670610052407 0.0006411086377064017 0
1670610053783 0.0006412227473342667 0
1670610055037 0.0006415488084672897 0
1670610056078 0.0006416548432476111 0
1670610057319 0.000641562934986541 0
1670610058371 0.0006412927849564168 0
1670610059406 0.0006359404438054875 0
1670610060229 0.0006532335338736107 0
1670610061413 0.0006479455111293394 0
1670610062680 0.0006481154975823463 0
1670610063959 0.0006481167736401437 0
1670610065504 0.0006479645540829555 0
1670610066381 0.0006631462603667343 0
1670610067908 0.0006769795544836078 0
1670610068978 0.0006719874275736723 0
1670610070560 0.0006671041340331637 0
1670610071774 0.0006797207907666872 0
1670610072798 0.0006749313875888893 0
1670610074163 0.0006702418174921576 0
1670610075390 0.000670444461361741 0
1670610076350 0.0006659062383186201 0
1670610077438 0.0006775529807931759 0
1670610078557 0.0006766575758919293 0
1670610080011 0.0006722746988187167 0
1670610081190 0.0006726333898108782 0
1670610082239 0.000668379056689123 0
1670610083436 0.0006686577030536705 0
1670610084658 0.0006680421656937075 0
1670610085815 0.0006683068295933589 0
1670610086838 0.0006684618136806233 0
1670610087947 0.0006644758969503462 0
1670610089222 0.0006605604420863518 0
1670610090243 0.0006709706509152864 0
1670610091310 0.0006703201064639597 0
1670610092520 0.000669611560292518 0
1670610093545 0.0006699761307480793 0
1670610094688 0.0006702418174921578 0
1670610095701 0.0006704149439991572 0
1670610096967 0.0006698994362915319 0
1670610098056 0.0006662981556647073 0
1670610099297 0.0006657722434742165 0
1670610100191 0.0006660466529440328 0
1670610101369 0.0006625777761364866 0
1670610102646 0.0006627999888160084 0
1670610103588 0.0006629441598052595 0
1670610104882 0.0006595904907170747 0
1670610106237 0.0006596928084410643 0
1670610107274 0.0006564201533639545 0
1670610108275 0.0006531957256933858 0
