1670582966057 0.0 0
1670582966357 0.0 0
1670582966712 0.0 0
1670582966948 0.0 0
1670582967246 0.0 0
1670582967716 0.0 0
1670582967959 0.0 0
1670582968489 0.0 0
1670582968711 0.0 0
1670582969152 0.0 0
1670582969471 0.0 0
1670582969722 0.0 0
1670582969961 0.0 0
1670582970206 0.0 0
1670582970646 0.0 0
1670582970872 0.0 0
1670582971236 0.0 0
1670582971448 0.0 0
1670582971749 0.0 0
1670582972033 0.0 0
1670582972484 0.0 0
1670582972775 0.0 0
1670582973061 0.0 0
1670582973342 0.0 0
1670582973608 0.0 0
1670582973825 0.0 0
1670582974317 0.0 0
1670582974537 0.0 0
1670582974789 0.0 0
1670582975102 0.0 0
1670582975526 0.0 0
1670582975850 0.0 0
1670582976059 0.0 0
1670582976314 0.0 0
1670582976543 0.0 0
1670582976836 0.0 0
1670582977285 0.0 0
1670582977571 0.0 0
1670582977883 0.0 0
1670582978214 0.0 0
1670582978552 0.0 0
1670582978768 0.0 0
1670582979168 0.0 0
1670582979476 0.0 0
1670582979871 0.0 0
1670582980370 0.0 0
1670582980605 0.0 0
1670582981087 0.0 0
1670582981390 0.0 0
1670582981621 0.0 0
1670582981916 0.0 0
1670582982280 0.0 0
1670582982524 0.0 0
1670582982793 0.0 0
1670582983264 0.0 0
1670582983577 0.0 0
1670582983830 0.0 0
1670582984042 0.0 0
1670582984245 0.0 0
1670582984528 0.0 0
1670582984751 0.0 0
1670582984980 0.0 0
1670582985242 0.0 0
1670582985555 0.0 0
1670582986010 0.0 0
1670582986216 0.0 0
1670582986680 0.0 0
1670582986923 0.0 0
1670582987186 0.0 0
1670582987448 0.0 0
1670582987789 0.0 0
1670582988050 0.0 0
1670582988548 0.0 0
1670582988782 0.0 0
1670582989020 0.0 0
1670582989261 0.0 0
1670582989789 0.0 0
1670582990058 0.0 0
1670582990297 0.0 0
1670582990543 0.0 0
1670582990948 0.0 0
1670582991190 0.0 0
1670582991405 0.0 0
1670582991641 0.0 0
1670582991894 0.0 0
1670582992216 0.0 0
1670582992430 0.0 0
1670582992816 0.0 0
1670582993195 0.0 0
1670582993467 0.0 0
1670582993720 0.0 0
1670582993991 0.0 0
1670582994243 0.0 0
1670582994674 0.0 0
1670582994925 0.0 0
1670582995171 0.0 0
1670582995627 0.0 0
1670582995888 0.0 0
1670582996129 0.0 0
1670582996374 0.0 0
1670582996605 0.0 0
