1670611926702 0.019 0
1670611927454 0.021333333333333333 0
1670611928653 0.018333333333333333 0
1670611929486 0.024333333333333332 0
1670611930217 0.024666666666666667 0
1670611930777 0.024333333333333332 0
1670611931396 0.02 0
1670611932195 0.016 0
1670611932855 0.023333333333333334 0
1670611933537 0.021 0
1670611934296 0.022333333333333334 0
1670611934822 0.018333333333333333 0
1670611935484 0.028666666666666667 0
1670611936159 0.017 0
1670611937054 0.020666666666666667 0
1670611937899 0.025666666666666667 0
1670611938499 0.02 0
1670611939334 0.02033333333333333 0
1670611940152 0.022 0
1670611940849 0.019333333333333334 0
1670611941689 0.021333333333333333 0
1670611942358 0.024333333333333332 0
1670611943243 0.024333333333333332 0
1670611943916 0.023333333333333334 0
1670611944611 0.017666666666666667 0
1670611945390 0.026333333333333334 0
1670611946035 0.024666666666666667 0
1670611946945 0.021 0
1670611947458 0.021666666666666667 0
1670611948297 0.022 0
1670611949297 0.024 0
1670611949978 0.018 0
1670611950766 0.021333333333333333 0
1670611951690 0.021 0
1670611952476 0.018333333333333333 0
1670611953432 0.02033333333333333 0
1670611954240 0.019666666666666666 0
1670611954949 0.019666666666666666 0
1670611955468 0.018666666666666668 0
1670611955817 0.023 0
1670611956627 0.019 0
1670611957530 0.024666666666666667 0
1670611958262 0.018666666666666668 0
1670611958940 0.016666666666666666 0
1670611959605 0.025 0
1670611960232 0.02 0
1670611961180 0.017666666666666667 0
1670611962088 0.017 0
1670611962812 0.020666666666666667 0
1670611963766 0.022333333333333334 0
1670611964415 0.023666666666666666 0
1670611964781 0.023666666666666666 0
1670611965695 0.020666666666666667 0
1670611966570 0.017666666666666667 0
1670611967223 0.02033333333333333 0
1670611968057 0.018 0
1670611968478 0.022 0
1670611969085 0.023666666666666666 0
1670611969910 0.019 0
1670611971192 0.019333333333333334 0
1670611971936 0.017 0
1670611972701 0.02 0
1670611973613 0.026 0
1670611974403 0.017 0
1670611975478 0.019 0
1670611976196 0.017333333333333333 0
1670611976622 0.021666666666666667 0
1670611977178 0.01633333333333333 0
1670611977811 0.019333333333333334 0
1670611978553 0.021666666666666667 0
1670611979307 0.017666666666666667 0
1670611980055 0.018666666666666668 0
1670611980737 0.02033333333333333 0
1670611981633 0.02033333333333333 0
1670611982442 0.02033333333333333 0
1670611982934 0.019 0
1670611983775 0.024 0
1670611984830 0.024666666666666667 0
1670611985714 0.017333333333333333 0
1670611986259 0.02266666666666667 0
1670611987103 0.02033333333333333 0
1670611987775 0.021 0
1670611988359 0.021 0
1670611989072 0.01633333333333333 0
1670611989826 0.02033333333333333 0
1670611990499 0.016666666666666666 0
1670611991236 0.019666666666666666 0
1670611991967 0.02033333333333333 0
1670611992539 0.023333333333333334 0
1670611993098 0.022 0
1670611993744 0.025333333333333333 0
1670611994278 0.021666666666666667 0
1670611994946 0.019 0
1670611995685 0.017333333333333333 0
1670611996212 0.021333333333333333 0
1670611996796 0.023666666666666666 0
1670611997273 0.020666666666666667 0
1670611997823 0.021 0
1670611998433 0.021333333333333333 0
1670611999096 0.02266666666666667 0
1670611999718 0.017 0
1670612000289 0.022333333333333334 0
1670612000803 0.020666666666666667 0
1670612001452 0.020666666666666667 0
1670612002187 0.025 0
1670612002699 0.022333333333333334 0
1670612003232 0.018333333333333333 0
1670612003860 0.018666666666666668 0
1670612004481 0.02 0
1670612005212 0.027 0
1670612005611 0.019 0
1670612006493 0.018666666666666668 0
1670612007222 0.02 0
1670612007833 0.02033333333333333 0
1670612008440 0.021 0
1670612009045 0.02266666666666667 0
1670612009592 0.024333333333333332 0
1670612009998 0.019666666666666666 0
1670612010453 0.020666666666666667 0
1670612010995 0.02033333333333333 0
1670612011705 0.02266666666666667 0
1670612012467 0.023 0
1670612013073 0.018666666666666668 0
1670612013553 0.018666666666666668 0
1670612014090 0.02 0
1670612014845 0.022333333333333334 0
1670612015580 0.026333333333333334 0
1670612015988 0.023333333333333334 0
1670612016684 0.023 0
1670612017813 0.023 0
1670612018147 0.017 0
1670612018818 0.025 0
1670612019454 0.02266666666666667 0
1670612020076 0.022 0
1670612020579 0.022 0
1670612021132 0.024666666666666667 0
1670612021914 0.025333333333333333 0
1670612022452 0.02666666666666667 0
1670612023152 0.016666666666666666 0
1670612023651 0.023666666666666666 0
1670612024463 0.019 0
1670612025081 0.018333333333333333 0
1670612025708 0.019333333333333334 0
1670612026249 0.020666666666666667 0
1670612026830 0.021666666666666667 0
1670612027454 0.022333333333333334 0
1670612028035 0.025 0
1670612028654 0.019 0
1670612029076 0.021666666666666667 0
1670612029607 0.019 0
1670612030216 0.018666666666666668 0
1670612030830 0.018666666666666668 0
1670612031391 0.021333333333333333 0
1670612032010 0.015333333333333332 0
1670612032562 0.02033333333333333 0
1670612033160 0.02033333333333333 0
1670612033733 0.02033333333333333 0
1670612034284 0.019666666666666666 0
1670612034897 0.019 0
1670612035325 0.02266666666666667 0
1670612035779 0.017333333333333333 0
1670612036284 0.023333333333333334 0
1670612036825 0.02033333333333333 0
1670612037391 0.022333333333333334 0
1670612038001 0.014666666666666666 0
1670612038512 0.017333333333333333 0
1670612039231 0.025 0
1670612039750 0.021666666666666667 0
1670612040428 0.02266666666666667 0
1670612041045 0.017333333333333333 0
1670612041484 0.024666666666666667 0
1670612042136 0.021 0
1670612042657 0.016 0
