1670638126975 0.0 0
1670638128684 0.0 0
1670638130511 0.0 0
1670638132357 0.0 0
1670638133966 0.0 0
1670638135644 0.0005708271881056994 0
1670638137412 0.0005213506426904687 0
1670638139250 0.0004831381218744638 0
1670638140909 0.0006032419100642644 0
1670638142673 0.0005729207605998607 0
1670638144375 0.0005468391594904145 0
1670638145976 0.0005240788735363475 0
1670638147651 0.0005039810347268121 0
1670638149286 0.00048605818551922004 0
1670638151029 0.0004699404524693003 0
1670638152528 0.0004553411577090536 0
1670638154236 0.0004420340450781797 0
1670638156032 0.0005107233286229625 0
1670638157805 0.0004982393827925062 0
1670638159452 0.0004866234350379338 0
1670638161123 0.0004757800065754757 0
1670638162869 0.00052404655795503 0
1670638164479 0.0005600772305160646 0
1670638166075 0.0005503729497674722 0
1670638167820 0.000541127952580992 0
1670638169598 0.0005697101413206956 0
1670638171240 0.000561279473428546 0
1670638172801 0.0005531801243233029 0
1670638174317 0.0006691008455922423 0
1670638175749 0.0006610932025084958 0
1670638177496 0.0006533213281800179 0
1670638179216 0.0006457786910911636 0
1670638180894 0.0006384581805662904 0
1670638182676 0.0006313523541498989 0
1670638184400 0.0006244536187667575 0
1670638186018 0.0006376229025417155 0
1670638187772 0.0006312308062348473 0
1670638189394 0.0006250026329643552 0
1670638191117 0.000618933607242954 0
1670638192897 0.0006130188616206767 0
1670638194642 0.0006072535039097742 0
1670638196410 0.0006016326679347438 0
1670638198260 0.0006143643970136713 0
1670638199913 0.0006090748352830917 0
1670638201583 0.0006039044331411355 0
1670638202964 0.0005988498764707071 0
1670638204520 0.0005939078572889382 0
1670638206173 0.0005890750963246185 0
1670638207691 0.0005843483603843876 0
1670638209246 0.0005797244755449632 0
1670638210990 0.0005919703842362613 0
1670638212791 0.0006028809406069692 0
1670638214414 0.000598602854123341 0
1670638215823 0.0005944034330425638 0
1670638217460 0.0006648854352924317 0
1670638219078 0.0006714684635141148 0
1670638221061 0.0006773498728856857 0
1670638222890 0.0006731948825626698 0
1670638224461 0.0006691008455922422 0
1670638226186 0.0006650671758333919 0
1670638227921 0.0006610932025084958 0
1670638229603 0.0006669243157621932 0
1670638231248 0.0006721891514934346 0
1670638232959 0.0006685302124147149 0
1670638234808 0.0006649170145479669 0
1670638236661 0.0006613493780194865 0
1670638238525 0.0006578270459045315 0
1670638240079 0.0006543496954593189 0
1670638241844 0.0006509169479306217 0
1670638243495 0.000647528377128114 0
1670638245166 0.0006530692265583686 0
1670638246950 0.0006581461083669703 0
1670638248694 0.0006549894867580576 0
1670638250250 0.0006597359411233454 0
1670638251483 0.0006640910866834508 0
1670638252772 0.0006680853613440672 0
1670638254286 0.0006652395727184102 0
1670638255849 0.0006624176912100957 0
1670638257710 0.0006596200156441142 0
1670638259197 0.0006568467814248681 0
1670638260704 0.0006540981671324199 0
1670638262165 0.0006513743004482298 0
1670638263703 0.0006486752634827882 0
1670638265255 0.0006460010975691055 0
1670638266862 0.0006433518075786205 0
1670638268636 0.0006407273658096374 0
1670638270410 0.000638127715492723 0
1670638272095 0.0006355527739525426 0
1670638273536 0.0006755278725160835 0
1670638275055 0.0006728706846172603 0
1670638276597 0.0006702381019458923 0
1670638278398 0.0006676300133848714 0
1670638279880 0.0006650462894436024 0
1670638281637 0.0006687394794181934 0
1670638283355 0.0006662373955904433 0
1670638285067 0.0006637574962642921 0
1670638286707 0.0006612996758472998 0
1670638288372 0.0006588638146090362 0
1670638290013 0.0006625335422286044 0
1670638291613 0.0006601702481743016 0
1670638293248 0.0006578270459045316 0
