1670570818252 0.0550602205245391 0
1670570819505 0.019919051124170785 0
1670570820612 0.012762892650836674 0
1670570821649 0.011683083940267833 0
1670570822775 0.009874572466026403 0
1670570823784 0.010381367767477858 0
1670570824730 0.009513756463513441 0
1670570825726 0.009234291357167742 0
1670570826908 0.008596197218415771 0
1670570828145 0.008082041907051606 0
1670570829251 0.008061705716429841 0
1670570830353 0.008035142386024083 0
1670570831578 0.00865432440933724 0
1670570832710 0.008454317592169018 0
1670570833775 0.008409833544409363 0
1670570834868 0.008133927732424807 0
1670570835965 0.009695508179436915 0
1670570837020 0.009507150543519114 0
1670570837905 0.009326686785280786 0
1670570839017 0.009264087505676408 0
1670570840065 0.009041137979030254 0
1670570841268 0.009204736251205568 0
1670570842605 0.009005893743458011 0
1670570843993 0.009030394176576185 0
1670570845128 0.009064845033282962 0
1670570846230 0.008986005285862415 0
1670570847388 0.008844807561214921 0
1670570848643 0.008746926022314694 0
1670570849902 0.008274400523953587 0
1670570851040 0.008351026524777979 0
1670570852399 0.008225004001224966 0
1670570853464 0.008837146637929335 0
1670570854549 0.008706327303132002 0
1670570855686 0.008747796882533417 0
1670570856912 0.008771141289179538 0
1670570857898 0.008738399945190226 0
1670570858974 0.00879836284529813 0
1670570860072 0.008754974425978182 0
1670570861114 0.00864841434106451 0
1670570862021 0.008841370946302343 0
1670570863034 0.008744898159265244 0
1670570864302 0.008656493431533619 0
1670570865639 0.008576561695811492 0
1670570867098 0.008482362348820792 0
1670570868274 0.008430399019373966 0
1670570869403 0.008451521630020296 0
1670570870373 0.008508824068517863 0
1670570871577 0.008499820281493362 0
1670570872718 0.008500621866740499 0
1670570874046 0.008455736422836188 0
1670570875134 0.008478174722247846 0
1670570876454 0.008612908911823935 0
1670570877687 0.008570457990073617 0
1670570878819 0.00862169788728957 0
1670570879920 0.008841169765862168 0
1670570881151 0.008910173956763915 0
1670570882639 0.008958145690052915 0
1670570883644 0.008993641216011702 0
1670570884936 0.009024844556251597 0
1670570886072 0.008999092930910186 0
1670570887338 0.00897147212340331 0
1670570888762 0.008908461305330594 0
1670570889889 0.008870772935535787 0
1670570890880 0.009031983419821244 0
1670570892143 0.008971427912501544 0
1670570893325 0.008914073184607917 0
1670570894351 0.00885447473595202 0
1670570895425 0.008790085200755037 0
1670570896417 0.00881637558605064 0
1670570897436 0.00880337637376542 0
1670570898650 0.008775964944741449 0
1670570899572 0.008715649340817162 0
1670570900884 0.008672397895036071 0
1670570902097 0.00863600189303481 0
1670570903108 0.008695309015346857 0
1670570904316 0.008665484274924279 0
1670570905542 0.008671822541697006 0
1670570906647 0.008704828474098512 0
1670570907931 0.008651128352885208 0
1670570909105 0.00860613857772416 0
1670570910395 0.008579230976852644 0
1670570911766 0.008528415773763728 0
1670570913168 0.008477507828735714 0
1670570914115 0.008447105925968635 0
1670570915291 0.008398938418622381 0
1670570916591 0.008350531661220014 0
1670570917606 0.008304001121106422 0
1670570918734 0.008267942953823812 0
1670570919611 0.008250608905977883 0
1670570920541 0.008206207191010041 0
1670570921688 0.00819004673189281 0
1670570922910 0.008148439424657677 0
1670570924111 0.008159202279536232 0
1670570925413 0.008116500362417081 0
1670570926579 0.008096777920989166 0
1670570927455 0.00811578128080686 0
1670570928602 0.00808780401399109 0
1670570929875 0.008051203600934816 0
1670570931021 0.008161474018058161 0
1670570931909 0.00814288766190037 0
1670570933230 0.008104042565115481 0
1670570934167 0.008263310576550623 0
1670570935611 0.008232845423891806 0
1670570936797 0.008242224133892445 0
1670570938081 0.008290206352982814 0
1670570939098 0.008252553003539907 0
1670570940355 0.00821441185056277 0
1670570941532 0.008260042065832585 0
1670570942518 0.008265694357859316 0
1670570943608 0.00827047069282235 0
1670570945168 0.008246779034504013 0
1670570946071 0.008214714217713089 0
1670570947327 0.008240836823204749 0
1670570948653 0.008207758195978375 0
1670570949833 0.008173722486056426 0
1670570950795 0.008140105753017733 0
1670570951717 0.008121429141541112 0
1670570953188 0.00809150263304187 0
1670570954442 0.008085962226152592 0
1670570955694 0.00808757721681437 0
1670570956813 0.008126808179012825 0
1670570957920 0.008097507754505483 0
1670570959079 0.008065092766730363 0
1670570960275 0.008032774869451913 0
1670570961472 0.00804297702072234 0
1670570962433 0.008016302670358244 0
1670570963714 0.007990336020426925 0
1670570964830 0.008154220224150521 0
1670570965984 0.00812845019842439 0
1670570967220 0.00819987669473251 0
1670570967954 0.00817108527399716 0
1670570968641 0.008140701574249551 0
1670570970002 0.008111580323632711 0
1670570971220 0.008098712346873621 0
1670570972750 0.008083295678017313 0
1670570974113 0.008125825345676824 0
1670570975720 0.008112635041589829 0
1670570976556 0.008083408553176165 0
1670570977773 0.00805880017826955 0
1670570979000 0.00807939687461022 0
1670570980058 0.008060309597572715 0
1670570981085 0.008091126922777983 0
1670570982316 0.008064855966505212 0
1670570983630 0.008043154775874584 0
1670570984850 0.008015672391088607 0
1670570986040 0.00798892969177404 0
1670570987225 0.007972724669687424 0
1670570988472 0.007945940633411468 0
1670570989470 0.008023997643300869 0
1670570990997 0.008000373012209606 0
1670570992465 0.007980517231171762 0
1670570993693 0.008070774305582958 0
1670570994608 0.00807442326173434 0
1670570996012 0.008050862944445902 0
1670570997253 0.008025022176715135 0
1670570998931 0.008031669483528868 0
1670571000071 0.008015030889965816 0
1670571001197 0.008064527725965089 0
1670571002216 0.008133112564116515 0
1670571003546 0.00817763900637461 0
1670571004758 0.008185382478716766 0
1670571006179 0.008169769405638488 0
1670571007726 0.008146566126957057 0
1670571008837 0.008186764021139839 0
1670571009999 0.008196429815764343 0
1670571010946 0.008185168219254434 0
1670571012347 0.008221188147812787 0
1670571013639 0.008197260519365215 0
1670571014744 0.00817802051878707 0
1670571015452 0.00815512977728168 0
1670571016761 0.008252671389294731 0
1670571017978 0.00822951647420428 0
