1670582624916 0.0 0
1670582625700 0.0003333333333333333 0
1670582626621 0.0 0
1670582627417 0.0003333333333333333 0
1670582628222 0.0 0
1670582629150 0.0003333333333333333 0
1670582629887 0.0 0
1670582630874 0.0 0
1670582631596 0.0 0
1670582632315 0.0 0
1670582633066 0.0003333333333333333 0
1670582634100 0.0 0
1670582634971 0.0 0
1670582635881 0.0 0
1670582636717 0.0 0
1670582637470 0.0003333333333333333 0
1670582638544 0.0 0
1670582639352 0.0 0
1670582640249 0.0 0
1670582641352 0.0 0
1670582642374 0.0 0
1670582643159 0.0 0
1670582643983 0.0006666666666666666 0
1670582644916 0.0 0
1670582645788 0.0 0
1670582646827 0.0 0
1670582647561 0.0 0
1670582648283 0.0 0
1670582649015 0.0 0
1670582649790 0.0 0
1670582650556 0.0 0
1670582651327 0.0 0
1670582652056 0.0006666666666666666 0
1670582653089 0.0 0
1670582654214 0.0 0
1670582654948 0.0003333333333333333 0
1670582655813 0.0 0
1670582656567 0.0003333333333333333 0
1670582657366 0.0 0
1670582658291 0.0 0
1670582659086 0.0003333333333333333 0
1670582660040 0.0 0
1670582660993 0.0 0
1670582661869 0.0003333333333333333 0
1670582662611 0.0 0
1670582663373 0.0003333333333333333 0
1670582664500 0.0 0
1670582665303 0.0 0
1670582666176 0.0 0
1670582666974 0.0 0
1670582668028 0.0 0
1670582669088 0.0 0
1670582669815 0.0 0
1670582670532 0.0 0
1670582671329 0.0 0
1670582672114 0.0 0
1670582672864 0.0 0
1670582673698 0.0 0
1670582674399 0.0003333333333333333 0
1670582675153 0.0 0
1670582675853 0.0 0
1670582676665 0.0 0
1670582677483 0.0 0
1670582678314 0.0 0
1670582679102 0.0003333333333333333 0
1670582679987 0.0 0
1670582681033 0.0 0
1670582681707 0.0 0
1670582682535 0.0 0
1670582683213 0.0 0
1670582683951 0.0 0
1670582684667 0.0 0
1670582685471 0.0 0
1670582686165 0.0 0
1670582686938 0.0 0
1670582687802 0.0 0
1670582688562 0.0 0
1670582689470 0.0 0
1670582690194 0.0 0
1670582690896 0.0 0
1670582691777 0.0 0
1670582692568 0.0 0
1670582693549 0.0 0
1670582694562 0.0 0
1670582695409 0.0 0
1670582696174 0.0 0
1670582697268 0.0 0
1670582698190 0.0 0
1670582699117 0.0 0
1670582700181 0.0003333333333333333 0
1670582700924 0.0 0
1670582701993 0.0 0
1670582702745 0.0 0
1670582703474 0.0 0
1670582704470 0.0 0
1670582705634 0.0 0
1670582706691 0.0 0
1670582707539 0.0003333333333333333 0
1670582708350 0.0 0
1670582709132 0.0 0
1670582709926 0.0 0
1670582710696 0.0 0
1670582711441 0.0 0
1670582712222 0.0 0
1670582713094 0.0 0
1670582714176 0.0003333333333333333 0
1670582715155 0.0 0
1670582716045 0.0 0
1670582717059 0.0003333333333333333 0
1670582717995 0.0 0
1670582718787 0.0 0
1670582719624 0.0 0
1670582720600 0.0 0
1670582721327 0.0 0
1670582722158 0.0 0
1670582723032 0.0 0
1670582723960 0.0003333333333333333 0
1670582724945 0.0 0
1670582725697 0.0 0
1670582726695 0.0 0
1670582727770 0.0 0
1670582728549 0.0003333333333333333 0
1670582729273 0.0 0
1670582730029 0.0003333333333333333 0
1670582731053 0.0 0
1670582731908 0.0 0
1670582732670 0.0 0
1670582733636 0.0003333333333333333 0
1670582734544 0.0 0
1670582735318 0.0 0
1670582736375 0.0 0
1670582737303 0.0003333333333333333 0
1670582738073 0.0 0
1670582738996 0.0 0
1670582740029 0.0 0
1670582740973 0.0 0
1670582741713 0.0 0
1670582742705 0.0 0
1670582743411 0.0 0
1670582744317 0.0 0
1670582745277 0.0 0
1670582746344 0.0003333333333333333 0
1670582747093 0.0003333333333333333 0
1670582748041 0.0 0
1670582748863 0.0 0
1670582749628 0.0 0
1670582750361 0.0 0
1670582751144 0.0 0
1670582752040 0.0 0
1670582752778 0.0 0
1670582753707 0.0003333333333333333 0
1670582754449 0.0 0
1670582755234 0.0 0
1670582756060 0.0 0
1670582756816 0.0 0
1670582757564 0.0 0
1670582758330 0.0 0
1670582759378 0.0 0
1670582760382 0.0 0
1670582761461 0.0 0
1670582762522 0.0003333333333333333 0
1670582763365 0.0 0
1670582764349 0.0003333333333333333 0
1670582765123 0.0 0
1670582765857 0.0003333333333333333 0
1670582766610 0.0 0
1670582767680 0.0 0
1670582768512 0.0 0
1670582769218 0.001 0
1670582769950 0.0003333333333333333 0
1670582770950 0.0 0
