1670630633254 0.0 0
1670630633737 0.0 0
1670630634270 0.0 0
1670630634845 0.0 0
1670630635378 0.0 0
1670630635909 0.0 0
1670630636437 0.0 0
1670630636964 0.0 0
1670630637494 0.0 0
1670630638102 0.0 0
1670630638754 0.0 0
1670630639281 0.0 0
1670630639884 0.0 0
1670630640442 0.0 0
1670630641019 0.0 0
1670630641591 0.0 0
1670630642147 0.0 0
1670630642749 0.0 0
1670630643303 0.0 0
1670630643927 0.0 0
1670630644453 0.0 0
1670630645021 0.0 0
1670630645611 0.0 0
1670630646155 0.0 0
1670630646659 0.0 0
1670630647176 0.0 0
1670630647666 0.0 0
1670630648197 0.0 0
1670630648831 0.0 0
1670630649385 0.0 0
1670630649876 0.0 0
1670630650507 0.0 0
1670630651132 0.0 0
1670630651732 0.0 0
1670630652335 0.0 0
1670630652946 0.0 0
1670630653549 0.0 0
1670630654136 0.0 0
1670630654735 0.0 0
1670630655325 0.0 0
1670630655943 0.0 0
1670630656476 0.0 0
1670630657111 0.0 0
1670630657707 0.0 0
1670630658232 0.0 0
1670630658799 0.0 0
1670630659430 0.0 0
1670630660041 0.0 0
1670630660785 0.0 0
1670630661392 0.0 0
1670630661995 0.0 0
1670630662594 0.0 0
1670630663229 0.0 0
1670630663860 0.0 0
1670630664490 0.0 0
1670630665084 0.0 0
1670630665580 0.0 0
1670630666193 0.0 0
1670630666712 0.0 0
1670630667327 0.0 0
1670630667858 0.0 0
1670630668458 0.0 0
1670630668985 0.0 0
1670630669539 0.0 0
1670630670140 0.0 0
1670630670766 0.0 0
1670630671380 0.0 0
1670630672012 0.0 0
1670630672649 0.0 0
1670630673304 0.0 0
1670630673952 0.0 0
1670630674494 0.0 0
1670630675059 0.0 0
1670630675669 0.0 0
1670630676271 0.0 0
1670630676799 0.0 0
1670630677390 0.0 0
1670630677924 0.0 0
1670630678489 0.0 0
1670630679122 0.0 0
1670630679734 0.0 0
1670630680354 0.0 0
1670630680984 0.0 0
1670630681522 0.0 0
1670630682127 0.0 0
1670630682739 0.0 0
1670630683365 0.0 0
1670630683975 0.0 0
1670630684502 0.0 0
1670630685091 0.0 0
1670630685738 0.0 0
1670630686346 0.0 0
1670630686969 0.0 0
1670630687588 0.0 0
1670630688180 0.0 0
1670630688740 0.0 0
1670630689287 0.0 0
1670630689743 0.0 0
1670630690210 0.0 0
1670630690645 0.0 0
1670630691151 0.0 0
1670630691818 0.0 0
