1670575343125 0.0 0
1670575343236 0.0 0
1670575343615 0.0 0
1670575343691 0.0 0
1670575343838 0.0 0
1670575343992 0.0 0
1670575344362 0.0 0
1670575344620 0.0 0
1670575344710 0.0 0
1670575345039 0.0 0
1670575345277 0.0 0
1670575345497 0.0 0
1670575345778 0.0 0
1670575345863 0.0 0
1670575346003 0.0 0
1670575346198 0.0 0
1670575346582 0.0 0
1670575346745 0.0 0
1670575346843 0.0 0
1670575347245 0.0 0
1670575347403 0.0 0
1670575347768 0.0 0
1670575347956 0.0 0
1670575348196 0.0 0
1670575348444 0.0 0
1670575348718 0.0 0
1670575348918 0.0 0
1670575349088 0.0 0
1670575349769 0.0 0
1670575349837 0.0 0
1670575349985 0.0 0
1670575350118 0.0 0
1670575350266 0.0 0
1670575350481 0.0 0
1670575350640 0.0 0
1670575350886 0.0 0
1670575350957 0.0 0
1670575351354 0.0 0
1670575351515 0.0 0
1670575351681 0.0 0
1670575351851 0.0 0
1670575352254 0.0 0
1670575352580 0.0 0
1670575352770 0.0 0
1670575353079 0.0 0
1670575353330 0.0 0
1670575353589 0.0 0
1670575353799 0.0 0
1670575354074 0.0 0
1670575354358 0.0 0
1670575354558 0.0 0
1670575354756 0.0 0
1670575354918 0.0 0
1670575355158 0.0 0
1670575355412 0.0 0
1670575355515 0.0 0
1670575355661 0.0 0
1670575355841 0.0 0
1670575356066 0.0 0
1670575356371 0.0 0
1670575356706 0.0 0
1670575356851 0.0 0
1670575356931 0.0 0
1670575357261 0.0 0
1670575357371 0.0 0
1670575357502 0.0 0
1670575357710 0.0 0
1670575357961 0.0 0
1670575358177 0.0 0
1670575358372 0.0 0
1670575358612 0.0 0
1670575358808 0.0 0
1670575358935 0.0 0
1670575359070 0.0 0
1670575359278 0.0 0
1670575359412 0.0 0
1670575359555 0.0 0
1670575359811 0.0 0
1670575359943 0.0 0
1670575360275 0.0 0
1670575360398 0.0 0
1670575360570 0.0 0
1670575360702 0.0 0
1670575360925 0.0 0
1670575361185 0.0 0
1670575361317 0.0 0
1670575361444 0.0 0
1670575361811 0.0 0
1670575361998 0.0 0
1670575362304 0.0 0
1670575362446 0.0 0
1670575362655 0.0 0
1670575362823 0.0 0
1670575363017 0.0 0
1670575363260 0.0 0
1670575363510 0.0 0
1670575363801 0.0 0
1670575364100 0.0 0
1670575364301 0.0 0
1670575364535 0.0 0
1670575364747 0.0 0
1670575364931 0.0 0
