1670572434452 0.0 0
1670572434677 0.0 0
1670572434904 0.0 0
1670572434973 0.0 0
1670572435177 0.0 0
1670572435375 0.0 0
1670572435577 0.0 0
1670572435793 0.0 0
1670572435935 0.0 0
1670572436285 0.0 0
1670572436357 0.0 0
1670572436533 0.0 0
1670572436801 0.0 0
1670572436953 0.0 0
1670572437344 0.0 0
1670572437434 0.0 0
1670572437599 0.0 0
1670572437715 0.0 0
1670572437940 0.0 0
1670572438068 0.0 0
1670572438379 0.0 0
1670572438526 0.0 0
1670572438640 0.0 0
1670572438920 0.0 0
1670572439232 0.0 0
1670572439403 0.0 0
1670572439471 0.0 0
1670572439724 0.0 0
1670572439938 0.0 0
1670572440262 0.0 0
1670572440332 0.0 0
1670572440735 0.0 0
1670572440979 0.0 0
1670572441111 0.0 0
1670572441189 0.0 0
1670572441415 0.0 0
1670572441767 0.0 0
1670572441844 0.0 0
1670572442100 0.0 0
1670572442631 0.0 0
1670572442770 0.0 0
1670572442925 0.0 0
1670572443221 0.0 0
1670572443522 0.0 0
1670572443769 0.0 0
1670572443984 0.0 0
1670572444118 0.0 0
1670572444395 0.0 0
1670572444505 0.0 0
1670572444831 0.0 0
1670572445098 0.0 0
1670572445315 0.0 0
1670572445551 0.0 0
1670572445674 0.0 0
1670572445925 0.0 0
1670572446171 0.0 0
1670572446384 0.0 0
1670572446653 0.0 0
1670572446837 0.0 0
1670572447047 0.0 0
1670572447300 0.0 0
1670572447480 0.0 0
1670572447653 0.0 0
1670572447850 0.0 0
1670572448120 0.0 0
1670572448332 0.0 0
1670572448556 0.0 0
1670572448646 0.0 0
1670572448930 0.0 0
1670572449236 0.0 0
1670572449369 0.0 0
1670572449536 0.0 0
1670572449651 0.0 0
1670572449844 0.0 0
1670572449951 0.0 0
1670572450389 0.0 0
1670572450655 0.0 0
1670572450814 0.0 0
1670572451026 0.0 0
1670572451288 0.0 0
1670572451446 0.0 0
1670572451570 0.0 0
1670572451881 0.0 0
1670572452199 0.0 0
1670572452390 0.0 0
1670572452632 0.0 0
1670572452828 0.0 0
1670572452968 0.0 0
1670572453106 0.0 0
1670572453328 0.0 0
1670572453690 0.0 0
1670572453962 0.0 0
1670572454123 0.0 0
1670572454320 0.0 0
1670572454507 0.0 0
1670572454791 0.0 0
1670572454980 0.0 0
1670572455191 0.0 0
1670572455286 0.0 0
1670572455572 0.0 0
1670572455791 0.0 0
