1670602587250 0.0 0
1670602590672 0.0 0
1670602594250 0.0 0
1670602597587 0.0 0
1670602601046 0.0 0
1670602604769 0.0 0
1670602608454 0.0 0
1670602611631 0.0 0
1670602615262 0.0 0
1670602618223 0.0 0
1670602621371 0.0 0
1670602624745 0.0 0
1670602628099 0.0 0
1670602631405 0.0 0
1670602634869 0.0 0
1670602637893 0.0 0
1670602641449 0.0 0
1670602644528 0.0 0
1670602647800 0.0 0
1670602651081 0.0 0
1670602654264 0.0 0
1670602657529 0.0 0
1670602660779 0.0 0
1670602664084 0.0 0
1670602667669 0.0 0
1670602671032 0.0 0
1670602674475 0.0 0
1670602678385 0.0 0
1670602681724 0.0 0
1670602684791 0.0 0
1670602688847 0.0 0
1670602692333 0.0 0
1670602695890 0.0 0
1670602699669 0.0 0
1670602703332 0.0 0
1670602706832 0.0 0
1670602710687 0.0 0
1670602714753 0.0 0
1670602718131 0.0 0
1670602721850 0.0 0
1670602725409 0.0 0
1670602728716 0.0 0
1670602732092 0.0 0
1670602735978 0.0 0
1670602739383 0.0 0
1670602743243 0.0 0
1670602747537 0.0 0
1670602751268 0.0 0
1670602754731 0.0 0
1670602758465 0.0 0
1670602762119 0.0 0
1670602765709 0.0 0
1670602769304 0.0 0
1670602773119 0.0 0
1670602777056 0.0 0
1670602780461 0.0 0
1670602784404 0.0 0
1670602788391 0.0 0
1670602792060 0.0 0
1670602795849 0.0 0
1670602800163 0.0 0
1670602804119 0.0 0
1670602808210 0.0 0
1670602811826 0.0 0
1670602815409 0.0 0
1670602818979 0.0 0
1670602822671 0.0 0
1670602826510 0.0 0
1670602829969 0.0 0
1670602834058 0.0 0
1670602837438 0.0 0
1670602841193 0.0 0
1670602845003 0.0 0
1670602848713 0.0 0
1670602852471 0.0 0
1670602856486 0.0 0
1670602860440 0.0 0
1670602864121 0.0 0
1670602868255 0.0 0
1670602872217 0.0 0
1670602876618 0.0 0
1670602880250 0.0 0
1670602882906 0.0 0
1670602885009 0.0 0
1670602887055 0.0 0
1670602888948 0.0 0
1670602890871 0.0 0
1670602893039 0.0 0
1670602895586 0.0 0
1670602897696 0.0 0
1670602899590 0.0 0
1670602901373 0.0 0
1670602903212 0.0 0
1670602905142 0.0 0
1670602907407 0.0 0
1670602909419 0.0 0
1670602911365 0.0 0
1670602913228 0.0 0
1670602915361 0.0 0
1670602917453 0.0 0
1670602919390 0.0 0
1670602921487 0.0 0
