1670583747933 nan 0
1670583749858 0.003380483247123414 0
1670583751813 0.0022967327887967485 0
1670583753532 0.0018135663484220182 0
1670583755207 0.0015447274366151393 0
1670583756837 0.0013687955115406361 0
1670583758451 0.001303376606726172 0
1670583760486 0.0016384010849900025 0
1670583762316 0.00178600615005646 0
1670583764125 0.0016839279441159655 0
1670583765726 0.0016267890573816936 0
1670583767432 0.0015502462142390028 0
1670583769270 0.0020270492713773285 0
1670583770891 0.0020131170017467313 0
1670583772538 0.0019759066118872235 0
1670583774421 0.0025433972912227497 0
1670583776094 0.002524823244286976 0
1670583778019 0.002502023109724058 0
1670583779477 0.002429621412981214 0
1670583780837 0.0023631735373302832 0
1670583782604 0.0023019048390029973 0
1670583784342 0.0022810999904896434 0
1670583786142 0.002321201941677716 0
1670583787522 0.002294797817452441 0
1670583789181 0.002270773276112606 0
1670583790592 0.002268644359483837 0
1670583791908 0.002224158106256948 0
1670583793454 0.002188030369053341 0
1670583794932 0.0020601215050583587 0
1670583796457 0.0020504462654421527 0
1670583798221 0.0020186333985263453 0
1670583799987 0.0019890447157737473 0
1670583801946 0.0020828038470014714 0
1670583803678 0.0020529561870953265 0
1670583805430 0.0020283379825723983 0
1670583806914 0.0021399638854999016 0
1670583808551 0.0021143485100010013 0
1670583810408 0.002089618601299521 0
1670583811954 0.002065725176942565 0
1670583813598 0.0020431200521196374 0
1670583815255 0.0020212275893723053 0
1670583816722 0.0019975866873390515 0
1670583818191 0.0019843345179105677 0
1670583819757 0.001964743802147341 0
1670583821758 0.0019455021574895513 0
1670583823189 0.002004944711180493 0
1670583824682 0.0020158783359643063 0
1670583826389 0.0020428797649465805 0
1670583827933 0.0020497637817125467 0
1670583829451 0.0020413723020115647 0
1670583831000 0.0020253958776540217 0
1670583832890 0.002009762754684526 0
1670583834511 0.0019965528903552222 0
1670583835946 0.002014459718876881 0
1670583837492 0.0019994270763989963 0
1670583839317 0.0019819266378613633 0
1670583841126 0.0019740261082047254 0
1670583842696 0.001966054190149209 0
1670583844335 0.001955603658817381 0
1670583845913 0.001942061173406962 0
1670583847363 0.0019287834761878434 0
1670583848883 0.0019192958910628404 0
1670583850350 0.0019342752726982482 0
1670583851708 0.001944465250501767 0
1670583853217 0.00195355427422075 0
1670583854975 0.00195118778274552 0
1670583856442 0.0019414857333305297 0
1670583857855 0.0019281210255281229 0
1670583859573 0.0019150274434251004 0
1670583861208 0.0019304737790886459 0
1670583862752 0.0019194692300463561 0
1670583864435 0.0019475217253233186 0
1670583865955 0.0019363582579455688 0
1670583867744 0.001961918134930328 0
1670583869896 0.001985511081436941 0
1670583871395 0.0020065894327015096 0
1670583872781 0.0019986167548100846 0
1670583874314 0.00198759719267798 0
1670583875824 0.001979938224522074 0
1670583877165 0.0019736412215984873 0
1670583878818 0.0019663016943683373 0
1670583880164 0.001973871258968112 0
1670583881956 0.0019621232492518757 0
1670583883692 0.0019548180695032127 0
1670583885332 0.0019434643336116325 0
1670583886967 0.0019330939506293282 0
1670583888327 0.001943911107490298 0
1670583890084 0.0019338501685146402 0
1670583891672 0.0019329049896071467 0
1670583893237 0.0019625788916440945 0
1670583894909 0.0019525398518569687 0
1670583896525 0.0019438714415380503 0
1670583897768 0.0019652311926496233 0
1670583899538 0.001955603658817381 0
1670583900999 0.0019461151568736135 0
1670583902856 0.0019521600673797174 0
1670583904569 0.0019455804037502732 0
1670583906165 0.0019716499574867928 0
1670583907736 0.0019736252332466916 0
1670583909390 0.0019753278969479593 0
1670583910894 0.0019709849551591487 0
1670583912158 0.001972313285091753 0
1670583913608 0.0019678308181563086 0
1670583914895 0.002010771180346708 0
1670583916462 0.002004804435297328 0
1670583917888 0.0019961599806308456 0
1670583919246 0.002012762735889224 0
1670583920849 0.002004305721239694 0
1670583922775 0.0020097700809698664 0
1670583924183 0.0020019259726394515 0
1670583925817 0.0020007795609888112 0
1670583927278 0.0019931531826935817 0
1670583928844 0.0019982648748359186 0
1670583930431 0.0019939289209461707 0
1670583932196 0.001986544223358486 0
1670583933652 0.001982244702720233 0
1670583935178 0.001989250368803628 0
1670583936717 0.0019884454816800684 0
1670583938367 0.0019808362575536326 0
1670583940312 0.0019935961365129488 0
1670583941785 0.001985432722842035 0
1670583943306 0.0019773687768017928 0
1670583945227 0.0019763461085178383 0
1670583947055 0.0019696336776246996 0
1670583948452 0.001962383571382893 0
1670583950006 0.001961401420552096 0
1670583951625 0.0020045169984322176 0
1670583953442 0.001997175761673569 0
1670583954927 0.0020214266141723846 0
