1670614179108 nan 0
1670614187052 4.440892098500626e-16 0
1670614194833 nan 0
1670614202791 nan 0
1670614210605 3.3306690738754696e-16 0
1670614218273 2.220446049250313e-16 0
1670614226147 nan 0
1670614234150 nan 0
1670614242132 nan 0
1670614249817 nan 0
1670614257990 2.220446049250313e-16 0
1670614266205 2.220446049250313e-16 0
1670614274521 2.220446049250313e-16 0
1670614282681 4.440892098500626e-16 0
1670614290685 nan 0
1670614298763 nan 0
1670614306797 2.220446049250313e-16 0
1670614314788 2.220446049250313e-16 0
1670614323069 2.220446049250313e-16 0
1670614331573 2.220446049250313e-16 0
1670614340197 4.440892098500626e-16 0
1670614348908 4.440892098500626e-16 0
1670614357650 2.220446049250313e-16 0
1670614366392 2.220446049250313e-16 0
1670614375126 2.220446049250313e-16 0
1670614383868 2.220446049250313e-16 0
1670614392563 2.220446049250313e-16 0
1670614401269 4.440892098500626e-16 0
1670614407837 4.440892098500626e-16 0
1670614414789 4.440892098500626e-16 0
1670614422364 nan 0
1670614429644 nan 0
1670614437838 nan 0
1670614446298 2.220446049250313e-16 0
1670614454705 2.220446049250313e-16 0
1670614462672 2.220446049250313e-16 0
1670614471348 2.220446049250313e-16 0
1670614479607 2.220446049250313e-16 0
1670614488001 nan 0
1670614496460 2.220446049250313e-16 0
1670614504961 4.440892098500626e-16 0
1670614513014 4.440892098500626e-16 0
1670614521109 6.661338147750939e-16 0
1670614529428 6.661338147750939e-16 0
1670614537290 8.881784197001252e-16 0
1670614545399 8.881784197001252e-16 0
1670614553075 2.220446049250313e-16 0
1670614561061 2.220446049250313e-16 0
1670614568928 4.440892098500626e-16 0
1670614576785 4.440892098500626e-16 0
1670614584456 6.661338147750939e-16 0
1670614592379 6.661338147750939e-16 0
1670614600355 6.661338147750939e-16 0
1670614608212 8.881784197001252e-16 0
1670614615973 2.220446049250313e-16 0
1670614623459 2.220446049250313e-16 0
1670614631324 4.440892098500626e-16 0
1670614639445 4.440892098500626e-16 0
1670614646786 6.661338147750939e-16 0
1670614654564 6.661338147750939e-16 0
1670614662520 6.661338147750939e-16 0
1670614670040 8.881784197001252e-16 0
1670614678156 2.220446049250313e-16 0
1670614686031 2.220446049250313e-16 0
1670614693817 4.440892098500626e-16 0
1670614701598 4.440892098500626e-16 0
1670614709415 4.440892098500626e-16 0
1670614717149 6.661338147750939e-16 0
1670614725247 6.661338147750939e-16 0
1670614732616 6.661338147750939e-16 0
1670614740030 2.220446049250313e-16 0
1670614747349 2.220446049250313e-16 0
1670614754519 4.440892098500626e-16 0
1670614761208 4.440892098500626e-16 0
1670614767793 4.440892098500626e-16 0
1670614774304 6.661338147750939e-16 0
1670614780205 6.661338147750939e-16 0
1670614786149 6.661338147750939e-16 0
1670614792066 2.220446049250313e-16 0
1670614798225 2.220446049250313e-16 0
1670614804303 2.220446049250313e-16 0
1670614810615 4.2766816233497096e-05 0
1670614816693 4.2514575472996086e-05 0
1670614822922 4.2266745028496366e-05 0
1670614828856 4.202319788415565e-05 0
1670614834949 4.178381208630455e-05 0
1670614841220 4.1548470486874045e-05 0
1670614847453 4.1317060502366054e-05 0
1670614853729 4.10894738881451e-05 0
1670614860044 4.0865606525608555e-05 0
1670614866381 4.064535822212445e-05 0
1670614873303 4.042863252307072e-05 0
1670614879938 4.0215336534088486e-05 0
1670614886577 4.000538075421556e-05 0
1670614893386 3.979867891779065e-05 0
1670614900045 3.959514784623863e-05 0
1670614907135 3.939470730696115e-05 0
1670614914089 5.514977653731101e-05 0
1670614921295 5.4878991567197666e-05 0
1670614928287 5.4612154228417253e-05 0
1670614935491 5.434916958235725e-05 0
1670614942400 5.4089945854540744e-05 0
1670614949319 6.560939931987697e-05 0
1670614955840 6.530546119709602e-05 0
1670614962213 6.500570327405697e-05 0
1670614968626 6.471003072183734e-05 0
1670614974969 6.441835169190835e-05 0
1670614981345 6.413057719745208e-05 0
1670614987788 6.384662099934157e-05 0
1670614994442 6.356639949867127e-05 0
1670615001269 6.328983163328417e-05 0
1670615008706 6.301683878029429e-05 0
1670615016183 6.27473446626059e-05 0
1670615023653 6.248127525942948e-05 0
1670615030878 6.221855872157178e-05 0
1670615038177 6.19591252903895e-05 0
1670615045568 6.170290721985161e-05 0
1670615052958 6.14498387032647e-05 0
1670615060481 6.11998558019966e-05 0
1670615067997 6.0952896378085875e-05 0
1670615075279 6.0708900029848856e-05 0
1670615081741 6.046780802970719e-05 0
1670615088790 6.022956326534601e-05 0
1670615095733 5.9994110182870486e-05 0
1670615102687 5.976139473284903e-05 0
1670615109574 5.9531364318243796e-05 0
1670615116418 5.930396774445068e-05 0
1670615123373 5.907915517222584e-05 0
1670615132693 5.8856878071278373e-05 0
1670615140655 5.863708917686061e-05 0
1670615145093 5.841974244757964e-05 0
1670615153627 5.820479302498516e-05 0
1670615162634 6.670754535087475e-05 0
1670615170120 6.646759449790984e-05 0
1670615176520 6.623021114204874e-05 0
1670615183809 6.599534988327438e-05 0
1670615190245 6.576296643590052e-05 0
1670615194527 6.553301759393282e-05 0
1670615202138 7.274479719066029e-05 0
