1670629610040 0.0677664252609711 0
1670629612489 0.0209916849944497 0
1670629614953 0.013488947153679987 0
1670629617494 0.012815833218140005 0
1670629619978 0.010958291026926303 0
1670629622384 0.013162075159280529 0
1670629624986 0.01436183478564207 0
1670629627756 0.017733538529241588 0
1670629630495 0.01692322714997535 0
1670629633274 0.01596515200107751 0
1670629636078 0.015308932942572906 0
1670629638810 0.018553226539197776 0
1670629641220 0.018428430808466068 0
1670629644246 0.01769111580641919 0
1670629646681 0.0186243154145595 0
