1670616541746 0.0012706204736432096 0
1670616551594 0.0004056579896548098 0
1670616561414 0.0002756079346556099 0
1670616571603 0.00022211560841582396 0
1670616581463 0.00024235677976870032 0
1670616590943 0.0002210804193095783 0
1670616600324 0.00022895375860502691 0
1670616609449 0.0002174121548435087 0
1670616617446 0.00022164523066790226 0
1670616625476 0.00021436731959346137 0
1670616633452 0.00020751087093141493 0
1670616641367 0.00020112118427662316 0
1670616648949 0.00020703133595600208 0
1670616657287 0.00020221242816329264 0
1670616665548 0.00019759066118872235 0
1670616673977 0.00019318489222164303 0
1670616682045 0.00018899863322073936 0
1670616689875 0.00018502710420358168 0
1670616697708 0.00018126120018494587 0
1670616706215 0.00018846844597761648 0
1670616714611 0.00019372455162847553 0
1670616723216 0.00019085051785699446 0
1670616731965 0.0001880532527984296 0
1670616740400 0.00019255189165909436 0
1670616748814 0.000190111251023381 0
1670616757314 0.00018772051044570477 0
1670616765996 0.00018538450870620997 0
1670616774870 0.00018310614525161048 0
1670616782972 0.00017334573704878113 0
1670616791684 0.00017152416126698945 0
1670616800469 0.00017624356990527743 0
1670616808527 0.0001745786064129204 0
1670616817207 0.0001786095969715285 0
1670616825401 0.00017708429494416044 0
1670616833196 0.00017557483134160163 0
1670616840980 0.00017408375452383147 0
1670616849230 0.00020319375347764936 0
1670616857649 0.0002050029662176165 0
1670616866150 0.0002064950190917563 0
1670616874436 0.00020505631370689375 0
1670616882839 0.00020638742179630032 0
1670616891511 0.0002050618586917843 0
1670616900054 0.00020373997786145992 0
1670616908297 0.00020242420990106564 0
1670616916656 0.00020111656952935463 0
1670616924784 0.00019981872106254153 0
1670616933997 0.00019853203295227618 0
1670616942971 0.00020015625806535316 0
1670616951156 0.0002015620710542067 0
1670616959425 0.00020042983407253471 0
1670616967877 0.00019930276823717204 0
1670616976412 0.00020065090563308195 0
1670616984951 0.00019959296263426788 0
1670616993484 0.00019853919553433288 0
1670617001877 0.00019983376187093918 0
1670617010128 0.00019884119739189772 0
1670617018400 0.000197852027044573 0
1670617027022 0.00019686718573724458 0
1670617035545 0.00019588748130280239 0
1670617043937 0.0001949136100930388 0
1670617052067 0.00019394617054327039 0
1670617061083 0.0001929856749953645 0
1670617070172 0.00019203256002254352 0
1670617079306 0.00019108719546218634 0
1670617088205 0.00019014989233187703 0
1670617096625 0.00019173677781366463 0
1670617105132 0.0001908422161074313 0
1670617113900 0.00018995463616881017 0
1670617122940 0.00018907428743245936 0
1670617131618 0.0001882013793040914 0
1670617139339 0.000189772696782249 0
1670617147745 0.00018893636209354564 0
1670617156473 0.00022424117975075575 0
1670617164921 0.00022321801423037061 0
1670617173328 0.00022220482258518347 0
1670617181365 0.00022120164711394018 0
1670617188636 0.00022020850999595782 0
1670617195513 0.00021922541559422508 0
1670617201833 0.0002182523525110489 0
1670617207628 0.0002190070240947639 0
1670617213667 0.00021807218466997786 0
1670617219700 0.00021714632603214923 0
1670617225698 0.0002162294396400849 0
1670617231753 0.0002153215055432587 0
1670617237613 0.00021442249366139835 0
1670617243389 0.0002135323649350923 0
1670617249220 0.0002126510723609207 0
1670617254958 0.00021177856192309687 0
1670617260835 0.00021091477343227708 0
1670617266393 0.00021005964128102363 0
1670617272089 0.00020921309512437206 0
1670617277696 0.00020837506049304212 0
1670617283089 0.00020754545934602663 0
