1670569437150 0.004235401578810698 0
1670569438144 0.0023420674952612684 0
1670569438682 0.0015002195754857174 0
1670569439494 0.0013851341782447593 0
1670569440008 0.0012773323840881811 0
1670569440641 0.0013588405029744065 0
1670569441301 0.001564051928071406 0
1670569441859 0.001584074266469262 0
1670569442472 0.001679354404510662 0
1670569443165 0.001718762281799582 0
1670569443880 0.0016359541386762769 0
1670569444579 0.0016497326108382982 0
1670569445391 0.0016492068677678978 0
1670569446338 0.0016400135749230623 0
1670569447050 0.0016254971730702448 0
1670569448141 0.0015685605172233593 0
1670569448811 0.0015471191577736286 0
1670569449637 0.0015392470211537774 0
1670569450125 0.0014947181483775187 0
1670569450852 0.001486659150667172 0
1670569451533 0.001448057213532832 0
1670569452157 0.0014401874525067145 0
1670569453001 0.0014354180707153914 0
1670569453559 0.0014288512823428985 0
1670569454022 0.001420936276881903 0
1670569454913 0.0014120145052025504 0
1670569455672 0.0014023480022663994 0
1670569456546 0.0014048243545174135 0
1670569457258 0.0013217989189558054 0
1670569457878 0.0013005097495400683 0
1670569458570 0.0012963943204340567 0
1670569459357 0.0012769078643025576 0
1670569459974 0.001282110618621645 0
1670569460660 0.0012638079891640975 0
1670569461273 0.001246267396836029 0
1670569462013 0.0013061653439582247 0
1670569462770 0.0012888767735348963 0
1670569463416 0.0012880402721044517 0
1670569463897 0.0012897926514519626 0
1670569464573 0.0012739763408161368 0
1670569465268 0.0012587279658777394 0
1670569466146 0.0012587718382564336 0
1670569466935 0.0012581614721403648 0
1670569467887 0.0013773222940101368 0
1670569468300 0.0013755311310800675 0
1670569468659 0.00136082531865282 0
1670569469001 0.0013589066176311368 0
1670569469423 0.0013586672153504027 0
1670569470376 0.0013568966540908373 0
1670569471342 0.0013547377710239146 0
1670569472245 0.0013416897346810155 0
1670569472885 0.0013394889612746113 0
1670569473534 0.0013270949241710993 0
1670569474167 0.0013150386672214245 0
1670569474824 0.0013033051217742455 0
1670569475630 0.001291880143773117 0
1670569476236 0.0012807504420735663 0
1670569476890 0.001269903513437487 0
1670569477589 0.001268894371279096 0
1670569478216 0.0012676082814425758 0
1670569478836 0.00126607252271607 0
1670569479443 0.0012561194663298961 0
1670569480018 0.0012592069502022091 0
1670569480474 0.0012495741552878737 0
1670569480870 0.001240159075455987 0
1670569481613 0.001274669667412421 0
1670569482232 0.0012738765967365364 0
1670569483073 0.0012728606320434827 0
1670569483970 0.0012716411588580001 0
1670569484868 0.0012627480610659257 0
1670569485540 0.0012540389435262867 0
1670569485974 0.0012565197563404668 0
1670569486344 0.0012556586392464617 0
1670569487056 0.0012861565082739523 0
1670569487812 0.0012875000131915917 0
1670569488727 0.0012867673393588059 0
1670569489789 0.001355553194022181 0
1670569490760 0.0013544454394466157 0
1670569491453 0.001353179726125666 0
1670569492272 0.0013448201737993408 0
1670569493218 0.0013366136591867173 0
1670569494111 0.0013369236273612466 0
1670569495012 0.0013359432190573135 0
1670569495858 0.0013348226862485216 0
1670569496648 0.001327064978374474 0
1670569497693 0.0013194409737038106 0
1670569498644 0.0013200720190105395 0
1670569499508 0.001312649862127718 0
1670569500374 0.0013053515071747817 0
1670569501175 0.001298173550299701 0
1670569501991 0.0012988232462939992 0
1670569502923 0.001291828926987209 0
1670569503782 0.0012923684804361675 0
1670569504808 0.0012921567131919543 0
1670569505725 0.0012926735651803136 0
1670569506729 0.001292470332315572 0
1670569507572 0.001285865601204122 0
1670569508532 0.0013065759960198984 0
1670569509238 0.0013000273649436279 0
1670569509999 0.0012999005548600545 0
1670569510977 0.0012935153106687538 0
1670569511678 0.0012872232463250366 0
1670569512495 0.0012810221173675154 0
1670569513446 0.0013004056629618444 0
1670569514336 0.0012942571383850856 0
1670569515106 0.0012881950107335746 0
1670569515547 0.0012822172754128032 0
1670569515918 0.001276321992344989 0
1670569516288 0.0012705072833236893 0
1670569516695 0.0012707828936942551 0
1670569517110 0.0012650975202911732 0
1670569518016 0.0012653131320449246 0
1670569518788 0.001259753134894428 0
1670569519212 0.0012542657941039892 0
1670569519644 0.001254880095003135 0
1670569520404 0.0012553816574754448 0
1670569521029 0.0012557760435834122 0
1670569521733 0.0012562604686838603 0
1670569522362 0.0012566414924389897 0
1670569523061 0.0012569241065100891 0
1670569523717 0.001257477973489301 0
1670569524336 0.0012743306167798305 0
1670569525121 0.0012691821407914317 0
1670569525980 0.001269529593849672 0
1670569526722 0.0012644817424715008 0
1670569527436 0.0012647773614838165 0
1670569528456 0.0013064831443462136 0
1670569528929 0.0013066033960305238 0
1670569529721 0.0013066426563600362 0
1670569530432 0.0013066045856854839 0
1670569530925 0.00130164620394186 0
1670569531854 0.0013015728955605428 0
1670569532547 0.0013014292624346784 0
