1670697805542 0.0001 0
1670697807290 0.0001 0
1670697810117 0.0 0
1670697812528 0.0003 0
1670697814898 0.0001 0
1670697816847 0.0001 0
1670697818928 0.0006 0
1670697821249 0.0001 0
1670697823068 0.0004 0
1670697824963 0.0001 0
1670697827417 0.0001 0
1670697829635 0.0003 0
1670697831921 0.0003 0
1670697834371 0.0001 0
1670697836868 0.0001 0
1670697839212 0.0003 0
1670697841681 0.0001 0
1670697843953 0.0001 0
1670697846429 0.0002 0
1670697848459 0.0002 0
1670697851230 0.0005 0
1670697852965 0.0 0
1670697855207 0.0002 0
1670697857137 0.0003 0
1670697859831 0.0001 0
1670697862015 0.0 0
1670697864296 0.0003 0
1670697866708 0.0002 0
1670697869193 0.0003 0
1670697871582 0.0002 0
1670697873799 0.0003 0
1670697876209 0.0002 0
1670697878415 0.0004 0
1670697880587 0.0002 0
1670697882148 0.0001 0
1670697883833 0.0002 0
1670697885884 0.0003 0
1670697888097 0.0001 0
1670697890488 0.0001 0
1670697892746 0.0 0
1670697894745 0.0 0
1670697896911 0.0 0
1670697898822 0.0001 0
1670697900766 0.0003 0
1670697902686 0.0001 0
1670697904630 0.0 0
1670697906577 0.0 0
1670697908884 0.0004 0
1670697911438 0.0001 0
1670697913645 0.0007 0
1670697915540 0.0 0
1670697917251 0.0002 0
1670697919245 0.0006 0
1670697921190 0.0001 0
1670697923722 0.0001 0
1670697926589 0.0001 0
1670697928874 0.0002 0
1670697931383 0.0003 0
1670697933591 0.0003 0
1670697936291 0.0002 0
1670697938571 0.0003 0
1670697940848 0.0002 0
1670697942593 0.0002 0
1670697944714 0.0004 0
1670697946912 0.0004 0
1670697949076 0.0004 0
1670697951052 0.0002 0
1670697953484 0.0003 0
1670697955368 0.0 0
1670697957539 0.0004 0
1670697959744 0.0001 0
1670697961799 0.0001 0
1670697963868 0.0002 0
1670697966064 0.0002 0
1670697968306 0.0 0
1670697970415 0.0 0
1670697972580 0.0003 0
1670697974701 0.0002 0
1670697976987 0.0001 0
1670697979723 0.0002 0
1670697982305 0.0004 0
1670697984897 0.0001 0
1670697987540 0.0004 0
1670697990163 0.0002 0
1670697991991 0.0003 0
1670697993726 0.0002 0
1670697995427 0.0001 0
1670697996806 0.0001 0
1670697998124 0.0 0
1670697999545 0.0002 0
1670698000849 0.0001 0
1670698002208 0.0001 0
1670698003780 0.0 0
1670698005273 0.0002 0
1670698006706 0.0003 0
1670698008076 0.0002 0
1670698009904 0.0001 0
1670698011587 0.0003 0
1670698013374 0.0 0
1670698015268 0.0001 0
1670698016911 0.0 0
1670698018701 0.0001 0
1670698020471 0.0003 0
1670698022111 0.0 0
1670698023769 0.0002 0
1670698025417 0.0003 0
1670698027062 0.0001 0
1670698028705 0.0001 0
1670698030352 0.0 0
1670698032028 0.0 0
1670698033658 0.0 0
1670698035287 0.0001 0
1670698036913 0.0001 0
1670698038541 0.0003 0
1670698040191 0.0002 0
1670698041839 0.0002 0
1670698043483 0.0 0
1670698045107 0.0 0
1670698046750 0.0001 0
1670698048387 0.0001 0
1670698050025 0.0001 0
1670698051671 0.0003 0
1670698053304 0.0002 0
1670698054931 0.0003 0
1670698056565 0.0001 0
1670698058187 0.0001 0
1670698059827 0.0002 0
1670698061458 0.0001 0
1670698063107 0.0002 0
1670698064737 0.0004 0
1670698066362 0.0001 0
1670698068009 0.0001 0
1670698069643 0.0001 0
1670698071276 0.0003 0
1670698072921 0.0004 0
1670698074556 0.0 0
1670698076196 0.0006 0
1670698077832 0.0001 0
1670698079460 0.0002 0
1670698081094 0.0004 0
1670698082760 0.0 0
1670698084386 0.0 0
1670698086038 0.0003 0
1670698087668 0.0002 0
1670698089301 0.0001 0
1670698090933 0.0003 0
1670698092567 0.0004 0
1670698094132 0.0 0
1670698095063 0.0001 0
1670698096009 0.0001 0
1670698096945 0.0004 0
1670698097882 0.0003 0
1670698098815 0.0002 0
1670698099747 0.0002 0
1670698100680 0.0002 0
1670698101625 0.0004 0
1670698102559 0.0002 0
1670698103493 0.0001 0
1670698104425 0.0003 0
1670698105358 0.0003 0
1670698106303 0.0001 0
1670698107240 0.0003 0
1670698108178 0.0001 0
1670698109115 0.0001 0
1670698110060 0.0002 0
1670698110995 0.0001 0
1670698111929 0.0004 0
1670698112859 0.0001 0
1670698113782 0.0001 0
1670698114715 0.0001 0
1670698115651 0.0 0
1670698116591 0.0002 0
1670698117528 0.0001 0
1670698118467 0.0001 0
1670698119403 0.0003 0
1670698120339 0.0002 0
1670698121266 0.0002 0
1670698122195 0.0004 0
1670698123134 0.0002 0
1670698124068 0.0001 0
1670698125000 0.0003 0
1670698125928 0.0 0
1670698126860 0.0003 0
1670698127793 0.0002 0
1670698128726 0.0001 0
1670698129660 0.0002 0
1670698130598 0.0002 0
1670698131540 0.0001 0
1670698132474 0.0002 0
1670698133402 0.0001 0
1670698134332 0.0003 0
1670698135261 0.0003 0
1670698136190 0.0003 0
1670698137132 0.0 0
1670698138057 0.0001 0
1670698138985 0.0 0
1670698139929 0.0002 0
1670698140862 0.0001 0
1670698141791 0.0001 0
1670698142734 0.0004 0
1670698143670 0.0002 0
1670698144606 0.0 0
1670698145543 0.0001 0
1670698146482 0.0002 0
1670698147416 0.0001 0
1670698148354 0.0001 0
1670698149290 0.0001 0
1670698150220 0.0004 0
1670698151151 0.0001 0
1670698152086 0.0001 0
1670698153025 0.0002 0
1670698153961 0.0001 0
1670698154890 0.0001 0
1670698155815 0.0001 0
1670698156744 0.0 0
1670698157672 0.0001 0
1670698158599 0.0005 0
1670698159535 0.0001 0
1670698160460 0.0005 0
1670698161390 0.0002 0
1670698162326 0.0001 0
1670698163250 0.0003 0
1670698164178 0.0002 0
1670698165111 0.0004 0
1670698166042 0.0002 0
1670698166969 0.0002 0
1670698167909 0.0 0
1670698168845 0.0001 0
1670698169781 0.0 0
1670698170720 0.0 0
1670698171651 0.0004 0
1670698172586 0.0 0
1670698173525 0.0003 0
1670698174456 0.0001 0
1670698175391 0.0002 0
1670698176332 0.0002 0
1670698177263 0.0 0
1670698178197 0.0002 0
1670698179129 0.0002 0
1670698180057 0.0002 0
1670698180994 0.0001 0
1670698181932 0.0002 0
1670698182863 0.0 0
1670698183798 0.0 0
1670698184733 0.0 0
1670698185673 0.0003 0
1670698186600 0.0004 0
1670698187536 0.0 0
1670698188471 0.0001 0
1670698189410 0.0 0
1670698190338 0.0 0
1670698191269 0.0001 0
1670698192196 0.0002 0
1670698193119 0.0003 0
1670698194050 0.0001 0
1670698194971 0.0004 0
1670698195899 0.0001 0
1670698196830 0.0004 0
1670698197769 0.0001 0
1670698198701 0.0002 0
1670698199621 0.0002 0
1670698200543 0.0002 0
1670698201470 0.0003 0
1670698202396 0.0003 0
1670698203317 0.0 0
1670698204251 0.0 0
1670698205181 0.0003 0
1670698206117 0.0003 0
1670698207043 0.0002 0
1670698207967 0.0001 0
1670698208902 0.0001 0
1670698209832 0.0004 0
1670698210772 0.0001 0
1670698211696 0.0004 0
1670698212630 0.0002 0
1670698213554 0.0002 0
1670698214491 0.0003 0
1670698215427 0.0002 0
1670698216361 0.0003 0
1670698217287 0.0001 0
1670698218219 0.0004 0
1670698219156 0.0003 0
1670698220080 0.0001 0
1670698221008 0.0001 0
1670698221930 0.0 0
1670698222856 0.0001 0
1670698223783 0.0002 0
1670698224703 0.0 0
1670698225618 0.0001 0
1670698226534 0.0002 0
1670698227450 0.0002 0
1670698228362 0.0003 0
1670698229287 0.0002 0
1670698230205 0.0003 0
1670698231116 0.0002 0
1670698232040 0.0006 0
1670698232988 0.0002 0
1670698233906 0.0 0
1670698234827 0.0 0
1670698235740 0.0004 0
1670698236658 0.0 0
1670698237583 0.0002 0
1670698238510 0.0 0
1670698239421 0.0001 0
