1670606345226 0.0016666666666666668 0
1670606345756 0.001 0
1670606346342 0.0006666666666666666 0
1670606347086 0.001 0
1670606347951 0.0003333333333333333 0
1670606348886 0.001 0
1670606349758 0.0006666666666666666 0
1670606350529 0.0016666666666666668 0
1670606351276 0.0013333333333333333 0
1670606351922 0.001 0
1670606352528 0.0 0
1670606353157 0.0013333333333333333 0
1670606354204 0.001 0
1670606355080 0.0003333333333333333 0
1670606355823 0.0016666666666666668 0
1670606356255 0.0013333333333333333 0
1670606356898 0.0016666666666666668 0
1670606357558 0.0003333333333333333 0
1670606358271 0.001 0
1670606358670 0.0003333333333333333 0
1670606359316 0.0006666666666666666 0
1670606360161 0.0006666666666666666 0
1670606360913 0.0003333333333333333 0
1670606361505 0.0003333333333333333 0
1670606361952 0.0003333333333333333 0
1670606362407 0.0003333333333333333 0
1670606363736 0.001 0
1670606364442 0.0016666666666666668 0
1670606365189 0.0006666666666666666 0
1670606365828 0.0006666666666666666 0
1670606366470 0.0006666666666666666 0
1670606367190 0.0013333333333333333 0
1670606367886 0.0003333333333333333 0
1670606368680 0.001 0
1670606369299 0.0016666666666666668 0
1670606369956 0.0003333333333333333 0
1670606370718 0.0006666666666666666 0
1670606371236 0.0003333333333333333 0
1670606372186 0.0013333333333333333 0
1670606373112 0.0013333333333333333 0
1670606373844 0.002 0
1670606374567 0.0003333333333333333 0
1670606375389 0.0006666666666666666 0
1670606376184 0.0003333333333333333 0
1670606376938 0.0003333333333333333 0
1670606377515 0.001 0
1670606378188 0.0013333333333333333 0
1670606378957 0.002 0
1670606379503 0.0003333333333333333 0
1670606380215 0.001 0
1670606381019 0.0006666666666666666 0
1670606382065 0.003 0
1670606382914 0.0016666666666666668 0
1670606383977 0.0013333333333333333 0
1670606384646 0.0013333333333333333 0
1670606385730 0.0003333333333333333 0
1670606386866 0.0006666666666666666 0
1670606387989 0.001 0
1670606389110 0.001 0
1670606390217 0.002 0
1670606391304 0.0013333333333333333 0
1670606392354 0.001 0
1670606393086 0.0006666666666666666 0
1670606393952 0.001 0
1670606394956 0.0006666666666666666 0
1670606395677 0.0006666666666666666 0
1670606396565 0.0023333333333333335 0
1670606397515 0.0026666666666666666 0
1670606398322 0.002 0
1670606398780 0.0026666666666666666 0
1670606399435 0.001 0
1670606400282 0.0013333333333333333 0
1670606475141 0.0006666666666666666 0
1670606475665 0.001 0
1670606476378 0.0 0
1670606476993 0.0003333333333333333 0
1670606477959 0.001 0
1670606478634 0.0013333333333333333 0
1670606479444 0.0026666666666666666 0
1670606480103 0.0003333333333333333 0
1670606480697 0.001 0
1670606481687 0.0003333333333333333 0
1670606482349 0.0003333333333333333 0
1670606482967 0.0016666666666666668 0
1670606483885 0.0006666666666666666 0
1670606484329 0.001 0
1670606484834 0.0016666666666666668 0
1670606485312 0.0006666666666666666 0
1670606485699 0.0003333333333333333 0
1670606486664 0.0003333333333333333 0
1670606487734 0.0003333333333333333 0
1670606488640 0.0006666666666666666 0
1670606489777 0.0006666666666666666 0
1670606490151 0.0023333333333333335 0
1670606490953 0.001 0
1670606491983 0.0013333333333333333 0
1670606492929 0.0006666666666666666 0
1670606493968 0.0003333333333333333 0
1670606494842 0.0003333333333333333 0
1670606495649 0.0006666666666666666 0
1670606496506 0.0 0
1670606497493 0.0003333333333333333 0
