1670606345759 0.008470803157621398 0
1670606346344 0.0035775671932434636 0
1670606347089 0.002311993639663082 0
1670606347954 0.0024555804439893134 0
1670606348889 0.0020793464722159826 0
1670606349761 0.001893219603080228 0
1670606350534 0.0020854025707618754 0
1670606351279 0.001977327982541196 0
1670606351924 0.0018408764812352179 0
1670606352531 0.0021774339058835595 0
1670606353160 0.0021143661797250577 0
1670606354207 0.0020112118427662315 0
1670606355083 0.0020497638349294286 0
1670606355826 0.002118678511359025 0
1670606356265 0.002071396627741048 0
1670606356901 0.002106414298266553 0
1670606357564 0.00214853101951501 0
1670606358274 0.002082411353070119 0
1670606358673 0.0021115467522321036 0
1670606359319 0.0020709307061502376 0
1670606360164 0.0020322888282575183 0
1670606360918 0.002047349898389947 0
1670606361508 0.002055848461808556 0
1670606361957 0.002059307012978026 0
1670606362410 0.0020588614070658306 0
1670606363739 0.0020199762647431893 0
1670606364445 0.0020749634967858477 0
1670606365192 0.0020417659128184372 0
1670606365831 0.0019262826034321368 0
1670606366497 0.0019000148265604353 0
1670606367193 0.0018977269678224903 0
1670606367889 0.0019038678799147089 0
1670606368682 0.0018779977869375253 0
1670606369302 0.0019239900554392092 0
1670606369959 0.0019301632113021949 0
1670606370721 0.0019082994873295045 0
1670606371239 0.0019123315728310762 0
1670606372189 0.0019111773915190759 0
1670606373115 0.0019089396324101595 0
1670606373847 0.002004477181497893 0
1670606374571 0.0020094615075936014 0
1670606375392 0.0019902930316837023 0
1670606376187 0.0019936454895803472 0
1670606376941 0.001995718405682122 0
1670606377518 0.001975545533397252 0
1670606378190 0.0019724934949630355 0
1670606378960 0.0020514055631385237 0
1670606379516 0.0020541612053530914 0
1670606380225 0.002034505974966332 0
1670606381022 0.002018006452006813 0
1670606382068 0.0023008013480049763 0
1670606382917 0.0023132415227750712 0
1670606383981 0.002301268843899692 0
1670606384655 0.002289330436003232 0
1670606385733 0.002291381518028837 0
1670606386869 0.002275559812243535 0
1670606387992 0.0022560964079168873 0
1670606389113 0.0022371239398277527 0
1670606390220 0.002281537601953612 0
1670606391307 0.0022705593700682596 0
1670606392357 0.0022522531771647578 0
1670606393091 0.0022389984317470217 0
1670606393956 0.0022215326944920967 0
1670606394959 0.002208864426951855 0
1670606395680 0.002196375750785656 0
1670606396568 0.002276993642152964 0
1670606397518 0.002397762543500955 0
1670606398325 0.0024264305587481023 0
1670606398783 0.002529338515279564 0
1670606399438 0.0025115103065819215 0
1670606400341 0.00249781447506703 0
1670606475145 0.0024863806488086056 0
1670606475668 0.002469566008249497 0
1670606476381 0.002496504466655382 0
1670606476996 0.0024987989747939747 0
1670606477962 0.0024825230333211886 0
1670606478637 0.0024707102058943806 0
1670606479447 0.0025597681566800106 0
1670606480107 0.002561944422487297 0
1670606480700 0.0025461038329874135 0
1670606481690 0.0025479526816322737 0
1670606482353 0.0025493426265497552 0
1670606482995 0.0025495461948932445 0
1670606483888 0.0025387985823612487 0
1670606484334 0.0025239998078502275 0
1670606484837 0.002524333933872059 0
1670606485315 0.0025142192881145342 0
1670606485702 0.0025158759439339487 0
1670606486667 0.002517148343516594 0
1670606487737 0.002518060988283872 0
1670606488643 0.002507841562203317 0
1670606489780 0.002497726663300651 0
1670606490162 0.002542833381949184 0
1670606490956 0.0025294146424677654 0
1670606491986 0.0025197008785874594 0
1670606492932 0.002510224003739653 0
1670606493971 0.002511155427707118 0
1670606494845 0.002511793137507868 0
1670606495652 0.002502314504160384 0
1670606496509 0.0025189747026734084 0
1670606497496 0.0025187646241941132 0
