1670625155173 0.0 0
1670625163524 0.0 0
1670625171442 0.0 0
1670625179233 0.0 0
1670625187369 0.0 0
1670625195149 0.0 0
1670625203048 0.0 0
1670625210968 0.0 0
1670625218643 0.0 0
1670625226347 0.0 0
1670625233883 0.0 0
1670625241811 0.0 0
1670625249696 0.0 0
1670625257816 0.0 0
1670625265691 0.0 0
1670625273552 0.0 0
1670625281256 0.0 0
1670625289137 0.0 0
1670625297016 0.0 0
1670625304812 0.0 0
1670625312659 0.0 0
1670625320311 0.0 0
1670625327771 0.0 0
1670625335235 0.0 0
1670625342983 0.0 0
1670625351186 0.0 0
1670625359144 0.0 0
1670625367109 0.0 0
1670625374446 0.0 0
1670625382230 0.0 0
1670625390082 0.0 0
1670625397906 0.0 0
1670625405987 0.0 0
1670625413681 0.0 0
1670625421483 0.0 0
1670625429339 0.0 0
1670625437136 0.0 0
1670625444567 0.0 0
1670625452390 0.0 0
1670625460126 0.0 0
1670625467876 0.0 0
1670625475648 0.0 0
1670625483317 0.0 0
1670625491122 0.0 0
1670625499523 0.0 0
1670625507234 0.0 0
1670625515141 0.0 0
1670625523041 0.0 0
1670625530822 0.0 0
1670625538554 0.0 0
1670625546329 0.0 0
1670625554233 0.0 0
1670625562021 0.0 0
1670625569745 0.0 0
1670625577501 0.0 0
1670625585482 0.0 0
1670625593201 0.0 0
1670625601094 0.0 0
1670625609028 0.0 0
1670625616869 0.0 0
1670625625389 0.0 0
1670625633497 0.0 0
1670625641585 0.0 0
1670625649326 0.0 0
1670625657074 0.0 0
1670625664883 0.0 0
