1670615590601 0.0 0
1670615597569 0.0 0
1670615604539 0.0 0
1670615611484 0.0 0
1670615618164 0.0 0
1670615626903 0.0 0
1670615634363 0.0 0
1670615639433 0.0 0
1670615641733 0.0 0
1670615648732 0.0 0
1670615655340 0.0 0
1670615662166 0.0 0
1670615668847 0.0 0
1670615675703 0.0 0
1670615682498 0.0 0
1670615689433 0.0 0
1670615696388 0.0 0
1670615703390 0.0 0
1670615710307 0.0 0
1670615716936 0.0 0
1670615723514 0.0 0
1670615729658 0.0 0
1670615735628 0.0 0
1670615741900 0.0 0
1670615748233 0.0 0
1670615754692 0.0 0
1670615761165 0.0 0
1670615767829 0.0 0
1670615774002 0.0 0
1670615780984 0.0 0
1670615787269 0.0 0
1670615793458 0.0 0
1670615799685 0.0 0
1670615806159 0.0 0
1670615812530 0.0 0
1670615818951 0.0 0
1670615825440 0.0 0
1670615831797 0.0 0
1670615838057 0.0 0
1670615844293 0.0 0
1670615850544 0.0 0
1670615857117 0.0 0
1670615863647 0.0 0
1670615869721 0.0 0
1670615876191 0.0 0
1670615882391 0.0 0
1670615888665 0.0 0
1670615895096 0.0 0
1670615901424 0.0 0
1670615907609 0.0 0
1670615913565 0.0 0
1670615919685 0.0 0
1670615925902 0.0 0
1670615932372 0.0 0
1670615938660 0.0 0
1670615944834 0.0 0
1670615951078 0.0 0
1670615957245 0.0 0
1670615963477 0.0 0
1670615969647 0.0 0
1670615976048 0.0 0
1670615982635 0.0 0
1670615989025 0.0 0
1670615995404 0.0 0
1670616001200 0.0 0
1670616006725 0.0 0
1670616012780 0.0 0
1670616018780 0.0 0
1670616024969 0.0 0
1670616030607 0.0 0
1670616036113 0.0 0
1670616042308 0.0 0
1670616048754 0.0 0
1670616054758 0.0 0
1670616060619 0.0 0
1670616066645 0.0 0
1670616072838 0.0 0
1670616079171 0.0 0
1670616085792 0.0 0
1670616092346 0.0 0
1670616098447 0.0 0
1670616104806 0.0 0
1670616110900 0.0 0
1670616117168 0.0 0
1670616123396 0.0 0
1670616129520 0.0 0
1670616135693 0.0 0
1670616141972 0.0 0
1670616148265 0.0 0
1670616154825 0.0 0
1670616161380 0.0 0
1670616167828 0.0 0
1670616173967 0.0 0
1670616180383 0.0 0
1670616187085 0.0 0
1670616193341 0.0 0
1670616200026 0.0 0
1670616206585 0.0 0
1670616212806 0.0 0
1670616219051 0.0 0
1670616225260 0.0 0
