1670610438253 0.42966666666666664 0
1670610438803 0.43333333333333335 0
1670610439496 0.438 0
1670610440071 0.43866666666666665 0
1670610440852 0.43933333333333335 0
1670610441469 0.43633333333333335 0
1670610442357 0.43166666666666664 0
1670610443412 0.44266666666666665 0
1670610444351 0.437 0
1670610445244 0.43266666666666664 0
1670610445944 0.43566666666666665 0
1670610446487 0.437 0
1670610447226 0.43066666666666664 0
1670610447891 0.44433333333333336 0
1670610448655 0.432 0
1670610449415 0.44 0
1670610450378 0.43133333333333335 0
1670610450956 0.42633333333333334 0
1670610451623 0.43733333333333335 0
1670610452176 0.43766666666666665 0
1670610453022 0.44 0
1670610453638 0.43533333333333335 0
1670610454490 0.436 0
1670610455145 0.42966666666666664 0
1670610455757 0.443 0
1670610456303 0.437 0
1670610457187 0.42766666666666664 0
1670610457940 0.438 0
1670610458801 0.446 0
1670610459510 0.434 0
1670610460398 0.435 0
1670610461114 0.44366666666666665 0
1670610461976 0.44066666666666665 0
1670610462861 0.44133333333333336 0
1670610463737 0.4236666666666667 0
1670610464489 0.43766666666666665 0
1670610464890 0.434 0
1670610465371 0.444 0
1670610466271 0.43866666666666665 0
1670610467122 0.43833333333333335 0
1670610467643 0.44333333333333336 0
1670610468588 0.44633333333333336 0
1670610469397 0.43333333333333335 0
1670610470393 0.436 0
1670610471416 0.42866666666666664 0
1670610472278 0.42866666666666664 0
1670610473395 0.43733333333333335 0
1670610474166 0.42733333333333334 0
1670610474990 0.429 0
1670610475714 0.443 0
1670610476718 0.437 0
1670610477752 0.428 0
1670610478641 0.44633333333333336 0
1670610479420 0.44333333333333336 0
1670610480207 0.4493333333333333 0
1670610480987 0.44533333333333336 0
1670610481951 0.43733333333333335 0
1670610482912 0.44066666666666665 0
1670610483919 0.439 0
1670610484962 0.44266666666666665 0
1670610485791 0.442 0
1670610486664 0.43366666666666664 0
1670610487485 0.432 0
1670610488163 0.43033333333333335 0
1670610489116 0.436 0
1670610490020 0.42966666666666664 0
1670610490716 0.433 0
1670610491540 0.42533333333333334 0
1670610492688 0.4226666666666667 0
1670610493649 0.437 0
1670610494692 0.45 0
1670610495722 0.43 0
1670610496778 0.42833333333333334 0
1670610497899 0.439 0
1670610498869 0.429 0
1670610499786 0.4246666666666667 0
1670610500805 0.431 0
1670610502095 0.43266666666666664 0
1670610503310 0.44133333333333336 0
1670610504123 0.43566666666666665 0
1670610505170 0.439 0
1670610506337 0.4196666666666667 0
1670610507375 0.43866666666666665 0
1670610508296 0.425 0
1670610509309 0.43666666666666665 0
1670610510406 0.43466666666666665 0
1670610511274 0.44233333333333336 0
1670610512200 0.4266666666666667 0
1670610513213 0.43666666666666665 0
1670610514341 0.435 0
1670610515302 0.42933333333333334 0
1670610515881 0.43166666666666664 0
1670610516888 0.425 0
1670610517631 0.445 0
1670610518475 0.44466666666666665 0
1670610519221 0.43633333333333335 0
1670610519890 0.42533333333333334 0
1670610520811 0.417 0
1670610521853 0.43266666666666664 0
1670610522618 0.43866666666666665 0
1670610523683 0.4236666666666667 0
1670610524719 0.4266666666666667 0
