1670630792118 0.0 0
1670630793745 0.0 0
1670630795524 0.0 0
1670630797087 0.0 0
1670630798885 0.0 0
1670630800689 0.0 0
1670630802234 0.0 0
1670630803921 0.0 0
1670630805322 0.0 0
1670630807006 0.0 0
1670630808683 0.0 0
1670630810411 0.0 0
1670630812164 0.0 0
1670630813841 0.0 0
1670630815573 0.0 0
1670630817289 0.0 0
1670630818875 0.0 0
1670630820377 0.0 0
1670630822117 0.0 0
1670630823381 0.0 0
1670630824933 0.0 0
1670630826591 0.0 0
1670630828270 0.0 0
1670630830025 0.0 0
1670630831782 0.0 0
1670630833576 0.0 0
1670630835473 0.0 0
1670630837265 0.0 0
1670630838896 0.0 0
1670630840532 0.0 0
1670630842063 0.0 0
1670630843820 0.0 0
1670630845567 0.0 0
1670630847194 0.0 0
1670630848835 0.0 0
1670630850595 0.0 0
1670630852307 0.0 0
1670630853982 0.0 0
1670630855739 0.0 0
1670630857407 0.0 0
1670630858969 0.0 0
1670630860578 0.0 0
1670630862261 0.0 0
1670630863962 0.0 0
1670630865765 0.0 0
1670630867390 0.0 0
1670630869161 0.0 0
1670630870816 0.0 0
1670630872528 0.0 0
1670630874297 0.0 0
1670630875876 0.0 0
1670630877302 0.0 0
1670630878956 0.0 0
1670630880510 0.0 0
1670630882328 0.0 0
1670630883873 0.0 0
1670630885506 0.0 0
1670630887087 0.0 0
1670630888679 0.0 0
1670630890436 0.0 0
1670630892237 0.0 0
1670630893893 0.0 0
1670630895301 0.0 0
1670630896752 0.0 0
1670630898635 0.0 0
1670630900551 0.0 0
1670630902519 0.0 0
1670630904420 0.0 0
1670630906193 0.0 0
1670630907999 0.0 0
1670630909767 0.0 0
1670630911521 0.0 0
1670630913202 0.0 0
1670630914841 0.0 0
1670630916435 0.0 0
1670630917980 0.0 0
1670630919655 0.0 0
1670630921207 0.0 0
1670630922884 0.0 0
1670630924506 0.0 0
1670630926331 0.0 0
1670630928013 0.0 0
1670630930032 0.0 0
1670630931860 0.0 0
1670630933703 0.0 0
1670630935487 0.0 0
1670630937174 0.0 0
1670630938899 0.0 0
1670630940737 0.0 0
1670630942459 0.0 0
1670630944195 0.0 0
1670630945854 0.0 0
1670630947634 0.0 0
1670630949501 0.0 0
1670630951412 0.0 0
1670630953315 0.0 0
1670630955217 0.0 0
1670630957143 0.0 0
1670630959045 0.0 0
1670630960758 0.0 0
1670630962404 0.0 0
