1670630790525 0.0 0
1670630792100 0.0 0
1670630793721 0.0 0
1670630795505 0.0 0
1670630797076 0.0 0
1670630798866 0.0 0
1670630800664 0.0 0
1670630802215 0.0 0
1670630803902 0.0 0
1670630805300 0.0 0
1670630806989 0.0 0
1670630808677 0.0 0
1670630810405 0.0 0
1670630812158 0.0 0
1670630813824 0.0 0
1670630815556 0.0 0
1670630817271 0.0 0
1670630818856 0.0 0
1670630820358 0.0 0
1670630822098 0.0 0
1670630823369 0.0 0
1670630824915 0.0 0
1670630826585 0.0 0
1670630828245 0.0 0
1670630830003 0.0 0
1670630831756 0.0 0
1670630833566 0.0 0
1670630835467 0.0 0
1670630837244 0.0 0
1670630838891 0.0 0
1670630840526 0.0 0
1670630842044 0.0 0
1670630843800 0.0 0
1670630845548 0.0 0
1670630847176 0.0 0
1670630848810 0.0 0
1670630850569 0.0 0
1670630852289 0.0 0
1670630853958 0.0 0
1670630855721 0.0 0
1670630857388 0.0 0
1670630858943 0.0 0
1670630860559 0.0 0
1670630862242 0.0 0
1670630863935 0.0 0
1670630865740 0.0 0
1670630867372 0.0 0
1670630869139 0.0 0
1670630870793 0.0 0
1670630872506 0.0 0
1670630874278 0.0 0
1670630875858 0.0 0
1670630877282 0.0 0
1670630878931 0.0 0
1670630880492 0.0 0
1670630882310 0.0 0
1670630883855 0.0 0
1670630885489 0.0 0
1670630887069 0.0 0
1670630888660 0.0 0
1670630890417 0.0 0
1670630892220 0.0 0
1670630893881 0.0 0
1670630895282 0.0 0
1670630896728 0.0 0
1670630898611 0.0 0
1670630900526 0.0 0
1670630902497 0.0 0
1670630904397 0.0 0
1670630906169 0.0 0
1670630907980 0.0 0
1670630909749 0.0 0
1670630911497 0.0 0
1670630913185 0.0 0
1670630914819 0.0 0
1670630916416 0.0 0
1670630917963 0.0 0
1670630919636 0.0 0
1670630921189 0.0 0
1670630922864 0.0 0
1670630924482 0.0 0
1670630926308 0.0 0
1670630928007 0.0 0
1670630930008 0.0 0
1670630931842 0.0 0
1670630933683 0.0 0
1670630935478 0.0 0
1670630937149 0.0 0
1670630938874 0.0 0
1670630940714 0.0 0
1670630942441 0.0 0
1670630944177 0.0 0
1670630945837 0.0 0
1670630947614 0.0 0
1670630949489 0.0 0
1670630951387 0.0 0
1670630953290 0.0 0
1670630955193 0.0 0
1670630957117 0.0 0
1670630959022 0.0 0
1670630960734 0.0 0
1670630962385 0.0 0
