1670606154204 0.07200182683978187 0
1670606155351 0.020010633451298734 0
1670606156442 0.013616094027417938 0
1670606157310 0.013500617975317625 0
1670606158212 0.011570262594041869 0
1670606159401 0.011827745039252546 0
1670606160415 0.010893252442870871 0
1670606161434 0.010018565329806717 0
1670606162327 0.010452808991745194 0
1670606163071 0.009817974203352578 0
1670606163765 0.009401817612233562 0
1670606164524 0.008942908344278702 0
1670606165219 0.008964277102721838 0
1670606166183 0.009732373974009681 0
1670606167245 0.009984358626032905 0
1670606168367 0.009946190807881006 0
1670606169389 0.011069897431854783 0
1670606170333 0.012410681972197732 0
1670606171264 0.012087906031976403 0
1670606172106 0.013307303206162746 0
1670606173101 0.013116349611812322 0
1670606174200 0.012917844160150224 0
1670606175279 0.012757110186572579 0
1670606176266 0.01344375355395351 0
1670606177144 0.01324613943104247 0
1670606178369 0.013262972662972605 0
1670606179302 0.013000710553596487 0
1670606180332 0.013006511576677704 0
1670606181558 0.012273556911325895 0
1670606182746 0.01221558020347753 0
1670606183886 0.012029960864871611 0
1670606185070 0.011915336268770824 0
1670606186213 0.012170088573702678 0
1670606187165 0.01262671594979907 0
1670606188113 0.012648805509402783 0
1670606189158 0.012625178449172145 0
1670606190061 0.012457982222340167 0
1670606191244 0.012362259561715022 0
1670606192239 0.01249040348761983 0
1670606193311 0.012346230639938172 0
1670606194298 0.012206913048661089 0
1670606195297 0.012705416394649949 0
1670606196327 0.012564921617772909 0
1670606197405 0.012451751922311405 0
1670606198590 0.012467424413602213 0
1670606199365 0.013015576172743945 0
1670606200569 0.012882031017099824 0
1670606201691 0.013104791304345567 0
1670606202477 0.013035029417952218 0
1670606203534 0.013518711830533658 0
1670606204525 0.013415367799211639 0
1670606205429 0.013310451658622768 0
1670606206408 0.013348219045989776 0
1670606207398 0.013249243862189009 0
1670606208316 0.013130849892283566 0
1670606209457 0.01301533180700122 0
1670606210420 0.013139883809119526 0
1670606211278 0.013485045881220223 0
1670606211827 0.01337526395208992 0
1670606212537 0.013298652620013562 0
1670606213417 0.013281590334575474 0
1670606214032 0.013314567823673948 0
1670606214854 0.013221925181808106 0
1670606215369 0.013131149962004263 0
1670606215895 0.013052515833019515 0
1670606216369 0.012967229533631483 0
1670606216832 0.012873800009656447 0
1670606217641 0.012799349595669765 0
1670606218816 0.012709957214254192 0
1670606219862 0.012660454611505376 0
1670606220892 0.01257242826864946 0
1670606221801 0.012588251705768314 0
1670606222778 0.01255261294625383 0
1670606223856 0.012583076574158664 0
1670606224779 0.012503064573932382 0
1670606225401 0.012495483695546844 0
1670606226535 0.012423229068390829 0
1670606227326 0.01251290962491687 0
1670606228344 0.012437312545973175 0
1670606229570 0.012375058498308361 0
1670606230184 0.012319135944749204 0
1670606231081 0.012434826007822808 0
1670606232085 0.012363875965184845 0
1670606233445 0.01229813989265549 0
1670606234618 0.01223342507010948 0
1670606235904 0.012298620512773223 0
1670606236862 0.012324257468092223 0
1670606238130 0.012255688779059734 0
1670606239298 0.012264821089941633 0
1670606240526 0.012307500680189556 0
1670606241432 0.012456895295613377 0
1670606242487 0.012390660331184411 0
1670606243470 0.01232458476716572 0
1670606244447 0.012304653908587204 0
1670606245206 0.012246076727901165 0
1670606246301 0.012219987650875452 0
1670606247144 0.01229287606146702 0
1670606247924 0.01226762275050082 0
1670606248737 0.01220714773984094 0
1670606249467 0.012165180918826818 0
1670606250367 0.012185746938681005 0
1670606251156 0.012349934972188933 0
1670606251942 0.012290979532540033 0
1670606252743 0.012232860326214429 0
1670606253611 0.012177897538897045 0
1670606254264 0.01212702386585908 0
1670606254786 0.012214951803871929 0
1670606255331 0.012238375839195348 0
1670606256344 0.012290181428146696 0
1670606257182 0.012373388747117214 0
1670606257957 0.012349522505611055 0
1670606258819 0.012727590439874883 0
1670606259664 0.01267486577858637 0
1670606260371 0.01262608057539348 0
1670606261050 0.012587804305641145 0
1670606261757 0.012583179783937345 0
1670606262735 0.012549184524339077 0
1670606263507 0.012550669821544763 0
1670606264344 0.012505980247927165 0
1670606265225 0.012472222269443889 0
1670606266244 0.012424166267085424 0
1670606267022 0.012472473369807932 0
1670606267740 0.012474207081563202 0
1670606268557 0.012448440476266365 0
1670606269068 0.01243912038084763 0
1670606269856 0.01240071594104987 0
1670606270679 0.012374222322010214 0
1670606271611 0.012357163193466525 0
1670606272414 0.012419223909768295 0
1670606273656 0.012493735358289682 0
1670606274483 0.012597924035320923 0
1670606275327 0.012601820317470452 0
1670606275992 0.012562796480137667 0
1670606276485 0.012556533691212887 0
1670606277353 0.012523176030148131 0
1670606278205 0.012495528416694879 0
1670606279015 0.012481643353507793 0
1670606280112 0.012476888190089755 0
1670606280850 0.012440036927769321 0
1670606281496 0.012443969732984714 0
1670606282426 0.012482405495878243 0
1670606283308 0.012469200834118413 0
1670606284076 0.012427818399730992 0
1670606284888 0.012385395135470545 0
1670606285863 0.012372772932075796 0
1670606286875 0.012420892759668664 0
1670606287803 0.012514662150227465 0
1670606288307 0.01247453351488724 0
1670606289228 0.01247004208248817 0
1670606290282 0.012440033398557634 0
1670606291166 0.012655995259445343 0
1670606292041 0.012651208298475741 0
1670606292893 0.012626191865872563 0
1670606293635 0.012629138201636414 0
1670606294800 0.012640503758054991 0
