1670600326062 0.004235401578810763 0
1670600326953 0.008866924430177836 0
1670600327772 0.015473003171833807 0
1670600328715 0.013067329702927778 0
1670600329438 0.019624830992620176 0
1670600330157 0.019785016367317776 0
1670600331052 0.017929568365910212 0
1670600331964 0.016605127609563966 0
1670600332881 0.015471861437906107 0
1670600333669 0.014976518350949278 0
1670600334413 0.014164612097371285 0
1670600335358 0.01389101137894612 0
1670600336060 0.014706404937465455 0
1670600336883 0.014182446710019059 0
1670600337834 0.01376045394938918 0
1670600338623 0.013388888442990465 0
1670600339389 0.015102111101855789 0
1670600340330 0.014953382508588436 0
1670600341036 0.01456436636460215 0
1670600341896 0.014714790807254644 0
1670600342827 0.015473344632398037 0
1670600343624 0.015091650193520021 0
1670600344313 0.015119137161672777 0
1670600345227 0.016505133280250786 0
1670600346226 0.01645022194780202 0
1670600347460 0.016112077619242618 0
1670600348277 0.015806981410775075 0
1670600349213 0.015518649835207097 0
1670600349993 0.01473728418491306 0
1670600350965 0.014500743741329827 0
1670600352032 0.014395324308210472 0
1670600352857 0.01419145259819439 0
1670600353595 0.014094836560440291 0
1670600354382 0.013897877122998822 0
1670600355151 0.014067167071898506 0
1670600356016 0.013941647067024387 0
1670600356853 0.013863900211105909 0
1670600357697 0.01381066130350933 0
1670600358679 0.013644526394465173 0
1670600359761 0.014057013352907294 0
1670600360788 0.013919628566327627 0
1670600361679 0.013836884051967785 0
1670600362496 0.013682415875835616 0
1670600363504 0.013901785150525078 0
1670600364391 0.013768678849476856 0
1670600365449 0.013885878474018815 0
1670600366193 0.013842747507122014 0
1670600367103 0.013702523271922784 0
1670600368021 0.013798938333078964 0
1670600368753 0.013677190464069053 0
1670600369785 0.013548188578986597 0
1670600370587 0.0135235019996542 0
1670600371579 0.013436247843059107 0
1670600372333 0.0134352031001881 0
1670600373420 0.013408423693250918 0
1670600374151 0.013683384923194 0
1670600375060 0.013595408160888015 0
1670600376010 0.01347977103063075 0
1670600376961 0.013592642923660053 0
1670600377692 0.013523839323858464 0
1670600378475 0.013458337516059307 0
1670600379233 0.013393230755348831 0
1670600380206 0.01349143084340805 0
1670600381095 0.013737699262716674 0
1670600382097 0.01381198384567435 0
1670600383190 0.013708623564385167 0
1670600384157 0.013660845135425911 0
1670600385107 0.013627192061248086 0
1670600386055 0.013548009484236984 0
1670600386936 0.013489441544704828 0
1670600387753 0.013412389183890802 0
1670600388704 0.01333893849362966 0
1670600389699 0.01360775645869701 0
1670600390475 0.01351712828623193 0
1670600391492 0.013515535597950629 0
1670600392347 0.013712964232548253 0
1670600393346 0.013630019344233357 0
1670600394115 0.013576328964444745 0
1670600394891 0.013492696882984101 0
1670600396183 0.01340925197284766 0
1670600397311 0.01337222367479031 0
1670600398548 0.013323202588256658 0
1670600399662 0.01334138041410314 0
1670600400345 0.013565709503296941 0
1670600401196 0.013590957545512886 0
1670600402098 0.013549161873880985 0
1670600403204 0.013478611149194408 0
1670600404150 0.013437078728067403 0
1670600405356 0.013364750594451219 0
1670600406385 0.013537591473392688 0
1670600407264 0.013476589348795046 0
1670600408460 0.013475375876008291 0
1670600409407 0.013406668810359068 0
1670600410413 0.013376953481429213 0
1670600411296 0.013370050675315714 0
1670600412266 0.013441077486793407 0
1670600413167 0.013526035329629899 0
1670600414132 0.013501451587884947 0
1670600415039 0.013487407026933712 0
1670600416169 0.013435131102521314 0
1670600417187 0.013461026267455309 0
1670600418152 0.013404941359885306 0
1670600419123 0.013457284904862088 0
1670600420100 0.01349043678186558 0
1670600421141 0.013426886599888416 0
1670600422177 0.01336806407301401 0
1670600423329 0.013309425762324328 0
1670600424230 0.0132667221010071 0
1670600425348 0.013206469535226972 0
1670600426625 0.013150286959406302 0
1670600427624 0.013124608456576356 0
1670600428478 0.013077913093616805 0
1670600429797 0.013330027739685571 0
1670600430987 0.013293493961864022 0
1670600432121 0.013241652284811348 0
1670600433266 0.013194411805148742 0
1670600434517 0.01315724933499117 0
1670600435709 0.01312715628853263 0
1670600436992 0.013087080600643342 0
1670600437953 0.013040707486241726 0
1670600439133 0.012991296331640353 0
1670600440188 0.012938687575645938 0
1670600441284 0.012893883977024276 0
1670600442429 0.012870088178392844 0
1670600443553 0.01291815176465104 0
1670600444549 0.012868645710870388 0
1670600445632 0.013009904307391865 0
1670600446688 0.013029887472385093 0
1670600447861 0.012986624570566277 0
1670600448893 0.012959330420391005 0
1670600449872 0.012974131675215508 0
1670600450809 0.012947550026826807 0
1670600452151 0.012904560512247337 0
1670600453192 0.012870375347415572 0
1670600454166 0.012823003149139672 0
1670600455177 0.012817542215917785 0
1670600456157 0.012787240357653024 0
1670600457268 0.012749727396692154 0
1670600458290 0.012715079186276138 0
1670600459141 0.012698480243073212 0
1670600460200 0.01265506638745681 0
1670600460982 0.012614159449542181 0
1670600462138 0.012684881084656027 0
1670600463053 0.012673894773344838 0
1670600464138 0.012631282378535266 0
1670600465117 0.012725625513289374 0
1670600466293 0.012692770427212036 0
1670600467350 0.012653440626221701 0
1670600468422 0.012611944032326072 0
1670600469464 0.012679944349066871 0
1670600470377 0.012641170397084359 0
1670600471330 0.012608336347847013 0
1670600472235 0.012614452432056056 0
1670600473175 0.012578466741260494 0
1670600474163 0.012557593775387801 0
1670600475251 0.012525639580606318 0
1670600476209 0.012586264881407974 0
1670600477264 0.012546641553322233 0
1670600478378 0.012526914736891714 0
1670600479400 0.012491141264861644 0
1670600480480 0.012543481555744515 0
1670600481454 0.012507259608625976 0
1670600482471 0.012480910852386104 0
1670600483613 0.012459481429214728 0
1670600484549 0.01242630280643603 0
1670600485662 0.012532353417886208 0
1670600486761 0.01249505301227409 0
1670600487911 0.012463360722203415 0
1670600488836 0.012456431291025694 0
1670600489915 0.012422325208581372 0
1670600490735 0.012386294682254717 0
1670600491942 0.01235277885538491 0
1670600492907 0.012318018972669736 0
1670600493904 0.012304392014556562 0
1670600494907 0.012298694321090778 0
1670600496023 0.012323970426937905 0
1670600497150 0.01231625880411899 0
1670600498190 0.012292617173943865 0
1670600499144 0.012311312686574857 0
1670600499925 0.01228954176439119 0
1670600500788 0.012333958901927025 0
1670600501497 0.012376889227532245 0
1670600502769 0.012347043182423953 0
1670600503738 0.01233857046277756 0
1670600504702 0.012308390402444705 0
1670600505671 0.01228182314746594 0
1670600506870 0.012319807985699316 0
1670600507637 0.012350790796518615 0
1670600508704 0.012319903511348304 0
1670600509620 0.012304693772876005 0
1670600510687 0.01239983800280886 0
1670600511520 0.01237566190181602 0
1670600512623 0.012344767728628817 0
1670600513430 0.012313104327386262 0
1670600514385 0.012326560944473236 0
1670600515118 0.01235224233233527 0
1670600516125 0.012351082295904425 0
1670600517116 0.012367728143812581 0
1670600517998 0.01236272994183632 0
1670600518806 0.01233208109985455 0
1670600519674 0.0125073651620876 0
1670600520788 0.012495471830451063 0
1670600521699 0.012501464198609688 0
1670600522951 0.012522180825880913 0
1670600524215 0.01258270964787081 0
1670600525021 0.012587943393072287 0
1670600526199 0.01281731529066392 0
1670600527092 0.012795422553884508 0
1670600527951 0.012829020823987083 0
1670600528810 0.012819574373264142 0
