1670600325260 0.03833333333333333 0
1670600326055 0.03866666666666667 0
1670600326946 0.04066666666666666 0
1670600327765 0.034 0
1670600328707 0.035666666666666666 0
1670600329431 0.029 0
1670600330150 0.041666666666666664 0
1670600331045 0.03766666666666667 0
1670600331957 0.03833333333333333 0
1670600332872 0.03766666666666667 0
1670600333657 0.04 0
1670600334398 0.037333333333333336 0
1670600335351 0.04033333333333333 0
1670600336048 0.043333333333333335 0
1670600336876 0.03666666666666667 0
1670600337827 0.03966666666666667 0
1670600338616 0.036333333333333336 0
1670600339374 0.046 0
1670600340323 0.041666666666666664 0
1670600341029 0.037333333333333336 0
1670600341889 0.043 0
1670600342820 0.032 0
1670600343607 0.03833333333333333 0
1670600344306 0.034333333333333334 0
1670600345219 0.04733333333333333 0
1670600346217 0.034666666666666665 0
1670600347436 0.03866666666666667 0
1670600348270 0.03933333333333333 0
1670600349206 0.03766666666666667 0
1670600349986 0.04133333333333333 0
1670600350958 0.039 0
1670600352009 0.04133333333333333 0
1670600352850 0.03966666666666667 0
1670600353588 0.036 0
1670600354375 0.038 0
1670600355144 0.033666666666666664 0
1670600356007 0.036333333333333336 0
1670600356846 0.035666666666666666 0
1670600357676 0.04133333333333333 0
1670600358672 0.03766666666666667 0
1670600359754 0.045 0
1670600360781 0.037 0
1670600361672 0.036 0
1670600362490 0.039 0
1670600363497 0.044 0
1670600364384 0.037333333333333336 0
1670600365444 0.043333333333333335 0
1670600366187 0.041666666666666664 0
1670600367095 0.03833333333333333 0
1670600368014 0.043333333333333335 0
1670600368743 0.03766666666666667 0
1670600369778 0.03933333333333333 0
1670600370581 0.035666666666666666 0
1670600371572 0.04066666666666666 0
1670600372326 0.035333333333333335 0
1670600373413 0.035666666666666666 0
1670600374125 0.03233333333333333 0
1670600375053 0.04033333333333333 0
1670600376004 0.03866666666666667 0
1670600376954 0.033666666666666664 0
1670600377685 0.036333333333333336 0
1670600378468 0.04066666666666666 0
1670600379226 0.04066666666666666 0
1670600380200 0.043333333333333335 0
1670600381088 0.045 0
1670600382090 0.043333333333333335 0
1670600383184 0.03866666666666667 0
1670600384150 0.04133333333333333 0
1670600385100 0.041666666666666664 0
1670600386048 0.037333333333333336 0
1670600386921 0.041 0
1670600387746 0.04033333333333333 0
1670600388697 0.037333333333333336 0
1670600389691 0.032 0
1670600390460 0.039 0
1670600391485 0.035333333333333335 0
1670600392340 0.045 0
1670600393338 0.03966666666666667 0
1670600394109 0.03666666666666667 0
1670600394884 0.03833333333333333 0
1670600396176 0.03866666666666667 0
1670600397304 0.04133333333333333 0
1670600398542 0.03666666666666667 0
1670600399633 0.035 0
1670600400338 0.032 0
1670600401189 0.034666666666666665 0
1670600402027 0.041 0
1670600403192 0.03966666666666667 0
1670600404144 0.036333333333333336 0
1670600405347 0.038 0
1670600406378 0.03233333333333333 0
1670600407258 0.04 0
1670600408452 0.042 0
1670600409400 0.03933333333333333 0
1670600410407 0.036 0
1670600411289 0.035333333333333335 0
1670600412260 0.033666666666666664 0
1670600413160 0.043666666666666666 0
1670600414126 0.04133333333333333 0
1670600415033 0.041666666666666664 0
1670600416164 0.037 0
1670600417181 0.042666666666666665 0
1670600418145 0.037333333333333336 0
1670600419117 0.034 0
1670600420094 0.034333333333333334 0
1670600421134 0.03833333333333333 0
1670600422170 0.03766666666666667 0
1670600423322 0.03933333333333333 0
1670600424224 0.03666666666666667 0
1670600425341 0.03833333333333333 0
1670600426619 0.03933333333333333 0
1670600427618 0.036 0
1670600428471 0.04 0
1670600429790 0.04633333333333333 0
1670600430979 0.04066666666666666 0
1670600432110 0.03966666666666667 0
1670600433260 0.04 0
1670600434489 0.03666666666666667 0
1670600435703 0.036333333333333336 0
1670600436985 0.04033333333333333 0
1670600437947 0.037333333333333336 0
1670600439122 0.03766666666666667 0
1670600440181 0.03833333333333333 0
1670600441277 0.037333333333333336 0
1670600442422 0.041 0
1670600443546 0.034 0
1670600444543 0.038 0
1670600445626 0.045 0
1670600446682 0.034666666666666665 0
1670600447854 0.037333333333333336 0
1670600448885 0.036333333333333336 0
1670600449862 0.042333333333333334 0
1670600450802 0.036333333333333336 0
1670600452145 0.03966666666666667 0
1670600453186 0.04033333333333333 0
1670600454158 0.03866666666666667 0
1670600455169 0.041666666666666664 0
1670600456149 0.03666666666666667 0
1670600457262 0.04 0
1670600458284 0.037 0
1670600459131 0.036 0
1670600460193 0.038 0
1670600460976 0.03766666666666667 0
1670600462131 0.03333333333333333 0
1670600463046 0.04133333333333333 0
1670600464121 0.039 0
1670600465110 0.044333333333333336 0
1670600466286 0.037 0
1670600467344 0.03766666666666667 0
1670600468415 0.039 0
1670600469457 0.03333333333333333 0
1670600470371 0.03766666666666667 0
1670600471324 0.04 0
1670600472229 0.042 0
1670600473169 0.03966666666666667 0
1670600474156 0.036333333333333336 0
1670600475244 0.04 0
1670600476203 0.043666666666666666 0
1670600477258 0.03866666666666667 0
1670600478366 0.036333333333333336 0
1670600479394 0.03766666666666667 0
1670600480474 0.033666666666666664 0
1670600481449 0.03933333333333333 0
1670600482463 0.04033333333333333 0
1670600483606 0.04066666666666666 0
1670600484543 0.03966666666666667 0
1670600485657 0.03233333333333333 0
1670600486755 0.03866666666666667 0
1670600487904 0.037333333333333336 0
1670600488830 0.035666666666666666 0
1670600489891 0.03933333333333333 0
1670600490724 0.03833333333333333 0
1670600491881 0.03933333333333333 0
1670600492901 0.039 0
1670600493888 0.041 0
1670600494901 0.035666666666666666 0
1670600496017 0.042666666666666665 0
1670600497144 0.04133333333333333 0
1670600498184 0.04033333333333333 0
1670600499138 0.034666666666666665 0
1670600499918 0.03666666666666667 0
1670600500781 0.043333333333333335 0
1670600501491 0.043333333333333335 0
1670600502763 0.03966666666666667 0
1670600503731 0.04133333333333333 0
1670600504696 0.03766666666666667 0
1670600505663 0.04 0
1670600506864 0.034 0
1670600507631 0.043 0
1670600508697 0.03933333333333333 0
1670600509612 0.036333333333333336 0
1670600510676 0.03233333333333333 0
1670600511514 0.037 0
1670600512546 0.038 0
1670600513422 0.03866666666666667 0
1670600514378 0.042333333333333334 0
1670600515113 0.034333333333333334 0
1670600516119 0.041666666666666664 0
1670600517108 0.034666666666666665 0
1670600517985 0.035666666666666666 0
1670600518799 0.03833333333333333 0
1670600519668 0.030333333333333334 0
1670600520781 0.036 0
1670600521693 0.035 0
1670600522944 0.034333333333333334 0
1670600524207 0.044 0
1670600525015 0.035 0
1670600526192 0.029 0
1670600527086 0.03666666666666667 0
1670600527945 0.033666666666666664 0
1670600528804 0.035666666666666666 0
