1670627208188 0.0 0
1670627214900 0.0 0
1670627221025 0.0 0
1670627226956 0.0 0
1670627232760 0.0 0
1670627239020 0.0 0
1670627244900 0.0 0
1670627250754 0.0 0
1670627256551 0.0 0
1670627262239 0.0 0
1670627268119 0.0 0
1670627274291 0.0 0
1670627280196 0.0 0
1670627286109 0.0 0
1670627292340 0.0 0
1670627298555 0.0 0
1670627304146 0.0 0
1670627310192 0.0 0
1670627316225 0.0 0
1670627321870 0.0 0
1670627327294 0.0 0
1670627332858 0.0 0
1670627338609 0.0 0
1670627344366 0.0 0
1670627350052 0.0 0
1670627356109 0.0 0
1670627362235 0.0 0
1670627368170 0.0 0
1670627374028 0.0 0
1670627379752 0.0 0
1670627385681 0.0 0
1670627391353 0.0 0
1670627397304 0.0 0
1670627403046 0.0 0
1670627409035 0.0 0
1670627415082 0.0 0
1670627421545 0.0 0
1670627427543 0.0 0
1670627433542 0.0 0
1670627439241 0.0 0
1670627445127 0.0 0
1670627451153 0.0 0
1670627457131 0.0 0
1670627463058 0.0 0
1670627468959 0.0 0
1670627475201 0.0 0
1670627481289 0.0 0
1670627487199 0.0 0
1670627493118 0.0 0
1670627499373 0.0 0
1670627505067 0.0 0
1670627510786 0.0 0
1670627516550 0.0 0
1670627522218 0.0 0
1670627527870 0.0 0
1670627533334 0.0 0
1670627539085 0.0 0
1670627544790 0.0 0
1670627550704 0.0 0
1670627556345 0.0 0
1670627561938 0.0 0
1670627567668 0.0 0
1670627573861 0.0 0
1670627579931 0.0 0
1670627586066 0.0 0
1670627591815 0.0 0
1670627597820 0.0 0
1670627603959 0.0 0
1670627610245 0.0 0
1670627616114 0.0 0
1670627621823 0.0 0
1670627628010 0.0 0
1670627633891 0.0 0
1670627639749 0.0 0
1670627645789 0.0 0
1670627651923 0.0 0
1670627658037 0.0 0
1670627663936 0.0 0
1670627669741 0.0 0
1670627675588 0.0 0
1670627681513 0.0 0
1670627687234 0.0 0
1670627693200 0.0 0
1670627699274 0.0 0
1670627705475 0.0 0
1670627711484 0.0 0
1670627717578 0.0 0
1670627723594 0.0 0
1670627729421 0.0 0
1670627735222 0.0 0
1670627741224 0.0 0
1670627747507 0.0 0
1670627753113 0.0 0
1670627758777 0.0 0
1670627764737 0.0 0
1670627770688 0.0 0
1670627776501 0.0 0
1670627782032 0.0 0
1670627787633 0.0 0
1670627792956 0.0 0
1670627798168 0.0 0
