1670583415318 0.008470803157621332 0
1670583417376 0.01305759516153357 0
1670583419165 0.012883558694396224 0
1670583421143 0.02270733055437394 0
1670583423117 0.024762217478064112 0
1670583425013 0.021872193021802544 0
1670583426590 0.020237923680559128 0
1670583428711 0.018748467246039756 0
1670583430600 0.01744845289765712 0
1670583432113 0.017207504401065943 0
1670583433718 0.016694722803735074 0
1670583435465 0.016248942331012033 0
1670583437117 0.016939764602310607 0
1670583438698 0.016753963735382044 0
1670583440308 0.016402777979782263 0
1670583442381 0.01587589461922534 0
1670583444363 0.01609488274654322 0
1670583445960 0.015610428626374101 0
1670583447982 0.01524139771510849 0
1670583449629 0.014830339487004213 0
1670583451187 0.014447624260701758 0
1670583453223 0.014500580525174 0
1670583454776 0.015013253696984696 0
1670583456425 0.014687483566097559 0
1670583458394 0.014457166077191136 0
1670583460275 0.014970912454012303 0
1670583462061 0.014751110676958556 0
1670583463843 0.015029805998923701 0
1670583465595 0.014203525553394991 0
1670583467192 0.013990483570912177 0
1670583468714 0.0138175916406576 0
1670583470177 0.013608956699831143 0
1670583471817 0.013445585277862743 0
1670583473629 0.01388541131824128 0
1670583475475 0.01416948085783254 0
1670583477204 0.014002009155812761 0
1670583479086 0.01439798316342289 0
1670583480947 0.014671962916578046 0
1670583482694 0.014533866793624228 0
1670583484486 0.014648006680028636 0
1670583486242 0.014473064652903267 0
1670583487902 0.015395661364122237 0
1670583489595 0.015294234982936278 0
1670583491474 0.015213118960532235 0
1670583493340 0.015060609742832187 0
1670583495497 0.014939670744299305 0
1670583497436 0.014814814171624613 0
1670583499394 0.01475836168522876 0
1670583501059 0.01470021768921495 0
1670583502655 0.014555434145782642 0
1670583504675 0.014435380109924983 0
1670583506922 0.01442661123637004 0
1670583508730 0.014295133951334 0
1670583510656 0.014295472347773536 0
1670583513146 0.014179146172500767 0
1670583515069 0.014152487725969443 0
1670583517030 0.01421757096896778 0
1670583518958 0.014164222927161574 0
1670583520832 0.014048113502892257 0
1670583522328 0.01411227813859281 0
1670583524112 0.014024035236836818 0
1670583525868 0.013912298690391317 0
1670583527320 0.013998952504557044 0
1670583529246 0.014498560740724337 0
1670583530952 0.014437105206329182 0
1670583532620 0.014330183910442301 0
1670583534054 0.014254008756572012 0
1670583535864 0.014289726250510254 0
1670583537629 0.014200401892218384 0
1670583539713 0.014310441272352842 0
1670583541484 0.014224911909220123 0
1670583543218 0.014142962120601954 0
1670583545126 0.014072983174369613 0
1670583546751 0.014002419601110233 0
1670583548353 0.01391001211458509 0
1670583549801 0.013849321225407385 0
1670583551272 0.01376115844568071 0
1670583552812 0.013674027800361477 0
1670583554887 0.013597519904883337 0
1670583556581 0.013607791511169531 0
1670583558283 0.01359239198368456 0
1670583560071 0.013510349667995358 0
1670583561503 0.013438015559342154 0
1670583563119 0.013358800347859467 0
1670583564686 0.013441613407871589 0
1670583566646 0.013513342081283658 0
1670583568177 0.01353390700035581 0
1670583570042 0.013462347461277502 0
1670583571583 0.013388819598166707 0
1670583573503 0.013431098206597991 0
1670583575102 0.013430475107448908 0
1670583576753 0.01339306465862694 0
1670583578489 0.013374925696529288 0
1670583580020 0.013304406554323134 0
1670583581774 0.013269353973759834 0
1670583583414 0.01349886856027091 0
1670583585110 0.013590054007993041 0
1670583586788 0.0135390735118123 0
1670583588447 0.013473101567366863 0
1670583589966 0.013415153192085416 0
1670583591445 0.013522433397144734 0
1670583593271 0.013512643747779163 0
1670583594743 0.013448882299255394 0
1670583596373 0.013433486258818489 0
1670583598025 0.013413735606362082 0
1670583599652 0.013450436895975415 0
1670583601363 0.013408155481323125 0
1670583603009 0.013372467674343191 0
1670583604983 0.013313578231672007 0
1670583606394 0.01343123387606976 0
1670583607990 0.013439545429103777 0
1670583609429 0.013431211461364223 0
1670583610955 0.013417014446687053 0
1670583612358 0.013365623428988727 0
1670583614376 0.013327268419403099 0
1670583616328 0.01330413993203533 0
1670583618141 0.013247890255646488 0
1670583619777 0.013197510562013653 0
1670583621317 0.013260428116881606 0
1670583623313 0.0132058074521125 0
1670583625172 0.013166213204888921 0
1670583626885 0.013133235345280075 0
1670583628390 0.013089715647578715 0
1670583630170 0.013191112555285517 0
1670583631603 0.013139058746374083 0
1670583633446 0.013134368867555674 0
1670583635416 0.013085089954494228 0
1670583636919 0.01309470028295931 0
1670583638820 0.013048381080988325 0
1670583640631 0.013097606859316824 0
1670583642564 0.013068447413962125 0
1670583644772 0.0131136460060578 0
1670583646840 0.013071653980570724 0
1670583648715 0.013030048030327368 0
1670583650939 0.013037458421409548 0
1670583652773 0.013106291137519377 0
1670583654441 0.013068501905001861 0
1670583655922 0.013025703395490279 0
1670583657516 0.012993165022681552 0
1670583659240 0.013089176556272869 0
1670583661116 0.013125195866024092 0
1670583662903 0.013214600481670336 0
1670583664386 0.013173231506571709 0
1670583665931 0.013127743063229946 0
1670583667480 0.013082722616659603 0
1670583669237 0.013177851156514292 0
1670583670778 0.013133537011590563 0
1670583672338 0.013103521791698436 0
1670583674302 0.013100138011036155 0
1670583675908 0.013225922428507036 0
1670583677390 0.01320785973751809 0
1670583679184 0.013166695580633131 0
1670583680927 0.013271323149068592 0
1670583682720 0.013257078148410734 0
1670583684624 0.013215749187968584 0
1670583686300 0.01320888030695297 0
1670583688133 0.013214285745981241 0
1670583690059 0.013233711106820645 0
1670583691880 0.013192323850729853 0
1670583693847 0.013151308713260035 0
1670583695524 0.013131841404090377 0
1670583697374 0.013115413138354154 0
1670583699325 0.01307844187474963 0
1670583701049 0.01305404178490166 0
1670583702964 0.013032859713613038 0
1670583704627 0.012995728415719082 0
1670583706531 0.013079669030995444 0
1670583708180 0.013040954892380885 0
1670583709752 0.013004362841779749 0
1670583711397 0.012968369878002484 0
1670583713161 0.01293079177377926 0
1670583715000 0.01295104178218573 0
1670583716620 0.012949598581957183 0
1670583718315 0.013018258664333399 0
1670583720169 0.012985060119962116 0
1670583722033 0.012980348339942521 0
1670583723753 0.012944965419678128 0
1670583725572 0.01301750870172605 0
1670583727390 0.01310699201484175 0
1670583728905 0.013106868265445937 0
1670583730608 0.013070895145377237 0
1670583732011 0.01304786954827769 0
1670583733591 0.013032035912523082 0
1670583735511 0.013007098767815778 0
1670583737673 0.012972757517426353 0
1670583739142 0.013052824892843568 0
1670583741161 0.013049531765517264 0
1670583742973 0.013015762282192117 0
1670583744359 0.012993798800847334 0
1670583746170 0.012987773730055552 0
1670583747945 0.012991477704797333 0
1670583749873 0.012959997879677276 0
1670583751821 0.012927848212583776 0
1670583753673 0.012895032580677007 0
1670583755279 0.01286280457853059 0
1670583756936 0.01287029907504944 0
1670583758524 0.01285972464942492 0
1670583760646 0.012879846224572555 0
1670583762451 0.012926703366452325 0
1670583764214 0.012901395076827749 0
1670583766101 0.012874487042187827 0
1670583767551 0.01284311855704165 0
1670583769376 0.012853947248405218 0
1670583770939 0.01283676560910943 0
1670583772634 0.012806201681456353 0
1670583774529 0.012809885243691255 0
1670583776327 0.012892038084392127 0
1670583778196 0.012925158659205599 0
1670583779615 0.012898926764368907 0
1670583781007 0.012872601767485448 0
1670583782883 0.01284388542032533 0
1670583784649 0.012819166822897105 0
1670583786562 0.01288748268517867 0
1670583787949 0.012873602190408423 0
1670583789618 0.012843957977043574 0
1670583791003 0.012828388223257353 0
1670583792351 0.012894489274845017 0
1670583793936 0.012867158242519827 0
1670583795460 0.012838427322350049 0
1670583797126 0.012815862758867674 0
1670583798854 0.012802209587670366 0
1670583800788 0.012797051841401619 0
1670583802762 0.012865920138329795 0
1670583804565 0.012853553280418928 0
1670583806000 0.01283709757082474 0
1670583807522 0.012957568220397231 0
1670583809403 0.012930885235614253 0
1670583811221 0.01291895240217203 0
1670583812683 0.012916659461330693 0
1670583814199 0.012937165751027213 0
1670583815835 0.012937541830090882 0
1670583817468 0.012932892153645098 0
1670583819062 0.012905501262308272 0
1670583820823 0.012898199239017138 0
1670583822514 0.012875197359853346 0
1670583824143 0.01298329630883302 0
1670583825652 0.012956279197837844 0
1670583827176 0.012940703497168388 0
1670583828825 0.012933313715213696 0
1670583830426 0.013088798579316635 0
1670583832191 0.013092407137895556 0
1670583834003 0.013081071037043118 0
1670583835367 0.013057718069295898 0
