1670563135236 0.0 0
1670563135643 0.0 0
1670563135903 0.0 0
1670563136263 0.0 0
1670563136764 0.0 0
1670563137129 0.0 0
1670563137506 0.0 0
1670563137998 0.0 0
1670563138420 0.0 0
1670563138721 0.0 0
1670563139147 0.0 0
1670563139616 0.0 0
1670563140206 0.0 0
1670563140538 0.0 0
1670563140884 0.0 0
1670563141137 0.0 0
1670563141531 0.0 0
1670563141947 0.0 0
1670563142328 0.0 0
1670563142675 0.0 0
1670563143127 0.0 0
1670563143653 0.0 0
1670563144048 0.0 0
1670563144487 0.0 0
1670563144813 0.0 0
1670563145074 0.0 0
1670563145411 0.0 0
1670563145829 0.0 0
1670563146279 0.0 0
1670563146701 0.0 0
1670563147034 0.0 0
1670563147316 0.0 0
1670563147556 0.0 0
1670563147875 0.0 0
1670563148129 0.0 0
1670563148322 0.0 0
1670563148887 0.0 0
1670563149242 0.0 0
1670563149579 0.0 0
1670563149949 0.0 0
1670563150282 0.0 0
1670563150509 0.0 0
1670563150898 0.0 0
1670563151053 0.0 0
1670563151239 0.0 0
1670563151395 0.0 0
1670563151625 0.0 0
1670563151905 0.0 0
1670563152306 0.0 0
1670563152687 0.0 0
1670563152852 0.0 0
1670563153295 0.0 0
1670563153580 0.0 0
1670563153781 0.0 0
1670563153941 0.0 0
1670563154399 0.0 0
1670563154725 0.0 0
1670563155146 0.0 0
1670563155516 0.0 0
1670563155946 0.0 0
1670563156382 0.0 0
1670563156798 0.0 0
1670563157253 0.0 0
1670563157698 0.0 0
1670563158076 0.0 0
1670563158374 0.0 0
1670563158864 0.0 0
1670563159268 0.0 0
1670563159647 0.0 0
1670563160052 0.0 0
1670563160490 0.0 0
1670563160758 0.0 0
1670563160925 0.0 0
1670563161160 0.0 0
1670563161474 0.0 0
1670563161866 0.0 0
1670563162211 0.0 0
1670563162686 0.0 0
1670563163006 0.0 0
1670563163272 0.0 0
1670563163505 0.0 0
1670563164119 0.0 0
1670563164312 0.0 0
1670563164763 0.0 0
1670563165151 0.0 0
1670563165467 0.0 0
1670563166172 0.0 0
1670563166572 0.0 0
1670563166739 0.0 0
1670563166985 0.0 0
1670563167226 0.0 0
1670563167616 0.0 0
1670563167896 0.0 0
1670563168233 0.0 0
1670563168448 0.0 0
1670563168640 0.0 0
1670563168868 0.0 0
1670563169123 0.0 0
1670563169385 0.0 0
1670563169636 0.0 0
1670563169913 0.0 0
