1670592110867 0.16666666666666666 0
1670592112886 0.16666666666666666 0
1670592115217 0.16666666666666666 0
1670592117125 0.16666666666666666 0
1670592119112 0.16666666666666666 0
1670592121328 0.16666666666666666 0
1670592123277 0.16666666666666666 0
1670592125576 0.16666666666666666 0
1670592127726 0.16666666666666666 0
1670592129783 0.16666666666666666 0
1670592131856 0.16666666666666666 0
1670592134052 0.16666666666666666 0
1670592136371 0.16666666666666666 0
1670592138585 0.16666666666666666 0
1670592141002 0.16666666666666666 0
1670592143364 0.16666666666666666 0
1670592145931 0.16666666666666666 0
1670592148443 0.16666666666666666 0
1670592151224 0.16666666666666666 0
1670592153651 0.16666666666666666 0
1670592156413 0.16666666666666666 0
1670592158874 0.16666666666666666 0
1670592161341 0.16666666666666666 0
1670592163960 0.16666666666666666 0
1670592166359 0.16666666666666666 0
1670592168505 0.16666666666666666 0
1670592170984 0.16666666666666666 0
1670592173653 0.16666666666666666 0
1670592176164 0.16666666666666666 0
1670592179036 0.16666666666666666 0
1670592181333 0.16666666666666666 0
1670592184235 0.16666666666666666 0
1670592186951 0.16666666666666666 0
1670592189043 0.16666666666666666 0
1670592191166 0.16666666666666666 0
1670592193522 0.16666666666666666 0
1670592196097 0.16666666666666666 0
1670592198576 0.16666666666666666 0
1670592200966 0.16666666666666666 0
1670592203266 0.16666666666666666 0
1670592205443 0.16666666666666666 0
1670592207870 0.16666666666666666 0
1670592210119 0.16666666666666666 0
1670592212692 0.16666666666666666 0
1670592215087 0.16666666666666666 0
1670592217340 0.16666666666666666 0
1670592219875 0.16666666666666666 0
1670592222178 0.16666666666666666 0
1670592224680 0.16666666666666666 0
1670592226899 0.16666666666666666 0
1670592229108 0.16666666666666666 0
1670592231508 0.16666666666666666 0
1670592234443 0.16666666666666666 0
1670592236774 0.16666666666666666 0
1670592239182 0.1665 0
1670592241265 0.16666666666666666 0
1670592243814 0.16666666666666666 0
1670592245968 0.16666666666666666 0
1670592248283 0.16666666666666666 0
1670592250516 0.16666666666666666 0
1670592252712 0.16666666666666666 0
1670592255338 0.16666666666666666 0
1670592257474 0.16666666666666666 0
1670592259924 0.16666666666666666 0
1670592262498 0.16666666666666666 0
1670592265074 0.16666666666666666 0
1670592267395 0.16666666666666666 0
1670592270199 0.16666666666666666 0
1670592272597 0.16666666666666666 0
1670592275155 0.16666666666666666 0
1670592277497 0.16666666666666666 0
1670592279730 0.16666666666666666 0
1670592281921 0.16666666666666666 0
1670592284317 0.16666666666666666 0
1670592286586 0.16666666666666666 0
1670592288842 0.16666666666666666 0
1670592291345 0.16666666666666666 0
1670592293761 0.16666666666666666 0
1670592295752 0.16666666666666666 0
1670592298258 0.16666666666666666 0
1670592300539 0.16666666666666666 0
1670592303023 0.1665 0
1670592305011 0.16666666666666666 0
1670592307371 0.16666666666666666 0
1670592309624 0.16666666666666666 0
1670592311675 0.16666666666666666 0
1670592313987 0.16666666666666666 0
1670592316420 0.16666666666666666 0
1670592318484 0.1665 0
1670592321096 0.16666666666666666 0
1670592323447 0.16666666666666666 0
1670592325726 0.16666666666666666 0
1670592328103 0.16666666666666666 0
1670592330339 0.16666666666666666 0
1670592332836 0.16666666666666666 0
1670592335109 0.16666666666666666 0
1670592337743 0.16666666666666666 0
1670592340479 0.16666666666666666 0
1670592343006 0.16666666666666666 0
1670592345488 0.16666666666666666 0
1670592347485 0.16666666666666666 0
1670592349889 0.16666666666666666 0
1670592352441 0.16666666666666666 0
1670592354889 0.16666666666666666 0
1670592357065 0.16666666666666666 0
1670592359351 0.16666666666666666 0
1670592361545 0.16666666666666666 0
1670592364024 0.16666666666666666 0
1670592366226 0.16666666666666666 0
1670592368394 0.16666666666666666 0
1670592370469 0.16666666666666666 0
1670592372539 0.16666666666666666 0
1670592374922 0.16666666666666666 0
1670592376993 0.16666666666666666 0
1670592379219 0.16666666666666666 0
1670592381527 0.16666666666666666 0
1670592384029 0.16666666666666666 0
1670592386534 0.16666666666666666 0
1670592388773 0.16666666666666666 0
1670592391105 0.16666666666666666 0
1670592393554 0.16666666666666666 0
1670592396005 0.16666666666666666 0
1670592398133 0.16666666666666666 0
1670592400408 0.16666666666666666 0
1670592402782 0.16666666666666666 0
1670592405236 0.16666666666666666 0
1670592407651 0.16666666666666666 0
1670592410041 0.16666666666666666 0
1670592412285 0.16666666666666666 0
1670592414606 0.16666666666666666 0
1670592416996 0.16666666666666666 0
1670592419090 0.16666666666666666 0
1670592421479 0.16666666666666666 0
1670592423655 0.16666666666666666 0
1670592425976 0.1665 0
1670592428501 0.16666666666666666 0
1670592430785 0.16666666666666666 0
1670592432921 0.16666666666666666 0
1670592434911 0.16666666666666666 0
1670592437432 0.16666666666666666 0
1670592439756 0.16666666666666666 0
1670592441797 0.16666666666666666 0
1670592443899 0.16666666666666666 0
1670592446147 0.16666666666666666 0
1670592448685 0.16666666666666666 0
1670592451143 0.16666666666666666 0
1670592453355 0.16666666666666666 0
1670592455721 0.16666666666666666 0
1670592457910 0.16666666666666666 0
