1670596816874 0.043833333333333335 0
1670596818919 0.04883333333333333 0
1670596820875 0.05 0
1670596822761 0.0495 0
1670596824770 0.04066666666666666 0
1670596826675 0.0455 0
1670596828360 0.051833333333333335 0
1670596830408 0.043333333333333335 0
1670596832429 0.051 0
1670596834228 0.04666666666666667 0
1670596836484 0.04516666666666667 0
1670596838547 0.050333333333333334 0
1670596840153 0.0445 0
1670596842221 0.046 0
1670596843849 0.04516666666666667 0
1670596845373 0.044333333333333336 0
1670596847381 0.0485 0
1670596849394 0.0455 0
1670596851634 0.044333333333333336 0
1670596853596 0.0435 0
1670596855433 0.044 0
1670596857245 0.0445 0
1670596859034 0.04816666666666667 0
1670596860895 0.04766666666666667 0
1670596862520 0.04933333333333333 0
1670596864525 0.04733333333333333 0
1670596866714 0.04933333333333333 0
1670596868387 0.04616666666666667 0
1670596870041 0.0525 0
1670596871845 0.04716666666666667 0
1670596873406 0.049 0
1670596875346 0.04666666666666667 0
1670596877140 0.0445 0
1670596878849 0.04683333333333333 0
1670596880886 0.04466666666666667 0
1670596882654 0.04533333333333334 0
1670596884641 0.04516666666666667 0
1670596886717 0.048 0
1670596888811 0.04833333333333333 0
1670596890858 0.04683333333333333 0
1670596892661 0.0435 0
1670596894461 0.04783333333333333 0
1670596896081 0.05 0
1670596898174 0.042333333333333334 0
1670596899852 0.0495 0
1670596901525 0.04066666666666666 0
1670596903346 0.047 0
1670596905169 0.0465 0
1670596906946 0.050666666666666665 0
1670596908500 0.048666666666666664 0
1670596910215 0.050333333333333334 0
1670596912072 0.047 0
1670596914295 0.04566666666666667 0
1670596916110 0.04733333333333333 0
1670596917896 0.04883333333333333 0
1670596919468 0.04566666666666667 0
1670596920974 0.04516666666666667 0
1670596922821 0.0485 0
1670596924474 0.043166666666666666 0
1670596926193 0.04633333333333333 0
1670596927842 0.04533333333333334 0
1670596929609 0.0425 0
1670596931639 0.04666666666666667 0
1670596933368 0.04766666666666667 0
1670596935430 0.0465 0
1670596937598 0.044833333333333336 0
1670596939489 0.046 0
1670596941716 0.043 0
1670596943784 0.0455 0
1670596946125 0.04933333333333333 0
1670596947938 0.0415 0
1670596949906 0.049 0
1670596951871 0.04716666666666667 0
1670596954122 0.050833333333333335 0
1670596956368 0.04766666666666667 0
1670596958268 0.04633333333333333 0
1670596960192 0.041166666666666664 0
1670596962211 0.050833333333333335 0
1670596964479 0.050333333333333334 0
1670596966077 0.050166666666666665 0
1670596967833 0.049666666666666665 0
1670596969417 0.04683333333333333 0
1670596971835 0.04933333333333333 0
1670596973773 0.04583333333333333 0
1670596975686 0.044833333333333336 0
1670596978059 0.0505 0
1670596979748 0.04883333333333333 0
1670596981786 0.0485 0
1670596983429 0.0435 0
1670596985486 0.043 0
1670596987278 0.044 0
1670596989121 0.04633333333333333 0
1670596990988 0.04933333333333333 0
1670596992839 0.04566666666666667 0
1670596994469 0.04416666666666667 0
1670596996099 0.043333333333333335 0
1670596997686 0.04733333333333333 0
1670596999731 0.04583333333333333 0
1670597001812 0.04716666666666667 0
1670597003759 0.049166666666666664 0
1670597005247 0.04566666666666667 0
1670597007192 0.042666666666666665 0
1670597008886 0.052833333333333336 0
1670597010353 0.048666666666666664 0
1670597012025 0.043333333333333335 0
1670597013616 0.043666666666666666 0
1670597015270 0.048666666666666664 0
1670597016907 0.0425 0
1670597018671 0.044833333333333336 0
1670597020380 0.04833333333333333 0
1670597021970 0.050666666666666665 0
1670597023609 0.0485 0
1670597025051 0.04783333333333333 0
1670597026695 0.046 0
1670597028345 0.04816666666666667 0
1670597029881 0.0475 0
1670597031911 0.0445 0
1670597033617 0.051333333333333335 0
1670597035344 0.047 0
1670597036970 0.0425 0
1670597039018 0.04416666666666667 0
1670597040761 0.042 0
1670597042739 0.043833333333333335 0
