1670562565972 0.06783333333333333 0
1670562567146 0.0705 0
1670562568456 0.078 0
1670562569652 0.0705 0
1670562570914 0.07333333333333333 0
1670562572248 0.07533333333333334 0
1670562573294 0.07116666666666667 0
1670562574419 0.07533333333333334 0
1670562575641 0.06783333333333333 0
1670562576635 0.06883333333333333 0
1670562577760 0.06733333333333333 0
1670562579007 0.07066666666666667 0
1670562580452 0.073 0
1670562581863 0.07883333333333334 0
1670562583187 0.06933333333333333 0
1670562584380 0.07 0
1670562585305 0.06916666666666667 0
1670562586719 0.0735 0
1670562587813 0.0775 0
1670562588822 0.062 0
1670562590039 0.065 0
1670562591015 0.07116666666666667 0
1670562592065 0.067 0
1670562593227 0.069 0
1670562594254 0.0715 0
1670562595412 0.07083333333333333 0
1670562596724 0.0725 0
1670562597947 0.06716666666666667 0
1670562599474 0.06783333333333333 0
1670562601109 0.071 0
1670562602232 0.075 0
1670562603218 0.07416666666666667 0
1670562604289 0.0645 0
1670562605444 0.06666666666666667 0
1670562606517 0.07066666666666667 0
1670562607796 0.07183333333333333 0
1670562609118 0.06866666666666667 0
1670562610184 0.06616666666666667 0
1670562611375 0.06883333333333333 0
1670562612612 0.06966666666666667 0
1670562613747 0.06983333333333333 0
1670562615001 0.07416666666666667 0
1670562616407 0.069 0
1670562617960 0.06633333333333333 0
1670562619106 0.07166666666666667 0
1670562620440 0.06816666666666667 0
1670562621752 0.07166666666666667 0
1670562623266 0.07633333333333334 0
1670562624347 0.0665 0
1670562625416 0.07216666666666667 0
1670562626509 0.072 0
1670562627804 0.0695 0
1670562629070 0.06783333333333333 0
1670562630399 0.07466666666666667 0
1670562631613 0.07533333333333334 0
1670562632741 0.06766666666666667 0
1670562633884 0.07 0
1670562635291 0.07483333333333334 0
1670562636595 0.06666666666666667 0
1670562637693 0.07233333333333333 0
1670562638927 0.071 0
1670562640273 0.06733333333333333 0
1670562641508 0.07116666666666667 0
1670562642615 0.06583333333333333 0
1670562643970 0.0765 0
1670562645173 0.0685 0
1670562646290 0.0675 0
1670562647541 0.07133333333333333 0
1670562648774 0.06916666666666667 0
1670562650034 0.07266666666666667 0
1670562651231 0.07033333333333333 0
1670562652547 0.06533333333333333 0
1670562653631 0.07066666666666667 0
1670562654869 0.077 0
1670562655860 0.07033333333333333 0
1670562657137 0.07533333333333334 0
1670562658178 0.0745 0
1670562659404 0.07133333333333333 0
1670562660567 0.06766666666666667 0
1670562661922 0.06766666666666667 0
1670562662882 0.06616666666666667 0
1670562664213 0.06483333333333334 0
1670562665387 0.071 0
1670562666564 0.06966666666666667 0
1670562667860 0.0695 0
1670562668821 0.07233333333333333 0
1670562670250 0.07316666666666667 0
1670562671492 0.0705 0
1670562672848 0.07566666666666666 0
1670562674040 0.0655 0
1670562675411 0.07516666666666667 0
1670562676605 0.07683333333333334 0
1670562678072 0.06633333333333333 0
1670562679454 0.06833333333333333 0
1670562680615 0.072 0
1670562681887 0.07 0
1670562683134 0.06733333333333333 0
1670562684321 0.06716666666666667 0
1670562685532 0.0735 0
1670562686871 0.06833333333333333 0
1670562688077 0.0715 0
1670562689312 0.06733333333333333 0
1670562690595 0.07266666666666667 0
1670562691705 0.0745 0
1670562692858 0.067 0
1670562694006 0.07066666666666667 0
1670562695168 0.07333333333333333 0
1670562696354 0.07616666666666666 0
1670562697746 0.0725 0
1670562698924 0.06816666666666667 0
1670562700384 0.07066666666666667 0
1670562701826 0.07166666666666667 0
1670562703076 0.06733333333333333 0
1670562704291 0.0745 0
1670562705280 0.06883333333333333 0
1670562706715 0.07116666666666667 0
1670562708168 0.06983333333333333 0
1670562709467 0.06966666666666667 0
1670562710766 0.07833333333333334 0
1670562711994 0.06866666666666667 0
1670562713353 0.07233333333333333 0
1670562714442 0.07216666666666667 0
1670562715986 0.07433333333333333 0
1670562717286 0.0705 0
1670562718620 0.07433333333333333 0
1670562719871 0.069 0
1670562721040 0.07066666666666667 0
1670562722468 0.07066666666666667 0
1670562723599 0.07216666666666667 0
1670562724713 0.06216666666666667 0
1670562725798 0.06633333333333333 0
1670562727456 0.06966666666666667 0
1670562728939 0.07516666666666667 0
1670562730186 0.07116666666666667 0
1670562731468 0.07033333333333333 0
1670562732791 0.07083333333333333 0
1670562734019 0.06683333333333333 0
1670562735280 0.07216666666666667 0
1670562736488 0.07383333333333333 0
1670562737829 0.07266666666666667 0
1670562739039 0.066 0
1670562740069 0.06933333333333333 0
1670562741219 0.07266666666666667 0
1670562742512 0.06983333333333333 0
1670562743741 0.068 0
1670562744958 0.0695 0
1670562745976 0.07466666666666667 0
1670562747543 0.07133333333333333 0
1670562748421 0.07166666666666667 0
1670562749472 0.07333333333333333 0
1670562750603 0.06516666666666666 0
1670562751769 0.069 0
1670562752667 0.07166666666666667 0
1670562753751 0.06916666666666667 0
1670562754963 0.07066666666666667 0
1670562755893 0.06983333333333333 0
1670562757278 0.07466666666666667 0
1670562758316 0.07366666666666667 0
1670562759858 0.069 0
1670562761134 0.06933333333333333 0
1670562762227 0.07033333333333333 0
1670562763573 0.074 0
1670562764976 0.07316666666666667 0
1670562766126 0.07066666666666667 0
1670562767527 0.07416666666666667 0
1670562768764 0.074 0
1670562770153 0.067 0
1670562771215 0.07483333333333334 0
1670562772806 0.07116666666666667 0
1670562773793 0.067 0
1670562775409 0.07483333333333334 0
1670562777208 0.07116666666666667 0
1670562778308 0.07183333333333333 0
1670562779543 0.07183333333333333 0
1670562780876 0.06833333333333333 0
1670562782010 0.07516666666666667 0
1670562783462 0.06383333333333334 0
1670562784987 0.07583333333333334 0
1670562786286 0.0765 0
1670562787522 0.071 0
1670562788566 0.06616666666666667 0
1670562789710 0.07183333333333333 0
1670562790920 0.07033333333333333 0
1670562792286 0.06683333333333333 0
1670562793460 0.07116666666666667 0
1670562794687 0.071 0
1670562795964 0.06116666666666667 0
1670562797223 0.07 0
1670562798371 0.06933333333333333 0
1670562799434 0.07266666666666667 0
1670562800747 0.0735 0
1670562801878 0.07433333333333333 0
1670562803229 0.06316666666666666 0
1670562804317 0.06783333333333333 0
1670562805623 0.07166666666666667 0
1670562806747 0.0695 0
1670562807924 0.06683333333333333 0
1670562809110 0.06733333333333333 0
1670562810315 0.0655 0
1670562811618 0.0695 0
