1670562567147 0.03388321263048555 0
1670562568457 0.0370375099698834 0
1670562569653 0.024136465300580563 0
1670562570914 0.01917690989238488 0
1670562572249 0.01739764689064119 0
1670562573294 0.015522931436566606 0
1670562574420 0.014772331707823438 0
1670562575656 0.015338208714229001 0
1670562576635 0.01498952972813608 0
1670562577762 0.015227973243581272 0
1670562579007 0.014433860790778269 0
1670562580453 0.013854789644859006 0
1670562581863 0.015543359183079447 0
1670562583188 0.015185840713899473 0
1670562584380 0.01473710812865156 0
1670562585306 0.01444946085129642 0
1670562586733 0.014097146353243384 0
1670562587813 0.014709086780460456 0
1670562588823 0.016947895291959086 0
1670562590040 0.01746598551379505 0
1670562591016 0.017012483927379946 0
1670562592066 0.016966786017820645 0
1670562593295 0.01665068205089465 0
1670562594255 0.01628341411948933 0
1670562595412 0.01593372323728598 0
1670562596725 0.015652224225430472 0
1670562597967 0.015617777659112597 0
1670562599475 0.015487039075546716 0
1670562601110 0.014570286272301558 0
1670562602233 0.014630157880917566 0
1670562603219 0.014570754098941013 0
1670562604291 0.01499935643848363 0
1670562605445 0.01502953543981786 0
1670562606518 0.014813277390930885 0
1670562607797 0.014624785524633865 0
1670562609119 0.01448458927870691 0
1670562610185 0.014568428944276679 0
1670562611376 0.014419442662979731 0
1670562612613 0.014247189804221183 0
1670562613748 0.01407778865823342 0
1670562615002 0.014084152155948687 0
1670562616409 0.013949570426814772 0
1670562617961 0.014004902513709838 0
1670562619315 0.013867126975864896 0
1670562620440 0.013777436927711911 0
1670562621753 0.013648943277857983 0
1670562623267 0.01390513165295898 0
1670562624348 0.01394424327949928 0
1670562625417 0.013835612068960557 0
1670562626510 0.013723533023517837 0
1670562627805 0.013602229141832206 0
1670562629071 0.013548692182807437 0
1670562630400 0.013605585016385174 0
1670562631614 0.01371336488969721 0
1670562632742 0.013676824391362447 0
1670562633910 0.013559510687601195 0
1670562635292 0.013617699609270645 0
1670562636596 0.013650295066476859 0
1670562637694 0.013565029570011378 0
1670562638928 0.013454875140039402 0
1670562640274 0.01344328435900119 0
1670562641509 0.01333957469906255 0
1670562642615 0.013433016095669242 0
1670562643971 0.013641320301789023 0
1670562645174 0.013574153519357562 0
1670562646291 0.013550141960790574 0
1670562647542 0.013455851767100652 0
1670562648775 0.01337290936980004 0
1670562650034 0.013315413005593496 0
1670562651231 0.013221610090929287 0
1670562652548 0.013343614988168023 0
1670562653632 0.013252268224445196 0
1670562654870 0.013491696070722148 0
1670562655861 0.013401780485044146 0
1670562657138 0.013484386577129137 0
1670562658179 0.013507715850459262 0
1670562659405 0.013424194940777373 0
1670562660568 0.013403407847862397 0
1670562661922 0.013381519639828088 0
1670562662883 0.013435628080102763 0
1670562664214 0.013576737994152488 0
1670562665387 0.013496653615190507 0
1670562666564 0.013420421072479066 0
1670562667861 0.013347416915658883 0
1670562668822 0.013293194131092284 0
1670562670251 0.013264486696452887 0
1670562671493 0.013188904984452049 0
1670562672848 0.013287077125774649 0
1670562674041 0.013375628372010256 0
1670562675412 0.013437727937921473 0
1670562676617 0.013605948886462133 0
1670562678075 0.013643283596126543 0
1670562679455 0.013600484154881826 0
1670562680640 0.013541089104873644 0
1670562681888 0.013472277464425086 0
1670562683135 0.013463502650701314 0
1670562684322 0.01345997719694031 0
1670562685533 0.01344352883742933 0
1670562686872 0.013403434390096641 0
1670562688078 0.013342524063780253 0
1670562689313 0.013333639861270313 0
1670562690596 0.013295298431416774 0
1670562691716 0.013319262537572402 0
1670562692858 0.013324088717486526 0
1670562694007 0.013261226717583091 0
1670562695169 0.013242018393779809 0
1670562696355 0.013349034607158528 0
1670562697747 0.01330686056639413 0
1670562698925 0.013277277483965899 0
1670562700384 0.013217370654262067 0
1670562701827 0.01316428616869747 0
1670562703077 0.013160453759034407 0
1670562704292 0.013181318423612615 0
1670562705281 0.01313961341965203 0
1670562706716 0.013084558022030596 0
1670562708169 0.013031374908454657 0
1670562709468 0.012980213072981306 0
1670562710767 0.013220336182801495 0
1670562711995 0.013183903491628596 0
1670562713354 0.013143323976675891 0
1670562714565 0.013100496720482663 0
1670562715987 0.013111389466061357 0
1670562717287 0.013058566795504878 0
1670562718621 0.013068688427597036 0
1670562719872 0.013030275364930288 0
1670562721041 0.012978877252020155 0
1670562722469 0.012928082601762175 0
1670562723610 0.012887824535363968 0
1670562724714 0.013167003713118325 0
1670562725799 0.013198682855779742 0
1670562727458 0.013152475641584727 0
1670562728939 0.01319388016334233 0
1670562730187 0.013145785005464705 0
1670562731469 0.013097406916355553 0
1670562732791 0.013049333517293288 0
1670562734020 0.013063430946074067 0
1670562735281 0.013026305983057984 0
1670562736489 0.01302292507012584 0
1670562737830 0.01299350022502066 0
1670562739041 0.013037703536924156 0
1670562740070 0.01299861561399901 0
1670562741220 0.012970391738043402 0
1670562742513 0.012927882096366777 0
1670562743742 0.012911339446008474 0
1670562744959 0.01287202208986643 0
1670562745977 0.012894933931092423 0
1670562747544 0.012853297732099006 0
1670562748422 0.012814374744155282 0
1670562749473 0.01280048172948442 0
1670562750604 0.0128768776336608 0
1670562751770 0.012844716991435995 0
1670562752668 0.012807024860081645 0
1670562753751 0.012773535594772678 0
1670562754964 0.012732277670754355 0
1670562755894 0.012693714259592342 0
1670562757279 0.012716537061303157 0
1670562758317 0.012711367396799705 0
1670562759859 0.012681614876276892 0
1670562761135 0.012648339299509537 0
1670562762228 0.012609326714330071 0
1670562763574 0.01261292703501496 0
1670562764977 0.012597786094350832 0
1670562766127 0.012559319517011364 0
1670562767528 0.012566478707634499 0
1670562768765 0.012568861077100785 0
1670562770153 0.01258116269178794 0
1670562771216 0.012605945256699336 0
1670562772807 0.01256935280878027 0
1670562773794 0.012581578030683549 0
1670562775409 0.012605764792719881 0
1670562777208 0.012569795540710915 0
1670562778309 0.012537818220711788 0
1670562779544 0.012506077645803804 0
1670562780877 0.012490351182608883 0
1670562782011 0.01252371151981152 0
1670562783463 0.012652054236153204 0
1670562784988 0.012705772769029816 0
1670562786287 0.012781915190727078 0
1670562787523 0.012746549618179503 0
1670562788566 0.012781253349671728 0
1670562789724 0.012750045789009012 0
1670562790920 0.01271571455877446 0
1670562792287 0.01273103024177899 0
1670562793461 0.012697224150163916 0
1670562794688 0.012663295622402676 0
1670562795965 0.012921573103146927 0
1670562797224 0.012888589562807112 0
1670562798372 0.012860060872674717 0
1670562799435 0.012838767368017479 0
1670562800775 0.012830066623829461 0
1670562801888 0.012837890437267602 0
1670562803229 0.012979223086142827 0
1670562804366 0.012970151547325226 0
1670562805624 0.012939965408712506 0
1670562806748 0.01291096503863809 0
1670562807925 0.012922020459114836 0
1670562809111 0.012921914734572326 0
1670562810316 0.012967180378526844 0
1670562811618 0.012938235113810481 0
