1670697198026 0.0012706204736432096 0
1670697202849 0.0004056579896548098 0
1670697207757 0.0002756079346556099 0
1670697212700 0.0006475727138834825 0
1670697217652 0.0005486584954110829 0
1670697221925 0.000504140922134788 0
1670697226277 0.0004579075172100538 0
1670697231131 0.0004583450668737974 0
1670697235920 0.00044329046133580435 0
1670697240309 0.0004170926095017163 0
1670697244712 0.00039508892750346664 0
1670697249111 0.00037626328239267516 0
1670697253721 0.0003716326214547675 0
1670697258142 0.00036622228334731206 0
1670697263036 0.00035346092010969004 0
1670697266999 0.0003491608728128725 0
1670697271047 0.0003389027775743653 0
1670697275797 0.000335390108395997 0
1670697280513 0.0003315973722415834 0
1670697285334 0.000327643719019222 0
1670697290098 0.00032083833858684177 0
1670697295265 0.0003175156808775035 0
1670697300348 0.00031173189926627493 0
1670697305404 0.0003062369259830495 0
1670697310452 0.00031843240449344514 0
1670697315493 0.00031646945992737645 0
1670697320567 0.0003112445245178772 0
1670697325644 0.00030950587545267266 0
1670697330706 0.0002947920200739128 0
1670697335808 0.00030505481560907103 0
1670697340605 0.00030378453859235336 0
1670697345334 0.0003023790162217479 0
1670697349738 0.0002988710202828791 0
1670697354014 0.000297585929413368 0
1670697358323 0.00029620435926561286 0
1670697363293 0.000294745269041126 0
1670697368338 0.00029322444331684284 0
1670697373327 0.0002916550666399677 0
1670697378493 0.0002892192348731574 0
1670697383340 0.00028777848955290015 0
1670697388088 0.00028553984580310867 0
1670697392560 0.0002833336747455063 0
1670697396669 0.0002811610000747692 0
1670697401268 0.0002801082126201212 0
1670697406274 0.0002790086371065236 0
1670697411291 0.0002778700365148527 0
1670697415765 0.0002760959044845632 0
1670697419896 0.0002743378100774463 0
1670697425115 0.0002725971009154484 0
1670697430091 0.0002708748653894695 0
1670697435070 0.0002691719715022012 0
1670697440103 0.0002685096646749421 0
1670697444957 0.00026691481061549344 0
1670697449815 0.00026533650988405026 0
1670697454651 0.00026479505871053656 0
1670697459506 0.000264208271450608 0
1670697464289 0.000262800379903911 0
1670697469205 0.00026140359332476075 0
1670697474275 0.0002600186055731717 0
1670697478578 0.00025960217627375856 0
1670697483764 0.0002667450680523157 0
1670697488840 0.00027320651531960975 0
1670697493796 0.0002728154406388111 0
1670697498702 0.000278718216439423 0
1670697503758 0.0002771171256164576 0
1670697508579 0.00027677912057007844 0
1670697513394 0.0002764003951690692 0
1670697518447 0.000275984694315146 0
1670697523407 0.0002755354239220834 0
1670697528212 0.00027416769074588727 0
1670697533080 0.0002737373918782474 0
1670697537707 0.00027327827560458636 0
1670697542628 0.00027279294026369584 0
1670697547724 0.00027823819433120763 0
1670697552727 0.0002777560282314793 0
1670697557825 0.0002772508810053469 0
1670697562873 0.0002760394408883112 0
1670697567923 0.0002937196784838896 0
1670697572470 0.0002923156678024888 0
1670697577373 0.00029181324839265256 0
1670697581530 0.0002904658504329105 0
1670697585612 0.0002899817519851001 0
1670697589864 0.0002894785124930468 0
1670697593599 0.00028822077421897284 0
1670697597397 0.0002877357325990481 0
1670697601602 0.00029186134117300334 0
1670697604678 0.0002906004109910236 0
1670697608177 0.00029015692815832517 0
1670697612261 0.00028969642537970985 0
1670697615903 0.0002885136260215715 0
1670697619801 0.00028806856551450436 0
1670697623719 0.00028692814648361207 0
1670697627605 0.00028579887384581486 0
1670697631573 0.0002853974358520363 0
1670697634499 0.0002843073970525076 0
1670697638356 0.00028391865431834194 0
1670697641738 0.0002835155125869038 0
1670697644894 0.0002830989865500191 0
1670697648317 0.00028687874402707315 0
1670697651670 0.0002858357549189722 0
1670697655020 0.000284802094714212 0
1670697658196 0.00028828439468098465 0
1670697661626 0.00029156845785806117 0
1670697665228 0.00029124250756721416 0
1670697668303 0.00029436068555453395 0
1670697671578 0.0002932618436581671 0
1670697674569 0.0002921741801921938 0
1670697677529 0.00029109753851908017 0
1670697680737 0.0002908406578864335 0
1670697683940 0.0002905691093774474 0
1670697686519 0.0002895443297764779 0
1670697688030 0.00028927905253859715 0
