1670577430731 0.016518066157361722 0
1670577432917 0.00467827615772241 0
1670577434816 0.0032610370605557874 0
1670577436469 0.002566372606911918 0
1670577438420 0.002181211017918302 0
1670577440138 0.001989723773786205 0
1670577688232 0.0018768623136856876 0
1670577690421 0.002253594649203449 0
1670577692068 0.002102711284271924 0
1670577693597 0.002075997962131134 0
1670577696057 0.00241412612484743 0
1670577698474 0.002380642081793445 0
1670577700867 0.0023705866456291613 0
1670577703303 0.0023467098599625853 0
1670577705484 0.002317798254362513 0
1670577707767 0.002308808675968462 0
1670577709740 0.0022766899016740177 0
1670577712005 0.002220765747471507 0
1670577714422 0.002213465711481356 0
1670577716836 0.0023027797007485673 0
1670577718960 0.0022557138418235687 0
1670577721107 0.0022307886705643836 0
1670577723705 0.002387684565679198 0
1670577726033 0.0023379516411414676 0
1670577728177 0.0024315172026949895 0
1670577730454 0.0023826847806905117 0
1670577732616 0.002480275685526805 0
1670577734764 0.002447674272792166 0
1670577737434 0.0023469062663137637 0
1670578724433 0.0023119827058807243 0
1670578725792 0.00227608597299629 0
1670578727251 0.0022418105652953213 0
1670578729069 0.0022219074543327394 0
1670578730776 0.0021901254110273088 0
1670578732348 0.0022457904158168724 0
1670578734041 0.0022512040357498724 0
1670578735977 0.002279280764996199 0
1670578737568 0.00225086240968193 0
1670578739392 0.0022298628345788357 0
1670578741302 0.0022054177185928444 0
1670578743253 0.0021980339185914393 0
1670578745167 0.0021870309702350715 0
1670578746840 0.002170032530560348 0
1670578748259 0.002146750216989378 0
1670578749800 0.002159729488546751 0
1670578751261 0.002157085300334121 0
1670578753119 0.0021370698886670654 0
1670578755034 0.002115654863282422 0
1670578757079 0.0021000865473126684 0
1670578758387 0.002079805741864911 0
1670578760064 0.0020650052291038253 0
1670578762031 0.00204742167774138 0
1670578764077 0.0020296105716532988 0
1670578765995 0.0020147258677392704 0
1670578767717 0.0019977490645187237 0
1670578770061 0.00198219441186638 0
1670578771952 0.0019650844311780904 0
1670578773941 0.0019574511874981696 0
1670578775890 0.001942233219529994 0
1670578778007 0.001926547776438231 0
1670578779881 0.0019112361459419792 0
1670578782558 0.0018971409997777028 0
1670578784490 0.0018825536809914353 0
1670578786424 0.0019214627900147989 0
1670578788670 0.0019068711848670618 0
1670578790611 0.0018954263743100504 0
1670578792691 0.0018953089445558138 0
1670578794459 0.0018818789548512875 0
1670578796365 0.0018815070919927712 0
1670578798346 0.0018682614501674152 0
1670578800381 0.0018561941127586455 0
1670578802187 0.0018687088511993388 0
1670578804427 0.0018665471625382447 0
1670578806372 0.0018614664433202208 0
1670578807987 0.001864614239389045 0
1670578809805 0.0018622228311372339 0
1670578811621 0.001859643157147736 0
1670578813559 0.0018481855901480672 0
1670578815571 0.0018539474832633311 0
1670578817510 0.0018623018256314966 0
1670578819752 0.0018516137373085556 0
1670578821720 0.0018454144393498908 0
1670578824118 0.0018473295810208304 0
1670578826069 0.0018678499435140963 0
1670578828210 0.0018569588606025733 0
1670578830638 0.001846750837709271 0
1670578832054 0.0018921353349324157 0
1670578834358 0.0019189701360643428 0
1670578836334 0.00191010817808225 0
1670578838633 0.0018995841402606355 0
1670578840923 0.0019048501051373914 0
1670578843056 0.001901734534171429 0
1670578845573 0.0019126155618410911 0
1670578847812 0.0019041334501314685 0
1670578849567 0.0018977928599760432 0
1670578851336 0.0018943099056900068 0
1670578853373 0.0019054601973029688 0
1670578855068 0.0018975330738982346 0
1670578856694 0.001920664704083607 0
1670578858493 0.0019115672424805958 0
1670578860411 0.0019057929804792905 0
1670578862325 0.001898091607379299 0
1670578864080 0.0018924494133007765 0
1670578866019 0.0018869206686255686 0
1670578867803 0.0018783740267782675 0
1670578869420 0.0018695761090488094 0
1670578871369 0.0018612935226687201 0
1670578873023 0.0018901233830315523 0
1670578874952 0.001884640541663634 0
1670578876965 0.0018897273628472122 0
1670578878765 0.0018868906040451563 0
1670578880421 0.0019067939075793558 0
1670578882433 0.0018988924649658255 0
1670578884668 0.00190694663388927 0
1670578886478 0.0018987255879191773 0
1670578888478 0.0018941511569240486 0
1670578890616 0.0018976346506005427 0
1670578892759 0.0018931918049960566 0
1670578894646 0.0018912467634090322 0
1670578896760 0.00188678284328217 0
1670578898940 0.0019199049743535551 0
1670578900859 0.0019151109327522429 0
1670578903096 0.001907373419928319 0
1670578905610 0.0019010536872931044 0
1670578907424 0.001894792761472372 0
1670578909893 0.0018901781500127628 0
1670578912372 0.0019080965991018295 0
1670578914875 0.0019115017242105669 0
1670578917218 0.0019071689070604579 0
1670578919696 0.0019044928034075137 0
1670578922318 0.0019127448031014647 0
1670578924815 0.0019251355008576276 0
1670578927247 0.0019191611243952762 0
1670578929280 0.0019120399740953373 0
1670578931394 0.0019238137857672272 0
1670578934098 0.0019170450651705643 0
1670578936167 0.0019823239488229987 0
1670578938598 0.0020204183473823065 0
1670578940730 0.0020293427529299224 0
