1670588975909 0.018333333333333333 0
1670588976928 0.025 0
1670588978152 0.022 0
1670588979288 0.02033333333333333 0
1670588980546 0.021333333333333333 0
1670588981932 0.021333333333333333 0
1670588983074 0.021 0
1670588984531 0.019 0
1670588985605 0.019 0
1670588986787 0.018666666666666668 0
1670588987781 0.019 0
1670588989059 0.020666666666666667 0
1670588990026 0.021333333333333333 0
1670588991209 0.021 0
1670588992579 0.023333333333333334 0
1670588993700 0.022 0
1670588994832 0.025 0
1670588996078 0.023666666666666666 0
1670588997387 0.025333333333333333 0
1670588998495 0.023666666666666666 0
1670588999468 0.019333333333333334 0
1670589000772 0.021 0
1670589002139 0.022 0
1670589003157 0.025 0
1670589004253 0.023333333333333334 0
1670589005285 0.02033333333333333 0
1670589006683 0.023666666666666666 0
1670589007841 0.018666666666666668 0
1670589008942 0.02266666666666667 0
1670589010037 0.024666666666666667 0
1670589011144 0.023333333333333334 0
1670589012253 0.021333333333333333 0
1670589013318 0.019666666666666666 0
1670589014893 0.020666666666666667 0
1670589015900 0.019 0
1670589017117 0.021333333333333333 0
1670589018294 0.018333333333333333 0
1670589019494 0.023333333333333334 0
1670589020502 0.022333333333333334 0
1670589021484 0.021333333333333333 0
1670589022763 0.021666666666666667 0
1670589023940 0.022333333333333334 0
1670589024976 0.02033333333333333 0
1670589026151 0.02033333333333333 0
1670589027481 0.025666666666666667 0
1670589028641 0.022 0
1670589029863 0.022 0
1670589031011 0.027333333333333334 0
1670589032324 0.023333333333333334 0
1670589033594 0.022 0
1670589034608 0.021 0
1670589036152 0.026333333333333334 0
1670589037552 0.023 0
1670589038775 0.023 0
1670589040028 0.021666666666666667 0
1670589041374 0.025 0
1670589042750 0.02 0
1670589044058 0.02033333333333333 0
1670589045672 0.024 0
1670589047037 0.023333333333333334 0
1670589048391 0.023 0
1670589049835 0.025333333333333333 0
1670589051376 0.022 0
1670589052529 0.024666666666666667 0
1670589053957 0.026333333333333334 0
1670589055210 0.021 0
1670589056507 0.020666666666666667 0
1670589057783 0.024666666666666667 0
1670589058869 0.022333333333333334 0
1670589060406 0.02033333333333333 0
1670589061839 0.021333333333333333 0
1670589063279 0.017333333333333333 0
1670589064469 0.019666666666666666 0
1670589065992 0.02266666666666667 0
1670589067325 0.02 0
1670589068412 0.024666666666666667 0
1670589069571 0.028666666666666667 0
1670589070736 0.028 0
1670589071776 0.02266666666666667 0
1670589073006 0.021 0
1670589074347 0.024333333333333332 0
1670589075654 0.022333333333333334 0
1670589076933 0.024 0
1670589078033 0.025333333333333333 0
1670589079182 0.027333333333333334 0
1670589080491 0.025333333333333333 0
1670589081727 0.016666666666666666 0
1670589083133 0.021 0
1670589084472 0.023333333333333334 0
1670589085696 0.024666666666666667 0
1670589087016 0.021666666666666667 0
1670589088314 0.023666666666666666 0
1670589089474 0.024 0
1670589090633 0.02666666666666667 0
1670589091714 0.017333333333333333 0
1670589093031 0.018 0
1670589094175 0.019666666666666666 0
1670589095401 0.024 0
1670589096715 0.028 0
1670589098088 0.019 0
1670589099361 0.021333333333333333 0
1670589100422 0.019 0
