1670637345852 0.0006666666666666666 0
1670637347641 0.0003333333333333333 0
1670637349446 0.0006666666666666666 0
1670637351147 0.0 0
1670637352804 0.0003333333333333333 0
1670637354408 0.0003333333333333333 0
1670637356345 0.0006666666666666666 0
1670637358369 0.001 0
1670637360368 0.0003333333333333333 0
1670637362328 0.0003333333333333333 0
1670637364288 0.0 0
1670637366254 0.0 0
1670637368254 0.0003333333333333333 0
1670637370215 0.0 0
1670637371919 0.0 0
1670637373658 0.0003333333333333333 0
1670637375418 0.0003333333333333333 0
1670637377187 0.0003333333333333333 0
1670637379069 0.0 0
1670637380983 0.0 0
1670637382938 0.0 0
1670637384873 0.0003333333333333333 0
1670637386792 0.0003333333333333333 0
1670637388721 0.0 0
1670637390642 0.0006666666666666666 0
1670637392698 0.0 0
1670637394430 0.0 0
1670637396240 0.0003333333333333333 0
1670637398054 0.0 0
1670637400000 0.0 0
1670637401919 0.0003333333333333333 0
1670637403868 0.0 0
1670637405761 0.0003333333333333333 0
1670637407548 0.0003333333333333333 0
1670637409385 0.0003333333333333333 0
1670637411302 0.0003333333333333333 0
1670637413349 0.0 0
1670637415366 0.0 0
1670637417346 0.0003333333333333333 0
1670637419308 0.001 0
1670637421304 0.0 0
1670637423283 0.0003333333333333333 0
1670637424767 0.0003333333333333333 0
1670637426456 0.0006666666666666666 0
1670637427892 0.0 0
1670637429603 0.0003333333333333333 0
1670637431342 0.001 0
1670637433020 0.0003333333333333333 0
1670637434754 0.0003333333333333333 0
1670637436432 0.0 0
1670637438172 0.0003333333333333333 0
1670637439866 0.0003333333333333333 0
1670637441543 0.0 0
1670637443218 0.0 0
1670637444975 0.0 0
1670637446523 0.0006666666666666666 0
1670637448275 0.0 0
1670637450041 0.0006666666666666666 0
1670637451436 0.0006666666666666666 0
1670637453198 0.001 0
1670637455018 0.001 0
1670637456833 0.0 0
1670637458607 0.0 0
1670637460296 0.0 0
1670637461960 0.0006666666666666666 0
1670637463783 0.0003333333333333333 0
1670637465275 0.0 0
1670637466849 0.0 0
1670637468670 0.0 0
1670637470460 0.0 0
1670637472231 0.0 0
1670637474067 0.0003333333333333333 0
1670637475778 0.0 0
1670637477473 0.0 0
1670637479214 0.0003333333333333333 0
1670637480952 0.0003333333333333333 0
1670637482566 0.0 0
1670637484238 0.0 0
1670637486047 0.0 0
1670637487805 0.0 0
1670637489555 0.0003333333333333333 0
1670637491197 0.0006666666666666666 0
1670637492848 0.0003333333333333333 0
1670637494495 0.0006666666666666666 0
1670637496230 0.0003333333333333333 0
1670637497804 0.0003333333333333333 0
1670637499455 0.0006666666666666666 0
1670637501276 0.0003333333333333333 0
1670637503091 0.0 0
1670637504914 0.0 0
1670637506713 0.0006666666666666666 0
1670637508515 0.001 0
1670637510226 0.0 0
1670637511760 0.0 0
1670637513342 0.0 0
1670637515072 0.0003333333333333333 0
1670637516865 0.0003333333333333333 0
1670637518660 0.0 0
1670637520403 0.0006666666666666666 0
1670637522157 0.0 0
1670637523706 0.0 0
1670637525427 0.0 0
