1670590531312 0.0 0
1670590534443 0.0 0
1670590537494 0.0 0
1670590540590 0.0 0
1670590544132 0.0 0
1670590547369 0.0 0
1670590550612 0.0 0
1670590553827 0.0 0
1670590557263 0.0 0
1670590560884 0.0 0
1670590563921 0.0 0
1670590567449 0.0 0
1670590570197 0.0001 0
1670590572938 0.0 0
1670590575892 0.0 0
1670590578592 0.0 0
1670590581461 0.0 0
1670590584271 0.0 0
1670590587162 0.0 0
1670590590151 0.0 0
1670590593284 0.0 0
1670590596461 0.0 0
1670590599548 0.0 0
1670590602717 0.0 0
1670590605665 0.0 0
1670590608969 0.0 0
1670590612009 0.0 0
1670590615100 0.0 0
1670590618204 0.0 0
1670590621133 0.0 0
1670590624167 0.0 0
1670590627495 0.0 0
1670590630613 0.0 0
1670590633542 0.0 0
1670590636863 0.0 0
1670590640073 0.0 0
1670590643138 0.0 0
1670590646066 0.0 0
1670590648989 0.0 0
1670590652036 0.0 0
1670590655198 0.0 0
1670590658384 0.0 0
1670590661914 0.0 0
1670590665298 0.0 0
1670590668581 0.0 0
1670590671659 0.0 0
1670590675033 0.0 0
1670590678312 0.0 0
1670590681517 0.0 0
1670590684394 0.0 0
1670590687385 0.0 0
1670590690257 0.0 0
1670590692685 0.0 0
1670590695394 0.0 0
1670590698094 0.0 0
1670590700687 0.0 0
1670590703615 0.0 0
1670590706878 0.0 0
1670590710266 0.0001 0
1670590713364 0.0 0
1670590716405 0.0 0
1670590719514 0.0 0
1670590722382 0.0 0
1670590725456 0.0 0
1670590728573 0.0001 0
1670590731537 0.0 0
1670590734539 0.0 0
1670590737631 0.0 0
1670590740583 0.0 0
1670590743944 0.0 0
1670590747049 0.0 0
1670590749831 0.0 0
1670590752444 0.0 0
1670590755459 0.0 0
1670590758317 0.0 0
1670590761220 0.0 0
1670590763832 0.0 0
1670590766511 0.0 0
1670590769535 0.0 0
1670590772436 0.0 0
1670590775347 0.0 0
1670590778339 0.0 0
1670590780927 0.0 0
1670590783607 0.0 0
1670590786388 0.0 0
1670590789468 0.0 0
1670590792624 0.0 0
1670590796075 0.0 0
1670590799082 0.0 0
1670590802478 0.0001 0
1670590805321 0.0 0
1670590808494 0.0 0
1670590811125 0.0 0
1670590814079 0.0 0
1670590817060 0.0 0
1670590820102 0.0 0
1670590823404 0.0 0
1670590826277 0.0 0
1670590829507 0.0 0
1670590832349 0.0 0
1670590835357 0.0 0
1670590838467 0.0 0
