1670568416043 0.0 0
1670568416249 0.0 0
1670568416472 0.0 0
1670568416695 0.0 0
1670568416887 0.0 0
1670568417088 0.0 0
1670568417310 0.0 0
1670568417497 0.0 0
1670568417905 0.0 0
1670568418436 0.0 0
1670568418776 0.0 0
1670568418946 0.0 0
1670568419267 0.0 0
1670568419786 0.0 0
1670568420215 0.0 0
1670568420748 0.0 0
1670568421269 0.0 0
1670568421731 0.0 0
1670568422147 0.0 0
1670568422551 0.0 0
1670568422839 0.0 0
1670568423163 0.0 0
1670568423385 0.0 0
1670568423758 0.0 0
1670568424217 0.0 0
1670568424632 0.0 0
1670568424915 0.0 0
1670568425282 0.0 0
1670568425620 0.0 0
1670568425966 0.0 0
1670568426488 0.0 0
1670568426970 0.0 0
1670568427351 0.0 0
1670568427720 0.0 0
1670568428253 0.0 0
1670568428724 0.0 0
1670568429055 0.0 0
1670568429419 0.0 0
1670568429828 0.0 0
1670568430253 0.0 0
1670568430603 0.0 0
1670568431083 0.0 0
1670568431560 0.0 0
1670568431847 0.0 0
1670568432418 0.0 0
1670568432921 0.0 0
1670568433339 0.0 0
1670568433624 0.0 0
1670568433941 0.0 0
1670568434430 0.0 0
1670568434831 0.0 0
1670568435351 0.0 0
1670568435872 0.0 0
1670568436326 0.0 0
1670568436624 0.0 0
1670568437129 0.0 0
1670568437386 0.0 0
1670568437859 0.0 0
1670568438232 0.0 0
1670568438945 0.0 0
1670568439391 0.0 0
1670568439660 0.0 0
1670568440142 0.0 0
1670568440361 0.0 0
1670568440800 0.0 0
1670568441127 0.0 0
1670568441693 0.0 0
1670568442187 0.0 0
1670568442624 0.0 0
1670568443075 0.0 0
1670568443521 0.0 0
1670568443851 0.0 0
1670568444158 0.0 0
1670568444539 0.0 0
1670568444994 0.0 0
1670568445413 0.0 0
1670568446002 0.0 0
1670568446383 0.0 0
1670568446881 0.0 0
1670568447727 0.0 0
1670568448039 0.0 0
1670568448431 0.0 0
1670568448849 0.0 0
1670568449268 0.0 0
1670568449759 0.0 0
1670568450427 0.0 0
1670568450915 0.0 0
1670568451308 0.0 0
1670568451944 0.0 0
1670568452356 0.0 0
1670568452920 0.0 0
1670568453334 0.0 0
1670568453770 0.0 0
1670568454086 0.0 0
1670568454476 0.0 0
1670568454965 0.0 0
1670568455446 0.0 0
1670568455858 0.0 0
1670568456217 0.0 0
1670568456560 0.0 0
1670568456900 0.0 0
