1670568415621 0.0 0
1670568416042 0.0 0
1670568416248 0.0 0
1670568416470 0.0 0
1670568416694 0.0 0
1670568416886 0.0 0
1670568417087 0.0 0
1670568417307 0.0 0
1670568417485 0.0 0
1670568417904 0.0 0
1670568418435 0.0 0
1670568418775 0.0 0
1670568418945 0.0 0
1670568419267 0.0 0
1670568419785 0.0 0
1670568420214 0.0 0
1670568420747 0.0 0
1670568421266 0.0 0
1670568421730 0.0 0
1670568422147 0.0 0
1670568422551 0.0 0
1670568422838 0.0 0
1670568423162 0.0 0
1670568423384 0.0 0
1670568423757 0.0 0
1670568424216 0.0 0
1670568424631 0.0 0
1670568424914 0.0 0
1670568425281 0.0 0
1670568425619 0.0 0
1670568425966 0.0 0
1670568426484 0.0 0
1670568426969 0.0 0
1670568427350 0.0 0
1670568427719 0.0 0
1670568428252 0.0 0
1670568428723 0.0 0
1670568429054 0.0 0
1670568429418 0.0 0
1670568429827 0.0 0
1670568430252 0.0 0
1670568430602 0.0 0
1670568431082 0.0 0
1670568431529 0.0 0
1670568431846 0.0 0
1670568432417 0.0 0
1670568432920 0.0 0
1670568433338 0.0 0
1670568433623 0.0 0
1670568433940 0.0 0
1670568434429 0.0 0
1670568434830 0.0 0
1670568435350 0.0 0
1670568435871 0.0 0
1670568436325 0.0 0
1670568436623 0.0 0
1670568437128 0.0 0
1670568437385 0.0 0
1670568437858 0.0 0
1670568438231 0.0 0
1670568438944 0.0 0
1670568439390 0.0 0
1670568439659 0.0 0
1670568440141 0.0 0
1670568440361 0.0 0
1670568440800 0.0 0
1670568441126 0.0 0
1670568441665 0.0 0
1670568442186 0.0 0
1670568442623 0.0 0
1670568443074 0.0 0
1670568443520 0.0 0
1670568443850 0.0 0
1670568444157 0.0 0
1670568444538 0.0 0
1670568444993 0.0 0
1670568445412 0.0 0
1670568446001 0.0 0
1670568446383 0.0 0
1670568446881 0.0 0
1670568447726 0.0 0
1670568448038 0.0 0
1670568448430 0.0 0
1670568448848 0.0 0
1670568449267 0.0 0
1670568449758 0.0 0
1670568450426 0.0 0
1670568450914 0.0 0
1670568451307 0.0 0
1670568451943 0.0 0
1670568452355 0.0 0
1670568452919 0.0 0
1670568453333 0.0 0
1670568453769 0.0 0
1670568454085 0.0 0
1670568454472 0.0 0
1670568454964 0.0 0
1670568455445 0.0 0
1670568455857 0.0 0
1670568456216 0.0 0
1670568456559 0.0 0
1670568456899 0.0 0
