1670599839049 0.11466666666666667 0
1670599840416 0.123 0
1670599841240 0.121 0
1670599842361 0.124 0
1670599843337 0.11633333333333333 0
1670599844390 0.11633333333333333 0
1670599845247 0.122 0
1670599846099 0.12666666666666668 0
1670599847340 0.106 0
1670599848201 0.12366666666666666 0
1670599849175 0.11733333333333333 0
1670599850063 0.117 0
1670599850930 0.12433333333333334 0
1670599852016 0.113 0
1670599852904 0.12 0
1670599854013 0.11966666666666667 0
1670599854908 0.126 0
1670599855917 0.11633333333333333 0
1670599856970 0.113 0
1670599858156 0.11733333333333333 0
1670599859112 0.12766666666666668 0
1670599860153 0.122 0
1670599861161 0.12766666666666668 0
1670599862134 0.11433333333333333 0
1670599863145 0.12566666666666668 0
1670599864120 0.12066666666666667 0
1670599865144 0.10833333333333334 0
1670599866053 0.121 0
1670599867042 0.119 0
1670599867877 0.13033333333333333 0
1670599868748 0.12266666666666666 0
1670599869864 0.11833333333333333 0
1670599870747 0.127 0
1670599871771 0.12066666666666667 0
1670599872917 0.11666666666666667 0
1670599873963 0.12 0
1670599874769 0.129 0
1670599875688 0.129 0
1670599876582 0.128 0
1670599877443 0.12133333333333333 0
1670599878505 0.12233333333333334 0
1670599879556 0.126 0
1670599880380 0.11466666666666667 0
1670599881501 0.121 0
1670599882422 0.127 0
1670599883453 0.12233333333333334 0
1670599884258 0.12166666666666667 0
1670599885096 0.11766666666666667 0
1670599886038 0.133 0
1670599887166 0.12 0
1670599888189 0.119 0
1670599888984 0.11833333333333333 0
1670599890026 0.11866666666666667 0
1670599890974 0.12466666666666666 0
1670599891891 0.117 0
1670599892860 0.12166666666666667 0
1670599893896 0.12133333333333333 0
1670599894925 0.12166666666666667 0
1670599895753 0.11366666666666667 0
1670599896824 0.11866666666666667 0
1670599897804 0.11866666666666667 0
1670599898921 0.11433333333333333 0
1670599900035 0.123 0
1670599901003 0.121 0
1670599901859 0.12466666666666666 0
1670599902756 0.118 0
1670599903547 0.12233333333333334 0
1670599904421 0.121 0
1670599905190 0.12666666666666668 0
1670599906023 0.115 0
1670599906918 0.129 0
1670599907800 0.12633333333333333 0
1670599908641 0.128 0
1670599909699 0.115 0
1670599910699 0.11666666666666667 0
1670599911671 0.122 0
1670599912649 0.11333333333333333 0
1670599913442 0.119 0
1670599914258 0.12633333333333333 0
1670599915188 0.12366666666666666 0
1670599916103 0.127 0
1670599917039 0.12366666666666666 0
1670599917903 0.10766666666666666 0
1670599918826 0.119 0
1670599919942 0.12 0
1670599920995 0.12466666666666666 0
1670599922037 0.111 0
1670599922898 0.11566666666666667 0
1670599923747 0.116 0
1670599924599 0.12533333333333332 0
1670599925640 0.12366666666666666 0
1670599926460 0.12366666666666666 0
1670599927424 0.121 0
1670599928283 0.11966666666666667 0
1670599929139 0.12166666666666667 0
1670599929977 0.126 0
1670599930826 0.12 0
1670599931659 0.113 0
1670599932512 0.117 0
1670599933369 0.11566666666666667 0
1670599934277 0.12933333333333333 0
1670599935158 0.113 0
1670599936122 0.116 0
1670599937169 0.125 0
1670599938245 0.11133333333333334 0
1670599939361 0.123 0
1670599940528 0.11566666666666667 0
1670599941456 0.12766666666666668 0
1670599942332 0.12 0
1670599943286 0.125 0
1670599944155 0.118 0
1670599945266 0.12466666666666666 0
1670599946099 0.11566666666666667 0
1670599946938 0.12233333333333334 0
1670599947922 0.12666666666666668 0
1670599948892 0.123 0
1670599949989 0.11566666666666667 0
1670599950949 0.12333333333333334 0
1670599951999 0.12833333333333333 0
1670599953214 0.119 0
1670599954093 0.11766666666666667 0
1670599954889 0.12533333333333332 0
1670599955690 0.11666666666666667 0
1670599956626 0.12066666666666667 0
1670599957407 0.12 0
1670599958192 0.12233333333333334 0
1670599959224 0.12066666666666667 0
1670599960026 0.124 0
1670599960859 0.10866666666666666 0
1670599961670 0.127 0
1670599962666 0.12 0
1670599963673 0.11466666666666667 0
1670599964582 0.12366666666666666 0
1670599965616 0.11766666666666667 0
1670599966619 0.11566666666666667 0
1670599967486 0.11966666666666667 0
1670599968329 0.11266666666666666 0
1670599969241 0.114 0
1670599970199 0.11766666666666667 0
1670599971387 0.124 0
1670599972473 0.12 0
1670599973528 0.12 0
1670599974520 0.12333333333333334 0
1670599975579 0.12366666666666666 0
1670599976398 0.123 0
1670599977396 0.11833333333333333 0
1670599978342 0.12566666666666668 0
1670599979345 0.111 0
1670599980385 0.125 0
1670599981547 0.13433333333333333 0
1670599982801 0.117 0
1670599983837 0.133 0
1670599984915 0.117 0
1670599985803 0.11933333333333333 0
1670599986727 0.12233333333333334 0
1670599987684 0.123 0
