1670590705402 0.09317883473383531 0
1670590706498 0.026635119041817975 0
1670590707652 0.017105134922214757 0
1670590708605 0.01563598527679784 0
1670590709632 0.018920048030203918 0
1670590710517 0.017504332964137198 0
1670590711668 0.018668014170110173 0
1670590712597 0.01788100650903869 0
1670590713349 0.01889409132027471 0
1670590714249 0.019044768539118212 0
1670590715130 0.01825165296394636 0
1670590716181 0.01736088799967357 0
1670590717175 0.017116816437665314 0
1670590717990 0.016462625323297897 0
1670590718743 0.01668123126068588 0
1670590719893 0.01800258705026382 0
1670590720740 0.018055210510986002 0
1670590721567 0.01789749488778028 0
1670590722532 0.017455257334147822 0
1670590723421 0.017483112815813467 0
1670590724439 0.01713457113166128 0
1670590725339 0.016837014522305557 0
1670590726470 0.017344127350382835 0
1670590727372 0.016985404498584086 0
1670590728352 0.016766319553756834 0
1670590729334 0.01642087843295678 0
1670590730271 0.016255977056190668 0
1670590731112 0.016304913700127446 0
1670590732166 0.015406875181284224 0
1670590732982 0.015658168972232628 0
1670590733790 0.015461914137458399 0
1670590734607 0.015237735171063818 0
1670590735593 0.015021278694873505 0
1670590736686 0.01485661131647506 0
1670590737571 0.014854981245729815 0
1670590738416 0.014675357937326203 0
1670590739213 0.014595632206674994 0
1670590740248 0.014674602140658868 0
1670590741226 0.014578144834770115 0
1670590742160 0.014415088039327381 0
1670590743318 0.014246623076498335 0
1670590744252 0.014087334049736375 0
1670590745408 0.013936579561942511 0
1670590746207 0.013818874384246421 0
1670590747113 0.01373652791200912 0
1670590748068 0.013591033189880988 0
1670590748925 0.013454003915990373 0
1670590749796 0.013498670429401727 0
1670590750664 0.01408095260636899 0
1670590751408 0.01432762498701523 0
1670590752169 0.014208600206705002 0
1670590752940 0.014102611928572859 0
1670590753683 0.01421786277952615 0
1670590754571 0.014108140662943261 0
1670590755715 0.014023192121214403 0
1670590756657 0.014243148576080916 0
1670590757559 0.014147427267561838 0
1670590758638 0.014036784369702529 0
1670590759421 0.014208533154360548 0
1670590760237 0.014118316134183975 0
1670590761141 0.014319028910636161 0
1670590761977 0.014315115810644333 0
1670590762756 0.014266649736455833 0
1670590763486 0.014165758595388905 0
1670590764222 0.014264178897229071 0
1670590764976 0.014201835592612205 0
1670590765781 0.014097874974630706 0
1670590766714 0.01409980430683258 0
1670590767520 0.014087584654950996 0
1670590768602 0.014258670646160918 0
1670590769633 0.01416534297535163 0
1670590770481 0.014070262711035356 0
1670590771519 0.014018866189674059 0
1670590772351 0.014136625614824774 0
1670590773322 0.014044167227741461 0
1670590774120 0.014065644822103207 0
1670590774967 0.013977893092722155 0
1670590775993 0.014057431765193557 0
1670590776980 0.01397343253464696 0
1670590777846 0.01390804697934564 0
1670590778632 0.014006381542378502 0
1670590779397 0.013973632873200206 0
1670590780370 0.013898257010876186 0
1670590781114 0.014109111417770367 0
1670590782021 0.014226165179035424 0
1670590782798 0.014255109904620783 0
1670590783656 0.014261582026333888 0
1670590784427 0.014183229540950387 0
1670590785235 0.014116459825082237 0
1670590786284 0.014095047360978871 0
1670590787075 0.01403554055438079 0
1670590788009 0.014037129785316904 0
1670590789108 0.013962291418703254 0
1670590790259 0.01391011464546589 0
1670590791245 0.014025713242240861 0
1670590792258 0.013953232785696004 0
1670590793083 0.013884143789602149 0
1670590794290 0.013969144481089338 0
1670590795169 0.013899165203752506 0
1670590796281 0.013881973500708855 0
1670590797195 0.013888384143615332 0
1670590798277 0.014010648096546799 0
1670590799040 0.013949219255498704 0
1670590800226 0.013917863721254642 0
1670590801334 0.013860041412759025 0
1670590802389 0.013813650795396676 0
1670590803182 0.013836349021772651 0
1670590804205 0.013850302386987881 0
1670590805050 0.013788230991161346 0
1670590805809 0.01374183775633693 0
1670590806907 0.013686354691335084 0
1670590807879 0.01364370506281562 0
1670590808721 0.013583787902625266 0
1670590809495 0.013527516562458305 0
1670590810329 0.01346912943907809 0
1670590811129 0.013426548793998627 0
1670590811998 0.013393974110604667 0
1670590812880 0.013377837877699056 0
1670590813866 0.013338706004609124 0
1670590814799 0.01332214702574494 0
1670590815597 0.013305210727165326 0
1670590816390 0.013344445772964078 0
1670590817506 0.013368354050084283 0
1670590818402 0.01337873859658352 0
1670590819209 0.013338841057503076 0
1670590820443 0.013293872994075459 0
1670590821304 0.013245968934707808 0
1670590822332 0.013206236306972735 0
1670590823424 0.013162548082085404 0
1670590824431 0.013267286334580228 0
1670590825271 0.013230833574028503 0
1670590826106 0.013187576443713642 0
1670590827014 0.01325101871948578 0
1670590828043 0.013247209716414146 0
1670590829175 0.01322352474782347 0
1670590830025 0.013183623429545557 0
1670590830938 0.013171828249614478 0
1670590831989 0.013129345051205832 0
1670590832840 0.013088870208917053 0
1670590833666 0.013063179434752256 0
1670590834507 0.013159563252934325 0
1670590835690 0.013126893556233935 0
1670590836647 0.013164056872913305 0
1670590837451 0.013127634813348207 0
1670590838291 0.013122800879931507 0
1670590839422 0.013171009872496572 0
1670590840471 0.013230103763134118 0
1670590841377 0.013291081632231375 0
1670590842488 0.01328470299486638 0
1670590843696 0.01327039258296088 0
1670590844837 0.013399781094313556 0
1670590845930 0.013357910944255577 0
1670590846981 0.013324090638551903 0
1670590847967 0.01328105794202214 0
1670590849050 0.013247855872791078 0
1670590850333 0.01320562086632858 0
1670590851364 0.01318509968939885 0
1670590852441 0.013145518144039942 0
1670590853441 0.013115209548758597 0
1670590854461 0.013088230277114157 0
1670590855319 0.013189165611922335 0
1670590856524 0.013222776120574861 0
1670590857723 0.013205166899285276 0
1670590858818 0.01316605708292043 0
1670590859703 0.013138388685582938 0
1670590860763 0.013149925641350146 0
1670590861881 0.013115719252614191 0
1670590862818 0.013084366231102831 0
1670590863654 0.013072775123778552 0
1670590864491 0.013055031313474671 0
1670590865592 0.013025381553974272 0
1670590866546 0.013013874432646913 0
1670590867407 0.012977043340915956 0
1670590868186 0.01294827534244794 0
1670590869128 0.01291967661882569 0
1670590869939 0.012891245932113632 0
1670590870815 0.012855137453544177 0
1670590871673 0.012835481534450799 0
1670590872492 0.012804560993897957 0
1670590873595 0.012909239159396457 0
1670590874700 0.012906555994246782 0
1670590875605 0.012873447192672763 0
1670590876679 0.012948529950376847 0
1670590877719 0.012945888524443852 0
1670590878542 0.012915364598124715 0
1670590879538 0.012887853563860185 0
1670590880504 0.012868577363568737 0
1670590881487 0.01288078564623231 0
1670590882683 0.012940638575511157 0
1670590883538 0.01291765873374294 0
1670590884591 0.012886308632428192 0
1670590885486 0.012855184020774957 0
1670590886644 0.01282600126531408 0
1670590887824 0.012793941064696154 0
1670590888659 0.012775206967086117 0
1670590889779 0.012772459166589284 0
1670590890778 0.012740201309723018 0
1670590891735 0.012726174676623334 0
1670590892880 0.01270047924115203 0
1670590893858 0.012673486665554401 0
1670590894927 0.01270445906355469 0
1670590895742 0.012731895791994366 0
1670590896782 0.012738199143274384 0
1670590897908 0.012735527808984529 0
1670590898731 0.012711754465824218 0
1670590899789 0.012700085102222355 0
1670590900821 0.01267177020257354 0
1670590901904 0.012641546161210757 0
1670590902805 0.012747167601899284 0
1670590903841 0.01272640052702069 0
1670590904937 0.012706085028896572 0
1670590906173 0.01268267450231339 0
1670590907184 0.012670679012943886 0
1670590908130 0.012663596966972529 0
1670590909232 0.012636091376684144 0
1670590910226 0.012613452340559994 0
1670590911378 0.012585240593718183 0
1670590912418 0.012612248792453998 0
1670590913384 0.01259007905557899 0
1670590914466 0.012624957679428728 0
1670590915434 0.012597324454705558 0
1670590916627 0.012570723815036877 0
1670590917668 0.012560364988767891 0
1670590918672 0.012544664761299049 0
1670590919877 0.012533085451003817 0
1670590921075 0.012511020111565768 0
1670590922193 0.012501267711595931 0
1670590923463 0.012519087604816195 0
1670590924493 0.012503485880305934 0
1670590925793 0.012479503202488848 0
1670590926839 0.01245349646117759 0
1670590927962 0.012426912430448203 0
1670590929165 0.012400784554848734 0
1670590930119 0.012377438635183813 0
1670590931176 0.012354221079042979 0
1670590932366 0.012383317417997988 0
1670590933443 0.01238772310665355 0
1670590934392 0.012368333674612014 0
1670590935235 0.012396702862545572 0
1670590936446 0.012371441797110264 0
1670590937608 0.012352141803604264 0
1670590938614 0.012353275426911808 0
1670590939856 0.012336928748285958 0
1670590941291 0.012354856064934402 0
1670590942449 0.012367830126377502 0
1670590943307 0.01235499140049838 0
1670590944516 0.012350580744290088 0
1670590945861 0.012517913191697358 0
1670590946930 0.012518265129997375 0
1670590947914 0.012501125769670093 0
1670590949032 0.012476790596020707 0
1670590950320 0.01248679998327129 0
1670590951336 0.012492909882418884 0
1670590952337 0.012471966995398834 0
1670590953505 0.01244761783281595 0
1670590954501 0.012453517147415175 0
1670590955636 0.012457989918819329 0
1670590956525 0.012453628096169941 0
1670590957734 0.012453933239667925 0
1670590958600 0.012435188142136969 0
1670590959645 0.012466978771399295 0
1670590960633 0.012448435773037336 0
1670590961722 0.012443329269671385 0
1670590962956 0.012421338092419978 0
1670590964167 0.012402976392272627 0
1670590965049 0.012383078883911422 0
1670590966009 0.012360045583132959 0
1670590967075 0.012348185640011264 0
1670590968232 0.012328551971867871 0
1670590969330 0.01230900826556422 0
1670590970421 0.012287897579694465 0
1670590971492 0.012351520094816673 0
1670590972385 0.012342669107795301 0
1670590973466 0.012331290885532642 0
1670590974588 0.012314278307274634 0
1670590975644 0.012302242027819196 0
1670590977161 0.012303171239196789 0
1670590978131 0.012384047044866078 0
1670590978994 0.01237634885870978 0
1670590979905 0.012361346603570314 0
1670590980936 0.012344016911976882 0
1670590982129 0.012323508346989365 0
1670590983153 0.012303101104690226 0
1670590984004 0.012294476998401721 0
1670590985435 0.012279729643588436 0
1670590986597 0.0122627168274555 0
1670590987652 0.01224576828608609 0
1670590988649 0.012232560645704785 0
1670590989613 0.012220850175536507 0
1670590990582 0.0122023408063692 0
1670590991600 0.012181440400524393 0
1670590992543 0.01216404162289525 0
1670590993524 0.012144078766083519 0
1670590994577 0.012150980542782616 0
1670590995649 0.012150817052286947 0
1670590996839 0.012204547501788676 0
1670590997789 0.01220174988369399 0
1670590998889 0.012190701286472524 0
1670590999835 0.01217548155822161 0
1670591001168 0.012160310189036419 0
1670591002245 0.012258684285161914 0
1670591003296 0.012255315935720407 0
1670591004586 0.012360283006407513 0
1670591005744 0.012416072129028788 0
1670591006953 0.012462812225948514 0
1670591008138 0.012494227368079494 0
1670591009183 0.012476203092756058 0
1670591010243 0.0124563142951747 0
1670591011517 0.012440083254563736 0
1670591012721 0.012423910718543082 0
