1670563118722 0.04870711815632295 0
1670563119763 0.013970846505782009 0
1670563120952 0.017078387235917813 0
1670563122034 0.013672093286105996 0
1670563123358 0.018093538338332688 0
1670563124515 0.01663988178921022 0
1670563125732 0.01556056066030398 0
1670563127159 0.014312329797141948 0
1670563128280 0.01579843228334754 0
1670563129633 0.014878178436570244 0
1670563131128 0.01427069486485591 0
1670563132571 0.01357280581778278 0
1670563133508 0.013028990126450535 0
1670563134867 0.012583470698790927 0
1670563136600 0.01386402561163605 0
1670563138294 0.014266064468436646 0
1670563140215 0.014513737465665477 0
1670563141909 0.01537047786585466 0
1670563143552 0.015064927449567278 0
1670563145291 0.014652747381976111 0
1670563146774 0.014272322000093707 0
1670563147978 0.013922316723176315 0
1670563149194 0.013706994789718735 0
1670563150680 0.013878895567911387 0
1670563151759 0.013710134351975933 0
1670563153022 0.013427717220932028 0
1670563154155 0.013365320979798423 0
1670563155882 0.013152229537689075 0
1670563157974 0.01266516938258036 0
1670563159559 0.012731775333667067 0
1670563161079 0.012956674670762197 0
1670563162731 0.012995894670252944 0
1670563163902 0.014188516665940898 0
1670563165152 0.013986470921821065 0
1670563166414 0.013795049117084207 0
1670563168071 0.013608867647108502 0
1670563169048 0.013455532668406989 0
1670563170452 0.013818299270066198 0
1670563171644 0.014396658519488542 0
1670563172900 0.014248265238558516 0
1670563174179 0.014115076652829073 0
1670563175287 0.014089283916133122 0
1670563176497 0.013964986121666634 0
1670563177939 0.013820399602554323 0
1670563179128 0.013692145543043932 0
1670563180249 0.013550668283815709 0
1670563181258 0.014203160085897643 0
1670563182269 0.014772363911932013 0
1670563183724 0.014623900012210284 0
1670563185046 0.014526599843778243 0
1670563186460 0.014470629782310757 0
1670563187543 0.015230749546657735 0
1670563188710 0.015138289683325867 0
1670563189829 0.015028507883112635 0
1670563190989 0.015298398201631341 0
1670563191962 0.015176605580133867 0
1670563193042 0.015129977891075425 0
1670563194658 0.015100663733605135 0
1670563195895 0.015012698490665582 0
1670563196912 0.015104232816465862 0
1670563197907 0.015144439799063159 0
1670563199002 0.015145313004464783 0
1670563200143 0.015172584442443071 0
1670563201515 0.015593084684409314 0
1670563202615 0.015589742685420321 0
1670563203659 0.0157286032179208 0
1670563204671 0.01585492934832683 0
1670563205671 0.0157539456216102 0
1670563207109 0.015706788000482585 0
1670563208206 0.015639954803122774 0
1670563209260 0.015549614295948033 0
1670563210447 0.0154428682067477 0
1670563211930 0.015340859359285752 0
1670563213150 0.01526819755961345 0
1670563214401 0.015169766420674163 0
1670563215976 0.015171185518128488 0
1670563217281 0.01530706560829917 0
1670563218493 0.015296297120104024 0
1670563219866 0.015307893031050512 0
1670563221154 0.015240399868204219 0
1670563222059 0.015371414298613495 0
1670563223564 0.015278713463786536 0
1670563224942 0.015191588512808551 0
1670563225911 0.015324237729767182 0
1670563226875 0.015403810337717733 0
1670563227810 0.015338208346987542 0
1670563228957 0.015565430997135421 0
1670563230205 0.01548429928011455 0
1670563231871 0.015402594180721763 0
1670563233361 0.015600479610915041 0
1670563234648 0.015522571619517173 0
1670563235658 0.015571902148621503 0
1670563236888 0.01551403362201581 0
1670563238083 0.015443717497091669 0
1670563239304 0.015366848935114474 0
1670563240941 0.015308215543611253 0
1670563241947 0.015246899532275704 0
1670563243067 0.015211032304615929 0
1670563244350 0.015184990940334708 0
1670563245657 0.01511338864721648 0
1670563247034 0.01505530449449291 0
