1670632071487 0.01270620473643208 0
1670632073404 0.004056579896548118 0
1670632075348 0.0031824463052842478 0
1670632077292 0.016842749927969247 0
1670632079237 0.014741987389407907 0
1670632081144 0.014190538870129221 0
1670632083061 0.016026763102351904 0
1670632084991 0.021665930317197546 0
1670632086888 0.020301241393835823 0
1670632088839 0.021388189151413717 0
1670632090766 0.020463770574349116 0
1670632092677 0.02306975481431972 0
1670632094593 0.022880082163692306 0
1670632096543 0.02484206176046555 0
1670632098518 0.023904354208386436 0
1670632100504 0.025471444115774733 0
1670632102474 0.02534008597772819 0
1670632104428 0.02529778018832829 0
1670632106401 0.027361925917579855 0
1670632108361 0.026874820769984986 0
1670632110325 0.026217555945087623 0
1670632112265 0.025839184685103433 0
1670632114254 0.025911031894439995 0
1670632116218 0.0259251949708732 0
1670632118183 0.025513971873413255 0
1670632120163 0.025037736277654432 0
1670632122068 0.025296288150275237 0
1670632124039 0.025567560411935863 0
1670632126087 0.024193911846896676 0
1670632127962 0.026428540094017683 0
1670632129751 0.026260367152958375 0
1670632131516 0.02585953659508211 0
1670632133245 0.02679918368833989 0
1670632135063 0.026552043303262995 0
1670632136724 0.028143205964703044 0
1670632138446 0.027768827376824068 0
1670632140269 0.02757620105077302 0
1670632142091 0.027263785566260357 0
1670632143989 0.02692088203235049 0
1670632145828 0.030317134248938282 0
1670632147398 0.02995822183028446 0
1670632149112 0.029857024340206095 0
1670632150773 0.02956885628864636 0
1670632152335 0.029635873668392987 0
1670632154086 0.03115779019277526 0
1670632155868 0.03086366559504533 0
1670632157801 0.03119508387268538 0
1670632159535 0.031228426926519948 0
1670632161280 0.03097041899857811 0
1670632163052 0.030948054400721514 0
1670632164767 0.030652551318775756 0
1670632166273 0.03052167809602363 0
1670632167972 0.030237771441170846 0
1670632169782 0.029992520276857226 0
1670632171399 0.030214372671509282 0
1670632173132 0.029955201941179677 0
1670632174908 0.029706690981374795 0
1670632176637 0.02993333295370726 0
1670632178374 0.029695105391689236 0
1670632180159 0.029815310369781745 0
1670632181986 0.03072240690079181 0
1670632183520 0.030777799207201306 0
1670632185301 0.03056999305691771 0
1670632187110 0.030636391066554247 0
1670632189020 0.031143789505577335 0
1670632190839 0.031150291342667058 0
1670632192603 0.03096025501683719 0
1670632194397 0.031194608263601542 0
1670632196234 0.03107436111018025 0
1670632198067 0.031073428256712887 0
1670632199928 0.030999697346934585 0
1670632201525 0.031163966559438483 0
1670632203280 0.0309851333680215 0
1670632205027 0.031179150276419543 0
1670632206715 0.03109131531731857 0
1670632208469 0.031207349818767438 0
1670632210274 0.031062588939947844 0
1670632212061 0.03098360480695106 0
1670632213833 0.03086343043138634 0
1670632215601 0.030672421803747962 0
1670632217528 0.03240038109590904 0
1670632219476 0.03226123175959583 0
1670632221393 0.0321234774563115 0
1670632223300 0.03215834072279422 0
1670632225219 0.032076815355999155 0
1670632227146 0.03189841345007005 0
1670632229074 0.03180845718859171 0
1670632230934 0.03166067027932601 0
1670632232390 0.031484290893612155 0
1670632234166 0.031508625568698045 0
1670632235864 0.03134069679480289 0
1670632237582 0.031204175596631245 0
1670632239362 0.03118472551796614 0
1670632241067 0.03140344830419067 0
1670632242679 0.031772962569662166 0
1670632244506 0.03179806596112272 0
1670632246349 0.03179227872943097 0
1670632248266 0.03198344472242015 0
1670632250353 0.03182332146240541 0
1670632252419 0.03171825803821049 0
1670632254484 0.031797667943450625 0
