1670572125688 0.0 0
1670572125897 0.0 0
1670572126027 0.0 0
1670572126289 0.0 0
1670572126604 0.0 0
1670572126923 0.0 0
1670572127164 0.0 0
1670572127364 0.0 0
1670572127683 0.0 0
1670572128046 0.0 0
1670572128333 0.0 0
1670572128495 0.0 0
1670572128719 0.0 0
1670572128866 0.0 0
1670572129184 0.0 0
1670572129338 0.0 0
1670572129588 0.0 0
1670572129865 0.0 0
1670572130094 0.0 0
1670572130279 0.0 0
1670572130509 0.0 0
1670572130738 0.0 0
1670572131064 0.0 0
1670572131346 0.0 0
1670572131579 0.0 0
1670572131764 0.0 0
1670572131928 0.0 0
1670572132090 0.0 0
1670572132348 0.0 0
1670572132532 0.0 0
1670572132938 0.0 0
1670572133155 0.0 0
1670572133379 0.0 0
1670572133710 0.0 0
1670572134092 0.0 0
1670572134448 0.0 0
1670572134621 0.0 0
1670572134797 0.0 0
1670572135039 0.0 0
1670572135219 0.0 0
1670572135407 0.0 0
1670572135757 0.0 0
1670572136034 0.0 0
1670572136532 0.0 0
1670572136809 0.0 0
1670572137158 0.0 0
1670572137460 0.0 0
1670572137644 0.0 0
1670572137942 0.0 0
1670572138198 0.0 0
1670572138395 0.0 0
1670572138645 0.0 0
1670572138876 0.0 0
1670572139182 0.0 0
1670572139472 0.0 0
1670572139713 0.0 0
1670572140062 0.0 0
1670572140277 0.0 0
1670572140635 0.0 0
1670572140885 0.0 0
1670572141133 0.0 0
1670572141393 0.0 0
1670572141640 0.0 0
1670572141946 0.0 0
1670572142292 0.0 0
1670572142525 0.0 0
1670572142788 0.0 0
1670572143075 0.0 0
1670572143314 0.0 0
1670572143596 0.0 0
1670572143823 0.0 0
1670572144088 0.0 0
1670572144307 0.0 0
1670572144542 0.0 0
1670572144708 0.0 0
1670572144899 0.0 0
1670572145100 0.0 0
1670572145334 0.0 0
1670572145541 0.0 0
1670572145903 0.0 0
1670572146118 0.0 0
1670572146315 0.0 0
1670572146477 0.0 0
1670572146632 0.0 0
1670572146833 0.0 0
1670572146984 0.0 0
1670572147328 0.0 0
1670572147619 0.0 0
1670572147949 0.0 0
1670572148184 0.0 0
1670572148559 0.0 0
1670572148805 0.0 0
1670572149107 0.0 0
1670572149410 0.0 0
1670572149673 0.0 0
1670572149929 0.0 0
1670572150185 0.0 0
1670572150468 0.0 0
1670572150619 0.0 0
1670572150871 0.0 0
1670572151189 0.0 0
