1670588455399 0.006666666666666667 0
1670588457086 0.0055 0
1670588458990 0.0075 0
1670588460591 0.0075 0
1670588462402 0.005833333333333334 0
1670588464290 0.006 0
1670588466252 0.006 0
1670588468147 0.005333333333333333 0
1670588469863 0.006666666666666667 0
1670588471803 0.005833333333333334 0
1670588473588 0.005666666666666667 0
1670588475727 0.005333333333333333 0
1670588477595 0.004833333333333334 0
1670588479382 0.0055 0
1670588481326 0.0045 0
1670588482929 0.0075 0
1670588484851 0.005666666666666667 0
1670588486618 0.006833333333333334 0
1670588488200 0.005833333333333334 0
1670588489793 0.004833333333333334 0
1670588491708 0.005833333333333334 0
1670588493512 0.005833333333333334 0
1670588495403 0.007 0
1670588497448 0.007833333333333333 0
1670588499390 0.0075 0
1670588501552 0.007 0
1670588503656 0.0055 0
1670588505516 0.004666666666666667 0
1670588507317 0.006333333333333333 0
1670588509434 0.007333333333333333 0
1670588511277 0.0065 0
1670588513003 0.0075 0
1670588515122 0.010166666666666666 0
1670588516966 0.006 0
1670588519038 0.005833333333333334 0
1670588520916 0.007666666666666666 0
1670588523039 0.0055 0
1670588524924 0.007166666666666667 0
1670588526979 0.006833333333333334 0
1670588528843 0.006 0
1670588530692 0.005 0
1670588532416 0.004333333333333333 0
1670588534453 0.007166666666666667 0
1670588536407 0.006833333333333334 0
1670588538732 0.007166666666666667 0
1670588540862 0.006 0
1670588542678 0.006666666666666667 0
1670588544330 0.008166666666666666 0
1670588546637 0.007 0
1670588548766 0.006 0
1670588550701 0.007 0
1670588552858 0.006666666666666667 0
1670588555325 0.007333333333333333 0
1670588557309 0.006 0
1670588559555 0.007 0
1670588561207 0.0045 0
1670588563306 0.005666666666666667 0
1670588565379 0.007333333333333333 0
1670588567198 0.0065 0
1670588569327 0.0065 0
1670588571407 0.005833333333333334 0
1670588573639 0.007 0
1670588576065 0.007833333333333333 0
1670588578157 0.008 0
1670588580393 0.004333333333333333 0
1670588582663 0.006166666666666667 0
1670588584618 0.004833333333333334 0
1670588586317 0.007 0
1670588588419 0.0065 0
1670588590009 0.0065 0
1670588591649 0.006333333333333333 0
1670588593147 0.006833333333333334 0
1670588595272 0.006666666666666667 0
1670588597084 0.006333333333333333 0
1670588598967 0.008 0
1670588600564 0.005833333333333334 0
1670588602351 0.004333333333333333 0
1670588603985 0.006 0
1670588605878 0.005666666666666667 0
1670588607435 0.006666666666666667 0
1670588609354 0.006833333333333334 0
1670588611211 0.005333333333333333 0
1670588613154 0.006833333333333334 0
1670588614929 0.0065 0
1670588616673 0.006333333333333333 0
1670588618462 0.0055 0
1670588620072 0.0045 0
1670588621907 0.0075 0
1670588623580 0.007666666666666666 0
1670588625489 0.007666666666666666 0
1670588627258 0.006333333333333333 0
1670588628948 0.004666666666666667 0
1670588630433 0.008166666666666666 0
1670588632165 0.006666666666666667 0
1670588633804 0.0055 0
1670588635313 0.0055 0
1670588636873 0.005833333333333334 0
1670588638620 0.007333333333333333 0
1670588640367 0.006833333333333334 0
1670588641846 0.008 0
1670588643428 0.008666666666666666 0
1670588645545 0.0075 0
