1670604447694 0.0 0
1670604447844 0.0 0
1670604448052 0.0 0
1670604448408 0.0 0
1670604448559 0.0 0
1670604448760 0.0 0
1670604448871 0.0 0
1670604449048 0.0 0
1670604449312 0.0 0
1670604449454 0.0 0
1670604449777 0.0 0
1670604449986 0.0 0
1670604450056 0.0 0
1670604450399 0.0 0
1670604450623 0.0 0
1670604450692 0.0 0
1670604451054 0.0 0
1670604451378 0.0 0
1670604451570 0.0 0
1670604451776 0.0 0
1670604451971 0.0 0
1670604452153 0.0 0
1670604452261 0.0 0
1670604452495 0.0 0
1670604452634 0.0 0
1670604452752 0.0 0
1670604452873 0.0 0
1670604453043 0.0 0
1670604453354 0.0 0
1670604453670 0.0 0
1670604453810 0.0 0
1670604454221 0.0 0
1670604454289 0.0 0
1670604454472 0.0 0
1670604454592 0.0 0
1670604454799 0.0 0
1670604454940 0.0 0
1670604455136 0.0 0
1670604455345 0.0 0
1670604455504 0.0 0
1670604455818 0.0 0
1670604455903 0.0 0
1670604455978 0.0 0
1670604456144 0.0 0
1670604456381 0.0 0
1670604456586 0.0 0
1670604456792 0.0 0
1670604456979 0.0 0
1670604457310 0.0 0
1670604457452 0.0 0
1670604457696 0.0 0
1670604458025 0.0 0
1670604458360 0.0 0
1670604458533 0.0 0
1670604458659 0.0 0
1670604458966 0.0 0
1670604459244 0.0 0
1670604459370 0.0 0
1670604459520 0.0 0
1670604459747 0.0 0
1670604459940 0.0 0
1670604460110 0.0 0
1670604460457 0.0 0
1670604460763 0.0 0
1670604460865 0.0 0
1670604461015 0.0 0
1670604461170 0.0 0
1670604461419 0.0 0
1670604461681 0.0 0
1670604461856 0.0 0
1670604461969 0.0 0
1670604462114 0.0 0
1670604462342 0.0 0
1670604462563 0.0 0
1670604462846 0.0 0
1670604462961 0.0 0
1670604463133 0.0 0
1670604463243 0.0 0
1670604463371 0.0 0
1670604463559 0.0 0
1670604463672 0.0 0
1670604463904 0.0 0
1670604464181 0.0 0
1670604464394 0.0 0
1670604464563 0.0 0
1670604464851 0.0 0
1670604465106 0.0 0
1670604465181 0.0 0
1670604465415 0.0 0
1670604465560 0.0 0
1670604465694 0.0 0
1670604465983 0.0 0
1670604466238 0.0 0
1670604466399 0.0 0
1670604466482 0.0 0
1670604466680 0.0 0
1670604466868 0.0 0
1670604467177 0.0 0
1670604467306 0.0 0
1670604467552 0.0 0
1670604467747 0.0 0
