1670604447611 0.0 0
1670604447691 0.0 0
1670604447838 0.0 0
1670604448042 0.0 0
1670604448406 0.0 0
1670604448557 0.0 0
1670604448757 0.0 0
1670604448869 0.0 0
1670604449045 0.0 0
1670604449309 0.0 0
1670604449451 0.0 0
1670604449774 0.0 0
1670604449984 0.0 0
1670604450053 0.0 0
1670604450396 0.0 0
1670604450620 0.0 0
1670604450690 0.0 0
1670604451052 0.0 0
1670604451376 0.0 0
1670604451568 0.0 0
1670604451774 0.0 0
1670604451968 0.0 0
1670604452150 0.0 0
1670604452259 0.0 0
1670604452492 0.0 0
1670604452632 0.0 0
1670604452750 0.0 0
1670604452871 0.0 0
1670604453040 0.0 0
1670604453351 0.0 0
1670604453667 0.0 0
1670604453807 0.0 0
1670604454219 0.0 0
1670604454286 0.0 0
1670604454464 0.0 0
1670604454590 0.0 0
1670604454796 0.0 0
1670604454937 0.0 0
1670604455133 0.0 0
1670604455343 0.0 0
1670604455502 0.0 0
1670604455815 0.0 0
1670604455900 0.0 0
1670604455976 0.0 0
1670604456142 0.0 0
1670604456378 0.0 0
1670604456584 0.0 0
1670604456790 0.0 0
1670604456976 0.0 0
1670604457303 0.0 0
1670604457450 0.0 0
1670604457693 0.0 0
1670604458020 0.0 0
1670604458358 0.0 0
1670604458531 0.0 0
1670604458657 0.0 0
1670604458964 0.0 0
1670604459241 0.0 0
1670604459367 0.0 0
1670604459518 0.0 0
1670604459743 0.0 0
1670604459938 0.0 0
1670604460107 0.0 0
1670604460454 0.0 0
1670604460761 0.0 0
1670604460862 0.0 0
1670604461012 0.0 0
1670604461168 0.0 0
1670604461416 0.0 0
1670604461678 0.0 0
1670604461854 0.0 0
1670604461967 0.0 0
1670604462111 0.0 0
1670604462339 0.0 0
1670604462560 0.0 0
1670604462844 0.0 0
1670604462959 0.0 0
1670604463130 0.0 0
1670604463241 0.0 0
1670604463369 0.0 0
1670604463556 0.0 0
1670604463669 0.0 0
1670604463901 0.0 0
1670604464178 0.0 0
1670604464391 0.0 0
1670604464561 0.0 0
1670604464849 0.0 0
1670604465103 0.0 0
1670604465179 0.0 0
1670604465412 0.0 0
1670604465557 0.0 0
1670604465691 0.0 0
1670604465980 0.0 0
1670604466236 0.0 0
1670604466396 0.0 0
1670604466479 0.0 0
1670604466677 0.0 0
1670604466866 0.0 0
1670604467175 0.0 0
1670604467303 0.0 0
1670604467550 0.0 0
1670604467745 0.0 0
