1670639495394 0.0 0
1670639500399 0.0 0
1670639505601 0.0 0
1670639510514 0.0 0
1670639515478 0.0 0
1670639520797 0.0 0
1670639525990 0.0 0
1670639531262 0.0001 0
1670639536584 0.0 0
1670639541299 0.0001 0
1670639546258 0.0 0
1670639551335 0.0001 0
1670639556528 0.0 0
1670639561810 0.0 0
1670639567316 0.0 0
1670639572584 0.0 0
1670639577741 0.0001 0
1670639583286 0.0 0
1670639588265 0.0 0
1670639593362 0.0001 0
1670639598477 0.0001 0
1670639603209 0.0 0
1670639608286 0.0 0
1670639613329 0.0001 0
1670639618645 0.0002 0
1670639623679 0.0 0
1670639629043 0.0 0
1670639634243 0.0 0
1670639639406 0.0 0
1670639644630 0.0001 0
1670639649654 0.0 0
1670639654625 0.0001 0
1670639659790 0.0 0
1670639665087 0.0 0
1670639670096 0.0 0
1670639675264 0.0 0
1670639680592 0.0001 0
1670639685850 0.0 0
1670639691135 0.0 0
1670639696028 0.0 0
1670639700778 0.0 0
1670639705728 0.0 0
1670639710988 0.0001 0
1670639715786 0.0 0
1670639720531 0.0 0
1670639725661 0.0001 0
1670639730332 0.0001 0
1670639734713 0.0002 0
1670639739501 0.0 0
1670639744198 0.0 0
1670639749196 0.0 0
1670639754220 0.0001 0
1670639759063 0.0 0
1670639764440 0.0001 0
1670639769889 0.0001 0
1670639775347 0.0 0
1670639780626 0.0 0
1670639785658 0.0 0
1670639790799 0.0001 0
1670639795673 0.0 0
1670639801017 0.0 0
1670639805704 0.0 0
1670639810993 0.0001 0
1670639816475 0.0001 0
1670639821582 0.0 0
1670639827236 0.0002 0
1670639832405 0.0 0
1670639837841 0.0 0
1670639843270 0.0 0
1670639848192 0.0 0
1670639853386 0.0001 0
1670639858426 0.0 0
1670639863503 0.0 0
1670639868923 0.0001 0
1670639874473 0.0001 0
1670639880015 0.0 0
1670639885649 0.0 0
1670639891496 0.0 0
1670639896912 0.0001 0
1670639902572 0.0 0
1670639907952 0.0 0
1670639913428 0.0 0
1670639919669 0.0 0
1670639925517 0.0001 0
1670639930950 0.0 0
1670639936181 0.0 0
1670639941565 0.0 0
1670639946493 0.0 0
1670639951717 0.0 0
1670639956867 0.0 0
1670639961963 0.0 0
1670639967291 0.0 0
1670639972278 0.0 0
1670639977116 0.0001 0
1670639981982 0.0 0
1670639986873 0.0 0
1670639991633 0.0 0
1670639996148 0.0 0
1670640001343 0.0 0
1670640006489 0.0002 0
1670640011607 0.0 0
1670640016711 0.0 0
