1670639500423 0.0 0
1670639505607 0.0 0
1670639510534 0.0 0
1670639515499 0.0 0
1670639520817 0.0 0
1670639526011 0.0 0
1670639531284 0.00015640519280714062 0
1670639536605 0.00014494143656233917 0
1670639541306 0.00018097257301927933 0
1670639546279 0.00017187622817995822 0
1670639551356 0.0001906109061984393 0
1670639556550 0.0001835976823674331 0
1670639561830 0.00017729104409510687 0
1670639567340 0.0001715829350333542 0
1670639572606 0.00016638622682131434 0
1670639577762 0.00017984534718751028 0
1670639583307 0.00017542682314511675 0
1670639588287 0.00017130181207438628 0
1670639593383 0.00018126120018494587 0
1670639598498 0.00018846844597761648 0
1670639603230 0.0001852361011494654 0
1670639608320 0.00018213122861593663 0
1670639613346 0.00018805325279842966 0
1670639618666 0.0002299742442486151 0
1670639623701 0.00022683157285569857 0
1670639629070 0.0002237777011530923 0
1670639634268 0.00022081388440679976 0
1670639639426 0.00021793990519012452 0
1670639644651 0.00021068979760992205 0
1670639649684 0.0002085455104687768 0
1670639654641 0.00021039679329564996 0
1670639659809 0.00020846805048375927 0
1670639665103 0.00020656259735082444 0
1670639670119 0.00020468370790368952 0
1670639675292 0.0002028337982572399 0
1670639680608 0.00020488594335971866 0
1670639685868 0.00020319375347764942 0
1670639691152 0.00020152387537215253 0
1670639696035 0.00019987789206217605 0
1670639700798 0.00019825696692707 0
1670639705749 0.0001966619229445298 0
1670639711011 0.00019889007313862115 0
1670639715795 0.0001974086398672351 0
1670639720551 0.0001959479983054828 0
1670639725683 0.0001980236835988685 0
1670639730354 0.0001998187210625415 0
1670639734735 0.0002189784082170243 0
1670639739515 0.0002176195292563686 0
1670639744220 0.0002162720569115938 0
1670639749218 0.00021493705158556392 0
1670639754241 0.00021586472016238949 0
1670639759085 0.00021461410564073104 0
1670639764452 0.0002154627909414241 0
1670639769911 0.00021617691301227944 0
1670639775369 0.00021506812894036358 0
1670639780648 0.00021396409919784506 0
1670639785679 0.00021286581857997173 0
1670639790821 0.0002136418570831433 0
1670639795686 0.0002126056571609378 0
1670639801023 0.00021157429030613025 0
1670639805719 0.00021054850897632066 0
1670639811021 0.00021136858577724987 0
1670639816482 0.0002120839015783929 0
1670639821589 0.0002111591791770638 0
1670639827259 0.00022388819245325304 0
1670639832412 0.0002229392789523204 0
1670639837864 0.0002219932398494052 0
1670639843290 0.0002210507198540682 0
1670639848220 0.00022011228818950526 0
1670639853407 0.00022056478832906964 0
1670639858447 0.00021967103210567777 0
1670639863524 0.00021878083250810305 0
1670639868947 0.0002192426528566508 0
1670639874493 0.0002196403731734959 0
1670639880048 0.00021882691963415963 0
1670639885670 0.00021801532728001833 0
1670639891524 0.00021720605106603655 0
1670639896934 0.00021764742293793368 0
1670639902602 0.0002168729154040995 0
1670639907979 0.00021610043683850555 0
1670639913455 0.00021533035570760447 0
1670639919698 0.0002145630039377826 0
1670639925538 0.00021506812894036358 0
1670639930971 0.00021433151636583418 0
1670639936204 0.00021359732197733961 0
1670639941587 0.00021286581857997175 0
1670639946516 0.00021213725243466385 0
1670639951740 0.0002114118455234215 0
1670639956889 0.00021068979760992203 0
1670639961985 0.00020997128811569305 0
1670639967312 0.00020925647782989263 0
1670639972301 0.00020854551046877682 0
1670639977138 0.00020921452892020732 0
1670639982002 0.00020852826405798642 0
1670639986880 0.00020784546840009577 0
1670639991652 0.00020716626339708488 0
1670639996169 0.00020649075760039484 0
1670640001365 0.0002058190476945726 0
1670640006512 0.00021509655979685038 0
1670640011628 0.00021441194553255207 0
1670640016733 0.00021373117578700267 0
