1670584632525 0.0 0
1670584632774 0.0 0
1670584633005 0.0 0
1670584633271 0.0 0
1670584633520 0.0 0
1670584633769 0.0 0
1670584634014 0.0 0
1670584634259 0.0 0
1670584634586 0.0 0
1670584634788 0.0 0
1670584634993 0.0 0
1670584635227 0.0 0
1670584635430 0.0 0
1670584635651 0.0 0
1670584635931 0.0 0
1670584636165 0.0 0
1670584636407 0.0 0
1670584636674 0.0 0
1670584636907 0.0 0
1670584637192 0.0 0
1670584637658 0.0 0
1670584637850 0.0 0
1670584638339 0.0 0
1670584638566 0.0 0
1670584638937 0.0 0
1670584639198 0.0 0
1670584639409 0.0 0
1670584639653 0.0 0
1670584639902 0.0 0
1670584640142 0.0 0
1670584640406 0.0 0
1670584640756 0.0 0
1670584641184 0.0 0
1670584641445 0.0 0
1670584641902 0.0 0
1670584642107 0.0 0
1670584642325 0.0 0
1670584642583 0.0 0
1670584643073 0.0 0
1670584643302 0.0 0
1670584643557 0.0 0
1670584643819 0.0 0
1670584644320 0.0 0
1670584644578 0.0 0
1670584644960 0.0 0
1670584645338 0.0 0
1670584645669 0.0 0
1670584645923 0.0 0
1670584646263 0.0 0
1670584646608 0.0 0
1670584646889 0.0 0
1670584647278 0.0 0
1670584647487 0.0 0
1670584647740 0.0 0
1670584647978 0.0 0
1670584648208 0.0 0
1670584648464 0.0 0
1670584648910 0.0 0
1670584649302 0.0 0
1670584649647 0.0 0
1670584649994 0.0 0
1670584650246 0.0 0
1670584650731 0.0 0
1670584651182 0.0 0
1670584651399 0.0 0
1670584651877 0.0 0
1670584652236 0.0 0
1670584652517 0.0 0
1670584652785 0.0 0
1670584653289 0.0 0
1670584653641 0.0 0
1670584653908 0.0 0
1670584654316 0.0 0
1670584654620 0.0 0
1670584654949 0.0 0
1670584655138 0.0 0
1670584655367 0.0 0
1670584655607 0.0 0
1670584655902 0.0 0
1670584656176 0.0 0
1670584656637 0.0 0
1670584656883 0.0 0
1670584657112 0.0 0
1670584657378 0.0 0
1670584657808 0.0 0
1670584658081 0.0 0
1670584658277 0.0 0
1670584658564 0.0 0
1670584659048 0.0 0
1670584659372 0.0 0
1670584659650 0.0 0
1670584659899 0.0 0
1670584660154 0.0 0
1670584660613 0.0 0
1670584660905 0.0 0
1670584661177 0.0 0
1670584661417 0.0 0
1670584661671 0.0 0
1670584661887 0.0 0
1670584662173 0.0 0
1670584662594 0.0 0
1670584662806 0.0 0
