1670584632785 0.0 0
1670584633009 0.0 0
1670584633275 0.0 0
1670584633524 0.0 0
1670584633773 0.0 0
1670584634018 0.0 0
1670584634264 0.0 0
1670584634590 0.0 0
1670584634792 0.0 0
1670584634997 0.0 0
1670584635231 0.0 0
1670584635434 0.0 0
1670584635655 0.0 0
1670584635935 0.0 0
1670584636176 0.0 0
1670584636414 0.0 0
1670584636683 0.0 0
1670584636911 0.0 0
1670584637196 0.0 0
1670584637663 0.0 0
1670584637854 0.0 0
1670584638349 0.0 0
1670584638570 0.0 0
1670584638941 0.0 0
1670584639202 0.0 0
1670584639413 0.0 0
1670584639660 0.0 0
1670584639907 0.0 0
1670584640146 0.0 0
1670584640409 0.0 0
1670584640760 0.0 0
1670584641188 0.0 0
1670584641448 0.0 0
1670584641905 0.0 0
1670584642111 0.0 0
1670584642328 0.0 0
1670584642587 0.0 0
1670584643077 0.0 0
1670584643306 0.0 0
1670584643562 0.0 0
1670584643823 0.0 0
1670584644325 0.0 0
1670584644588 0.0 0
1670584644964 0.0 0
1670584645342 0.0 0
1670584645674 0.0 0
1670584645926 0.0 0
1670584646268 0.0 0
1670584646613 0.0 0
1670584646894 0.0 0
1670584647282 0.0 0
1670584647491 0.0 0
1670584647745 0.0 0
1670584647982 0.0 0
1670584648211 0.0 0
1670584648468 0.0 0
1670584648914 0.0 0
1670584649307 0.0 0
1670584649651 0.0 0
1670584649997 0.0 0
1670584650249 0.0 0
1670584650736 0.0 0
1670584651186 0.0 0
1670584651403 0.0 0
1670584651881 0.0 0
1670584652241 0.0 0
1670584652521 0.0 0
1670584652789 0.0 0
1670584653293 0.0 0
1670584653645 0.0 0
1670584653912 0.0 0
1670584654323 0.0 0
1670584654624 0.0 0
1670584654953 0.0 0
1670584655157 0.0 0
1670584655371 0.0 0
1670584655611 0.0 0
1670584655908 0.0 0
1670584656180 0.0 0
1670584656642 0.0 0
1670584656887 0.0 0
1670584657116 0.0 0
1670584657383 0.0 0
1670584657813 0.0 0
1670584658085 0.0 0
1670584658281 0.0 0
1670584658568 0.0 0
1670584659052 0.0 0
1670584659376 0.0 0
1670584659654 0.0 0
1670584659907 0.0 0
1670584660158 0.0 0
1670584660617 0.0 0
1670584660909 0.0 0
1670584661181 0.0 0
1670584661420 0.0 0
1670584661675 0.0 0
1670584661905 0.0 0
1670584662177 0.0 0
1670584662598 0.0 0
1670584662810 0.0 0
