1670599989279 0.004235401578810698 0
1670599990061 0.003577567193243463 0
1670599990830 0.0027560793465560987 0
1670599991845 0.0022211560841582396 0
1670599992580 0.002137385892728103 0
1670599993313 0.0020315888519305166 0
1670599994197 0.0019307076161286945 0
1670599994970 0.0018397351574945702 0
1670599995747 0.0022164523066790214 0
1670599996615 0.002143673195934614 0
1670599997362 0.0020751087093141495 0
1670599998214 0.002508421882617834 0
1670599999016 0.00247755080969845 0
1670599999834 0.0024414818889820795 0
1670600000713 0.0025056496660986827 0
1670600001898 0.0025433972912227492 0
1670600002746 0.0025632258019729725 0
1670600003514 0.0024845871961877305 0
1670600004354 0.0024278678065362373 0
1670600005247 0.0023617813878502123 0
1670600006367 0.002300826309759046 0
1670600007097 0.002257213468484414 0
1670600007846 0.002337680281493448 0
1670600008688 0.0022865330141952946 0
1670600009446 0.0022627764877403652 0
1670600010198 0.0023291521596454272 0
1670600010881 0.0023080185204147814 0
1670600011681 0.002304035134550494 0
1670600012394 0.002190332220985919 0
1670600013138 0.002160766403173896 0
1670600013990 0.002132305477893807 0
1670600014761 0.0021048878964785274 0
1670600015550 0.0021383480302983645 0
1670600016273 0.0021131729428184405 0
1670600017253 0.002114823952131827 0
1670600017968 0.002105891463119559 0
1670600018897 0.002107346873084414 0
1670600019656 0.0020842399087204794 0
1670600020618 0.0020618473338816414 0
1670600021644 0.0020560042742440855 0
1670600022459 0.002032687511624733 0
1670600023416 0.0020618450946940053 0
1670600024080 0.0020391304221873126 0
1670600024869 0.0020642483065294584 0
1670600025693 0.0020554116758309733 0
1670600026651 0.0020387753448415217 0
1670600027348 0.0020600567583516378 0
1670600028155 0.0020662415652618056 0
1670600029089 0.002071100742344184 0
1670600029930 0.00205507267216308 0
1670600030684 0.0020757402057526115 0
1670600031492 0.0020799838083040397 0
1670600032543 0.00216317078934854 0
1670600033509 0.0021465728916138568 0
1670600034288 0.0021281604458808804 0
1670600035078 0.002121884328196954 0
1670600035897 0.002104198307073007 0
1670600036611 0.002086946439341396 0
1670600037532 0.002070111284173685 0
1670600038453 0.0020723586650156266 0
1670600039285 0.002067165507526378 0
1670600040116 0.0020538192825261107 0
1670600041163 0.002072027286519072 0
1670600042057 0.002059273379043505 0
1670600042790 0.002053996697419959 0
1670600043638 0.0020839008346166996 0
1670600044445 0.002078811333133973 0
1670600045259 0.002064203524504076 0
1670600046128 0.002059141718237175 0
1670600047034 0.002045016392797385 0
1670600047754 0.0020311774867680494 0
1670600048478 0.0020203131277663753 0
1670600049426 0.0020070415761996854 0
1670600050295 0.0020224419722882064 0
1670600051104 0.0020122765793387015 0
1670600051845 0.0020022436338957617 0
1670600052717 0.0019923411507367077 0
1670600053546 0.0019957697153039776 0
1670600054430 0.0020109539310241655 0
1670600055233 0.0020013329258778546 0
1670600055981 0.0019894735891867275 0
1670600056864 0.0019778223293528516 0
1670600057700 0.0019687711949804196 0
1670600058514 0.001983201123588276 0
1670600059263 0.001971940870894699 0
1670600060213 0.00196821849567494 0
1670600061216 0.0019599077405057634 0
1670600062106 0.0020165395324024766 0
1670600062783 0.002007722518481663 0
1670600063716 0.0019970483583549334 0
1670600064410 0.001993789308985065 0
1670600065134 0.001985468109538855 0
1670600066135 0.001982313883673973 0
1670600067016 0.0019853651811330055 0
1670600067913 0.001977279155407011 0
1670600068719 0.002027036975524903 0
1670600069470 0.002028558297377252 0
1670600070250 0.002041448997640307 0
1670600071113 0.002031650762301447 0
1670600071865 0.002028767986839348 0
1670600072585 0.002020769398549748 0
1670600073291 0.0020128572314590475 0
1670600073979 0.0020320873040299715 0
1670600074656 0.002022864594870854 0
1670600075501 0.002020432701627454 0
1670600076391 0.0020179114156992166 0
1670600077185 0.0020153064439853113 0
1670600077961 0.0021277812048733605 0
1670600079014 0.002124770318074498 0
1670600079898 0.0021216902135140696 0
1670600080694 0.0021137860219462836 0
1670600081503 0.0021048217480082888 0
1670600082468 0.0020971294871282705 0
1670600083210 0.002089516443777719 0
1670600084052 0.0020868511014387322 0
1670600085109 0.0020783072691808488 0
