1670629668748 0.00028571428571428574 0
1670629671640 0.0 0
1670629674577 0.0 0
1670629677492 0.00014285714285714287 0
1670629680456 0.00028571428571428574 0
1670629683467 0.00014285714285714287 0
1670629686481 0.00014285714285714287 0
1670629689507 0.00014285714285714287 0
1670629692539 0.0 0
1670629695487 0.0 0
1670629698402 0.0 0
1670629701288 0.0 0
1670629704219 0.0 0
1670629707212 0.0 0
1670629710133 0.0 0
1670629713028 0.0 0
1670629716313 0.0 0
1670629719763 0.0 0
1670629723169 0.00028571428571428574 0
1670629726588 0.00014285714285714287 0
1670629730039 0.00014285714285714287 0
1670629733527 0.00042857142857142855 0
1670629736925 0.0 0
1670629740402 0.0 0
1670629743638 0.0 0
1670629746477 0.0 0
1670629749752 0.00014285714285714287 0
1670629753001 0.00014285714285714287 0
1670629755919 0.0 0
1670629758794 0.0 0
1670629761653 0.0 0
1670629764455 0.0 0
1670629767357 0.0 0
1670629770146 0.0 0
1670629773007 0.0 0
1670629775900 0.0 0
1670629778802 0.0 0
1670629781780 0.00014285714285714287 0
1670629784646 0.0 0
1670629787489 0.0 0
1670629790325 0.0 0
1670629793206 0.00014285714285714287 0
1670629796089 0.0 0
1670629798878 0.0 0
1670629801804 0.0 0
1670629805127 0.0 0
1670629808376 0.0 0
1670629811735 0.0 0
1670629814932 0.0 0
1670629817954 0.0 0
1670629821306 0.0 0
1670629824659 0.0 0
1670629828268 0.00014285714285714287 0
1670629831832 0.00014285714285714287 0
1670629835344 0.0 0
1670629838896 0.0 0
1670629842515 0.00014285714285714287 0
1670629845734 0.0 0
1670629849226 0.00014285714285714287 0
1670629852803 0.0 0
1670629856353 0.0 0
1670629859862 0.0 0
1670629863218 0.0 0
1670629866449 0.00014285714285714287 0
1670629869629 0.0 0
1670629872635 0.0 0
1670629875555 0.0 0
1670629878568 0.00014285714285714287 0
1670629881468 0.0 0
1670629884385 0.00014285714285714287 0
1670629887148 0.00028571428571428574 0
1670629889934 0.0 0
1670629892804 0.0 0
1670629895718 0.0 0
1670629898611 0.00014285714285714287 0
1670629901545 0.0 0
1670629904246 0.00014285714285714287 0
1670629907160 0.0 0
1670629910218 0.0 0
1670629912751 0.0 0
1670629915620 0.0 0
1670629918538 0.00014285714285714287 0
1670629921602 0.0 0
1670629924556 0.00014285714285714287 0
1670629927625 0.0 0
1670629931210 0.0 0
1670629934664 0.0 0
1670629938107 0.0 0
1670629941544 0.00014285714285714287 0
1670629944470 0.00014285714285714287 0
1670629947433 0.0 0
1670629950519 0.0 0
1670629953937 0.0 0
1670629957489 0.0 0
1670629961101 0.0 0
1670629964708 0.0 0
1670629968202 0.0 0
1670629971631 0.0 0
1670629975022 0.0 0
1670629978458 0.0 0
1670629981903 0.0 0
1670629985314 0.0 0
1670629988779 0.00014285714285714287 0
1670629992418 0.0 0
1670629995431 0.0 0
1670629998453 0.00014285714285714287 0
1670630001080 0.0 0
1670630004061 0.0 0
1670630007949 0.00014285714285714287 0
