1670596932209 0.0 0
1670596934616 0.0 0
1670596937323 0.0 0
1670596939517 0.0 0
1670596942347 0.0 0
1670596945020 0.0 0
1670596947321 0.0 0
1670596949676 0.0 0
1670596952347 0.0 0
1670596954962 0.0 0
1670596957368 0.0 0
1670596959809 0.0 0
1670596962082 0.0 0
1670596964590 0.0 0
1670596966537 0.0 0
1670596968586 0.0 0
1670596970884 0.0 0
1670596973357 0.0 0
1670596975840 0.0 0
1670596978452 0.0 0
1670596980758 0.0 0
1670596983015 0.0 0
1670596985245 0.0 0
1670596987671 0.0 0
1670596989690 0.0 0
1670596991831 0.0 0
1670596993900 0.0 0
1670596995846 0.0 0
1670596997797 0.0 0
1670597000089 0.0 0
1670597002369 0.0 0
1670597004449 0.0 0
1670597006710 0.0 0
1670597008765 0.0 0
1670597010448 0.0 0
1670597012466 0.0 0
1670597014459 0.0 0
1670597016274 0.0 0
1670597018058 0.0 0
1670597020227 0.0 0
1670597022322 0.0 0
1670597024317 0.0 0
1670597026002 0.0 0
1670597028128 0.0 0
1670597030051 0.0 0
1670597032335 0.0 0
1670597034261 0.0 0
1670597036481 0.0 0
1670597038628 0.0 0
1670597040733 0.0 0
1670597043171 0.0 0
1670597045131 0.0 0
1670597047169 0.0 0
1670597049232 0.0 0
1670597050957 0.0 0
1670597052685 0.0 0
1670597054698 0.0 0
1670597056532 0.0 0
1670597058612 0.0 0
1670597060413 0.0 0
1670597062276 0.0 0
1670597064254 0.0 0
1670597066187 0.0 0
1670597068257 0.0 0
1670597070247 0.0 0
1670597072148 0.0 0
1670597074179 0.0 0
1670597076189 0.0 0
1670597078504 0.0 0
1670597080509 0.0 0
1670597082232 0.0 0
1670597084221 0.0 0
1670597086473 0.0 0
1670597088701 0.0 0
1670597090992 0.0 0
1670597092907 0.0 0
1670597095040 0.0 0
1670597096997 0.0 0
1670597098716 0.0 0
1670597100731 0.0 0
1670597102849 0.0 0
1670597104964 0.0 0
1670597107638 0.0 0
1670597109708 0.0 0
1670597111616 0.0 0
1670597114028 0.0 0
1670597116141 0.0 0
1670597118211 0.0 0
1670597120000 0.0 0
1670597121834 0.0 0
1670597124183 0.0 0
1670597126596 0.0 0
1670597128796 0.0 0
1670597131359 0.0 0
1670597133840 0.0 0
1670597136230 0.0 0
1670597138546 0.0 0
1670597140575 0.0 0
1670597143095 0.0 0
1670597145014 0.0 0
1670597147458 0.0 0
