1670597994905 0.0 0
1670597996734 0.0 0
1670597998986 0.0 0
1670598000873 0.0 0
1670598003142 0.0 0
1670598005235 0.0 0
1670598006997 0.0 0
1670598008684 0.0 0
1670598010229 0.0 0
1670598011841 0.0 0
1670598013784 0.0 0
1670598015655 0.0 0
1670598017392 0.0 0
1670598019114 0.0 0
1670598021002 0.0 0
1670598023139 0.0 0
1670598024718 0.0 0
1670598026609 0.0 0
1670598028673 0.0 0
1670598030604 0.0 0
1670598032332 0.0 0
1670598034341 0.0 0
1670598036128 0.0 0
1670598038168 0.0 0
1670598040010 0.0 0
1670598041874 0.0 0
1670598043604 0.0 0
1670598045472 0.0 0
1670598047458 0.0 0
1670598049458 0.0 0
1670598051028 0.0 0
1670598053074 0.0 0
1670598055159 0.0 0
1670598056894 0.0 0
1670598058925 0.0 0
1670598060794 0.0 0
1670598062467 0.0 0
1670598064423 0.0 0
1670598066096 0.0 0
1670598068077 0.0 0
1670598069657 0.0 0
1670598071610 0.0 0
1670598073602 0.0 0
1670598075736 0.0 0
1670598077743 0.0 0
1670598079862 0.0 0
1670598081922 0.0 0
1670598084041 0.0 0
1670598086106 0.0 0
1670598087946 0.0 0
1670598089680 0.0 0
1670598091357 0.0 0
1670598093576 0.0 0
1670598095423 0.0 0
1670598097489 0.0 0
1670598099351 0.0 0
1670598101188 0.0 0
1670598103275 0.0 0
1670598105195 0.0 0
1670598106880 0.0 0
1670598109190 0.0 0
1670598111328 0.0 0
1670598113544 0.0 0
1670598115444 0.0 0
1670598117428 0.0 0
1670598119287 0.0 0
1670598121486 0.0 0
1670598123712 0.0 0
1670598125856 0.0 0
1670598127790 0.0 0
1670598129626 0.0 0
1670598131574 0.0 0
1670598133272 0.0 0
1670598135435 0.0 0
1670598137727 0.0 0
1670598139786 0.0 0
1670598142193 0.0 0
1670598144061 0.0 0
1670598146193 0.0 0
1670598148108 0.0 0
1670598150152 0.0 0
1670598151990 0.0 0
1670598153897 0.0 0
1670598155545 0.0 0
1670598157559 0.0 0
1670598159847 0.0 0
1670598161688 0.0 0
1670598163609 0.0 0
1670598165536 0.0 0
1670598167508 0.0 0
1670598169290 0.0 0
1670598171401 0.0 0
1670598173616 0.0 0
1670598175786 0.0 0
1670598178235 0.0 0
1670598180708 0.0 0
1670598182835 0.0 0
1670598184977 0.0 0
1670598187027 0.0 0
1670598188634 0.0 0
1670598190635 0.0 0
1670598192315 0.0 0
