1670580174909 0.012706204736432098 0
1670580175585 0.007026202485783806 0
1670580176478 0.004593465577593499 0
1670580177235 0.003627132696844038 0
1670580178310 0.0034274424488196535 0
1670580179024 0.0032290862047615132 0
1670580179832 0.0029949314277482614 0
1670580180526 0.00275431106744908 0
1670580181596 0.002594641562542439 0
1670580182554 0.0027142446459193607 0
1670580183342 0.0031389710951686745 0
1670580184476 0.0029856192238843296 0
1670580185236 0.0029404892854523364 0
1670580186459 0.002821328398973184 0
1670580187195 0.0027156238890557816 0
1670580187870 0.002719369165799847 0
1670580188948 0.002937323713181332 0
1670580189638 0.0028588343737482444 0
1670580190674 0.002776710186264246 0
1670580191670 0.002752757846396916 0
1670580192306 0.0026892039038853757 0
1670580193232 0.002649034957609855 0
1670580194388 0.00259474526068735 0
1670580195382 0.0026872632082928245 0
1670580196100 0.0026388493060026993 0
1670580196733 0.002626479189649089 0
1670580197854 0.002575351233511207 0
1670580198910 0.00256369362845616 0
1670580199639 0.0024312762167460547 0
1670580200507 0.0025866358708428938 0
1670580201477 0.002581187738646954 0
1670580202315 0.0025482846568833147 0
1670580203383 0.002584873016990186 0
1670580204492 0.0025484830296032632 0
1670580205295 0.002527958665294724 0
1670580206455 0.002498621833029126 0
1670580207372 0.0024661740027114706 0
1670580208244 0.0024788178878181215 0
1670580209313 0.002453001918845457 0
1670580210282 0.0024233269876913367 0
1670580210998 0.0025375599033438017 0
1670580212065 0.0025350877471423863 0
1670580213121 0.0025163229442807297 0
1670580214021 0.002488345336553683 0
1670580214992 0.0024944942703094804 0
1670580215830 0.0024763103457770847 0
1670580216699 0.0024584093734936778 0
1670580217593 0.002440792892286786 0
1670580218399 0.0024443648835548414 0
1670580219424 0.0025274798737130377 0
1670580220689 0.0025030814631046604 0
1670580221577 0.002485008143846128 0
1670580222835 0.0024851243956393416 0
1670580224103 0.0025135457463009263 0
1670580225272 0.002550447639493693 0
1670580226100 0.0025280431114933317 0
1670580226859 0.0025107710895478095 0
1670580227916 0.0024894856597394415 0
1670580228842 0.0025629854824768226 0
1670580229778 0.002564547202588587 0
1670580230532 0.002565342067268596 0
1670580231585 0.0025654408033857464 0
1670580232422 0.002592788640868114 0
1670580233392 0.002617611435390404 0
1670580234264 0.0026030665616050856 0
1670580235148 0.0025887194176129266 0
1670580236377 0.0025745678343649684 0
1670580237451 0.0026724451477609422 0
1670580238210 0.0028153989694348546 0
1670580239302 0.002833767794247744 0
1670580240219 0.0028518642612921667 0
1670580241493 0.0028683456284387746 0
1670580242391 0.003097239188842165 0
1670580243442 0.0031328436172194762 0
1670580244590 0.003146351922777513 0
1670580245387 0.0031407576897885046 0
1670580246701 0.0032046384469360282 0
1670580247431 0.003216381350750688 0
1670580248746 0.003227003969592382 0
1670580249742 0.0032196575004659433 0
1670580251043 0.003213434018957885 0
1670580252036 0.0032220621985714123 0
1670580253146 0.003205593510636053 0
1670580254032 0.0031982442945275628 0
1670580255170 0.003208999316597949 0
1670580256009 0.0032639038504644526 0
1670580256844 0.0032896078817664545 0
1670580258061 0.0032711481128171608 0
1670580259098 0.0032549713175862977 0
1670580260071 0.003286419955019755 0
1670580261061 0.0033104943721734698 0
1670580262169 0.003301940691002965 0
1670580262946 0.0032861566518523917 0
1670580264057 0.0032705929072987952 0
1670580265250 0.0032536221608913327 0
1670580266270 0.0033261604498026234 0
1670580267237 0.003322401221983171 0
1670580268407 0.0033070908678826316 0
1670580269370 0.003290664804454526 0
1670580270683 0.0032758097281454304 0
1670580271631 0.003263666502087749 0
