1670580174112 0.0013333333333333333 0
1670580174907 0.0023333333333333335 0
1670580175582 0.0033333333333333335 0
1670580176475 0.002 0
1670580177233 0.002 0
1670580178308 0.003 0
1670580179021 0.003 0
1670580179829 0.002 0
1670580180520 0.0023333333333333335 0
1670580181592 0.0026666666666666666 0
1670580182550 0.0033333333333333335 0
1670580183338 0.001 0
1670580184472 0.0023333333333333335 0
1670580185232 0.003 0
1670580186454 0.0023333333333333335 0
1670580187192 0.0023333333333333335 0
1670580187866 0.0016666666666666668 0
1670580188944 0.001 0
1670580189634 0.002 0
1670580190671 0.0023333333333333335 0
1670580191666 0.0016666666666666668 0
1670580192302 0.002 0
1670580193229 0.0026666666666666666 0
1670580194384 0.002 0
1670580195376 0.0033333333333333335 0
1670580196096 0.002 0
1670580196729 0.0016666666666666668 0
1670580197851 0.0023333333333333335 0
1670580198906 0.0016666666666666668 0
1670580199636 0.0026666666666666666 0
1670580200503 0.0036666666666666666 0
1670580201473 0.0016666666666666668 0
1670580202312 0.002 0
1670580203379 0.0013333333333333333 0
1670580204488 0.0023333333333333335 0
1670580205292 0.0026666666666666666 0
1670580206451 0.002 0
1670580207369 0.0023333333333333335 0
1670580208240 0.003 0
1670580209309 0.002 0
1670580210278 0.0023333333333333335 0
1670580210994 0.0036666666666666666 0
1670580212061 0.0016666666666666668 0
1670580213117 0.0026666666666666666 0
1670580214018 0.0023333333333333335 0
1670580214988 0.003 0
1670580215824 0.0026666666666666666 0
1670580216695 0.0026666666666666666 0
1670580217589 0.0026666666666666666 0
1670580218395 0.003 0
1670580219420 0.001 0
1670580220686 0.0023333333333333335 0
1670580221573 0.002 0
1670580222831 0.0016666666666666668 0
1670580224099 0.0013333333333333333 0
1670580225269 0.0033333333333333335 0
1670580226096 0.0023333333333333335 0
1670580226855 0.002 0
1670580227912 0.0023333333333333335 0
1670580228838 0.0036666666666666666 0
1670580229774 0.003 0
1670580230528 0.003 0
1670580231581 0.003 0
1670580232419 0.0013333333333333333 0
1670580233388 0.0013333333333333333 0
1670580234260 0.0026666666666666666 0
1670580235145 0.0026666666666666666 0
1670580236373 0.0026666666666666666 0
1670580237447 0.004 0
1670580238206 0.0003333333333333333 0
1670580239296 0.0033333333333333335 0
1670580240215 0.0013333333333333333 0
1670580241489 0.0013333333333333333 0
1670580242387 0.005 0
1670580243438 0.0036666666666666666 0
1670580244587 0.0013333333333333333 0
1670580245383 0.0016666666666666668 0
1670580246696 0.004 0
1670580247427 0.0013333333333333333 0
1670580248742 0.0013333333333333333 0
1670580249737 0.003 0
1670580251024 0.0016666666666666668 0
1670580252027 0.0033333333333333335 0
1670580253142 0.0026666666666666666 0
1670580254028 0.003 0
1670580255166 0.0013333333333333333 0
1670580256005 0.004 0
1670580256823 0.0036666666666666666 0
1670580258057 0.0023333333333333335 0
1670580259094 0.0026666666666666666 0
1670580260067 0.001 0
1670580261048 0.0036666666666666666 0
1670580262165 0.003 0
1670580262932 0.0026666666666666666 0
1670580264052 0.0026666666666666666 0
1670580265245 0.0023333333333333335 0
1670580266265 0.004333333333333333 0
1670580267233 0.0016666666666666668 0
1670580268403 0.0026666666666666666 0
1670580269366 0.0023333333333333335 0
1670580270679 0.0026666666666666666 0
1670580271627 0.002 0
