1670569219232 0.004235401578810699 0
1670569219901 0.0023420674952612684 0
1670569220436 0.0015002195754857171 0
1670569221423 0.0018876197026430337 0
1670569222071 0.001615711865124669 0
1670569222923 0.0016145431023807568 0
1670569223727 0.0024847314407559678 0
1670569224739 0.002379179330484215 0
1670569225544 0.00224195892656977 0
1670569226383 0.0035523140577267496 0
1670569227309 0.003379802233068289 0
1670569228305 0.003396419284902753 0
1670569229350 0.0033870625275137624 0
1670569230103 0.0032966070051904696 0
1670569230857 0.0031761359774381626 0
1670569231442 0.0031016722011742806 0
1670569232103 0.003046509413720637 0
1670569233180 0.0029578627300226815 0
1670569234001 0.0029690136208685223 0
1670569234839 0.002928738291372557 0
1670569238229 0.0028553755395336958 0
1670569239222 0.0028130997625790306 0
1670569239872 0.0029968883709743494 0
1670569240780 0.003137608559820971 0
1670569241891 0.0031707204486069694 0
1670569242586 0.00310553621286057 0
1670569243473 0.0030816205663526993 0
1670569244727 0.0032868558979301053 0
1670569245769 0.0031711331626189257 0
1670569247176 0.003157014443081172 0
1670569248362 0.0031161441303635233 0
1670569249231 0.0030767304267859995 0
1670569249900 0.0033106184475612697 0
1670569250615 0.0032725211776715533 0
1670569251508 0.003285706827117767 0
1670569252354 0.0032412631145217734 0
1670569253377 0.003220677950628562 0
1670569254223 0.0031893652194092577 0
1670569255050 0.0031704601002824438 0
1670569255980 0.0031319626608776532 0
1670569256632 0.003104357971810875 0
1670569257497 0.0031167089369025904 0
1670569258555 0.003215315084341994 0
1670569259278 0.0032124400160284334 0
1670569259888 0.0032177046324500013 0
1670569260845 0.0032997698153281792 0
1670569261416 0.0032770250203630587 0
1670569262544 0.0033057455947259175 0
1670569263556 0.003285784127523452 0
1670569264409 0.0032551074372407073 0
1670569265283 0.0033262716845390223 0
1670569266344 0.0033052425198302144 0
1670569267323 0.0033710457933737795 0
1670569268250 0.003432886064125915 0
1670569269253 0.0034034062791818776 0
1670569269925 0.003501230714146555 0
1670569270888 0.0034942145878392315 0
1670569271814 0.003579107799068168 0
1670569272639 0.0036556816612551227 0
1670569273915 0.003656301167906326 0
1670569275004 0.0036291043945047615 0
1670569276173 0.0036289110359164376 0
1670569277139 0.003699745237639305 0
1670569278349 0.003687752962095312 0
1670569279388 0.0036622914158858572 0
1670569280288 0.0036508069203620742 0
1670569281406 0.0036265091746949807 0
1670569282236 0.0037149061294676927 0
1670569283312 0.00371342571591858 0
1670569283926 0.0037588051449859343 0
1670569284872 0.003790721853588184 0
1670569286114 0.003773891364929474 0
1670569287184 0.0037533360466550916 0
1670569287967 0.0037298335297993356 0
1670569288525 0.0038213771360961265 0
1670569289557 0.0037983382600235427 0
1670569290208 0.003796165510778226 0
1670569290918 0.003772230452718779 0
1670569291745 0.0037529031345502582 0
1670569292559 0.0037298064040332183 0
1670569293596 0.0037463753189517324 0
1670569294571 0.0037731239848630095 0
1670569295314 0.003750723587157354 0
1670569295852 0.003766550379515278 0
1670569296657 0.0038030261900502795 0
1670569297490 0.0038158008696304803 0
1670569298085 0.003841729171265412 0
1670569298665 0.0038243228867964624 0
1670569299399 0.003804252938006826 0
1670569299988 0.0037844941430379133 0
1670569300536 0.0037641008957979413 0
1670569301772 0.003788479858700583 0
1670569302442 0.003769586764309397 0
1670569303376 0.003782611697770443 0
1670569304620 0.0037946484876564355 0
1670569305921 0.0038007465473618397 0
1670569307512 0.0037823929511979007 0
1670569308501 0.003779541826515368 0
1670569309666 0.0037729179431792784 0
1670569310487 0.0037604797413338677 0
1670569311428 0.003754072694205468 0
