1670577294842 0.023 0
1670577295383 0.02266666666666667 0
1670577295999 0.02 0
1670577296593 0.027 0
1670577297269 0.026 0
1670577298354 0.026333333333333334 0
1670577299297 0.019666666666666666 0
1670577300067 0.021333333333333333 0
1670577300766 0.024666666666666667 0
1670577301487 0.025333333333333333 0
1670577302202 0.023666666666666666 0
1670577302898 0.02266666666666667 0
1670577303405 0.019666666666666666 0
1670577304244 0.023333333333333334 0
1670577304847 0.022 0
1670577305503 0.019666666666666666 0
1670577306211 0.02266666666666667 0
1670577307095 0.024 0
1670577307940 0.024333333333333332 0
1670577308999 0.021 0
1670577309669 0.024666666666666667 0
1670577310186 0.018333333333333333 0
1670577310796 0.019666666666666666 0
1670577311661 0.022 0
1670577312371 0.02266666666666667 0
1670577313041 0.02266666666666667 0
1670577313911 0.017666666666666667 0
1670577314527 0.021 0
1670577315312 0.024 0
1670577316037 0.017666666666666667 0
1670577316639 0.021666666666666667 0
1670577317157 0.017666666666666667 0
1670577318025 0.02 0
1670577318461 0.023666666666666666 0
1670577319260 0.019666666666666666 0
1670577320068 0.024666666666666667 0
1670577320661 0.017666666666666667 0
1670577321185 0.021666666666666667 0
1670577322012 0.020666666666666667 0
1670577322644 0.023666666666666666 0
1670577323425 0.022 0
1670577323986 0.023333333333333334 0
1670577324575 0.02 0
1670577325095 0.027333333333333334 0
1670577325923 0.028333333333333332 0
1670577326641 0.021333333333333333 0
1670577327510 0.021 0
1670577328212 0.02266666666666667 0
1670577328793 0.018333333333333333 0
1670577329495 0.020666666666666667 0
1670577330069 0.018 0
1670577330602 0.024666666666666667 0
1670577331309 0.017666666666666667 0
1670577331883 0.021666666666666667 0
1670577332643 0.022333333333333334 0
1670577333106 0.024 0
1670577333776 0.02 0
1670577334338 0.019333333333333334 0
1670577335045 0.021333333333333333 0
1670577335583 0.018666666666666668 0
1670577336119 0.022333333333333334 0
1670577336885 0.022333333333333334 0
1670577337638 0.020666666666666667 0
1670577338336 0.025 0
1670577339289 0.01633333333333333 0
1670577339990 0.021 0
1670577340718 0.021666666666666667 0
1670577341465 0.021666666666666667 0
1670577342168 0.025333333333333333 0
1670577342817 0.017666666666666667 0
1670577343439 0.021 0
1670577344256 0.019666666666666666 0
1670577344848 0.020666666666666667 0
1670577345675 0.019666666666666666 0
1670577346141 0.021333333333333333 0
1670577347065 0.024666666666666667 0
1670577347839 0.023333333333333334 0
1670577348375 0.02 0
1670577349239 0.021 0
1670577349788 0.02033333333333333 0
1670577350397 0.023666666666666666 0
1670577351086 0.019333333333333334 0
1670577351908 0.02 0
1670577352863 0.02033333333333333 0
1670577353428 0.02 0
1670577354239 0.019666666666666666 0
1670577354998 0.02033333333333333 0
1670577355942 0.023333333333333334 0
1670577356572 0.021333333333333333 0
1670577357092 0.021333333333333333 0
1670577358029 0.021 0
1670577358925 0.023 0
1670577359710 0.021333333333333333 0
1670577360269 0.022333333333333334 0
1670577361181 0.02266666666666667 0
1670577361913 0.021666666666666667 0
1670577362659 0.019666666666666666 0
1670577363442 0.023666666666666666 0
1670577364448 0.021 0
1670577365311 0.023333333333333334 0
1670577365910 0.02266666666666667 0
1670577366611 0.02266666666666667 0
1670577367603 0.027333333333333334 0
1670577368169 0.02266666666666667 0
1670577368819 0.025666666666666667 0
1670577369368 0.023333333333333334 0
1670577370016 0.021666666666666667 0
1670577370880 0.021666666666666667 0
1670577372035 0.02 0
1670577372700 0.016 0
1670577373811 0.020666666666666667 0
1670577374614 0.02 0
1670577375573 0.022333333333333334 0
1670577376359 0.019666666666666666 0
1670577376884 0.023333333333333334 0
1670577377798 0.022 0
1670577378599 0.022 0
1670577379204 0.021333333333333333 0
1670577379899 0.022 0
1670577380614 0.021666666666666667 0
1670577381202 0.021666666666666667 0
1670577382340 0.020666666666666667 0
1670577382879 0.019666666666666666 0
1670577383603 0.024333333333333332 0
1670577384157 0.021333333333333333 0
1670577384833 0.023 0
1670577385678 0.016666666666666666 0
1670577386175 0.025333333333333333 0
1670577386735 0.023333333333333334 0
1670577387422 0.019666666666666666 0
1670577388050 0.021 0
1670577389082 0.021 0
1670577390044 0.024 0
1670577390703 0.025333333333333333 0
1670577391409 0.02266666666666667 0
1670577392114 0.021333333333333333 0
1670577392898 0.02033333333333333 0
1670577393981 0.019666666666666666 0
1670577394640 0.023333333333333334 0
1670577395400 0.02 0
1670577396132 0.029333333333333333 0
1670577396978 0.024333333333333332 0
1670577397745 0.022 0
1670577398334 0.024 0
1670577398851 0.017333333333333333 0
1670577399370 0.022333333333333334 0
1670577400050 0.02033333333333333 0
1670577400685 0.021333333333333333 0
1670577401247 0.02033333333333333 0
1670577401962 0.02266666666666667 0
1670577402613 0.024666666666666667 0
1670577403619 0.020666666666666667 0
1670577404415 0.022333333333333334 0
1670577405413 0.017333333333333333 0
1670577405995 0.021 0
1670577406660 0.024333333333333332 0
1670577407605 0.02 0
1670577408451 0.021666666666666667 0
1670577409238 0.024 0
1670577410197 0.021666666666666667 0
1670577410966 0.024666666666666667 0
1670577411794 0.018666666666666668 0
1670577412579 0.023333333333333334 0
1670577413296 0.021 0
1670577414052 0.024666666666666667 0
1670577414863 0.02266666666666667 0
1670577415505 0.025 0
1670577416290 0.023 0
1670577417013 0.02266666666666667 0
1670577417814 0.022 0
1670577418605 0.018333333333333333 0
1670577419560 0.023666666666666666 0
1670577420148 0.022 0
1670577420853 0.022333333333333334 0
1670577421624 0.019333333333333334 0
1670577422455 0.027 0
1670577423087 0.017333333333333333 0
1670577423689 0.020666666666666667 0
1670577424305 0.015666666666666666 0
1670577425259 0.019 0
1670577425879 0.024 0
1670577426986 0.021333333333333333 0
