1670603057524 0.008470803157621398 0
1670603058220 0.002704386597698732 0
1670603058580 0.0021216308701895088 0
1670603058867 0.001813566348422019 0
1670603059437 0.0017137212244098265 0
1670603059779 0.001614543102380756 0
1670603060375 0.002194278439376463 0
1670603060937 0.002415690609372319 0
1670603061457 0.0023412081989858044 0
1670603061799 0.0022189125644997473 0
1670603062372 0.0023552204527035243 0
1670603062995 0.0024530637324596503 0
1670603063464 0.0028528027396108858 0
1670603064017 0.002947342003875214 0
1670603064494 0.002836376646384759 0
1670603065010 0.00275220992788576 0
1670603065699 0.00266254428734584 0
1670603066144 0.0026062740726292273 0
1670603066523 0.0026104596379574073 0
1670603067110 0.002556167297374088 0
1670603067583 0.00250810866610548 0
1670603067975 0.0024624025651302835 0
1670603068472 0.0024642058208598112 0
1670603068958 0.002551974383192079 0
1670603069557 0.002497130381515501 0
1670603070061 0.0024593351901242575 0
1670603070347 0.0026194560662605726 0
1670603071132 0.002569741102873724 0
1670603071712 0.002426590167641846 0
1670603072135 0.0025485797711707818 0
1670603072769 0.0025091281709709087 0
1670603073328 0.002471453058951243 0
1670603073897 0.0024405742562859573 0
1670603074291 0.0024061463203030294 0
1670603074947 0.0023778485378316326 0
1670603075411 0.002394636463923412 0
1670603075917 0.002363350743570935 0
1670603076286 0.002346213101967376 0
1670603076950 0.002387082721097648 0
1670603077385 0.0023840306148476204 0
1670603078045 0.002356199789726234 0
1670603078396 0.002332885598659821 0
1670603078747 0.002329797549373772 0
1670603079292 0.0023047010141049903 0
1670603080005 0.0023015285441509233 0
1670603080430 0.002320335096706737 0
1670603080885 0.0023173665040713367 0
1670603081242 0.0023136654278452145 0
1670603081617 0.002383826199742136 0
1670603082366 0.0023623661234699724 0
1670603082686 0.0023414688735660947 0
1670603083200 0.002321110606130057 0
1670603083499 0.0023011416281753403 0
1670603084076 0.0022816750299040033 0
1670603084463 0.002301338939354968 0
1670603084960 0.0023187943955648334 0
1670603085631 0.0022996550578456357 0
1670603085964 0.0022919205347429845 0
1670603086671 0.002273520674553648 0
1670603087169 0.0022555559560537885 0
1670603087574 0.002239894092358684 0
1670603088259 0.0022550789964617323 0
1670603088730 0.0022475545991620357 0
1670603089086 0.0022307096701280125 0
1670603089658 0.0022166258221281115 0
1670603090139 0.0022163893131385776 0
1670603090495 0.0022156870657631137 0
1670603090928 0.0022096959138954027 0
1670603091441 0.002194464327238085 0
1670603092110 0.0021814067133951193 0
1670603092463 0.002175846542040462 0
1670603092971 0.002170164421515946 0
1670603093287 0.0021706314176816845 0
1670603093818 0.002158488596002759 0
1670603094288 0.002146537293596206 0
1670603094692 0.002133153634920019 0
1670603095183 0.0021334754717821204 0
1670603095600 0.002154746838724386 0
1670603096089 0.0021419949530674777 0
1670603096404 0.0021618471234007243 0
1670603096976 0.002158250437537128 0
1670603097458 0.002146900223835505 0
1670603098038 0.0021434123123945676 0
1670603098512 0.0021324830131408123 0
1670603098951 0.002121713901390943 0
1670603099648 0.0021401773833334323 0
1670603099984 0.0021372658919204205 0
1670603100643 0.00213632970711633 0
1670603101266 0.002179721018597843 0
1670603101929 0.0021686882232534207 0
1670603102277 0.0021838835648281536 0
1670603102752 0.002173155384584843 0
1670603103137 0.002187500417205074 0
1670603103678 0.002177066841631028 0
1670603104047 0.002166778964469304 0
1670603104403 0.002156633489444941 0
1670603104998 0.0021706742808121878 0
1670603105309 0.0021683185221620925 0
1670603105859 0.0021658365702022352 0
1670603106370 0.002178271402148074 0
1670603106760 0.0021770217775480064 0
1670603107195 0.0021671651867026277 0
1670603107585 0.0021574403032999724 0
1670603108055 0.0021483488823538692 0
1670603108424 0.002138907091548902 0
1670603108881 0.0021295877756717643 0
1670603109431 0.0021272459323941903 0
1670603109935 0.00212480755416951 0
1670603110294 0.002122278580531764 0
1670603110755 0.002122016742936184 0
1670603111276 0.0021195731754759654 0
1670603111776 0.002110721261471826 0
1670603112353 0.0021082506116644533 0
1670603112897 0.0020995629946390683 0
1670603113244 0.0021144243103085034 0
1670603113931 0.0021066197326358284 0
1670603114324 0.0022022394558547844 0
1670603114884 0.0022591458214398486 0
1670603115431 0.0022568761250310516 0
1670603115726 0.002266904016886121 0
1670603116397 0.0022584274802818194 0
1670603116913 0.0022680279847036907 0
1670603117480 0.002277135831928244 0
1670603117913 0.0022742249626239303 0
1670603118369 0.0022712587806906007 0
