1670568595114 0.2884 0
1670568598524 0.2886 0
1670568601950 0.2875 0
1670568605370 0.2881 0
1670568608787 0.2895 0
1670568612426 0.2859 0
1670568616149 0.289 0
1670568619692 0.289 0
1670568623146 0.2887 0
1670568626784 0.2895 0
1670568630087 0.288 0
1670568633713 0.2878 0
1670568637313 0.2885 0
1670568640591 0.2888 0
1670568644049 0.2878 0
1670568647482 0.2891 0
1670568650065 0.2883 0
1670568653135 0.289 0
1670568655629 0.2882 0
1670568658775 0.2893 0
1670568661501 0.2894 0
1670568664897 0.2899 0
1670568668136 0.2886 0
1670568670248 0.2889 0
1670568672562 0.2897 0
1670568675049 0.2889 0
1670568678138 0.2888 0
1670568680232 0.2886 0
1670568682362 0.2876 0
1670568685682 0.2896 0
1670568688715 0.2866 0
1670568691097 0.2869 0
1670568693865 0.2892 0
1670568696069 0.2875 0
1670568699129 0.2875 0
1670568701303 0.2898 0
1670568703784 0.2868 0
1670568705989 0.2883 0
1670568709227 0.2866 0
1670568712242 0.2877 0
1670568714765 0.29 0
1670568717805 0.2894 0
1670568721007 0.2872 0
1670568723935 0.2883 0
1670568726974 0.2896 0
1670568730290 0.2873 0
1670568732841 0.2896 0
1670568735897 0.2887 0
1670568739946 0.2899 0
1670568743363 0.2887 0
1670568747138 0.2891 0
1670568751347 0.289 0
1670568754769 0.2877 0
1670568758102 0.2895 0
1670568761539 0.2889 0
1670568765234 0.2894 0
1670568769033 0.2867 0
1670568772404 0.289 0
1670568776211 0.2883 0
1670568779341 0.2869 0
1670568782581 0.2893 0
1670568785358 0.2902 0
1670568788490 0.2895 0
1670568791157 0.2892 0
1670568794297 0.2895 0
1670568797567 0.2886 0
1670568801537 0.2853 0
1670568805159 0.288 0
1670568808676 0.2884 0
1670568811522 0.289 0
1670568815213 0.2874 0
1670568818466 0.289 0
1670568821166 0.2886 0
1670568824530 0.2886 0
1670568828397 0.2875 0
1670568832038 0.2881 0
1670568835260 0.2899 0
1670568838838 0.2901 0
1670568841997 0.2889 0
1670568845353 0.2894 0
1670568849154 0.2874 0
1670568852740 0.2885 0
1670568856470 0.2871 0
1670568859043 0.2882 0
1670568861986 0.2884 0
1670568865146 0.2887 0
1670568868586 0.2896 0
1670568871623 0.2876 0
1670568874594 0.29 0
1670568877691 0.2886 0
1670568880041 0.2901 0
1670568882246 0.2899 0
1670568885468 0.289 0
1670568888758 0.2886 0
1670568892576 0.2899 0
1670568896217 0.2897 0
1670568900155 0.2868 0
1670568903426 0.2894 0
1670568907105 0.2891 0
1670568910369 0.287 0
1670568913980 0.2881 0
1670568917245 0.2885 0
