1670559218633 0.008470803157621165 0
1670559219331 0.008444444444762111 0
1670559220135 0.014803982510917302 0
1670559221122 0.013621883445970262 0
1670559221733 0.0171014724507772 0
1670559222313 0.015288509808794148 0
1670559223020 0.014153493740807765 0
1670559223791 0.013319198851821867 0
1670559224550 0.01281889058886565 0
1670559225218 0.016232754883662714 0
1670559226001 0.015532542545666495 0
1670559226649 0.01552499480274494 0
1670559227566 0.014922505965359267 0
1670559228341 0.01435059368012459 0
1670559229310 0.013815370134323213 0
1670559229931 0.013350118197578809 0
1670559230833 0.01305895494399989 0
1670559231437 0.013817480986248132 0
1670559232402 0.013510232036527903 0
1670559233073 0.013354672013228153 0
1670559233953 0.01324650400883931 0
1670559234522 0.013101991364681265 0
1670559235681 0.014204219707582788 0
1670559236271 0.013993983105242469 0
1670559236996 0.013693342874617653 0
1670559237661 0.013412841517844831 0
1670559238357 0.013229002979176618 0
1670559239132 0.01308012446558593 0
1670559239810 0.012353360213253284 0
1670559240543 0.012275209447798807 0
1670559241134 0.012083064374731611 0
1670559241957 0.011927698080045013 0
1670559242668 0.01230957700144919 0
1670559243329 0.012629585482423211 0
1670559244087 0.012477675115626474 0
1670559244775 0.012311707729773969 0
1670559245651 0.012578876736195954 0
1670559246289 0.012593454102517887 0
1670559246970 0.012717969876875568 0
1670559247608 0.012574138156132841 0
1670559248299 0.012487113269687655 0
1670559248966 0.01236830859359328 0
1670559249673 0.01222872635216854 0
1670559250583 0.012093485834316242 0
1670559251450 0.011961319367230994 0
1670559252255 0.012082109394163432 0
1670559253121 0.011987174226861907 0
1670559254020 0.01186468072441138 0
1670559254885 0.011874671842664108 0
1670559255737 0.011765448066228257 0
1670559256476 0.011808515592129809 0
1670559257101 0.0116969482504643 0
1670559257791 0.011663397166799983 0
1670559258427 0.01170491851108113 0
1670559259320 0.011691438406170929 0
1670559259959 0.011595059711503874 0
1670559260837 0.01151239118533065 0
1670559261421 0.01147004103096061 0
1670559262452 0.011374464209987112 0
1670559263178 0.011281074754061371 0
1670559263901 0.011213421452432759 0
1670559264591 0.01114678081289211 0
1670559265631 0.01106555465892356 0
1670559266567 0.011018973612040517 0
1670559267334 0.0109353113638746 0
1670559268535 0.010976182250546307 0
1670559269482 0.010911737878633088 0
1670559270193 0.010835883384401668 0
1670559270944 0.010863672079808873 0
1670559271715 0.01092877937826131 0
1670559272425 0.010852681471231307 0
1670559273230 0.010850438262185347 0
1670559273919 0.011238167813358846 0
1670559274866 0.011224627443793489 0
1670559275644 0.011264477143230534 0
1670559276510 0.011231169323912216 0
1670559277089 0.011202001989448873 0
1670559277869 0.011143222155132082 0
1670559278543 0.011467964514345175 0
1670559279385 0.011398468604959078 0
1670559280086 0.011432754019305214 0
1670559280930 0.01137524022792824 0
1670559281754 0.011307504215588904 0
1670559282649 0.011241069107999602 0
1670559283352 0.0112920868216837 0
1670559284075 0.011587181143253633 0
1670559284833 0.011536860073920518 0
1670559285646 0.011471935327884264 0
1670559286438 0.011478796769632482 0
1670559287107 0.011478475680483435 0
1670559288125 0.011417251143678864 0
1670559288805 0.011377903302529413 0
1670559289467 0.011328588415991714 0
1670559290371 0.011286554901634327 0
1670559291220 0.011470387062049725 0
1670559292021 0.011495117555050505 0
1670559292662 0.011502769886102215 0
1670559293572 0.011448493440491259 0
1670559294539 0.011420355815568772 0
1670559295315 0.011483326184699383 0
1670559296171 0.01143657287079436 0
1670559297104 0.011394761603356507 0
1670559297666 0.011371601845951096 0
1670559298699 0.01133234270638872 0
1670559299469 0.011280465958612207 0
1670559300304 0.01126755469935281 0
1670559301131 0.011254818890230944 0
1670559301811 0.011294890738709817 0
1670559302624 0.011272906497318824 0
1670559303237 0.011451866239852504 0
1670559304010 0.011421951323331792 0
1670559304862 0.011375835756500252 0
1670559305479 0.011334330517682512 0
1670559306276 0.011286276231396664 0
1670559306944 0.011283428594920042 0
1670559307955 0.011239643610339578 0
1670559308534 0.011278308488384736 0
1670559309338 0.01157433947007891 0
1670559309967 0.011562536574803328 0
1670559310684 0.011611740844836405 0
1670559311582 0.011565294742474808 0
1670559312270 0.01161228976951345 0
1670559313035 0.011568977478837117 0
1670559313683 0.011522785454550544 0
1670559314433 0.011540817452293295 0
1670559315186 0.011506380038248665 0
1670559315961 0.011553528673949764 0
1670559316716 0.011584686202385841 0
