1670582496846 0.008470803157621394 0
1670582497541 0.003577567193243465 0
1670582498253 0.0074067406888991705 0
1670582499155 0.0058062453208868065 0
1670582500139 0.0049139957964692916 0
1670582500988 0.004987257175972616 0
1670582502033 0.004510726931281107 0
1670582503056 0.004191066567334728 0
1670582503845 0.0040156387152225645 0
1670582504675 0.003996781075534124 0
1670582505484 0.003794527921212019 0
1670582506440 0.003620595122926385 0
1670582507264 0.0037205954017273625 0
1670582508063 0.0037890482077763063 0
1670582508881 0.0038219438839687796 0
1670582509598 0.0038313650764695536 0
1670582510690 0.003705744376013545 0
1670582511582 0.003606842265775698 0
1670582512371 0.004098504766407211 0
1670582513097 0.004541818727020716 0
1670582513883 0.004653572763893261 0
1670582514826 0.004551891703315988 0
1670582515630 0.004456602815713483 0
1670582516328 0.004362899095812146 0
1670582517175 0.004387889783732455 0
1670582517873 0.004381909179066203 0
1670582518679 0.004403017594678807 0
1670582519481 0.004473780672692863 0
1670582520274 0.004559956147375684 0
1670582521124 0.0044948330305163075 0
1670582521834 0.004443065388984193 0
1670582522709 0.00441837373021666 0
1670582523487 0.004571957327660997 0
1670582524224 0.004557947789041146 0
1670582525097 0.004577855945919657 0
1670582525870 0.004521104909408253 0
1670582526667 0.00454003604012826 0
1670582527453 0.004486989183037225 0
1670582528163 0.004430559171678783 0
1670582528961 0.004419163114419731 0
1670582529787 0.004370560232520197 0
1670582530480 0.0043235107256908946 0
1670582531205 0.004277934540386096 0
1670582531888 0.00424926188000695 0
1670582532623 0.004202828997491348 0
1670582533549 0.004227200904908338 0
1670582534155 0.00424763549344318 0
1670582534883 0.00420717568738382 0
1670582535462 0.0042586128245887395 0
1670582536077 0.004228692935083889 0
1670582536924 0.004199266199170592 0
1670582537710 0.004170328334251974 0
1670582538474 0.00413317115504422 0
1670582539109 0.004165297964036058 0
1670582539855 0.004193631189957133 0
1670582540475 0.00425119173125767 0
1670582541173 0.004217130923637897 0
1670582541858 0.004196510688497815 0
1670582542477 0.00417597896108507 0
1670582543411 0.004170431344964389 0
1670582544230 0.004191305979949692 0
1670582544953 0.004187293183880979 0
1670582545574 0.004167274680203179 0
1670582546384 0.004213028691457886 0
1670582547124 0.004230950179373299 0
1670582547727 0.0042468097336437124 0
1670582548542 0.004286483895265625 0
1670582549159 0.004257465503534482 0
1670582549911 0.004369714207178028 0
1670582550641 0.004383259870271624 0
1670582551534 0.0043554755212001205 0
1670582552338 0.0044929524158494934 0
1670582553148 0.004556686860906748 0
1670582553930 0.004528555274411917 0
1670582554833 0.004508905863842198 0
1670582555552 0.004539873495020415 0
1670582556360 0.004513460037651814 0
1670582557078 0.004486886084809813 0
1670582557742 0.004497845712163518 0
1670582558660 0.0044722080926582215 0
1670582559366 0.004465119897277724 0
1670582560069 0.004440776095765459 0
1670582560773 0.004559657921760496 0
1670582561654 0.004532759843120542 0
1670582562351 0.004584944961463779 0
1670582563233 0.00456050000325571 0
1670582563916 0.004534518507553004 0
1670582564693 0.004543263903485412 0
1670582565316 0.004536599408743583 0
1670582566049 0.004544934492074182 0
1670582566865 0.0045704255410091155 0
1670582567562 0.004562959264666531 0
1670582568432 0.004547318402465226 0
1670582569214 0.004531772962542881 0
1670582569938 0.004515504423408639 0
1670582570605 0.004492178635827147 0
1670582571402 0.004501077634349707 0
1670582572110 0.004485673605155897 0
1670582572777 0.004492628136173692 0
1670582573701 0.004515236419747222 0
1670582574476 0.0044930838300063025 0
