1670570289197 0.0 0
1670570289488 0.0 0
1670570289809 0.0009186931155186996 0
1670570290323 0.0007403853613860797 0
1670570290752 0.0006386661920440906 0
1670570291298 0.0005708271881056994 0
1670570291725 0.0005213506426904687 0
1670570292427 0.0004831381218744638 0
1670570292973 0.00045243143254819826 0
1670570293715 0.00042702992214072396 0
1670570294430 0.00040554677472974754 0
1670570295520 0.00038705789960614907 0
1670570296091 0.0003709199983226394 0
1670570296850 0.0003566691979510573 0
1670570297451 0.0003439611913846927 0
1670570298134 0.00033253416458368804 0
1670570298520 0.00032218490659184304 0
1670570299069 0.0003127528887155073 0
1670570299563 0.00030410934465217984 0
1670570300155 0.0004082140407621258 0
1670570300656 0.0003985646304823733 0
1670570301521 0.0004656275857472656 0
1670570302133 0.0004560961320758266 0
1670570302853 0.0004471250980783724 0
1670570303583 0.0004386618484333402 0
1670570304109 0.0004306603866645782 0
1670570304760 0.0004230803217933501 0
1670570305292 0.0004158860237520394 0
1670570305728 0.0003919927969080109 0
1670570306415 0.00038630895993729266 0
1670570307080 0.00038086097946265395 0
1670570307938 0.0003756333529118555 0
1670570308632 0.00037061192492212697 0
1670570309075 0.00036578374676992834 0
1670570309786 0.0004106381701776823 0
1670570310428 0.00040573462681616694 0
1670570311088 0.0004416876004776179 0
1670570311659 0.0004368342537478321 0
1670570312538 0.00043213144014468555 0
1670570313238 0.0004275719710129666 0
1670570313654 0.0004231490846651611 0
1670570314505 0.00041885642039133514 0
1670570314929 0.00041468799329180537 0
1670570315606 0.00041063817017768234 0
1670570316363 0.0004067016466827627 0
1670570317023 0.0004028734256586174 0
1670570317432 0.00039914879687471795 0
1670570318041 0.0003955233180111003 0
1670570318748 0.0003919927969080108 0
1670570319281 0.00038855327502207085 0
1670570319900 0.00038520101202942634 0
1670570320448 0.00041400493358647 0
1670570321060 0.0004106381701776824 0
1670570321543 0.0004073500816301474 0
1670570322263 0.00040413776217006127 0
1670570322802 0.0004009984459467499 0
1670570323265 0.0003979294992660424 0
1670570324175 0.0003949284132496791 0
1670570324853 0.0004194619161155144 0
1670570325323 0.0004164596184269626 0
1670570325986 0.0004135190364680629 0
1670570326385 0.00041063817017768234 0
1670570327203 0.00043213144014468555 0
1670570327848 0.0004292654119814819 0
1670570328289 0.0004264536999109581 0
1670570328647 0.00042369469720829334 0
1670570329079 0.00044278732428898384 0
1670570329655 0.0004400526302197078 0
1670570330231 0.00043736594500121915 0
1670570330723 0.00043472596752247735 0
1670570331373 0.00043213144014468555 0
1670570331999 0.0004295811472964502 0
1670570332335 0.0004270739140741662 0
1670570332787 0.0004246086048561793 0
1670570333402 0.00042218412193750267 0
1670570333809 0.0004392416437806854 0
1670570334563 0.0004368342537478321 0
1670570335248 0.0004344644899121645 0
1670570335998 0.0004321314401446856 0
1670570336640 0.0004298342198246021 0
1670570337567 0.0004275719710129665 0
1670570338188 0.00044303835960351774 0
1670570338640 0.0004407936388629803 0
1670570339148 0.00043858129816142844 0
1670570339755 0.00043640061605227255 0
1670570340342 0.0004342508908558685 0
1670570340766 0.00043213144014468555 0
1670570341535 0.0004300416002281411 0
1670570342211 0.0004279807256395644 0
1670570342714 0.0004259481886273389 0
1670570343617 0.0004239433786519103 0
1670570344219 0.0004219657018900563 0
1670570344734 0.0004360401973992205 0
1670570345370 0.00043407312292245064 0
1670570346076 0.00043213144014468555 0
1670570346780 0.0004451397903090439 0
1670570347311 0.0004432123927478141 0
1670570347898 0.0004413087506952156 0
1670570348784 0.00045338805650669845 0
1670570349272 0.00045150140107418524 0
1670570349919 0.0004496369716316376 0
