1670562663627 0.015247445683718414 0
1670562665718 0.007402563658765099 0
1670562668156 0.007916235232560548 0
1670562670553 0.006331268956166619 0
1670562673055 0.005683770296635832 0
1670562675620 0.005024900661800613 0
1670562678540 0.004638221167319739 0
1670562680766 0.004359702527080789 0
1670562682973 0.0042550208098658115 0
1670562685657 0.004258925077693737 0
1670562688484 0.004188945014385603 0
1670562690904 0.003984253018814388 0
1670562693317 0.004317649968967302 0
1670562695599 0.004142542577499797 0
1670562697963 0.004052207365030175 0
1670562700238 0.003978545808299483 0
1670562703009 0.0038923554382182257 0
1670562705525 0.003778619258578808 0
1670562708287 0.0036803910184502464 0
1670562711170 0.0035894869852396705 0
1670562714194 0.0035068705070678274 0
1670562716737 0.00343701292149165 0
1670562718847 0.0035038497884805064 0
1670562721212 0.0035256703866410055 0
1670562723753 0.0034732900083841722 0
1670562726537 0.003443465765505721 0
1670562729272 0.0034540770819555255 0
1670562732007 0.0033887595574332297 0
1670562734841 0.0033513282743847517 0
1670562737726 0.0032991877268535585 0
1670562739945 0.0034201231131369414 0
1670562742150 0.0033863299888928777 0
1670562744353 0.003336702632463051 0
1670562746446 0.003566145321909381 0
1670562748952 0.0036219910270123556 0
1670562751032 0.003601192218219973 0
1670562753138 0.0037302127884941694 0
1670562755441 0.004113687114202097 0
1670562757980 0.004062554324653356 0
1670562760571 0.004016469176070653 0
1670562762786 0.004011392520722745 0
1670562765209 0.004144112522856069 0
1670562768154 0.004137810677956932 0
1670562770710 0.0040927937887951515 0
1670562773290 0.004102838904436218 0
1670562776787 0.004075245137521083 0
1670562779843 0.0040854463413368125 0
1670562782686 0.004043623014162279 0
1670562785470 0.004023801764185403 0
1670562787975 0.00398478385930276 0
1670562790007 0.004047700420803685 0
1670562792502 0.004009458797362281 0
1670562794796 0.004102536584915439 0
1670562796945 0.004077422790270457 0
1670562798933 0.004041151298216555 0
1670562801357 0.004010644873113589 0
1670562803742 0.004147542333936827 0
1670562806109 0.004141678233531343 0
1670562808785 0.0041088198478773375 0
1670562811423 0.004114207118872781 0
1670562813685 0.00412230501377811 0
1670562816466 0.004089501413602009 0
1670562818770 0.0040701662926712345 0
1670562821143 0.004038812578937817 0
1670562823714 0.0040167177174408875 0
1670562826032 0.004053348543066104 0
1670562828344 0.0040236205683661375 0
1670562830558 0.0040464029794395895 0
1670562833148 0.004020492131060649 0
1670562835723 0.003995651115132393 0
1670562838554 0.003979361415545335 0
1670562841479 0.004014731162025387 0
1670562844141 0.003994724522401738 0
1670562846603 0.003968154783878436 0
1670562849223 0.003986078486700878 0
1670562852070 0.003962446997141128 0
1670562854108 0.003939148671126019 0
1670562856482 0.003914138958554858 0
1670562858678 0.003889599637155877 0
1670562860821 0.0038812367677832083 0
1670562863094 0.003872681642627357 0
1670562865973 0.003878621937425053 0
1670562868731 0.0038575748563222934 0
1670562871970 0.003843292294600814 0
1670562874446 0.00382088252381807 0
1670562876545 0.0038102152490510632 0
1670562879177 0.0038110116416242845 0
1670562882119 0.003807105279887063 0
1670562884641 0.003785910506153678 0
1670562887536 0.0037661794607754817 0
1670562890421 0.003747956306962702 0
1670562893157 0.003782114003457182 0
1670562896488 0.003773586122063438 0
1670562899353 0.0037737301326699335 0
1670562901993 0.0037823559084786407 0
1670562904447 0.0037641213950531383 0
1670562907074 0.0037453240808144606 0
1670562909031 0.003763913674617342 0
1670562912003 0.0037454414314500306 0
1670562914490 0.0037418394360481944 0
1670562917162 0.0037274438018971567 0
1670562919946 0.0037179132445726293 0
1670562922151 0.0037039717182640597 0
1670562924755 0.0036971649881485102 0
1670562927458 0.0036802016641015733 0
1670562930296 0.0036708768619203302 0
1670562932497 0.003700921003752994 0
1670562934631 0.003704637406871658 0
1670562937802 0.0038089905454017914 0
1670562940868 0.003819466881646527 0
1670562943690 0.0038073573842766217 0
1670562946524 0.003811031018657013 0
1670562949465 0.0037943587928872258 0
1670562951859 0.003790970020623119 0
1670562954047 0.0038065922852315304 0
1670562956399 0.0038058444711195627 0
1670562959126 0.003793047168051261 0
1670562961270 0.003789571842592876 0
1670562964059 0.003775834146139162 0
1670562966825 0.0037622402984485437 0
1670562969409 0.003781853928244955 0
1670562972766 0.0037665048744537355 0
1670562975675 0.0037522481661254325 0
1670562978435 0.003758363811810217 0
1670562980492 0.0037434964491364353 0
1670562983313 0.0037398480741202833 0
1670562985703 0.0037374249425509987 0
1670562989204 0.0037258722524421417 0
1670562992217 0.0037664394927607037 0
1670562995357 0.0037842010650934454 0
1670562998059 0.0037906830942384395 0
1670563001559 0.0037826364485529507 0
1670563005147 0.0037689013847888586 0
1670563008447 0.003763086040631164 0
1670563011545 0.003750029564046742 0
1670563014469 0.003736748092787373 0
1670563017573 0.0037434025234616974 0
1670563020468 0.0037489790959596148 0
1670563023238 0.0037363485354377224 0
1670563025359 0.003741584917134222 0
1670563027878 0.00372847474360552 0
1670563029928 0.003726454756322134 0
1670563032538 0.003715034083874913 0
1670563035299 0.0037022113557197978 0
1670563038131 0.003689938583276625 0
1670563039944 0.003679943973108002 0
1670563042049 0.0036902925544889387 0
1670563045034 0.0036860690991613876 0
1670563048168 0.003678129219185561 0
1670563051329 0.0036843716454875164 0
1670563054469 0.003682090317725095 0
1670563057502 0.0036877868444709083 0
1670563059974 0.003688287956814723 0
1670563063073 0.00368215119655646 0
1670563065726 0.0036703600281811632 0
1670563068644 0.003666056776810922 0
1670563071953 0.0036601563470574083 0
1670563075375 0.0036932116259992265 0
1670563079349 0.0037082308489019 0
1670563081720 0.0037088562628318777 0
1670563085350 0.0036977526094277013 0
1670563088666 0.0036951935246977152 0
1670563091919 0.0036914431441315287 0
1670563095007 0.0037096497110696014 0
1670563097914 0.0036988487251188584 0
1670563100312 0.0036952155825877853 0
1670563102984 0.003690748515860487 0
1670563105773 0.0036801915919483508 0
1670563108736 0.003670648119175418 0
1670563112125 0.0036959752903356347 0
1670563114767 0.0036893590210064497 0
1670563117380 0.0036796427676623056 0
1670563119561 0.0036783396165379623 0
1670563122172 0.0036802625982520765 0
1670563124651 0.0036718555782841167 0
1670563127461 0.0036884371894038426 0
1670563130148 0.0036791598847993323 0
1670563132801 0.0036731249581804237 0
1670563135452 0.0036925154040134134 0
1670563138966 0.0036914267621278585 0
1670563142973 0.0036883432966669794 0
1670563146719 0.003680220541804946 0
1670563149406 0.003675973438663882 0
1670563152129 0.0036798888254502837 0
1670563155799 0.0037626785676987407 0
1670563159805 0.0037526087529206886 0
1670563163214 0.0037866644443925734 0
1670563166066 0.0037833258551569215 0
1670563168741 0.003773436862186258 0
1670563171400 0.003806413692321209 0
