1670632304776 0.0 0
1670632306439 0.0 0
1670632308035 0.0009186931155186996 0
1670632309622 0.0007403853613860797 0
1670632311355 0.0006386661920440906 0
1670632313138 0.0005708271881056994 0
1670632314618 0.0005213506426904687 0
1670632316443 0.0004831381218744638 0
1670632317914 0.0004524314325481983 0
1670632319696 0.00042702992214072396 0
1670632321484 0.00040554677472974754 0
1670632323179 0.00038705789960614907 0
1670632325025 0.0003709199983226394 0
1670632326965 0.0003566691979510573 0
1670632328791 0.0003439611913846927 0
1670632330669 0.00033253416458368804 0
1670632332436 0.00032218490659184304 0
1670632334267 0.0003127528887155073 0
1670632336064 0.00030410934465217984 0
1670632337867 0.0002961495915343624 0
1670632339649 0.0002887875109012925 0
1670632341539 0.00028195150497305383 0
1670632343566 0.0002755814827496777 0
1670632345394 0.00026962657903214886 0
1670632347143 0.0002640434041991403 0
1670632348916 0.00025879468440504746 0
1670632350621 0.0002538481930760101 0
1670632352236 0.0002491759025746592 0
1670632354036 0.000234549534951027 0
1670632355754 0.00023086376047963322 0
1670632357520 0.00022734620053234262 0
1670632359263 0.00022398445646055397 0
1670632361114 0.00022076737047350257 0
1670632362884 0.0002176848706568071 0
1670632364379 0.00021472783897297747 0
1670632365942 0.00021188799832865449 0
1670632367982 0.00020915781554200414 0
1670632369904 0.0002065304176344201 0
1670632371590 0.0002039995193397598 0
1670632373392 0.00020155936009904441 0
1670632375105 0.00019920464910958542 0
1670632376861 0.00019693051724065677 0
1670632378621 0.0001947324748252637 0
1670632380362 0.00019260637449864564 0
1670632382051 0.0001905483783862133 0
1670632383878 0.00018855492905236424 0
1670632385570 0.00018662272371156087 0
1670632387317 0.0001847486912777423 0
1670632389060 0.00018292997189040504 0
1670632390572 0.00018116389860780104 0
1670632392267 0.00017944798100146746 0
1670632394079 0.0001777798904231918 0
1670632395909 0.00017615744674671224 0
1670632397693 0.0001745786064129204 0
1670632399401 0.00017304145162985637 0
1670632401002 0.00017154418059801594 0
1670632402475 0.00017008509864794213 0
1670632404192 0.00016866261019120914 0
1670632405967 0.00016727521139806058 0
1670632407753 0.00016592148352546362 0
1670632409543 0.00016460008682841587 0
1670632411193 0.00016330975499521632 0
1670632412944 0.00016204929005425708 0
1670632414770 0.00016081755770585058 0
1670632416518 0.0001596134830378197 0
1670632418335 0.00015843604658812656 0
1670632420085 0.0001572842807218148 0
1670632421906 0.00015615726629304545 0
1670632423663 0.0001550541295660991 0
1670632425391 0.0001539740393719356 0
1670632427078 0.00015291620447931484 0
1670632428704 0.00015187987116160854 0
1670632430352 0.00015086432094232159 0
1670632431965 0.00014986886850402176 0
1670632433528 0.0001488928597468647 0
1670632435163 0.00014793566998423218 0
1670632436484 0.00014699670226418925 0
1670632438232 0.00014607538580652192 0
1670632439945 0.00014517117454607107 0
1670632441649 0.0001442835457739229 0
1670632443361 0.00014341199886878445 0
1670632445020 0.00014255605411155503 0
1670632446720 0.00014171525157672348 0
1670632448441 0.0001408891500947773 0
1670632450192 0.00014007732628030958 0
1670632451963 0.00013927937362096624 0
1670632453872 0.0001384949016227833 0
1670632455630 0.00013772353500783512 0
1670632457430 0.00013696491296045447 0
1670632459442 0.00013621868841858498 0
1670632461267 0.00013548452740710966 0
1670632463076 0.000134762108410248 0
1670632464920 0.00013405112178034383 0
1670632466752 0.00013335126918057925 0
1670632468309 0.00013266226305933506 0
1670632469810 0.0001319838261540978 0
1670632471442 0.00013131569102297063 0
1670632473059 0.00013065759960198986 0
1670632474676 0.00013000930278658587 0
1670632476084 0.00012937056003564708 0
1670632477797 0.00012874113899675855 0
1670632479485 0.00012812081515128866 0
1670632481195 0.00012750937147809675 0
1670632482831 0.00012690659813471497 0
1670632484634 0.00012631229215494296 0
1670632486391 0.00012572625716186642 0
1670632488047 0.0001251483030953775 0
1670632489825 0.00012457824595334002 0
1670632491711 0.00012401590754559867 0
1670632493428 0.00012346111526008615 0
1670632495207 0.00012291370184033113 0
1670632496919 0.00012237350517371626 0
1670632498401 0.0001218403680898782 0
1670632500026 0.0001213141381686797 0
1670632501829 0.00012079466755722191 0
1670632503585 0.00012028181279539838 0
1670632505261 0.00011977543464952324 0
1670632506994 0.00011927539795359523 0
1670632508735 0.00011878157145778768 0
1670632510423 0.00011829382768377899 0
1670632511813 0.00011781204278656057 0
1670632513227 0.00011733609642238335 0
1670632514485 0.00011686587162252219 0
1670632516205 0.00011640125467255941 0
1670632517688 0.00011594213499690235 0
1670632519631 0.00011548840504827051 0
1670632521371 0.00011503996020190133 0
1670632523066 0.00011459669865423692 0
1670632524736 0.00011415852132587148 0
1670632526633 0.00011372533176854738 0
1670632528218 0.0001132970360760026 0
1670632529760 0.00011287354279848253 0
1670632531327 0.00011245476286073909 0
1670632533022 0.00011204060948335077 0
1670632534727 0.0001116309981072053 0
1670632536444 0.00011122584632099634 0
1670632538165 0.00011082507379159252 0
1670632539939 0.00011042860219714582 0
1670632541689 0.0001100363551628126 0
1670632543414 0.0001096482581989672 0
1670632545166 0.00010926423864179575 0
1670632546951 0.00010888422559616117 0
1670632548511 0.00010850814988063855 0
1670632550071 0.00010813594397462367 0
1670632551834 0.00010776754196742312 0
1670632553562 0.00010740287950923841 0
1670632555317 0.00015086432094232159 0
1670632557094 0.0001503641240916652 0
1670632558936 0.00014986886850402176 0
1670632560556 0.00014937847337732782 0
1670632562063 0.0001488928597468647 0
1670632563627 0.00014841195043190376 0
1670632565155 0.00014793566998423218 0
