1670640644458 0.0 0
1670640645004 0.0 0
1670640645548 0.0 0
1670640646082 0.0 0
1670640646620 0.0 0
1670640647142 0.0 0
1670640647666 0.0 0
1670640648195 0.0 0
1670640648793 0.0 0
1670640649231 0.0 0
1670640649713 0.0 0
1670640650166 0.0 0
1670640650668 0.0 0
1670640651201 0.0 0
1670640651817 0.0 0
1670640652468 0.0 0
1670640653084 0.0 0
1670640653695 0.0 0
1670640654238 0.0 0
1670640654726 0.0 0
1670640655244 0.0 0
1670640655780 0.0 0
1670640656342 0.0 0
1670640656905 0.0 0
1670640657449 0.0 0
1670640657996 0.0 0
1670640658555 0.0 0
1670640659102 0.0 0
1670640659715 0.0 0
1670640660352 0.0 0
1670640660969 0.0 0
1670640661585 0.0 0
1670640662214 0.0 0
1670640662824 0.0 0
1670640663404 0.0 0
1670640663989 0.0 0
1670640664609 0.0 0
1670640665248 0.0 0
1670640665856 0.0 0
1670640666367 0.0 0
1670640666829 0.0 0
1670640667412 0.0 0
1670640668003 0.0 0
1670640668631 0.0 0
1670640669223 0.0 0
1670640669840 0.0 0
1670640670467 0.0 0
1670640671064 0.0 0
1670640671681 0.0 0
1670640672289 0.0 0
1670640672886 0.0 0
1670640673532 0.0 0
1670640674145 0.0 0
1670640674774 0.0 0
1670640675381 0.0 0
1670640676008 0.0 0
1670640676588 0.0 0
1670640677122 0.0 0
1670640677664 0.0 0
1670640678198 0.0 0
1670640678731 0.0 0
1670640679254 0.0 0
1670640679904 0.0 0
1670640680527 0.0 0
1670640681187 0.0 0
1670640681819 0.0 0
1670640682350 0.0 0
1670640682993 0.0 0
1670640683630 0.0 0
1670640684286 0.0 0
1670640684904 0.0 0
1670640685563 0.0 0
1670640686227 0.0 0
1670640686882 0.0 0
1670640687509 0.0 0
1670640688115 0.0 0
1670640688763 0.0 0
1670640689436 0.0 0
1670640690103 0.0 0
1670640690751 0.0 0
1670640691311 0.0 0
1670640691862 0.0 0
1670640692520 0.0 0
1670640693094 0.0 0
1670640693645 0.0 0
1670640694315 0.0 0
1670640694963 0.0 0
1670640695556 0.0 0
1670640696148 0.0 0
1670640696722 0.0 0
1670640697293 0.0 0
1670640697849 0.0 0
1670640698483 0.0 0
1670640698962 0.0 0
1670640699487 0.0 0
1670640700060 0.0 0
1670640700647 0.0 0
1670640701265 0.0 0
1670640701874 0.0 0
1670640702517 0.0 0
1670640703120 0.0 0
