1670612367634 0.006 0
1670612368137 0.004666666666666667 0
1670612368809 0.003 0
1670612369210 0.005666666666666667 0
1670612369697 0.005 0
1670612370227 0.004333333333333333 0
1670612370954 0.005666666666666667 0
1670612371365 0.0036666666666666666 0
1670612372113 0.004333333333333333 0
1670612372548 0.005333333333333333 0
1670612373140 0.005 0
1670612373716 0.004666666666666667 0
1670612374339 0.005 0
1670612374981 0.0033333333333333335 0
1670612375597 0.006 0
1670612376282 0.005333333333333333 0
1670612376717 0.004666666666666667 0
1670612377387 0.005666666666666667 0
1670612377787 0.004666666666666667 0
1670612378251 0.003 0
1670612378758 0.004333333333333333 0
1670612379351 0.005333333333333333 0
1670612380037 0.0033333333333333335 0
1670612380555 0.003 0
1670612381097 0.003 0
1670612381602 0.0033333333333333335 0
1670612382014 0.0036666666666666666 0
1670612382746 0.005666666666666667 0
1670612383249 0.005 0
1670612383991 0.006666666666666667 0
1670612384428 0.0036666666666666666 0
1670612384976 0.0026666666666666666 0
1670612385703 0.004666666666666667 0
1670612386212 0.005333333333333333 0
1670612386851 0.004 0
1670612387491 0.0026666666666666666 0
1670612388241 0.006333333333333333 0
1670612388840 0.0036666666666666666 0
1670612389428 0.005 0
1670612390087 0.006666666666666667 0
1670612390617 0.004333333333333333 0
1670612391059 0.004666666666666667 0
1670612391807 0.0026666666666666666 0
1670612392447 0.004 0
1670612393028 0.005666666666666667 0
1670612393753 0.0036666666666666666 0
1670612394335 0.005 0
1670612395032 0.0036666666666666666 0
1670612395456 0.0036666666666666666 0
1670612396153 0.004333333333333333 0
1670612396681 0.006 0
1670612397238 0.007666666666666666 0
1670612397772 0.005666666666666667 0
1670612398633 0.0036666666666666666 0
1670612399301 0.0033333333333333335 0
1670612400157 0.0033333333333333335 0
1670612400558 0.007666666666666666 0
1670612400909 0.0036666666666666666 0
1670612401824 0.006333333333333333 0
1670612402461 0.0033333333333333335 0
1670612403281 0.005 0
1670612403795 0.004333333333333333 0
1670612404209 0.007666666666666666 0
1670612404954 0.0016666666666666668 0
1670612405507 0.004 0
1670612406035 0.005 0
1670612406589 0.006 0
1670612407347 0.005333333333333333 0
1670612407961 0.005666666666666667 0
1670612408544 0.004666666666666667 0
1670612409147 0.006 0
1670612409649 0.004666666666666667 0
1670612410344 0.0036666666666666666 0
1670612411258 0.006666666666666667 0
1670612412003 0.006 0
1670612412697 0.005 0
1670612413443 0.006666666666666667 0
1670612413864 0.006333333333333333 0
1670612414444 0.005 0
1670612415007 0.0026666666666666666 0
1670612415409 0.005333333333333333 0
1670612415937 0.004333333333333333 0
1670612416528 0.004333333333333333 0
1670612417208 0.0023333333333333335 0
1670612417858 0.004 0
1670612418461 0.004333333333333333 0
1670612418912 0.005 0
1670612419599 0.004333333333333333 0
1670612420283 0.004333333333333333 0
1670612420764 0.0013333333333333333 0
1670612421509 0.005333333333333333 0
1670612421924 0.007333333333333333 0
1670612422694 0.0026666666666666666 0
1670612423117 0.006 0
1670612423916 0.006 0
1670612424438 0.006666666666666667 0
1670612425222 0.003 0
1670612425973 0.005 0
1670612426480 0.004333333333333333 0
1670612427250 0.003 0
1670612427743 0.004666666666666667 0
1670612428554 0.004333333333333333 0
