1670633343696 0.0 0
1670633347738 0.0 0
1670633368985 0.0 0
1670633372820 0.0 0
1670633376719 0.0 0
1670633380581 0.0 0
1670633384457 0.0 0
1670633388329 0.0 0
1670633392166 0.0 0
1670633395999 0.0 0
1670633399852 0.0 0
1670633403694 0.0 0
1670633407817 0.0 0
1670633412217 0.0 0
1670633417346 0.0 0
1670633421358 0.0 0
1670633425352 0.0 0
1670633429341 0.0 0
1670633435501 0.0 0
1670633442628 0.0 0
1670633449818 0.0 0
1670633456107 0.0 0
1670633461699 0.0 0
1670633467038 0.0 0
1670633471656 0.0 0
1670633476276 0.0 0
1670633480659 0.0 0
1670633484897 0.0 0
1670633488964 0.0 0
1670633493378 0.0 0
