1670610040058 nan 0
1670610040780 0.0013521932988493658 0
1670610041386 0.0009186931155186994 0
1670610041779 0.0007403853613860797 0
1670610042539 0.0006386661920440907 0
1670610043160 0.001188271549050493 0
1670610044005 0.0010971392196882314 0
1670610044813 0.0010529751245114127 0
1670610045334 0.0012064838201285284 0
1670610045792 0.0011458415211997215 0
1670610046376 0.0011139960616454439 0
1670610046889 0.001071714795066462 0
1670610047484 0.0010338779187238677 0
1670610048010 0.0010177802355912928 0
1670610048721 0.0011233725469497148 0
1670610049228 0.0010966067232340698 0
1670610049761 0.0017887365201473685 0
1670610050307 0.0017506713687030738 0
1670610050866 0.0017018114750456366 0
1670610051336 0.0017344356757783676 0
1670610052150 0.0016921403925811542 0
1670610052652 0.0016615360019027773 0
1670610053447 0.0016252909158671809 0
1670610053908 0.0017088171640572362 0
1670610054582 0.001878237822171136 0
1670610055055 0.0018537304871548887 0
1670610055470 0.001829873340025977 0
1670610056193 0.0017955984740106738 0
1670610056887 0.0017003098109473684 0
1670610057424 0.0017235078851911038 0
1670610057979 0.0016973786011142576 0
1670610058597 0.0016798834234541548 0
1670610059185 0.0016627648574875 0
1670610059587 0.0016460268604646775 0
1670610059904 0.0017721784727498667 0
1670610060412 0.0018103718513078585 0
1670610061100 0.0017949670828968233 0
1670610061529 0.001779798062451822 0
1670610062159 0.0017648747435572176 0
1670610062829 0.0017502038862722922 0
1670610063502 0.0017642720809584217 0
1670610064318 0.0017493013384185909 0
1670610065045 0.0017478054818825595 0
1670610065780 0.0017455745134482901 0
1670610066194 0.0017427047208235882 0
1670610066718 0.0017740377568846348 0
1670610067413 0.0017689930851909983 0
1670610068204 0.0017579463339406172 0
1670610068756 0.0017405343408709176 0
1670610069297 0.0017300915189898244 0
1670610070232 0.0017136678856943914 0
1670610070952 0.0016977030824434688 0
1670610071478 0.001682176144121915 0
1670610072000 0.001667067422147896 0
1670610072582 0.0016584427185981233 0
1670610072924 0.001644116001807647 0
1670610073673 0.001630154087728013 0
1670610074335 0.001645410859195256 0
1670610075069 0.0016319961547180786 0
1670610075713 0.001623997576047713 0
1670610076270 0.001611229483065264 0
1670610076769 0.0015987575420243452 0
1670610077418 0.0015865704921152843 0
1670610077928 0.001574657662262897 0
1670610078661 0.001563008932053839 0
1670610079461 0.001551614695777834 0
1670610080052 0.0015661380659279518 0
1670610080625 0.0015595045060423094 0
1670610081213 0.0015600624983860775 0
1670610081755 0.001573250044072233 0
1670610082165 0.001573740986860919 0
1670610082892 0.0015632891512693393 0
1670610083447 0.0015883750232345202 0
1670610083942 0.001587784404674712 0
1670610084423 0.0015820990303295208 0
1670610084921 0.001581524846605394 0
1670610085582 0.001571550133178081 0
1670610086179 0.0015617617086789914 0
1670610086690 0.001583462088091753 0
1670610087134 0.0015785701337783999 0
1670610087869 0.001577531987556629 0
1670610088380 0.001572850781087022 0
1670610088913 0.0015854170207204106 0
1670610089625 0.001584611531488153 0
1670610090217 0.0016039780364868216 0
1670610090848 0.0015993521799366598 0
1670610091359 0.0015903537196391127 0
1670610091879 0.0015858606954939135 0
1670610092515 0.001581356876845312 0
1670610093081 0.0015805020809097133 0
1670610093660 0.0015761728584897606 0
1670610094338 0.0015873302076866267 0
1670610094810 0.0015827606297926851 0
1670610095401 0.001582263434535071 0
1670610095872 0.0015816148455511732 0
1670610096439 0.0015921475055227544 0
1670610097147 0.0016020247987176945 0
1670610097723 0.0015941145094096041 0
1670610098379 0.0016115200570555647 0
1670610098979 0.0016036732041139045 0
1670610099428 0.001595939815566971 0
