1670601908960 0.005082481894572839 0
1670601911565 0.00246752121958838 0
1670601914454 0.00158324704651211 0
1670601916903 0.0012466207604202835 0
1670601919569 0.0011495991456793632 0
1670601922171 0.0012229564526769657 0
1670601924786 0.0011278538848299542 0
1670601927510 0.0011109550742151241 0
1670601930132 0.0010858354381156755 0
1670601933012 0.0010454822806220368 0
1670601935715 0.0010086181099554612 0
1670601938820 0.0009749711139175042 0
1670601941998 0.0009759550771506623 0
1670601944802 0.001101640243435969 0
1670601947502 0.0010786350948268348 0
1670601950712 0.0010474826184386171 0
1670601953475 0.0010188680979455883 0
1670601956557 0.0009914809188627583 0
1670601959398 0.0009661975778462005 0
1670601962442 0.0009805190524228278 0
1670601965199 0.0009897933522562278 0
1670601968473 0.0009701381757311269 0
1670601971383 0.0009515762548253687 0
1670601974385 0.0009447516800781127 0
1670601977536 0.0009537195126290994 0
1670601980109 0.0009363769074232085 0
1670601982758 0.0009179575604150926 0
1670601985571 0.0009005858700995748 0
1670601988360 0.000856922514007874 0
1670601991338 0.000851821580696735 0
1670601994376 0.000839802256702024 0
1670601997297 0.0008347178285613559 0
1670601999912 0.0008406834538263455 0
1670602003233 0.0008293899439396002 0
1670602006054 0.0008183195559540314 0
1670602008817 0.0008132194021912001 0
1670602011511 0.000803028210082649 0
1670602014430 0.000793209271046079 0
1670602017088 0.0008515699553627602 0
1670602020137 0.000864816501062324 0
1670602023202 0.000855652956277139 0
1670602025943 0.0008457865221624231 0
1670602029094 0.0008513504337007005 0
1670602032226 0.0008474282521541987 0
1670602035172 0.0008389756598530516 0
1670602037900 0.0008351107590212415 0
1670602040359 0.0008270387442329904 0
1670602043114 0.0008401750159026642 0
1670602045623 0.0008325026333858358 0
1670602048284 0.0008245326112678522 0
1670602050862 0.0008289070886133391 0
1670602053668 0.0008244567760172498 0
1670602055942 0.0008200242226914959 0
1670602058272 0.0008171074541287545 0
1670602060797 0.0008129500054720271 0
1670602063551 0.000805996901205521 0
1670602066203 0.000803437146985596 0
1670602068851 0.0008056451965351853 0
1670602071622 0.0007995916435224039 0
1670602074485 0.0007958525614475038 0
1670602077238 0.0007895743117877008 0
1670602080130 0.0007875822158919215 0
1670602082960 0.0007841530533225838 0
1670602085607 0.000794492040717959 0
1670602088220 0.0007927554806252687 0
1670602090608 0.0007869489740517979 0
1670602093373 0.0007852561671640701 0
1670602096109 0.000789564464983615 0
1670602098891 0.0007875972084202893 0
1670602101776 0.0007897575349482169 0
1670602104306 0.0007867030563621887 0
1670602106695 0.0007849780043041872 0
1670602109446 0.00079431508957649 0
1670602111906 0.0007911999116280215 0
1670602114925 0.0007860866179774208 0
1670602117508 0.0007816018483170588 0
1670602120268 0.0007766871264469517 0
1670602123156 0.0007782805954086619 0
1670602125749 0.00077536333769313 0
1670602128432 0.0007712458270624563 0
1670602131274 0.0007701786631446885 0
1670602133846 0.0007661431680174161 0
1670602136658 0.0007677624797999688 0
1670602139350 0.0007638701830127002 0
1670602142164 0.0007754189353564968 0
1670602144616 0.0007710612234749374 0
1670602147544 0.0007672029617984452 0
1670602150381 0.0007634006069969107 0
1670602152941 0.0007592657014789616 0
1670602155714 0.0007610224936863924 0
1670602158349 0.0007569712706076578 0
1670602160985 0.0007645739313512346 0
1670602163761 0.0007621772317926707 0
1670602166478 0.0007582183476935939 0
1670602169041 0.0007776650926238527 0
1670602171775 0.0007753347713140923 0
1670602174735 0.0007730110214591445 0
1670602177638 0.0007720968715224056 0
1670602180183 0.000768305881939701 0
1670602182900 0.0007750192801191542 0
1670602185940 0.0007760806412563706 0
1670602188698 0.0007753099811576255 0
1670602191147 0.0007763283318353818 0
1670602194082 0.0007891595367222168 0
1670602196746 0.000786702090619638 0
1670602199559 0.0007920923641780347 0
1670602202310 0.0007895780271829021 0
1670602205021 0.0007870808490737791 0
1670602208083 0.0007983432778336686 0
1670602210813 0.0007957484424592999 0
1670602213764 0.0008002463461730738 0
1670602216385 0.0007966992501685611 0
1670602219181 0.0007931989073972575 0
1670602221619 0.0007905089575608924 0
1670602224455 0.0007999901867467791 0
1670602227234 0.0007972462728583203 0
1670602229763 0.0007948336385536509 0
1670602232176 0.0007914927647845677 0
1670602234760 0.0008087408224010375 0
1670602237571 0.0008083849137536419 0
1670602240333 0.000808343771974763 0
1670602242999 0.0008058846343227859 0
1670602245588 0.000809639652350507 0
1670602248109 0.0008093890963228754 0
1670602250983 0.0008127892639963141 0
