1670601906322 0.0006 0
1670601908952 0.001 0
1670601911557 0.0003 0
1670601914446 0.0006 0
1670601916881 0.0007 0
1670601919558 0.0004 0
1670601922164 0.0002 0
1670601924776 0.0004 0
1670601927502 0.0008 0
1670601930124 0.0008 0
1670601933005 0.0004 0
1670601935705 0.0004 0
1670601938813 0.0007 0
1670601941982 0.0003 0
1670601944795 0.0 0
1670601947478 0.0007 0
1670601950700 0.0004 0
1670601953462 0.0004 0
1670601956550 0.0006 0
1670601959391 0.0006 0
1670601962434 0.0002 0
1670601965191 0.0008 0
1670601968452 0.0004 0
1670601971376 0.0004 0
1670601974377 0.0003 0
1670601977528 0.0002 0
1670601980101 0.0004 0
1670601982750 0.0005 0
1670601985548 0.0005 0
1670601988351 0.0003 0
1670601991320 0.0003 0
1670601994365 0.0004 0
1670601997289 0.0003 0
1670601999903 0.0002 0
1670602003226 0.0004 0
1670602006045 0.0005 0
1670602008810 0.0003 0
1670602011504 0.0005 0
1670602014416 0.0005 0
1670602017081 0.001 0
1670602020130 0.0008 0
1670602023195 0.0004 0
1670602025937 0.0005 0
1670602029087 0.0002 0
1670602032218 0.0003 0
1670602035165 0.0004 0
1670602037892 0.0003 0
1670602040352 0.0004 0
1670602043092 0.0008 0
1670602045616 0.0004 0
1670602048272 0.0005 0
1670602050853 0.0002 0
1670602053660 0.0006 0
1670602055935 0.0006 0
1670602058264 0.0003 0
1670602060790 0.0006 0
1670602063543 0.0005 0
1670602066196 0.0003 0
1670602068844 0.0007 0
1670602071614 0.0004 0
1670602074475 0.0006 0
1670602077231 0.0005 0
1670602080123 0.0003 0
1670602082951 0.0006 0
1670602085599 0.0008 0
1670602088213 0.0003 0
1670602090589 0.0005 0
1670602093365 0.0003 0
1670602096102 0.0002 0
1670602098883 0.0003 0
1670602101769 0.0007 0
1670602104298 0.0006 0
1670602106687 0.0003 0
1670602109438 0.0008 0
1670602111899 0.0006 0
1670602114918 0.0005 0
1670602117500 0.0004 0
1670602120261 0.0005 0
1670602123149 0.0007 0
1670602125742 0.0006 0
1670602128425 0.0004 0
1670602131263 0.0003 0
1670602133839 0.0004 0
1670602136650 0.0007 0
1670602139341 0.0004 0
1670602142154 0.0001 0
1670602144604 0.0005 0
1670602147537 0.0004 0
1670602150374 0.0004 0
1670602152934 0.0005 0
1670602155707 0.0007 0
1670602158342 0.0005 0
1670602160978 0.0008 0
1670602163753 0.0006 0
1670602166468 0.0005 0
1670602169027 0.0 0
1670602171768 0.0006 0
1670602174727 0.0006 0
1670602177631 0.0003 0
1670602180176 0.0005 0
1670602182892 0.0008 0
1670602185933 0.0007 0
1670602188691 0.0003 0
1670602191140 0.0007 0
1670602194075 0.0009 0
1670602196738 0.0006 0
1670602199551 0.0008 0
1670602202302 0.0006 0
1670602205013 0.0006 0
1670602208073 0.0009 0
1670602210806 0.0006 0
1670602213757 0.0008 0
1670602216377 0.0005 0
1670602219174 0.0005 0
1670602221612 0.0004 0
1670602224447 0.0001 0
1670602227226 0.0004 0
1670602229756 0.0006 0
1670602232169 0.0005 0
1670602234753 0.001 0
1670602237564 0.0003 0
1670602240325 0.0007 0
1670602242992 0.0006 0
1670602245581 0.0008 0
1670602248102 0.0003 0
1670602250975 0.0002 0
