1670569354161 0.0 0
1670569357483 0.0 0
1670569360231 0.0 0
1670569363016 0.0 0
1670569365922 0.0 0
1670569368248 0.0 0
1670569371142 0.0 0
1670569374145 0.0 0
1670569377043 0.0 0
1670569378983 0.0 0
1670569381610 0.0 0
1670569383551 0.0 0
1670569385282 0.0 0
1670569387476 0.0 0
1670569389704 0.0 0
1670569391684 0.0 0
1670569394077 0.0 0
1670569396500 0.0 0
1670569399100 0.0 0
1670569401960 0.0 0
1670569403919 0.0 0
1670569406883 0.0 0
1670569409430 0.0 0
1670569411540 0.0 0
1670569413491 0.0 0
1670569416056 0.0 0
1670569418860 0.0 0
1670569421345 0.0 0
1670569423791 0.0 0
1670569426003 0.0 0
1670569429250 0.0 0
1670569431489 0.0 0
1670569433722 0.0 0
1670569438412 0.0 0
1670569441052 0.0 0
1670569443272 0.0 0
1670569446295 0.0 0
1670569449139 0.0 0
1670569451794 0.0 0
1670569454554 0.0 0
1670569457407 0.0 0
1670569460291 0.0 0
1670569462824 0.0 0
1670569465602 0.0 0
1670569468344 0.0 0
1670569470340 0.0 0
1670569473763 0.0 0
1670569476111 0.0 0
1670569478515 0.0 0
1670569480260 0.0 0
1670569482153 0.0 0
1670569485050 0.0 0
1670569487145 0.0 0
1670569490710 0.0 0
1670569494124 0.0 0
1670569497180 0.0 0
1670569500822 0.0 0
1670569504500 0.0 0
1670569507904 0.0 0
1670569511384 0.0 0
1670569515033 0.0 0
1670569516535 0.0 0
1670569519011 0.0 0
1670569521082 0.0 0
1670569523496 0.0 0
1670569526308 0.0 0
1670569529282 0.0 0
1670569532206 0.0 0
1670569535370 0.0 0
1670569538278 0.0 0
1670569541023 0.0 0
1670569543556 0.0 0
1670569546476 0.0 0
1670569548605 0.0 0
1670569551917 0.0 0
1670569554810 0.0 0
1670569557841 0.0 0
1670569560670 0.0 0
1670569564079 0.0 0
1670569566563 0.0 0
1670569569266 0.0 0
1670569571933 0.0 0
1670569574847 0.0 0
1670569577284 0.0 0
1670569579373 0.0 0
1670569582092 0.0 0
1670569584671 0.0 0
1670569587467 0.0 0
1670569590321 0.0 0
1670569593458 0.0 0
1670569596577 0.0 0
1670569599490 0.0 0
1670569601530 0.0 0
1670569603996 0.0 0
1670569606854 0.0 0
1670569609647 0.0 0
1670569612183 0.0 0
1670569614808 0.0 0
1670569617231 0.0 0
1670569619665 0.0 0
1670569622021 0.0 0
1670569624121 0.0 0
