1670571939771 0.09583333333333334 0
1670571940973 0.089 0
1670571941925 0.09033333333333333 0
1670571943103 0.091 0
1670571944149 0.08483333333333333 0
1670571945071 0.09166666666666666 0
1670571946100 0.08133333333333333 0
1670571947206 0.08816666666666667 0
1670571948457 0.08466666666666667 0
1670571949519 0.09166666666666666 0
1670571950638 0.08866666666666667 0
1670571951701 0.08216666666666667 0
1670571952835 0.088 0
1670571954046 0.09416666666666666 0
1670571955333 0.08166666666666667 0
1670571956702 0.08583333333333333 0
1670571958120 0.08733333333333333 0
1670571959425 0.08966666666666667 0
1670571960783 0.08783333333333333 0
1670571961853 0.08666666666666667 0
1670571963029 0.08583333333333333 0
1670571964177 0.08866666666666667 0
1670571965631 0.09033333333333333 0
1670571966523 0.08966666666666667 0
1670571967818 0.081 0
1670571968869 0.08383333333333333 0
1670571970290 0.0855 0
1670571971320 0.092 0
1670571972410 0.08816666666666667 0
1670571973761 0.08616666666666667 0
1670571974810 0.08533333333333333 0
1670571976155 0.09133333333333334 0
1670571977259 0.083 0
1670571978562 0.09166666666666666 0
1670571979796 0.09366666666666666 0
1670571980799 0.0885 0
1670571981914 0.0875 0
1670571983259 0.086 0
1670571984433 0.092 0
1670571985622 0.08416666666666667 0
1670571987000 0.08966666666666667 0
1670571988167 0.0835 0
1670571989509 0.08966666666666667 0
1670571990641 0.0915 0
1670571991863 0.08583333333333333 0
1670571992964 0.08766666666666667 0
1670571993976 0.08883333333333333 0
1670571995098 0.08433333333333333 0
1670571996381 0.08783333333333333 0
1670571997760 0.09383333333333334 0
1670571998937 0.0895 0
1670571999883 0.0865 0
1670572001061 0.08966666666666667 0
1670572002008 0.0875 0
1670572003075 0.08583333333333333 0
1670572004475 0.09166666666666666 0
1670572005751 0.08366666666666667 0
1670572007060 0.085 0
1670572008438 0.0895 0
1670572009447 0.08483333333333333 0
1670572010711 0.08566666666666667 0
1670572011852 0.0855 0
1670572013023 0.0885 0
1670572014547 0.08133333333333333 0
1670572015519 0.08533333333333333 0
1670572016589 0.08983333333333333 0
1670572017342 0.08716666666666667 0
1670572018441 0.0865 0
1670572019592 0.09333333333333334 0
1670572020854 0.08566666666666667 0
1670572022048 0.08766666666666667 0
1670572023390 0.09266666666666666 0
1670572024551 0.08866666666666667 0
1670572025964 0.09583333333333334 0
1670572027100 0.09133333333333334 0
1670572028173 0.09116666666666666 0
1670572029363 0.0905 0
1670572030578 0.09633333333333334 0
1670572031781 0.09166666666666666 0
1670572032878 0.092 0
1670572034065 0.093 0
1670572035173 0.08683333333333333 0
1670572036411 0.08833333333333333 0
1670572037516 0.08233333333333333 0
1670572038634 0.08716666666666667 0
1670572039860 0.084 0
1670572040876 0.08566666666666667 0
1670572042056 0.0915 0
1670572043235 0.0885 0
1670572044361 0.0915 0
1670572045442 0.08916666666666667 0
1670572046642 0.08616666666666667 0
1670572047760 0.0855 0
1670572048921 0.093 0
1670572050144 0.08716666666666667 0
1670572051334 0.08966666666666667 0
1670572052336 0.08316666666666667 0
1670572053634 0.08683333333333333 0
1670572054804 0.0875 0
1670572055951 0.08766666666666667 0
1670572056976 0.0845 0
1670572058158 0.08066666666666666 0
1670572059260 0.0925 0
1670572060269 0.08716666666666667 0
1670572061366 0.08233333333333333 0
1670572062132 0.08716666666666667 0
1670572063178 0.08933333333333333 0
1670572064153 0.08733333333333333 0
1670572065125 0.088 0
1670572066376 0.087 0
1670572067453 0.085 0
1670572068539 0.08766666666666667 0
1670572069715 0.0875 0
1670572070850 0.08666666666666667 0
1670572072051 0.08916666666666667 0
1670572072954 0.08916666666666667 0
1670572073876 0.08716666666666667 0
1670572075035 0.08566666666666667 0
1670572076121 0.0955 0
1670572077133 0.08683333333333333 0
1670572078287 0.08966666666666667 0
1670572079324 0.095 0
1670572080474 0.08316666666666667 0
1670572081495 0.0855 0
1670572082765 0.08433333333333333 0
1670572083734 0.0895 0
1670572085127 0.08433333333333333 0
1670572086093 0.09333333333333334 0
1670572087303 0.08516666666666667 0
1670572088545 0.086 0
1670572089578 0.08516666666666667 0
1670572090418 0.09183333333333334 0
1670572091567 0.085 0
1670572092759 0.08766666666666667 0
1670572093876 0.0815 0
1670572094968 0.0845 0
1670572096076 0.08766666666666667 0
1670572097336 0.08533333333333333 0
1670572098324 0.08866666666666667 0
1670572099346 0.0865 0
1670572100559 0.08583333333333333 0
1670572101729 0.092 0
1670572102868 0.09583333333333334 0
1670572104039 0.08083333333333333 0
1670572105081 0.09066666666666667 0
