1670573409280 0.0013 0
1670573411007 0.0013 0
1670573413191 0.0022 0
1670573415184 0.0017 0
1670573417314 0.0017 0
1670573419259 0.0011 0
1670573421300 0.001 0
1670573423384 0.0014 0
1670573425480 0.0011 0
1670573427777 0.0011 0
1670573429605 0.0009 0
1670573431665 0.001 0
1670573433699 0.0009 0
1670573435688 0.0015 0
1670573437682 0.0009 0
1670573439555 0.0011 0
1670573441276 0.0011 0
1670573443069 0.0025 0
1670573445132 0.0012 0
1670573447094 0.0014 0
1670573449316 0.001 0
1670573451411 0.0018 0
1670573453187 0.0025 0
1670573455203 0.0015 0
1670573457352 0.0012 0
1670573459605 0.0012 0
1670573461385 0.0008 0
1670573463092 0.0013 0
1670573465088 0.0007 0
1670573466991 0.0011 0
1670573469291 0.0015 0
1670573471460 0.002 0
1670573473787 0.0016 0
1670573475761 0.0008 0
1670573477931 0.0015 0
1670573480203 0.0016 0
1670573482124 0.0011 0
1670573484057 0.0007 0
1670573486178 0.0011 0
1670573488580 0.0014 0
1670573491007 0.0019 0
1670573493309 0.0012 0
1670573494824 0.0005 0
1670573495868 0.0016 0
1670573497536 0.0014 0
1670573499506 0.0014 0
1670573501134 0.001 0
1670573502784 0.0014 0
1670573504554 0.0018 0
1670573506428 0.0013 0
1670573508317 0.0018 0
1670573510406 0.0017 0
1670573511955 0.0015 0
1670573513015 0.0017 0
1670573514926 0.0013 0
1670573517014 0.0015 0
1670573519166 0.0012 0
1670573521356 0.0016 0
1670573523180 0.0017 0
1670573525336 0.0013 0
1670573527383 0.0017 0
1670573529360 0.0014 0
1670573531215 0.0014 0
1670573533342 0.0014 0
1670573535279 0.0012 0
1670573537302 0.0011 0
1670573539202 0.0009 0
1670573541483 0.0012 0
1670573543513 0.0017 0
1670573545522 0.0008 0
1670573547800 0.0013 0
1670573550151 0.0013 0
1670573552526 0.0019 0
1670573554720 0.0018 0
1670573556944 0.0009 0
1670573558929 0.0013 0
1670573560896 0.0014 0
1670573562836 0.0019 0
1670573564787 0.0015 0
1670573566625 0.0012 0
1670573568680 0.0016 0
1670573570827 0.001 0
1670573572848 0.0016 0
1670573574840 0.0019 0
1670573576704 0.0011 0
1670573579207 0.0015 0
1670573581478 0.0018 0
1670573583116 0.0014 0
1670573585243 0.0015 0
1670573586519 0.0015 0
1670573588142 0.002 0
1670573590329 0.0011 0
1670573592015 0.0015 0
1670573594339 0.0015 0
1670573596346 0.0012 0
1670573598339 0.002 0
1670573600328 0.0012 0
1670573602374 0.0008 0
1670573604347 0.001 0
1670573606262 0.0013 0
1670573608458 0.0013 0
1670573610453 0.0013 0
1670573612489 0.0007 0
1670573614486 0.0012 0
1670573616522 0.0007 0
1670573618210 0.0015 0
1670573620057 0.0014 0
1670573621752 0.001 0
1670573623548 0.0011 0
1670573625487 0.0025 0
1670573627574 0.0013 0
1670573629596 0.0008 0
1670573631419 0.0009 0
1670573633621 0.0016 0
1670573635572 0.0012 0
1670573637368 0.0011 0
1670573639347 0.0015 0
1670573641097 0.0014 0
1670573643606 0.0015 0
1670573645478 0.0019 0
1670573647452 0.0016 0
1670573649478 0.0012 0
1670573651050 0.0012 0
1670573653313 0.0013 0
1670573655173 0.0011 0
1670573657293 0.0013 0
1670573659482 0.0019 0
1670573661284 0.0011 0
1670573663271 0.0016 0
1670573665574 0.0018 0
1670573667445 0.0007 0
1670573669303 0.002 0
1670573671255 0.001 0
1670573673275 0.0016 0
1670573675241 0.0017 0
1670573677172 0.0025 0
1670573678981 0.0014 0
1670573680538 0.0014 0
1670573682429 0.001 0
1670573684515 0.0017 0
1670573686582 0.0024 0
1670573688738 0.0007 0
1670573690369 0.0019 0
