1670598429863 0.3433333333333333 0
1670598430513 0.343 0
1670598431186 0.3446666666666667 0
1670598431901 0.3463333333333333 0
1670598432574 0.3476666666666667 0
1670598433281 0.346 0
1670598434175 0.3453333333333333 0
1670598434861 0.3453333333333333 0
1670598435563 0.3433333333333333 0
1670598436316 0.3423333333333333 0
1670598436998 0.3453333333333333 0
1670598437652 0.3406666666666667 0
1670598438318 0.3466666666666667 0
1670598439033 0.3453333333333333 0
1670598440278 0.345 0
1670598440966 0.343 0
1670598441663 0.347 0
1670598442478 0.3443333333333333 0
1670598443258 0.3476666666666667 0
1670598444009 0.3453333333333333 0
1670598445076 0.3466666666666667 0
1670598445836 0.346 0
1670598446698 0.3446666666666667 0
1670598447498 0.3446666666666667 0
1670598448355 0.344 0
1670598449027 0.3456666666666667 0
1670598449830 0.344 0
1670598450567 0.3396666666666667 0
1670598451387 0.348 0
1670598452094 0.346 0
1670598452816 0.343 0
1670598453451 0.3453333333333333 0
1670598454089 0.344 0
1670598454776 0.34833333333333333 0
1670598455508 0.3463333333333333 0
1670598456204 0.342 0
1670598457025 0.3446666666666667 0
1670598457840 0.3463333333333333 0
1670598458540 0.3443333333333333 0
1670598459259 0.3433333333333333 0
1670598459896 0.3443333333333333 0
1670598460678 0.3456666666666667 0
1670598461292 0.3426666666666667 0
1670598462230 0.3446666666666667 0
1670598462998 0.345 0
1670598463753 0.3406666666666667 0
1670598464605 0.347 0
1670598465291 0.3433333333333333 0
1670598465982 0.3453333333333333 0
1670598466684 0.3433333333333333 0
1670598467363 0.3433333333333333 0
1670598468087 0.3416666666666667 0
1670598468816 0.3463333333333333 0
1670598469544 0.342 0
1670598470277 0.345 0
1670598471092 0.3436666666666667 0
1670598471721 0.3446666666666667 0
1670598472450 0.3446666666666667 0
1670598473219 0.346 0
1670598474041 0.3433333333333333 0
1670598474788 0.343 0
1670598475596 0.3453333333333333 0
1670598476231 0.347 0
1670598476976 0.347 0
1670598477796 0.3433333333333333 0
1670598478615 0.344 0
1670598479388 0.345 0
1670598480076 0.3406666666666667 0
1670598480828 0.343 0
1670598481597 0.3436666666666667 0
1670598482512 0.3433333333333333 0
1670598483184 0.3486666666666667 0
1670598483821 0.35 0
1670598484568 0.3456666666666667 0
1670598485236 0.3446666666666667 0
1670598485990 0.3453333333333333 0
1670598486672 0.346 0
1670598487340 0.3443333333333333 0
1670598488021 0.3443333333333333 0
1670598488667 0.3436666666666667 0
1670598489352 0.347 0
1670598490122 0.346 0
1670598490792 0.3473333333333333 0
1670598491436 0.3436666666666667 0
1670598492076 0.3476666666666667 0
1670598492821 0.3446666666666667 0
1670598493655 0.346 0
1670598494476 0.3473333333333333 0
1670598495165 0.3403333333333333 0
1670598495894 0.3476666666666667 0
1670598496713 0.3426666666666667 0
1670598497360 0.345 0
1670598498318 0.344 0
1670598498996 0.3436666666666667 0
1670598499750 0.3453333333333333 0
1670598500653 0.3446666666666667 0
1670598501408 0.3436666666666667 0
1670598502068 0.343 0
1670598502690 0.34833333333333333 0
1670598503460 0.3506666666666667 0
1670598504074 0.348 0
1670598504709 0.3446666666666667 0
