1670599738054 0.0 0
1670599740150 0.0 0
1670599742511 0.0 0
1670599744891 0.0 0
1670599746790 0.0 0
1670599748567 0.0 0
1670599750326 0.0 0
1670599752028 0.0 0
1670599753761 0.0 0
1670599755847 0.0 0
1670599757736 0.0 0
1670599759560 0.0 0
1670599761653 0.0 0
1670599763750 0.0 0
1670599765479 0.0 0
1670599767447 0.0 0
1670599769261 0.0 0
1670599771243 0.0 0
1670599773184 0.0 0
1670599775298 0.0 0
1670599777030 0.0 0
1670599778704 0.0 0
1670599780673 0.0 0
1670599782787 0.0 0
1670599784489 0.0 0
1670599786361 0.0 0
1670599788293 0.0 0
1670599790625 0.0 0
1670599792346 0.0 0
1670599794007 0.0 0
1670599796021 0.0 0
1670599798275 0.0 0
1670599799961 0.0 0
1670599801764 0.0 0
1670599804126 0.0 0
1670599806096 0.0 0
1670599807910 0.0 0
1670599809724 0.0 0
1670599811510 0.0 0
1670599813455 0.0 0
1670599815186 0.0 0
1670599816932 0.0 0
1670599819035 0.0 0
1670599820918 0.0 0
1670599822773 0.0 0
1670599824818 0.0 0
1670599826851 0.0 0
1670599828700 0.0 0
1670599830422 0.0 0
1670599832291 0.0 0
1670599834727 0.0 0
1670599836844 0.0 0
1670599838715 0.0 0
1670599840896 0.0 0
1670599842911 0.0 0
1670599844726 0.0 0
1670599846509 0.0 0
1670599848589 0.0 0
1670599850454 0.0 0
1670599852382 0.0 0
1670599854354 0.0 0
1670599856373 0.0 0
1670599858589 0.0 0
1670599860671 0.0 0
1670599862500 0.0 0
1670599864709 0.0 0
1670599866591 0.0 0
1670599868365 0.0 0
1670599870297 0.0 0
1670599872112 0.0 0
1670599874230 0.0 0
1670599875975 0.0 0
1670599877668 0.0 0
1670599879864 0.0 0
1670599881788 0.0 0
1670599883616 0.0 0
1670599885356 0.0 0
1670599887316 0.0 0
1670599889156 0.0 0
1670599891094 0.0 0
1670599893008 0.0 0
1670599895095 0.0 0
1670599896963 0.0 0
1670599899107 0.0 0
1670599901121 0.0 0
1670599902871 0.0 0
1670599904497 0.0 0
1670599906171 0.0 0
1670599907928 0.0 0
1670599909809 0.0 0
1670599911644 0.0 0
1670599913363 0.0 0
1670599915156 0.0 0
1670599916950 0.0 0
1670599918680 0.0 0
1670599920786 0.0 0
1670599922845 0.0 0
1670599924552 0.0 0
1670599926419 0.0 0
1670599928262 0.0 0
1670599929992 0.0 0
