1670641643305 0.002385963569885778 0
1670641654968 0.003225325329947431 0
1670641666503 0.002705701198027469 0
1670641678063 0.0028847069565083165 0
1670641689834 0.002960764174872904 0
1670641701328 0.0028847069565083165 0
1670641715153 0.0030926584006379446 0
1670641728473 0.002688662818177863 0
1670641740004 0.0026035160863882817 0
1670641751541 0.0033948143430857364 0
1670641763376 0.0030336857715875937 0
1670641777425 0.0023033972856941263 0
1670641788969 0.003766726757876691 0
1670641800507 0.0032282297438221536 0
1670641828711 0.0028857385898338086 0
1670641840227 0.0026035160863882817 0
1670641851761 0.003617658348547069 0
1670641864084 0.0025951734518049044 0
1670641875616 0.0022695637607312693 0
1670641887092 0.003228229743822153 0
1670641898515 0.002660930941002244 0
1670641910405 0.002569658972904177 0
1670641921923 0.0025541327440127726 0
1670641933341 0.0024970911494711654 0
1670641944792 0.0033239933214271925 0
1670641958411 0.0023033972856941268 0
1670642004921 0.0031019632614541974 0
1670642016783 0.0024970911494711654 0
1670642036613 0.0027995711282272386 0
1670642066569 0.002873493353529829 0
