1670611917706 0.0054 0
1670611921041 0.005 0
1670611925167 0.0059 0
1670611928743 0.0043 0
1670611931545 0.0056 0
1670611935129 0.0045 0
1670611938242 0.0045 0
1670611942059 0.0059 0
1670611945208 0.0046 0
1670611948699 0.0043 0
1670611952207 0.0048 0
1670611955089 0.0043 0
1670611957646 0.0046 0
1670611960626 0.0054 0
1670611963930 0.0044 0
1670611966880 0.0041 0
1670611969712 0.0044 0
1670611973747 0.0037 0
1670611976813 0.0039 0
1670611979854 0.0051 0
1670611983644 0.005 0
1670611987016 0.0039 0
1670611989354 0.0046 0
1670611992064 0.0043 0
1670611994274 0.0047 0
1670611996650 0.0053 0
1670611998748 0.0053 0
1670612001405 0.0045 0
1670612003903 0.0039 0
1670612006513 0.0045 0
1670612009044 0.0062 0
1670612011501 0.005 0
1670612013524 0.0043 0
1670612015783 0.0051 0
1670612017801 0.0053 0
1670612020468 0.0051 0
1670612022678 0.0041 0
1670612025546 0.0053 0
1670612027540 0.005 0
1670612029828 0.0036 0
1670612032268 0.0042 0
1670612034651 0.0048 0
1670612036991 0.0037 0
1670612039099 0.0054 0
1670612041538 0.0043 0
1670612043787 0.0047 0
1670612046473 0.0036 0
1670612049114 0.0042 0
1670612051315 0.0047 0
1670612054031 0.0046 0
1670612056930 0.0037 0
1670612059952 0.0061 0
1670612062728 0.0048 0
1670612064914 0.0048 0
1670612067794 0.0043 0
1670612070035 0.005 0
1670612072826 0.0041 0
1670612075180 0.0037 0
1670612078021 0.0052 0
1670612081009 0.0037 0
1670612083603 0.0047 0
1670612085974 0.0048 0
1670612088067 0.004 0
1670612091155 0.0049 0
1670612093441 0.0042 0
1670612096086 0.0058 0
1670612098195 0.0051 0
1670612100565 0.004 0
1670612102743 0.0034 0
1670612105193 0.0047 0
1670612107283 0.0059 0
1670612109156 0.0041 0
1670612111797 0.0046 0
1670612114897 0.0048 0
1670612117707 0.0043 0
1670612119817 0.0043 0
1670612122553 0.0046 0
1670612125101 0.0048 0
1670612127848 0.0049 0
1670612130908 0.0042 0
1670612134146 0.0041 0
1670612137342 0.0052 0
1670612140999 0.0047 0
1670612144387 0.0054 0
1670612147352 0.0042 0
1670612150316 0.0041 0
1670612153471 0.0034 0
1670612156192 0.0049 0
1670612158455 0.005 0
1670612160995 0.0038 0
1670612163587 0.0033 0
1670612166326 0.0045 0
1670612168759 0.004 0
1670612170951 0.0043 0
1670612173190 0.0048 0
1670612176307 0.0046 0
1670612179017 0.0045 0
1670612181424 0.0047 0
1670612184673 0.0045 0
1670612187026 0.0045 0
1670612189225 0.0039 0
1670612191225 0.0041 0
1670612193293 0.0044 0
1670612195433 0.0044 0
1670612197519 0.0042 0
1670612199969 0.0055 0
1670612202205 0.0047 0
1670612204549 0.0045 0
1670612207055 0.0033 0
1670612209592 0.0045 0
1670612212252 0.0047 0
1670612214390 0.0043 0
1670612216908 0.005 0
1670612219419 0.0047 0
1670612221414 0.0035 0
1670612223540 0.0048 0
1670612225790 0.0034 0
1670612227926 0.0034 0
1670612230106 0.0044 0
1670612232593 0.0046 0
1670612234919 0.0039 0
1670612237554 0.0055 0
1670612240389 0.0054 0
1670612243278 0.0061 0
1670612245861 0.0044 0
1670612248209 0.0046 0
1670612251151 0.004 0
