1670635270686 0.00028571428571428574 0
1670635274396 0.0005714285714285715 0
1670635277955 0.0 0
1670635281504 0.00028571428571428574 0
1670635285123 0.00014285714285714287 0
1670635288826 0.0 0
1670635292333 0.00028571428571428574 0
1670635296029 0.0007142857142857143 0
1670635299910 0.00042857142857142855 0
1670635303681 0.00028571428571428574 0
1670635307663 0.00028571428571428574 0
1670635311820 0.00014285714285714287 0
1670635315855 0.00028571428571428574 0
1670635319727 0.00014285714285714287 0
1670635323471 0.00028571428571428574 0
1670635327193 0.0005714285714285715 0
1670635330864 0.0 0
1670635334745 0.00014285714285714287 0
1670635338024 0.0005714285714285715 0
1670635341604 0.0 0
1670635345533 0.00014285714285714287 0
1670635348874 0.00042857142857142855 0
1670635352354 0.00028571428571428574 0
1670635355210 0.0005714285714285715 0
1670635358787 0.0 0
1670635362185 0.0008571428571428571 0
1670635365714 0.0005714285714285715 0
1670635368611 0.00028571428571428574 0
1670635371615 0.00042857142857142855 0
1670635374970 0.00028571428571428574 0
1670635378442 0.0 0
1670635382099 0.0 0
1670635385456 0.00042857142857142855 0
1670635388640 0.00042857142857142855 0
1670635391598 0.00014285714285714287 0
1670635395107 0.00014285714285714287 0
1670635398610 0.00014285714285714287 0
1670635402137 0.0 0
1670635405635 0.00014285714285714287 0
1670635409166 0.00014285714285714287 0
1670635412569 0.00014285714285714287 0
1670635415788 0.0 0
1670635419033 0.00014285714285714287 0
1670635422320 0.0 0
1670635425659 0.0 0
1670635429214 0.00028571428571428574 0
1670635432742 0.00014285714285714287 0
1670635436150 0.00014285714285714287 0
1670635439149 0.0007142857142857143 0
1670635442520 0.0 0
1670635445368 0.00042857142857142855 0
1670635448782 0.00028571428571428574 0
1670635452369 0.0 0
1670635455840 0.0005714285714285715 0
1670635459294 0.00014285714285714287 0
1670635462654 0.00014285714285714287 0
1670635466035 0.0 0
1670635469423 0.00014285714285714287 0
1670635472675 0.0 0
1670635475935 0.0008571428571428571 0
1670635479161 0.00042857142857142855 0
1670635482329 0.00042857142857142855 0
1670635485501 0.0 0
1670635489051 0.00028571428571428574 0
1670635492478 0.00014285714285714287 0
1670635496074 0.00028571428571428574 0
1670635499478 0.00042857142857142855 0
1670635502974 0.0007142857142857143 0
1670635506474 0.0005714285714285715 0
1670635510039 0.00014285714285714287 0
1670635513540 0.00028571428571428574 0
1670635516944 0.00028571428571428574 0
1670635520238 0.00028571428571428574 0
1670635523490 0.00014285714285714287 0
1670635526708 0.0 0
1670635529952 0.00014285714285714287 0
1670635533218 0.00014285714285714287 0
1670635536535 0.0005714285714285715 0
1670635540050 0.00042857142857142855 0
1670635543534 0.00028571428571428574 0
1670635546968 0.0 0
1670635549835 0.0005714285714285715 0
1670635552535 0.00014285714285714287 0
1670635555103 0.0 0
1670635557860 0.00014285714285714287 0
1670635560525 0.00028571428571428574 0
1670635563214 0.00014285714285714287 0
1670635565986 0.00028571428571428574 0
1670635568725 0.0 0
1670635571415 0.00028571428571428574 0
1670635574271 0.0 0
1670635576961 0.0005714285714285715 0
1670635579675 0.00028571428571428574 0
1670635582414 0.00028571428571428574 0
1670635585533 0.0 0
1670635588328 0.00028571428571428574 0
1670635590783 0.00014285714285714287 0
1670635593602 0.00014285714285714287 0
1670635596345 0.0 0
1670635599022 0.00028571428571428574 0
1670635601748 0.0005714285714285715 0
1670635604419 0.00014285714285714287 0
1670635607389 0.0 0
1670635610420 0.0007142857142857143 0
1670635613489 0.00042857142857142855 0
1670635616567 0.0 0
1670635619655 0.00028571428571428574 0
1670635622756 0.0005714285714285715 0
1670635625852 0.00028571428571428574 0
1670635629095 0.00014285714285714287 0
1670635632100 0.00028571428571428574 0
1670635635013 0.00042857142857142855 0
1670635637907 0.00042857142857142855 0
1670635640454 0.0007142857142857143 0
1670635643234 0.0005714285714285715 0
1670635646233 0.00028571428571428574 0
1670635648907 0.0007142857142857143 0
1670635651809 0.0 0
1670635654756 0.00028571428571428574 0
1670635657708 0.00014285714285714287 0
1670635660674 0.00028571428571428574 0
1670635663547 0.00014285714285714287 0
1670635666678 0.00028571428571428574 0
1670635669825 0.00042857142857142855 0
1670635673013 0.0 0
1670635676086 0.00014285714285714287 0
1670635678874 0.00028571428571428574 0
1670635681694 0.00042857142857142855 0
1670635684599 0.0005714285714285715 0
1670635687444 0.00028571428571428574 0
1670635690319 0.00028571428571428574 0
1670635692988 0.00014285714285714287 0
1670635695956 0.00042857142857142855 0
1670635698856 0.00028571428571428574 0
1670635701794 0.0007142857142857143 0
1670635704685 0.00028571428571428574 0
1670635707695 0.00014285714285714287 0
1670635710685 0.00028571428571428574 0
1670635713667 0.00014285714285714287 0
1670635716772 0.00028571428571428574 0
1670635719784 0.00042857142857142855 0
1670635722696 0.00042857142857142855 0
1670635725541 0.0005714285714285715 0
1670635728517 0.00028571428571428574 0
1670635730898 0.00014285714285714287 0
1670635733764 0.00028571428571428574 0
1670635736916 0.00028571428571428574 0
1670635739704 0.00014285714285714287 0
1670635742604 0.00028571428571428574 0
1670635745502 0.00014285714285714287 0
1670635748344 0.00042857142857142855 0
1670635751274 0.00028571428571428574 0
1670635754241 0.00028571428571428574 0
1670635757518 0.00042857142857142855 0
1670635760869 0.0005714285714285715 0
1670635764211 0.00014285714285714287 0
1670635767546 0.0 0
1670635770868 0.00014285714285714287 0
1670635774203 0.00042857142857142855 0
1670635777527 0.00014285714285714287 0
1670635780887 0.00028571428571428574 0
1670635784266 0.00028571428571428574 0
1670635787648 0.00014285714285714287 0
1670635790985 0.00014285714285714287 0
1670635794131 0.00028571428571428574 0
1670635797632 0.0008571428571428571 0
1670635801205 0.0007142857142857143 0
1670635804461 0.00042857142857142855 0
1670635807499 0.00014285714285714287 0
1670635810645 0.00028571428571428574 0
1670635814149 0.00028571428571428574 0
1670635817582 0.00014285714285714287 0
1670635821057 0.00042857142857142855 0
1670635824621 0.0005714285714285715 0
1670635828212 0.00028571428571428574 0
1670635831645 0.00014285714285714287 0
1670635835340 0.00014285714285714287 0
1670635838901 0.0 0
1670635842750 0.0 0
1670635846351 0.0005714285714285715 0
1670635849940 0.0007142857142857143 0
1670635853279 0.00028571428571428574 0
1670635856351 0.00028571428571428574 0
1670635859658 0.00014285714285714287 0
1670635863047 0.00028571428571428574 0
1670635866704 0.00028571428571428574 0
1670635870346 0.00028571428571428574 0
1670635873897 0.00028571428571428574 0
1670635877462 0.00028571428571428574 0
1670635880819 0.00042857142857142855 0
1670635884406 0.0 0
1670635887950 0.00014285714285714287 0
1670635891802 0.0 0
