1670632186213 0.0 0
1670632186872 0.0 0
1670632187444 0.0 0
1670632188058 0.0 0
1670632188603 0.0 0
1670632189129 0.0 0
1670632189734 0.0 0
1670632190379 0.0 0
1670632190972 0.0 0
1670632191653 0.0 0
1670632192363 0.0 0
1670632193038 0.0 0
1670632193658 0.0 0
1670632194282 0.0 0
1670632194922 0.0 0
1670632195548 0.0 0
1670632196158 0.0 0
1670632196754 0.0 0
1670632197409 0.0 0
1670632198003 0.0 0
1670632198652 0.0 0
1670632199291 0.0 0
1670632199964 0.0 0
1670632200576 0.0 0
1670632201113 0.0 0
1670632201726 0.0 0
1670632202320 0.0 0
1670632202942 0.0 0
1670632203534 0.0 0
1670632204211 0.0 0
1670632204783 0.0 0
1670632205400 0.0 0
1670632206049 0.0 0
1670632206612 0.0 0
1670632207167 0.0 0
1670632207795 0.0 0
1670632208270 0.0 0
1670632208684 0.0 0
1670632209200 0.0 0
1670632209735 0.0 0
1670632210309 0.0 0
1670632210951 0.0 0
1670632211562 0.0 0
1670632212256 0.0 0
1670632212887 0.0 0
1670632213470 0.0 0
1670632214075 0.0 0
1670632214691 0.0 0
1670632215228 0.0 0
1670632215731 0.0 0
1670632216341 0.0 0
1670632217001 0.0 0
1670632217495 0.0 0
1670632218029 0.0 0
1670632218629 0.0 0
1670632219161 0.0 0
1670632219687 0.0 0
1670632220256 0.0 0
1670632220872 0.0 0
1670632221502 0.0 0
1670632222095 0.0 0
1670632222672 0.0 0
1670632223307 0.0 0
1670632223892 0.0 0
1670632224495 0.0 0
1670632225145 0.0 0
1670632225797 0.0 0
1670632226454 0.0 0
1670632227121 0.0 0
1670632227762 0.0 0
1670632228342 0.0 0
1670632228945 0.0 0
1670632229472 0.0 0
1670632230004 0.0 0
1670632230549 0.0 0
1670632231168 0.0 0
1670632231815 0.0 0
1670632232440 0.0 0
1670632233049 0.0 0
1670632233671 0.0 0
1670632234316 0.0 0
1670632234929 0.0 0
1670632235527 0.0 0
1670632236155 0.0 0
1670632236811 0.0 0
1670632237467 0.0 0
1670632238141 0.0 0
1670632238816 0.0 0
1670632239488 0.0 0
1670632240154 0.0 0
1670632240824 0.0 0
1670632241497 0.0 0
1670632242158 0.0 0
1670632242827 0.0 0
1670632243489 0.0 0
1670632244158 0.0 0
1670632244825 0.0 0
1670632245466 0.0 0
1670632246100 0.0 0
1670632246745 0.0 0
1670632247321 0.0 0
