1670639700687 0.0006666666666666666 0
1670639702159 0.0003333333333333333 0
1670639703703 0.0 0
1670639705338 0.0006666666666666666 0
1670639706938 0.0003333333333333333 0
1670639708265 0.0 0
1670639709468 0.0 0
1670639711042 0.0 0
1670639712895 0.0 0
1670639714515 0.0003333333333333333 0
1670639715588 0.0 0
1670639716943 0.0 0
1670639718460 0.0003333333333333333 0
1670639719921 0.0 0
1670639721352 0.0 0
1670639722803 0.0 0
1670639724236 0.0 0
1670639725745 0.0 0
1670639727340 0.0 0
1670639728634 0.0003333333333333333 0
1670639729907 0.0003333333333333333 0
1670639731144 0.0 0
1670639732587 0.0 0
1670639734081 0.0003333333333333333 0
1670639735566 0.0 0
1670639737041 0.0 0
1670639738547 0.0003333333333333333 0
1670639740076 0.0 0
1670639741574 0.0 0
1670639743014 0.0006666666666666666 0
1670639744429 0.0 0
1670639745960 0.0 0
1670639747496 0.0 0
1670639748944 0.0 0
1670639750277 0.0 0
1670639751621 0.0006666666666666666 0
1670639752953 0.0 0
1670639754496 0.0003333333333333333 0
1670639756136 0.0 0
1670639757696 0.0 0
1670639759145 0.0 0
1670639760854 0.0 0
1670639762407 0.0 0
1670639764069 0.0 0
1670639765643 0.0003333333333333333 0
1670639767342 0.0003333333333333333 0
1670639769099 0.0 0
1670639770755 0.0 0
1670639772234 0.0003333333333333333 0
1670639773984 0.0003333333333333333 0
1670639775605 0.0006666666666666666 0
1670639777212 0.0 0
1670639778838 0.0 0
1670639780401 0.0 0
1670639781918 0.0 0
1670639783389 0.0 0
1670639784955 0.0 0
1670639786625 0.0 0
1670639788256 0.0 0
1670639789641 0.0 0
1670639791274 0.0006666666666666666 0
1670639792962 0.0 0
1670639794638 0.0003333333333333333 0
1670639796223 0.0 0
1670639797777 0.0003333333333333333 0
1670639799057 0.0003333333333333333 0
1670639800850 0.0003333333333333333 0
1670639802572 0.0006666666666666666 0
1670639804111 0.0 0
1670639805723 0.0 0
1670639807052 0.0003333333333333333 0
1670639808807 0.0003333333333333333 0
1670639810272 0.0 0
1670639811787 0.0 0
1670639813302 0.0003333333333333333 0
1670639815018 0.0 0
1670639816544 0.0 0
1670639818124 0.0 0
1670639819884 0.0003333333333333333 0
1670639821654 0.0 0
1670639823261 0.0003333333333333333 0
1670639824761 0.0006666666666666666 0
1670639826316 0.0 0
1670639827960 0.0 0
1670639829496 0.0003333333333333333 0
1670639831034 0.0003333333333333333 0
1670639832591 0.0 0
1670639834154 0.0 0
1670639835699 0.0006666666666666666 0
1670639837296 0.0003333333333333333 0
1670639838829 0.0 0
1670639840257 0.0 0
1670639841841 0.0003333333333333333 0
1670639843508 0.0 0
1670639845039 0.0 0
1670639846550 0.0 0
1670639847936 0.0006666666666666666 0
1670639849559 0.0 0
1670639851028 0.0 0
1670639852496 0.0006666666666666666 0
1670639853941 0.0003333333333333333 0
1670639855472 0.0 0
1670639857020 0.0003333333333333333 0
1670639858505 0.0 0
1670639860187 0.0 0
1670639861788 0.0003333333333333333 0
1670639863252 0.0 0
1670639864545 0.0 0
1670639866228 0.0 0
