1670590688724 0.0 0
1670590689464 0.0 0
1670590690218 0.0 0
1670590690988 0.0 0
1670590691731 0.0 0
1670590692447 0.0 0
1670590693292 0.0 0
1670590694150 0.0 0
1670590694966 0.0 0
1670590695829 0.0 0
1670590696529 0.0 0
1670590697416 0.0 0
1670590698201 0.0 0
1670590698933 0.0 0
1670590699775 0.0 0
1670590700589 0.0 0
1670590701412 0.0 0
1670590702322 0.0 0
1670590703136 0.0 0
1670590703984 0.0 0
1670590704784 0.0 0
1670590706104 0.0 0
1670590707094 0.0 0
1670590708216 0.0 0
1670590709095 0.0 0
1670590710196 0.0 0
1670590710948 0.0 0
1670590712088 0.0 0
1670590713007 0.0 0
1670590713906 0.0 0
1670590714686 0.0 0
1670590715515 0.0 0
1670590716624 0.0 0
1670590717546 0.0 0
1670590718336 0.0 0
1670590719323 0.0 0
1670590720192 0.0 0
1670590721055 0.0 0
1670590721849 0.0 0
1670590722856 0.0 0
1670590723660 0.0 0
1670590724672 0.0 0
1670590725532 0.0 0
1670590726784 0.0 0
1670590727515 0.0 0
1670590728392 0.0 0
1670590729360 0.0 0
1670590730403 0.0 0
1670590731191 0.0 0
1670590732233 0.0 0
1670590733041 0.0 0
1670590733824 0.0 0
1670590734638 0.0 0
1670590735637 0.0 0
1670590736674 0.0 0
1670590737521 0.0 0
1670590738405 0.0 0
1670590739173 0.0 0
1670590740176 0.0 0
1670590741117 0.0 0
1670590742036 0.0 0
1670590743108 0.0 0
1670590744160 0.0 0
1670590745338 0.0 0
1670590746053 0.0 0
1670590746975 0.0 0
1670590747911 0.0 0
1670590748770 0.0 0
1670590749543 0.0 0
1670590750323 0.0 0
1670590751192 0.0 0
1670590751976 0.0 0
1670590752725 0.0 0
1670590753420 0.0 0
1670590754310 0.0 0
1670590755446 0.0 0
1670590756263 0.0 0
1670590757191 0.0 0
1670590758087 0.0 0
1670590759037 0.0 0
1670590759770 0.0 0
1670590760741 0.0 0
1670590761582 0.0 0
1670590762318 0.0 0
1670590763016 0.0 0
1670590763767 0.0 0
1670590764501 0.0 0
1670590765257 0.0 0
1670590766096 0.0 0
1670590767050 0.0 0
1670590767987 0.0 0
1670590768850 0.0 0
1670590769850 0.0 0
1670590770699 0.0 0
1670590771713 0.0 0
1670590772450 0.0 0
1670590773537 0.0 0
1670590774264 0.0 0
1670590775203 0.0 0
1670590776123 0.0 0
1670590777139 0.0 0
