1670590120008 0.0045 0
1670590123879 0.0049 0
1670590127702 0.0038 0
1670590131223 0.0038 0
1670590135308 0.0038 0
1670590139445 0.0048 0
1670590142935 0.0048 0
1670590146657 0.0042 0
1670590150130 0.0041 0
1670590153924 0.0043 0
1670590158147 0.0041 0
1670590162039 0.0039 0
1670590166283 0.0063 0
1670590170377 0.004 0
1670590174884 0.0049 0
1670590178844 0.0045 0
1670590182928 0.0044 0
1670590187170 0.0041 0
1670590191183 0.0053 0
1670590195530 0.0041 0
1670590200171 0.0043 0
1670590204819 0.0042 0
1670590208994 0.0049 0
1670590212900 0.0047 0
1670590216832 0.0038 0
1670590220758 0.0055 0
1670590224521 0.0049 0
1670590228490 0.0046 0
1670590232256 0.0048 0
1670590236088 0.0043 0
1670590239619 0.0049 0
1670590243471 0.004 0
1670590246806 0.005 0
1670590250721 0.0034 0
1670590254467 0.0041 0
1670590258140 0.0047 0
1670590261633 0.0045 0
1670590265290 0.0046 0
1670590269065 0.0053 0
1670590272473 0.0046 0
1670590276212 0.0048 0
1670590279696 0.0044 0
1670590283410 0.0048 0
1670590287342 0.0036 0
1670590290905 0.0042 0
1670590294483 0.0046 0
1670590297960 0.0056 0
1670590300977 0.0043 0
1670590304824 0.0051 0
1670590308673 0.0049 0
1670590312468 0.0042 0
1670590316263 0.005 0
1670590320062 0.0044 0
1670590323837 0.0054 0
1670590327489 0.004 0
1670590330704 0.0037 0
1670590334342 0.0045 0
1670590337542 0.0044 0
1670590341115 0.0055 0
1670590344890 0.004 0
1670590348605 0.0043 0
1670590352263 0.0056 0
1670590356426 0.004 0
1670590360490 0.0058 0
1670590364018 0.0041 0
1670590367701 0.0041 0
1670590371300 0.004 0
1670590374980 0.0044 0
1670590379080 0.004 0
1670590382730 0.0038 0
1670590386120 0.005 0
1670590389485 0.0043 0
1670590392754 0.0044 0
1670590396778 0.0045 0
1670590400390 0.0041 0
1670590404104 0.0037 0
1670590407708 0.0037 0
1670590411464 0.0043 0
1670590415107 0.0052 0
1670590418863 0.0044 0
1670590422448 0.0038 0
1670590425967 0.0031 0
1670590429816 0.0045 0
1670590433527 0.0042 0
1670590436598 0.0052 0
1670590440164 0.0045 0
1670590443462 0.0046 0
1670590447137 0.0039 0
1670590450434 0.0036 0
1670590453888 0.0042 0
1670590457831 0.0041 0
1670590461340 0.0055 0
1670590465009 0.0044 0
1670590468942 0.0041 0
1670590472485 0.0052 0
1670590475727 0.004 0
1670590479197 0.0044 0
1670590482782 0.0047 0
1670590486264 0.0043 0
1670590489602 0.0043 0
1670590493422 0.0049 0
1670590497237 0.0039 0
1670590500957 0.004 0
1670590505265 0.0042 0
1670590509202 0.0053 0
1670590512388 0.0039 0
1670590516116 0.0046 0
1670590519434 0.0039 0
1670590523364 0.0057 0
1670590527019 0.0038 0
1670590530268 0.0051 0
1670590533621 0.0037 0
1670590536682 0.0041 0
1670590540039 0.0052 0
1670590543659 0.0048 0
1670590546897 0.0044 0
1670590550237 0.0048 0
