1670601640730 0.032 0
1670601641695 0.036333333333333336 0
1670601642596 0.028333333333333332 0
1670601643529 0.025 0
1670601644391 0.026333333333333334 0
1670601645197 0.028666666666666667 0
1670601646160 0.022 0
1670601647223 0.03 0
1670601648359 0.036333333333333336 0
1670601649250 0.029333333333333333 0
1670601650031 0.024333333333333332 0
1670601650926 0.024 0
1670601651846 0.030333333333333334 0
1670601652711 0.030666666666666665 0
1670601653610 0.024 0
1670601654498 0.028 0
1670601655299 0.023666666666666666 0
1670601656268 0.029 0
1670601657236 0.027 0
1670601658024 0.03166666666666667 0
1670601658825 0.028333333333333332 0
1670601659681 0.028 0
1670601660684 0.03166666666666667 0
1670601661595 0.03 0
1670601662578 0.025666666666666667 0
1670601663412 0.029333333333333333 0
1670601664257 0.034333333333333334 0
1670601665129 0.03333333333333333 0
1670601666059 0.029 0
1670601667191 0.022333333333333334 0
1670601668247 0.03166666666666667 0
1670601669169 0.03266666666666666 0
1670601669944 0.027333333333333334 0
1670601670797 0.028666666666666667 0
1670601671627 0.028333333333333332 0
1670601672575 0.025333333333333333 0
1670601673636 0.028666666666666667 0
1670601674413 0.027666666666666666 0
1670601675337 0.022333333333333334 0
1670601676216 0.03133333333333333 0
1670601677186 0.03166666666666667 0
1670601678277 0.02033333333333333 0
1670601679205 0.03166666666666667 0
1670601680002 0.02666666666666667 0
1670601680875 0.02666666666666667 0
1670601681754 0.026333333333333334 0
1670601682545 0.02666666666666667 0
1670601683405 0.037 0
1670601684331 0.03166666666666667 0
1670601685274 0.026333333333333334 0
1670601686096 0.028666666666666667 0
1670601686900 0.025 0
1670601687722 0.023333333333333334 0
1670601688511 0.030666666666666665 0
1670601689525 0.026 0
1670601690523 0.028333333333333332 0
1670601691462 0.023666666666666666 0
1670601692431 0.029666666666666668 0
1670601693448 0.028333333333333332 0
1670601694321 0.03133333333333333 0
1670601695230 0.03333333333333333 0
1670601696149 0.030333333333333334 0
1670601697111 0.028 0
1670601697971 0.038 0
1670601698962 0.030666666666666665 0
1670601699751 0.028333333333333332 0
1670601700659 0.024333333333333332 0
1670601701520 0.028333333333333332 0
1670601702392 0.026 0
1670601703288 0.026 0
1670601704178 0.027666666666666666 0
1670601705144 0.030333333333333334 0
1670601705999 0.025 0
1670601706977 0.027 0
1670601707838 0.029666666666666668 0
1670601708773 0.021666666666666667 0
1670601709616 0.026333333333333334 0
1670601710456 0.023333333333333334 0
1670601711403 0.029333333333333333 0
1670601712326 0.031 0
1670601713180 0.030666666666666665 0
1670601713973 0.027333333333333334 0
1670601714780 0.029666666666666668 0
1670601715694 0.03233333333333333 0
1670601716606 0.028333333333333332 0
1670601717523 0.03 0
1670601718549 0.029333333333333333 0
1670601719334 0.028333333333333332 0
1670601720225 0.030666666666666665 0
1670601721146 0.025666666666666667 0
1670601722247 0.035 0
1670601723238 0.025666666666666667 0
1670601724224 0.028333333333333332 0
1670601725105 0.034 0
1670601726024 0.028666666666666667 0
1670601726913 0.029666666666666668 0
1670601727753 0.030666666666666665 0
1670601728703 0.028333333333333332 0
1670601729785 0.03 0
1670601730682 0.029333333333333333 0
1670601731650 0.023333333333333334 0
1670601732652 0.025666666666666667 0
1670601733557 0.029 0
1670601734477 0.03266666666666666 0
1670601735419 0.027 0
1670601736229 0.029 0
1670601737117 0.027333333333333334 0
1670601738127 0.026333333333333334 0
1670601738962 0.024 0
1670601739863 0.028333333333333332 0
1670601740772 0.025 0
1670601741606 0.030333333333333334 0
1670601742400 0.025666666666666667 0
1670601743537 0.028 0
1670601744341 0.029666666666666668 0
1670601745175 0.027333333333333334 0
1670601746184 0.02666666666666667 0
1670601747035 0.028333333333333332 0
1670601747886 0.025333333333333333 0
1670601748784 0.028666666666666667 0
1670601749562 0.028666666666666667 0
1670601750441 0.031 0
1670601751513 0.02666666666666667 0
1670601752434 0.024333333333333332 0
1670601753413 0.028 0
1670601754386 0.024333333333333332 0
1670601755322 0.026333333333333334 0
1670601756174 0.025666666666666667 0
1670601757005 0.033 0
1670601757924 0.027666666666666666 0
1670601758915 0.030333333333333334 0
1670601759736 0.026 0
1670601760732 0.028 0
1670601761646 0.021666666666666667 0
1670601762602 0.028666666666666667 0
1670601763421 0.029 0
1670601764505 0.025 0
1670601765312 0.029666666666666668 0
1670601766118 0.025666666666666667 0
1670601766935 0.027333333333333334 0
1670601767927 0.027333333333333334 0
1670601768843 0.024 0
1670601769917 0.024666666666666667 0
1670601770802 0.029666666666666668 0
1670601771676 0.030333333333333334 0
1670601772554 0.03266666666666666 0
1670601773412 0.029333333333333333 0
1670601774333 0.025333333333333333 0
1670601775355 0.027666666666666666 0
1670601776599 0.028333333333333332 0
1670601777807 0.023 0
1670601778688 0.03166666666666667 0
1670601779625 0.027 0
1670601780615 0.029 0
1670601781590 0.029666666666666668 0
1670601782660 0.028666666666666667 0
1670601783568 0.028 0
1670601784448 0.025666666666666667 0
1670601785324 0.027666666666666666 0
1670601786226 0.03 0
1670601787454 0.028 0
1670601788430 0.03133333333333333 0
1670601789334 0.024333333333333332 0
1670601790193 0.027 0
1670601791035 0.03233333333333333 0
1670601791883 0.025666666666666667 0
1670601792786 0.027333333333333334 0
1670601793708 0.02266666666666667 0
1670601794650 0.023666666666666666 0
1670601795613 0.028666666666666667 0
1670601796541 0.029 0
1670601797541 0.030333333333333334 0
1670601798378 0.025666666666666667 0
1670601799215 0.027 0
1670601800153 0.02666666666666667 0
1670601800957 0.029666666666666668 0
1670601801764 0.026333333333333334 0
1670601802653 0.028333333333333332 0
1670601803611 0.024666666666666667 0
1670601804455 0.027666666666666666 0
1670601805340 0.02666666666666667 0
1670601806402 0.030666666666666665 0
1670601807351 0.028 0
1670601808345 0.026333333333333334 0
1670601809239 0.026333333333333334 0
1670601810050 0.029333333333333333 0
1670601810891 0.030333333333333334 0
1670601811699 0.024666666666666667 0
1670601812651 0.025333333333333333 0
1670601813464 0.026333333333333334 0
1670601814328 0.025333333333333333 0
1670601815198 0.036333333333333336 0
1670601816164 0.025666666666666667 0
1670601817053 0.025666666666666667 0
1670601817902 0.033 0
1670601818836 0.027666666666666666 0
1670601819682 0.028 0
1670601820533 0.025666666666666667 0
1670601821367 0.033666666666666664 0
1670601822642 0.028 0
1670601823623 0.025333333333333333 0
1670601824428 0.029 0
1670601825311 0.03166666666666667 0
1670601826166 0.03133333333333333 0
1670601827081 0.032 0
1670601828139 0.024333333333333332 0
1670601829004 0.028666666666666667 0
1670601830017 0.023333333333333334 0
1670601830975 0.025333333333333333 0
1670601831849 0.026333333333333334 0
1670601832747 0.029 0
1670601833763 0.029333333333333333 0
1670601834623 0.026333333333333334 0
1670601835531 0.028666666666666667 0
1670601836427 0.027333333333333334 0
1670601837303 0.028666666666666667 0
1670601838200 0.027333333333333334 0
1670601839070 0.027666666666666666 0
1670601840144 0.02666666666666667 0
1670601841033 0.028333333333333332 0
1670601842279 0.024 0
1670601843264 0.03266666666666666 0
1670601844261 0.03233333333333333 0
1670601845291 0.029333333333333333 0
1670601846216 0.027 0
1670601847110 0.024333333333333332 0
1670601848150 0.028333333333333332 0
1670601849402 0.03233333333333333 0
1670601850383 0.028666666666666667 0
1670601851219 0.030333333333333334 0
1670601852094 0.029333333333333333 0
1670601852946 0.026333333333333334 0
1670601853796 0.031 0
1670601854633 0.032 0
1670601855667 0.030666666666666665 0
1670601856667 0.027333333333333334 0
1670601857547 0.024333333333333332 0
1670601858425 0.025666666666666667 0
1670601859361 0.029 0
1670601860155 0.027666666666666666 0
1670601861033 0.030333333333333334 0
1670601861883 0.027 0
1670601862701 0.025666666666666667 0
1670601863542 0.029666666666666668 0
1670601864475 0.024333333333333332 0
1670601865369 0.021 0
1670601866223 0.026 0
1670601867219 0.030333333333333334 0
1670601868375 0.024666666666666667 0
1670601869445 0.029666666666666668 0
1670601870406 0.027666666666666666 0
1670601871486 0.024666666666666667 0
1670601872332 0.029 0
1670601873427 0.03166666666666667 0
1670601874361 0.030666666666666665 0
1670601875519 0.024 0
1670601876388 0.025666666666666667 0
1670601877368 0.029333333333333333 0
1670601878239 0.03 0
1670601879251 0.03266666666666666 0
1670601880243 0.022333333333333334 0
1670601881116 0.026 0
1670601882131 0.034333333333333334 0
1670601883364 0.025 0
1670601884282 0.025 0
1670601885618 0.027333333333333334 0
1670601886442 0.029333333333333333 0
1670601887412 0.025666666666666667 0
1670601888247 0.03133333333333333 0
1670601889153 0.034333333333333334 0
1670601890150 0.026333333333333334 0
1670601891335 0.027666666666666666 0
1670601892226 0.030333333333333334 0
1670601893187 0.023333333333333334 0
1670601894035 0.028 0
1670601894893 0.02666666666666667 0
1670601895796 0.031 0
1670601896821 0.027333333333333334 0
1670601897911 0.03133333333333333 0
1670601898803 0.024666666666666667 0
1670601899671 0.029666666666666668 0
1670601900449 0.02666666666666667 0
1670601901269 0.028333333333333332 0
1670601902259 0.023333333333333334 0
1670601903109 0.029666666666666668 0
1670601903923 0.023333333333333334 0
1670601904951 0.026 0
1670601905902 0.027333333333333334 0
1670601906865 0.025 0
1670601908005 0.03333333333333333 0
1670601908945 0.028 0
1670601909789 0.024333333333333332 0
1670601910653 0.028333333333333332 0
1670601911637 0.026 0
1670601912574 0.033 0
1670601913570 0.029666666666666668 0
1670601914661 0.02266666666666667 0
1670601915487 0.027333333333333334 0
1670601916507 0.027333333333333334 0
1670601917390 0.026333333333333334 0
1670601918319 0.031 0
1670601919169 0.03233333333333333 0
1670601920268 0.028666666666666667 0
1670601921117 0.025333333333333333 0
1670601921952 0.030666666666666665 0
1670601922840 0.028 0
1670601923723 0.029333333333333333 0
1670601924806 0.025333333333333333 0
1670601925917 0.026 0
1670601926795 0.02266666666666667 0
1670601927674 0.030333333333333334 0
1670601928741 0.02666666666666667 0
1670601929630 0.023 0
1670601930579 0.028 0
1670601931756 0.032 0
1670601932726 0.029333333333333333 0
1670601933742 0.026 0
1670601934625 0.027666666666666666 0
1670601935559 0.023333333333333334 0
1670601936528 0.032 0
1670601937420 0.029333333333333333 0
1670601938748 0.028333333333333332 0
1670601939756 0.026 0
1670601940875 0.028333333333333332 0
1670601941968 0.028 0
1670601942933 0.02666666666666667 0
1670601943833 0.027 0
1670601944940 0.030666666666666665 0
1670601945800 0.028333333333333332 0
1670601946873 0.031 0
1670601947801 0.028 0
1670601948908 0.029666666666666668 0
1670601949941 0.026 0
1670601951033 0.028 0
1670601952183 0.023666666666666666 0
1670601953097 0.027 0
1670601954213 0.028333333333333332 0
1670601955335 0.028 0
1670601956216 0.03233333333333333 0
1670601957118 0.028666666666666667 0
1670601957990 0.030333333333333334 0
1670601959172 0.027 0
1670601960098 0.027666666666666666 0
1670601961012 0.026 0
1670601962457 0.024666666666666667 0
1670601963375 0.028 0
1670601964298 0.03 0
1670601965493 0.03133333333333333 0
1670601966463 0.025 0
1670601967858 0.028 0
1670601969013 0.027 0
1670601969968 0.027333333333333334 0
1670601971041 0.030666666666666665 0
1670601971926 0.023 0
1670601973185 0.027666666666666666 0
1670601974072 0.027333333333333334 0
1670601975151 0.027666666666666666 0
1670601976370 0.02666666666666667 0
1670601977433 0.025666666666666667 0
1670601978336 0.024666666666666667 0
1670601979258 0.028333333333333332 0
1670601980155 0.027666666666666666 0
1670601981062 0.029666666666666668 0
1670601981961 0.023 0
1670601982896 0.026333333333333334 0
1670601983891 0.027666666666666666 0
1670601984839 0.02666666666666667 0
1670601985943 0.03133333333333333 0
1670601987049 0.03166666666666667 0
1670601987937 0.027333333333333334 0
1670601989050 0.025333333333333333 0
1670601989957 0.02666666666666667 0
1670601990865 0.02666666666666667 0
1670601992195 0.028666666666666667 0
1670601993293 0.025 0
1670601994277 0.027666666666666666 0
1670601995549 0.029 0
1670601996426 0.030666666666666665 0
1670601997324 0.03 0
1670601998208 0.030333333333333334 0
1670601999145 0.027 0
1670601999997 0.023666666666666666 0
1670602001210 0.02266666666666667 0
1670602002335 0.02033333333333333 0
1670602003509 0.03133333333333333 0
1670602004767 0.028 0
1670602005640 0.028 0
1670602006780 0.026333333333333334 0
1670602007731 0.028666666666666667 0
1670602008640 0.028 0
1670602009519 0.033 0
1670602010438 0.027333333333333334 0
1670602011544 0.030666666666666665 0
1670602012644 0.028333333333333332 0
1670602013837 0.025666666666666667 0
1670602014849 0.023333333333333334 0
1670602015881 0.02666666666666667 0
1670602016736 0.02666666666666667 0
1670602017734 0.027333333333333334 0
1670602018784 0.03166666666666667 0
1670602019895 0.032 0
1670602020746 0.03333333333333333 0
1670602022013 0.030333333333333334 0
1670602023213 0.036 0
1670602024115 0.027 0
1670602025275 0.033 0
1670602026494 0.02666666666666667 0
1670602027794 0.024333333333333332 0
1670602028856 0.02666666666666667 0
1670602030031 0.025 0
1670602031151 0.024666666666666667 0
1670602032176 0.029333333333333333 0
1670602033252 0.029666666666666668 0
1670602034241 0.03133333333333333 0
