1670601641702 0.0550602205245391 0
1670601642603 0.02813731985561535 0
1670601643537 0.02685246366602283 0
1670601644397 0.022832216924127423 0
1670601645203 0.019380125388530883 0
1670601646167 0.021312580512008385 0
1670601647230 0.019431367624725936 0
1670601648367 0.02110379171368021 0
1670601649257 0.01964071266480903 0
1670601650045 0.0195680375443348 0
1670601650934 0.01946931726866731 0
1670601651854 0.018631789620402028 0
1670601652718 0.017937111495395903 0
1670601653618 0.01796443699546922 0
1670601654505 0.017293872501357346 0
1670601655307 0.017363570006850834 0
1670601656277 0.016812009617766147 0
1670601657244 0.016336162478156002 0
1670601658031 0.016179285031034156 0
1670601658832 0.015736108565015658 0
1670601659689 0.015330497214101034 0
1670601660693 0.015215647507509918 0
1670601661601 0.014910992326905494 0
1670601662585 0.014760464853035643 0
1670601663420 0.014461095837520307 0
1670601664265 0.014878746774202558 0
1670601665137 0.015008880011405 0
1670601666066 0.014723684594122703 0
1670601667198 0.014590582965314014 0
1670601668255 0.014506256004890607 0
1670601669175 0.014527909400870728 0
1670601669951 0.014342549579530565 0
1670601670805 0.014130366014688579 0
1670601671635 0.013930431105588354 0
1670601672583 0.013914960418884518 0
1670601673647 0.013725643765181657 0
1670601674420 0.013559161894384657 0
1670601675345 0.013947585239529561 0
1670601676223 0.013880541568102037 0
1670601677194 0.013837090441333393 0
1670601678285 0.014546863758050702 0
1670601679212 0.014501591337226661 0
1670601680010 0.014376995483564317 0
1670601680887 0.014255119398762159 0
1670601681761 0.014150874043902868 0
1670601682552 0.014033759362526738 0
1670601683415 0.014704870865888335 0
1670601684339 0.014656745680004583 0
1670601685281 0.014562917827374733 0
1670601686104 0.014419553842178613 0
1670601686907 0.014408411078979597 0
1670601687730 0.014534776291024488 0
1670601688518 0.01444946990283574 0
1670601689532 0.014374345373264347 0
1670601690530 0.014245459616482041 0
1670601691471 0.014327900630383014 0
1670601692439 0.014220707500861095 0
1670601693455 0.014099678002004717 0
1670601694328 0.014062504464061692 0
1670601695237 0.014162737494350729 0
1670601696157 0.014078336366905461 0
1670601697118 0.01396825881422395 0
1670601697979 0.014610021451855061 0
1670601698970 0.014530285730977865 0
1670601699758 0.014420671016399426 0
1670601700666 0.014459747135733888 0
1670601701527 0.0143535709272761 0
1670601702404 0.01430087047096934 0
1670601703296 0.014248030651178925 0
1670601704185 0.014152814520223704 0
1670601705151 0.014079137313739866 0
1670601706006 0.014074702188331817 0
1670601706984 0.013995405461081072 0
1670601707848 0.013912302425476825 0
1670601708780 0.014151590763144338 0
1670601709624 0.014089005109492236 0
1670601710463 0.014173076898669743 0
1670601711412 0.014090378665521583 0
1670601712333 0.014050880436258163 0
1670601713187 0.013999965606601182 0
1670601713980 0.013921546470484866 0
1670601714788 0.013848676023296518 0
1670601715701 0.013868349548543869 0
1670601716619 0.01378658363482373 0
1670601717530 0.013722195798596369 0
1670601718557 0.013648188705976061 0
1670601719341 0.01357051034386745 0
1670601720232 0.01352507968919522 0
1670601721155 0.013499163839050171 0
1670601722254 0.013689477428275837 0
1670601723246 0.013664059333330501 0
1670601724232 0.013590537349149015 0
1670601725112 0.013698860185481897 0
1670601726032 0.013626660641241857 0
1670601726923 0.01356286615288517 0
1670601727760 0.01351864111040884 0
1670601728710 0.013449835048771251 0
1670601729795 0.013393389220440113 0
1670601730699 0.013329413915405666 0
1670601731661 0.013419650035508594 0
1670601732659 0.013399884232740838 0
1670601733565 0.01333597336926589 0
1670601734485 0.013366111381060794 0
1670601735427 0.013315578368899347 0
1670601736237 0.013253736637006817 0
1670601737127 0.013199641552320705 0
1670601738134 0.013164460287864672 0
1670601738969 0.013212300282882974 0
1670601739870 0.01315221596806198 0
1670601740779 0.013155975911888253 0
1670601741616 0.013115619514591038 0
1670601742408 0.013097701895439955 0
1670601743544 0.013041105685027619 0
1670601744351 0.012992044973856101 0
1670601745183 0.012942177669262457 0
1670601746192 0.012902519202150173 0
1670601747044 0.012847767894370494 0
1670601747893 0.01284120004326457 0
1670601748792 0.012787957245209244 0
1670601749583 0.012735371233251802 0
1670601750448 0.012716400635140873 0
1670601751521 0.012679598648377005 0
1670601752441 0.012708747714179975 0
1670601753420 0.012658473517363399 0
1670601754394 0.01268600249683148 0
1670601755330 0.01265499430951061 0
1670601756181 0.012638686251797263 0
1670601757013 0.012692893892567989 0
1670601757932 0.012646058067605964 0
1670601758923 0.012616211748977035 0
1670601759743 0.012593602626312123 0
1670601760739 0.012546661389102737 0
1670601761659 0.012700038244988693 0
1670601762610 0.012653594575613936 0
1670601763428 0.012609300169280212 0
1670601764513 0.012610904325429297 0
1670601765319 0.012573826044370375 0
1670601766133 0.012558176721892671 0
1670601766942 0.012516918338500362 0
1670601767934 0.012476059743118384 0
1670601768851 0.012509454975582618 0
1670601769924 0.012519225305018849 0
1670601770809 0.012485010656692826 0
1670601771683 0.012461217696899077 0
1670601772562 0.012501806900791144 0
1670601773428 0.012464193023084442 0
1670601774340 0.012457204769132035 0
1670601775363 0.012416629073130958 0
1670601776609 0.012375220500567701 0
1670601777814 0.012445521691332458 0
1670601778695 0.012453351674149543 0
1670601779634 0.012418497107676733 0
1670601780623 0.012380643492782693 0
1670601781597 0.012349106622049685 0
1670601782669 0.012310257900779251 0
1670601783578 0.012271186309008895 0
1670601784456 0.01225803346068437 0
1670601785332 0.012220562598081332 0
1670601786235 0.012194980245478909 0
1670601787462 0.012157224793596398 0
1670601788437 0.012157494154509417 0
1670601789341 0.012178703402186825 0
1670601790201 0.012147097789799166 0
1670601791045 0.012175373529896692 0
1670601791891 0.012163410298821967 0
1670601792794 0.01212982832071319 0
1670601793715 0.012208369884662201 0
1670601794657 0.012247280670397875 0
1670601795621 0.012212211239559817 0
1670601796548 0.012179119072478841 0
1670601797566 0.012161050273758248 0
1670601798385 0.01214855306628776 0
1670601799222 0.012118387468693675 0
1670601800161 0.012091592065274041 0
1670601800972 0.012065631858484766 0
1670601801771 0.012043254489666335 0
1670601802663 0.01200951989212232 0
1670601803619 0.012018718039879861 0
1670601804462 0.011985999491492004 0
1670601805357 0.011960228139880479 0
1670601806412 0.011950400743915294 0
1670601807358 0.011917754300525218 0
1670601808353 0.011896453428871127 0
1670601809258 0.011875225432324998 0
1670601810059 0.011848542985496709 0
1670601810904 0.011833967948617526 0
1670601811712 0.011843398724213479 0
1670601812658 0.011838185947693723 0
1670601813487 0.01181743608816407 0
1670601814335 0.011811959100550651 0
1670601815210 0.012010148476352758 0
1670601816171 0.011998619435659306 0
1670601817076 0.011986997020539278 0
1670601817909 0.012035349598624977 0
1670601818844 0.012005230010996522 0
1670601819689 0.011974754856892412 0
1670601820542 0.011963623982811467 0
1670601821377 0.012033245247416058 0
1670601822649 0.012003168215680496 0
1670601823631 0.011997855422970768 0
1670601824437 0.01197066602934942 0
1670601825319 0.011981035753340578 0
1670601826173 0.0119838720749138 0
1670601827103 0.012000987158113194 0
1670601828147 0.012017118931676268 0
1670601829011 0.011988909008661938 0
1670601830025 0.012030953545767283 0
1670601830982 0.012025787367732587 0
1670601831859 0.01200666279564562 0
1670601832755 0.01198063621028041 0
1670601833774 0.011956916088100879 0
1670601834634 0.011938295151810142 0
1670601835538 0.011911332109756284 0
1670601836435 0.011885371063450886 0
1670601837311 0.011858788053769425 0
1670601838207 0.011833191241346241 0
1670601839078 0.011806573316236378 0
1670601840152 0.01178564470465615 0
1670601841041 0.011759003975291952 0
1670601842298 0.011781631207931263 0
1670601843272 0.011816765590554376 0
1670601844271 0.011842428460254642 0
1670601845299 0.011820273919875314 0
1670601846227 0.011797576742373299 0
1670601847127 0.011812440923712215 0
1670601848173 0.011786554823010366 0
1670601849409 0.011811765092034694 0
1670601850390 0.011786807949909876 0
1670601851227 0.011775027797092039 0
1670601852104 0.011753610240822079 0
1670601852953 0.011737351525136337 0
1670601853803 0.01173528496243792 0
1670601854641 0.011751763202597326 0
1670601855675 0.011744248514695903 0
1670601856674 0.011721251164545757 0
1670601857554 0.011736862023393843 0
1670601858432 0.011729022721911099 0
1670601859373 0.011706508091530364 0
1670601860164 0.01168270048290173 0
1670601861043 0.011671576440321511 0
1670601861890 0.011650996238322199 0
1670601862720 0.011643559473490425 0
1670601863559 0.011626043484051128 0
1670601864482 0.011641163935908708 0
1670601865376 0.011752464445848917 0
1670601866230 0.011740205366338668 0
1670601867235 0.0117298318480555 0
1670601868383 0.011737028314414023 0
1670601869454 0.011720115858301402 0
1670601870416 0.01169720257248269 0
1670601871498 0.01170430311217447 0
1670601872339 0.011683388029156735 0
1670601873435 0.011693673433586158 0
1670601874368 0.011687809663425568 0
1670601875526 0.011707918799411274 0
1670601876395 0.011699976402330246 0
1670601877375 0.011681316719524243 0
1670601878254 0.011668107733945093 0
1670601879259 0.01169858788806508 0
1670601880258 0.011759448231415795 0
1670601881124 0.01174775288259718 0
1670601882139 0.01182228313364049 0
1670601883372 0.011823403097385811 0
1670601884289 0.011824337766034067 0
1670601885626 0.011803424300316369 0
1670601886450 0.011785181598063466 0
1670601887420 0.011777246652368744 0
1670601888255 0.011781149331120594 0
1670601889163 0.011853269136688188 0
1670601890157 0.011838838673134129 0
1670601891345 0.011817492395508802 0
1670601892237 0.01180775201080567 0
1670601893194 0.011839950276079935 0
1670601894042 0.011818420084059068 0
1670601894901 0.011801710058461513 0
1670601895803 0.011800393993870735 0
1670601896833 0.011780486185360518 0
1670601897918 0.01178393009234414 0
1670601898812 0.011790203263511052 0
1670601899678 0.011774989915912873 0
1670601900456 0.011758780673042004 0
1670601901276 0.011738127712921965 0
1670601902266 0.011769320153523576 0
1670601903120 0.011754478566212992 0
1670601903931 0.011785114224136226 0
1670601904958 0.011774178076446668 0
1670601905909 0.011754887984177207 0
1670601906874 0.011755513057668844 0
1670601908013 0.011798114532314517 0
1670601908952 0.011777832790952712 0
1670601909801 0.011788534452009516 0
1670601910660 0.011768585524129703 0
1670601911649 0.011757825268319089 0
1670601912582 0.011792186578921317 0
1670601913578 0.011777954139057259 0
1670601914668 0.011821735875941621 0
1670601915498 0.011802979441636927 0
1670601916514 0.011784311600225791 0
1670601917397 0.011770956846818365 0
1670601918326 0.011770439301035072 0
1670601919187 0.011790603799907238 0
1670601920278 0.011771931128689975 0
1670601921125 0.011768457946329778 0
1670601921959 0.011763779356809369 0
1670601922847 0.011744548914451501 0
1670601923730 0.011728866428324713 0
1670601924813 0.011725607999054859 0
1670601925930 0.011715538919511978 0
1670601926804 0.01175759387960143 0
1670601927681 0.011749808989201686 0
1670601928748 0.011734889324033545 0
1670601929648 0.011768890503066329 0
1670601930591 0.011750135816847428 0
1670601931764 0.011764319574705358 0
1670601932733 0.011749202614355917 0
1670601933749 0.011739162823239849 0
1670601934634 0.011720956230829496 0
1670601935567 0.011747645691131674 0
1670601936536 0.011761709119363441 0
1670601937428 0.011746862819486156 0
1670601938755 0.011728798475080095 0
1670601939763 0.011718952845440077 0
1670601940883 0.011701050304081563 0
1670601941990 0.011683035852871282 0
1670601942940 0.011668805614409847 0
1670601943841 0.011653034660622189 0
1670601944952 0.011649357677282885 0
1670601945807 0.011631832310057398 0
1670601946881 0.011631877634091299 0
1670601947825 0.011614295744717305 0
1670601948915 0.011602098082316492 0
1670601949949 0.01159290980656615 0
1670601951041 0.011575544174521779 0
1670601952196 0.011595890584624166 0
1670601953104 0.011580665862075366 0
1670601954220 0.011563669203721191 0
1670601955343 0.011546551068021972 0
1670601956224 0.011565968771698132 0
1670601957126 0.011549739457667789 0
1670601957997 0.01154310916116047 0
1670601959179 0.011528315027440873 0
1670601960106 0.011511760976545962 0
1670601961019 0.011503028758707883 0
1670601962464 0.011508167948861375 0
1670601963382 0.011491526264143136 0
1670601964306 0.011482508987877567 0
1670601965500 0.011487006288091371 0
1670601966470 0.011488134222504266 0
1670601967866 0.011471712039455888 0
1670601969020 0.011457359601214752 0
1670601969976 0.011441975111726461 0
1670601971053 0.011439055810483562 0
1670601971933 0.011470672921478055 0
1670601973193 0.011454731874703604 0
1670601974079 0.011439499498837477 0
1670601975160 0.01142368838898409 0
1670601976377 0.011411103816653459 0
1670601977441 0.011405440633349473 0
1670601978345 0.011410320098491047 0
1670601979271 0.01139472516495598 0
1670601980162 0.01137917108402 0
1670601981070 0.011368707685717124 0
1670601981968 0.011399235378692252 0
1670601982904 0.011388612887775484 0
1670601983899 0.011373220451759328 0
1670601984851 0.011360863017879277 0
1670601985950 0.011366134347927437 0
1670601987057 0.011375545981327142 0
1670601987951 0.011360951567292641 0
1670601989057 0.01135846258838983 0
1670601989964 0.011346326874360435 0
1670601990872 0.011334226527729419 0
1670601992210 0.011319929613369951 0
1670601993311 0.011320831871725529 0
1670601994285 0.011305932189658075 0
1670601995556 0.011292844321239462 0
1670601996434 0.01129095232325577 0
1670601997331 0.011283375412395574 0
1670601998216 0.011278397631034321 0
1670601999157 0.011265334925865858 0
1670602000015 0.011283809142369188 0
1670602001226 0.011318997605917286 0
1670602002343 0.011406514135554307 0
1670602003516 0.011411770078268834 0
1670602004774 0.011396982648731051 0
1670602005647 0.011382252555488217 0
1670602006792 0.011372120365547196 0
1670602007746 0.011358392799598466 0
1670602008647 0.011343825989678716 0
1670602009530 0.011373365353820681 0
1670602010445 0.01135952864175338 0
1670602011551 0.011357651666111426 0
1670602012652 0.011343459455939082 0
1670602013847 0.011338156431378893 0
1670602014867 0.011360387272533308 0
1670602015890 0.011348873619640772 0
1670602016750 0.011337392156327786 0
1670602017743 0.011323808294190517 0
1670602018792 0.011333117832961509 0
1670602019902 0.011346616338620143 0
1670602020754 0.011380930864447143 0
1670602022021 0.011376102000345945 0
1670602023221 0.011468874810679552 0
1670602024122 0.011456361575895212 0
1670602025285 0.011483440786209338 0
1670602026501 0.011472290013191302 0
1670602027802 0.011480330310887486 0
1670602028865 0.011469184928181012 0
1670602030038 0.01146981902237388 0
1670602031159 0.011473797400398902 0
1670602032184 0.011462838315000324 0
1670602033259 0.011453546234918482 0
1670602034249 0.011457811529413608 0
