1670566337653 0.0 0
1670566337908 0.0 0
1670566338230 0.0 0
1670566338373 0.0 0
1670566338530 0.0 0
1670566338667 0.0 0
1670566339025 0.0 0
1670566339429 0.0 0
1670566339668 0.0 0
1670566340080 0.0 0
1670566340376 0.0 0
1670566340557 0.0 0
1670566340950 0.0 0
1670566341265 0.0 0
1670566341542 0.0 0
1670566341881 0.0 0
1670566342085 0.0 0
1670566342415 0.0 0
1670566342685 0.0 0
1670566343077 0.0 0
1670566343446 0.0 0
1670566343712 0.0 0
1670566344076 0.0 0
1670566344349 0.0 0
1670566344549 0.0 0
1670566344760 0.0 0
1670566344988 0.0 0
1670566345175 0.0 0
1670566345412 0.0 0
1670566345748 0.0 0
1670566346127 0.0 0
1670566346415 0.0 0
1670566346840 0.0 0
1670566347055 0.0 0
1670566347495 0.0 0
1670566347774 0.0 0
1670566347999 0.0 0
1670566348206 0.0 0
1670566348428 0.0 0
1670566348840 0.0 0
1670566349209 0.0 0
1670566349585 0.0 0
1670566349889 0.0 0
1670566350138 0.0 0
1670566350592 0.0 0
1670566350898 0.0 0
1670566351161 0.0 0
1670566351509 0.0 0
1670566351766 0.0 0
1670566352291 0.0 0
1670566352518 0.0 0
1670566352698 0.0 0
1670566352881 0.0 0
1670566353037 0.0 0
1670566353249 0.0 0
1670566353424 0.0 0
1670566353589 0.0 0
1670566353762 0.0 0
1670566353925 0.0 0
1670566354119 0.0 0
1670566354264 0.0 0
1670566354423 0.0 0
1670566354594 0.0 0
1670566354767 0.0 0
1670566355112 0.0 0
1670566355590 0.0 0
1670566356003 0.0 0
1670566356448 0.0 0
1670566356758 0.0 0
1670566356983 0.0 0
1670566357353 0.0 0
1670566357744 0.0 0
1670566358133 0.0 0
1670566358441 0.0 0
1670566358627 0.0 0
1670566358787 0.0 0
1670566359010 0.0 0
1670566359156 0.0 0
1670566359380 0.0 0
1670566359530 0.0 0
1670566359757 0.0 0
1670566359979 0.0 0
1670566360120 0.0 0
1670566360411 0.0 0
1670566360687 0.0 0
1670566360919 0.0 0
1670566361257 0.0 0
1670566361527 0.0 0
1670566361828 0.0 0
1670566362129 0.0 0
1670566362367 0.0 0
1670566362641 0.0 0
1670566362944 0.0 0
1670566363238 0.0 0
1670566363553 0.0 0
1670566363988 0.0 0
1670566364446 0.0 0
1670566364683 0.0 0
1670566364921 0.0 0
1670566365203 0.0 0
1670566365542 0.0 0
1670566365767 0.0 0
