1670697043627 0.0 0
1670697046551 0.0 0
1670697049866 0.0 0
1670697053327 0.0 0
1670697056811 0.00027371408230461027 0
1670697060503 0.00031582917044225466 0
1670697064065 0.00029254638168281 0
1670697067534 0.0003105887926335839 0
1670697071068 0.0002961858980613466 0
1670697074350 0.00028352224744856123 0
1670697077095 0.0002964441013305928 0
1670697079849 0.00030285763239265405 0
1670697082729 0.0003054586347812072 0
1670697085538 0.000300207599572024 0
1670697088565 0.0002948238783297366 0
1670697091391 0.000289448606135509 0
1670697094248 0.0002841647432645441 0
1670697097263 0.00028955291063474464 0
1670697100608 0.0002852310992869538 0
1670697103847 0.00028942498836053804 0
1670697107010 0.00028582550941279414 0
1670697110197 0.00028221293433378184 0
1670697113380 0.00027862129986294535 0
1670697116678 0.0002830489455947 0
1670697120198 0.0002799459887813262 0
1670697123664 0.00027685310571294315 0
1670697127031 0.00027378740420235984 0
1670697130445 0.00027076123830444633 0
1670697133893 0.0002566195233869159 0
1670697137357 0.0002541856026296681 0
1670697140808 0.00025177652843611057 0
1670697144256 0.0002493980091613148 0
1670697147945 0.00024705428376555307 0
1670697151260 0.0002447484392598075 0
1670697154156 0.00024248265730203686 0
1670697157213 0.0002402584068758098 0
1670697160282 0.00023807659562698232 0
1670697163373 0.0002359376892813834 0
1670697166498 0.00023384180626183812 0
1670697169604 0.00023178879292259423 0
1670697172665 0.00022977828355405378 0
1670697175760 0.00022780974836177485 0
1670697179219 0.00022588253190663864 0
1670697182473 0.00022399588394743475 0
1670697185618 0.00023097951514455716 0
1670697188827 0.00022918334340225904 0
1670697191922 0.00022742102238743148 0
1670697194949 0.00022569205458654567 0
1670697198357 0.00022399588394743478 0
1670697201747 0.0002223319100050316 0
1670697205146 0.0002286993730122345 0
1670697208562 0.00022710419939101276 0
1670697211990 0.00022553651074349242 0
1670697215444 0.00022399588394743475 0
1670697218826 0.00022977828355405378 0
1670697222288 0.0002282979810914274 0
1670697225347 0.00023352317469080026 0
1670697228083 0.00023823101975464127 0
1670697230787 0.00023684909518404646 0
1670697233674 0.00023548495117328743 0
1670697236612 0.00023413858731838457 0
1670697239619 0.00023280995938302162 0
1670697242853 0.00023149898579179586 0
1670697246093 0.0002302055532534208 0
1670697249281 0.0002289295216347745 0
1670697252766 0.00022767072818874603 0
1670697256160 0.00023219598093443436 0
1670697259629 0.00023097951514455714 0
1670697262926 0.00022977828355405375 0
1670697266441 0.0002285921650618313 0
1670697270335 0.00022742102238743148 0
1670697273713 0.0002262647045607074 0
1670697277006 0.00022512304910432914 0
1670697280366 0.0002294060042030545 0
1670697283712 0.00022829798109142742 0
1670697287066 0.0002272030883123217 0
1670697290519 0.00022612119922414583 0
1670697293890 0.0002250521785925307 0
1670697297273 0.0002239958839474348 0
1670697300628 0.00022295216678298624 0
1670697303970 0.00022192087361821218 0
1670697307356 0.000220901846934597 0
1670697310745 0.00021989492600449253 0
1670697314116 0.0002188999476227281 0
1670697317458 0.00021791674675230755 0
1670697320822 0.00021694515709380635 0
1670697324191 0.00021598501158696283 0
1670697327556 0.00021503614285197677 0
1670697330936 0.00021409838357717395 0
1670697334421 0.00021317156685893347 0
1670697337980 0.00021734382792103202 0
1670697341549 0.00021643542982440522 0
1670697345168 0.0002155370906266522 0
1670697348271 0.0002194512487762821 0
1670697351143 0.00021857091357831406 0
1670697354153 0.00021769984037445296 0
1670697357197 0.00021683791217652303 0
1670697360588 0.000220529476254479 0
1670697364100 0.00021968446992658483 0
1670697367547 0.00021884790803661087 0
1670697371031 0.00021801969189931097 0
1670697374538 0.00021719972221031814 0
1670697378137 0.00021638789925907813 0
1670697381578 0.0002155841231200368 0
1670697384913 0.00021478829382412447 0
1670697388216 0.00021400031151238002 0
1670697391769 0.00021322007657338044 0
1670697395283 0.0002124474897659852 0
1670697398805 0.00021168245232875896 0
1670697402352 0.00021092486607730945 0
1670697405882 0.00021447216484649605 0
1670697409396 0.0002137263531089464 0
1670697412851 0.000212987501981177 0
1670697416452 0.00021225552649911577 0
1670697419682 0.00021153034211434372 0
1670697422687 0.00021081186476697953 0
1670697425715 0.00021010001095069885 0
1670697428788 0.00021347930020205653 0
1670697431854 0.00021277766823855814 0
1670697434951 0.00021208225073298835 0
1670697438385 0.00021139297475326457 0
1670697441843 0.0002107097677826244 0
1670697445095 0.00021003255776931104 0
1670697448245 0.00020936127317100232 0
1670697451333 0.00020869584299442427 0
1670697454446 0.0002119250604263028 0
1670697457735 0.00021126830600783232 0
1670697461140 0.00022880023019934941 0
1670697464569 0.0002281002173011692 0
1670697468021 0.0002274060259812657 0
1670697471430 0.00022671759032533867 0
1670697474935 0.00022603484490511049 0
1670697478398 0.0002253577248069832 0
1670697481913 0.00022468616565755688 0
1670697485583 0.0002240201036462618 0
