1670627818195 0.0 0
1670627823330 0.0 0
1670627828410 0.0 0
1670627833466 0.0 0
1670627838553 0.0 0
1670627843649 0.0 0
1670627848545 0.0 0
1670627853264 0.0 0
1670627858209 0.0 0
1670627863389 0.0 0
1670627868270 0.0 0
1670627873651 0.0 0
1670627879408 0.0 0
1670627884705 0.0 0
1670627890306 0.0 0
1670627896310 0.0 0
1670627902110 0.0 0
1670627908454 0.0 0
1670627915575 0.0 0
1670627922504 0.0 0
1670627929612 0.0 0
1670627936568 0.0 0
1670627943458 0.0 0
1670627950435 0.0 0
1670627957325 0.0 0
1670627964251 0.0 0
1670627971153 0.0 0
1670627978258 0.0 0
1670627985395 0.0 0
1670627992758 0.0 0
1670628000001 0.0 0
1670628007055 0.0 0
1670628013585 0.0 0
1670628020206 0.0 0
1670628026914 0.0 0
1670628033643 0.0 0
1670628040381 0.0 0
1670628047325 0.0 0
1670628054133 0.0 0
1670628060854 0.0 0
1670628067447 0.0 0
1670628074083 0.0 0
1670628080781 0.0 0
1670628087573 0.0 0
1670628094436 0.0 0
1670628101408 0.0 0
1670628108297 0.0 0
1670628115147 0.0 0
1670628122067 0.0 0
1670628128997 0.0 0
1670628135674 0.0 0
1670628142452 0.0 0
1670628149313 0.0 0
1670628155688 0.0 0
1670628162077 0.0 0
1670628168460 0.0 0
1670628174852 0.0 0
1670628181723 0.0 0
1670628189108 0.0 0
1670628196149 0.0 0
1670628203509 0.0 0
1670628210952 0.0 0
1670628218394 0.0 0
1670628225829 0.0 0
1670628233036 0.0 0
1670628239739 0.0 0
1670628245946 0.0 0
1670628252579 0.0 0
1670628259290 0.0 0
1670628266451 0.0 0
1670628273401 0.0 0
1670628280354 0.0 0
1670628287419 0.0 0
1670628294603 0.0 0
1670628301950 0.0 0
1670628309308 0.0 0
1670628316273 0.0 0
1670628323658 0.0 0
1670628331004 0.0 0
1670628338383 0.0 0
1670628345597 0.0 0
1670628352739 0.0 0
1670628359841 0.0 0
1670628366974 0.0 0
1670628374264 0.0 0
1670628381200 0.0 0
1670628388335 0.0 0
1670628395518 0.0 0
1670628402481 0.0 0
1670628409566 0.0 0
1670628416667 0.0 0
1670628423725 0.0 0
1670628430740 0.0 0
1670628437834 0.0 0
1670628445383 0.0 0
1670628452862 0.0 0
1670628459984 0.0 0
1670628466775 0.0 0
1670628473159 0.0 0
1670628479449 0.0 0
1670628485247 0.0 0
