1670575668313 0.0 0
1670575669242 0.0027043865976987317 0
1670575669917 0.001837386231037399 0
1670575670582 0.0014807707227721594 0
1670575671335 0.0012773323840881811 0
1670575672026 0.0011416543762113986 0
1670575672924 0.0010427012853809375 0
1670575673623 0.0009662762437489276 0
1670575674316 0.0009048628650963965 0
1670575674594 0.0008540598442814479 0
1670575674927 0.0008110935494594951 0
1670575675339 0.0007741157992122981 0
1670575675832 0.0007418399966452788 0
1670575676537 0.0007133383959021146 0
1670575677234 0.0006879223827693854 0
1670575677760 0.0006650683291673761 0
1670575678369 0.0006443698131836861 0
1670575678997 0.0006255057774310146 0
1670575679626 0.0006655392316695587 0
1670575680264 0.0006945323556990224 0
1670575680780 0.0006787311084277022 0
1670575681287 0.0006639616446035232 0
1670575681955 0.0006501163663468723 0
1670575682665 0.0006371027502215816 0
1670575683367 0.0006248407381773336 0
1670575684152 0.0006132606594370087 0
1670575684713 0.000602301560357625 0
1670575685308 0.0006282565506296401 0
1670575685676 0.0005924087185312256 0
1670575686039 0.000613709814472417 0
1670575686813 0.0006056450807044973 0
1670575687544 0.0005978748922170088 0
1670575688199 0.0006160904496145538 0
1670575688824 0.00060887705160024 0
1670575689384 0.0006018949203082676 0
1670575690240 0.0005951333363519282 0
1670575691202 0.0005885820937040545 0
1670575691992 0.0005822314978482378 0
1670575692493 0.0005760723559000093 0
1670575693439 0.0005928038624339324 0
1670575693960 0.0005869924841162334 0
1670575694672 0.0005813382769660547 0
1670575695313 0.0005758350260070467 0
1670575695944 0.0005704767779123608 0
1670575696453 0.000565257838202547 0
1670575696991 0.0005601727659663209 0
1670575697961 0.0005552163668393779 0
1670575698648 0.0005503836847994697 0
1670575699376 0.0005456699932006342 0
1670575699920 0.0005410707853657378 0
1670575700535 0.0005365817649768523 0
1670575701257 0.0005321988364417775 0
1670575701819 0.0006197477972298214 0
1670575702570 0.0006149383012929599 0
1670575703298 0.0006102346386849579 0
1670575703909 0.0006210549194778937 0
1670575704497 0.0006165520516404691 0
1670575705268 0.0006121410436196111 0
1670575705918 0.0006078190541865137 0
1670575706472 0.0006035833458612103 0
1670575707153 0.0005994312818925614 0
1670575707874 0.0005953603230887405 0
1670575708491 0.0005913680245574725 0
1670575708959 0.0005874520324030892 0
1670575709607 0.0005836100804175879 0
1670575710247 0.0005798399867948407 0
1670575710952 0.0005761396508905953 0
1670575711833 0.0005867368402929439 0
1670575712400 0.0005831545933349589 0
1670575712878 0.0005796346233633033 0
1670575713211 0.0005761752535262474 0
1670575714034 0.0005727748630619335 0
1670575714519 0.0005694318854322216 0
1670575715028 0.0005661448064749056 0
1670575715756 0.0005629121625833369 0
1670575716374 0.0005729523861589678 0
1670575716913 0.0005698084807135163 0
1670575717564 0.0005667138011629476 0
1670575718020 0.000563667150566931 0
1670575718821 0.0005606673682983031 0
1670575719434 0.0005700959613506222 0
1670575720094 0.000567173702001874 0
1670575720697 0.0005642940753534938 0
1670575721046 0.0005614561212093311 0
1670575721602 0.000558658905939405 0
1670575722198 0.0006115470033955668 0
1670575722919 0.000618477492324091 0
1670575723559 0.000615568319662127 0
1670575724186 0.0007230031058725219 0
1670575724752 0.0007267834050941063 0
1670575725444 0.0007234985843957291 0
1670575726075 0.0007202554677246321 0
1670575726781 0.0007170532616932844 0
1670575727206 0.0007138911898780742 0
1670575727969 0.000710768492631269 0
1670575728899 0.0007145738914636049 0
1670575729628 0.0007115423417556437 0
1670575730325 0.000715154149701817 0
1670575730778 0.0007122101486462872 0
1670575731556 0.0007156425778281163 0
1670575731993 0.0007127826767661218 0
