1670567051328 0.08470803157621398 0
1670567052634 0.02608892189363003 0
1670567053793 0.022978043474594784 0
1670567055163 0.018912462568079394 0
1670567056424 0.016300382831880622 0
1670567057608 0.014664815986886279 0
1670567058949 0.013323980981253161 0
1670567060033 0.012677198162471565 0
1670567061294 0.01263572225489859 0
1670567062505 0.01284252999724965 0
1670567063639 0.01256704325132113 0
1670567064981 0.012095430342704175 0
1670567066281 0.0134259363681547 0
1670567067409 0.01298155492106759 0
1670567068636 0.01274104249930462 0
1670567069763 0.012412675682074405 0
1670567070932 0.012008683365546353 0
1670567071942 0.011645117213222325 0
1670567073176 0.011368619157480917 0
1670567074408 0.011149157010112865 0
1670567075608 0.011172791039978383 0
1670567076938 0.01116859313579581 0
1670567078004 0.01111599034885108 0
1670567079201 0.010873661971687681 0
1670567080299 0.011214511194787238 0
1670567081423 0.010984537020261618 0
1670567082776 0.011038072892662898 0
1670567084075 0.010978393275348403 0
1670567085281 0.010351495671774773 0
1670567086656 0.010238792594562961 0
1670567087600 0.010259770513093156 0
1670567088819 0.010780888093082471 0
1670567090043 0.010644808985585327 0
1670567090935 0.010743211191901612 0
1670567092365 0.01070874849624219 0
1670567093633 0.010567143131924871 0
1670567094818 0.010783749747065832 0
1670567095703 0.010644782258173308 0
1670567096798 0.010510963594417166 0
1670567098027 0.010469451842683108 0
1670567099395 0.010345844854622824 0
1670567100480 0.010236125493852753 0
1670567101788 0.010319186872860125 0
1670567103240 0.010288883322053091 0
1670567104574 0.010510681100485225 0
1670567106026 0.010425581281713059 0
1670567107521 0.01047034447951728 0
1670567109095 0.010387785073638231 0
1670567110331 0.010567532564468702 0
1670567112000 0.010465112581506546 0
1670567113391 0.010363998608633976 0
1670567114896 0.010271797314753056 0
1670567115832 0.010213435030606562 0
1670567116784 0.010259371412678103 0
1670567118475 0.010173086190452135 0
1670567119579 0.010202591814995238 0
1670567120704 0.0101263051700856 0
1670567122058 0.010184927755258213 0
1670567123209 0.010101153201574103 0
1670567124526 0.010021140231548997 0
1670567125808 0.010150159403102894 0
1670567127115 0.010087568092780445 0
1670567128356 0.010268075398510785 0
1670567129360 0.010289663342141219 0
1670567130551 0.010224989526453315 0
1670567131870 0.010232226565879132 0
1670567133098 0.010210052413991075 0
1670567134266 0.01014640598419704 0
1670567135697 0.01008156459359734 0
1670567137151 0.010060771592586244 0
1670567138431 0.010019220952149924 0
1670567139549 0.009955592325794835 0
1670567140626 0.009888283948685659 0
1670567141830 0.009824377264754335 0
1670567143046 0.009772496012890416 0
1670567144248 0.009793077598617417 0
1670567145612 0.009736751084863382 0
1670567146665 0.009701550594666125 0
1670567147865 0.009688875894077933 0
1670567149012 0.009650145311007718 0
1670567150180 0.009631161466267094 0
1670567151598 0.009594031741195677 0
1670567152919 0.009579833179233155 0
1670567154190 0.009525150553612194 0
1670567155369 0.009601261364275176 0
1670567156477 0.00967209529965228 0
1670567157896 0.00962564761415688 0
1670567159243 0.009579832686973652 0
1670567160309 0.009532047707497882 0
1670567161632 0.009486370914249209 0
1670567162857 0.009559926063482767 0
1670567164133 0.009572998010525167 0
1670567165516 0.009528568432423844 0
1670567166633 0.00952920754382014 0
1670567167899 0.009500809966551449 0
1670567168764 0.009624356433640527 0
1670567170019 0.009575137217125506 0
1670567171187 0.00958230974763527 0
1670567172289 0.0095629015345465 0
1670567173351 0.009525425280256905 0
1670567174582 0.009479228960961955 0
1670567175684 0.009435531842001077 0
1670567176827 0.00939973892839406 0
1670567178077 0.009357322115356254 0
1670567179045 0.00934732298238897 0
1670567180417 0.009310052047631818 0
1670567181430 0.00930519353530294 0
1670567182789 0.009278028621486249 0
1670567184119 0.009235824671005827 0
1670567185360 0.009465388362358426 0
1670567186837 0.009435482655270399 0
1670567188064 0.009400370050373589 0
1670567189497 0.009368108544665493 0
1670567190895 0.009499692318531625 0
1670567192100 0.009459916957997846 0
1670567193356 0.009436589384295618 0
1670567194680 0.009404294976710359 0
1670567195762 0.009421560025787656 0
1670567196794 0.009382840699657658 0
1670567198077 0.00943253278180585 0
1670567199278 0.009396215063525892 0
1670567200554 0.00935900904700146 0
1670567201570 0.00935397613766846 0
1670567202580 0.009322426433344258 0
1670567204144 0.009285864872901697 0
1670567205263 0.009287885676660682 0
1670567206620 0.009438020086244697 0
1670567207983 0.00947954121638274 0
1670567209456 0.009476576548560014 0
1670567210917 0.009449078510120678 0
1670567212293 0.009528552683721127 0
1670567213322 0.009541628676897607 0
1670567214762 0.009506132788413228 0
1670567216001 0.00947085948368706 0
1670567217291 0.009436145910124899 0
1670567218566 0.009443696331484456 0
1670567219695 0.00946149754249059 0
1670567220953 0.009472715876032364 0
1670567222169 0.009439120568614581 0
1670567223360 0.009485067783808102 0
1670567224676 0.009483356539198726 0
1670567226147 0.009450710927155576 0
1670567227572 0.009427574661761015 0
1670567229027 0.009535476142279165 0
1670567230331 0.009570206329135227 0
1670567231572 0.009556194390590814 0
1670567233027 0.009524444538983531 0
1670567234586 0.009504470951350649 0
1670567235667 0.009476606966324796 0
1670567236974 0.009482868454646368 0
1670567238022 0.009495007130591607 0
1670567239157 0.009510974314692291 0
1670567240125 0.00948014430079187 0
1670567241271 0.009453390365612185 0
1670567242387 0.009423045230654098 0
1670567243983 0.00940992829456129 0
1670567245326 0.009382157663460011 0
1670567246802 0.009355846065466092 0
1670567248075 0.009353339315652465 0
1670567249402 0.009325026614004767 0
1670567250447 0.009296969218979292 0
1670567251802 0.00928638357194668 0
1670567253084 0.009266411918201559 0
1670567254377 0.009344463010218948 0
1670567255595 0.009317922815541863 0
1670567257140 0.009291710109373935 0
1670567258567 0.009359483604899226 0
1670567259988 0.009332678641817999 0
1670567261453 0.0093411503761901 0
1670567262741 0.009350901662502673 0
1670567264235 0.009325201145892484 0
1670567265792 0.009333500143941947 0
1670567267039 0.009329712291966497 0
1670567268698 0.009311780078059929 0
1670567270377 0.009295443227229833 0
1670567271747 0.009277004577312856 0
1670567272901 0.009252268844185365 0
1670567273885 0.00924885398670093 0
1670567275031 0.009346396592977205 0
1670567276621 0.009341833332940988 0
1670567278294 0.009486455810569977 0
1670567279625 0.009475725796881534 0
1670567281356 0.009450473351819099 0
1670567282673 0.009439412809721857 0
1670567283976 0.009431053973731743 0
1670567285319 0.00943010353356218 0
1670567286572 0.009416695037245373 0
1670567287852 0.009527595138583322 0
