1670623059795 0.0 0
1670623071311 0.0 0
1670623083469 0.0 0
1670623095208 0.0 0
1670623106819 0.0 0
1670623118400 0.0 0
1670623129498 0.0 0
1670623140461 0.0 0
1670623151706 0.0 0
1670623163319 0.0 0
1670623174624 0.0 0
1670623186006 0.0 0
1670623197150 0.0 0
1670623208837 0.0 0
1670623220511 0.0 0
1670623231783 0.0 0
1670623243295 0.0 0
1670623254585 0.0 0
1670623266307 0.0 0
1670623277553 0.0 0
1670623289000 0.0 0
1670623300532 0.0 0
1670623311961 0.0 0
1670623323431 0.0 0
1670623335316 0.0 0
1670623347219 0.0 0
1670623358150 0.0 0
1670623369775 0.0 0
1670623381355 0.0 0
1670623393492 0.0 0
1670623404914 0.0 0
1670623416423 0.0 0
1670623428233 0.0 0
1670623440573 0.0 0
1670623452221 0.0 0
1670623463737 0.0 0
1670623475417 0.0 0
1670623486983 0.0 0
1670623498432 0.0 0
1670623510061 0.0 0
1670623520945 0.0 0
1670623532457 0.0 0
1670623543948 0.0 0
1670623555356 0.0 0
1670623567554 0.0 0
1670623579105 0.0 0
1670623591073 0.0 0
1670623602806 0.0 0
1670623615000 0.0 0
1670623626829 0.0 0
1670623638224 0.0 0
1670623650204 0.0 0
1670623662011 0.0 0
1670623673758 0.0 0
1670623685459 0.0 0
1670623696057 0.0 0
1670623707297 0.0 0
1670623719169 0.0 0
1670623730878 0.0 0
1670623742918 0.0 0
1670623754475 0.0 0
1670623766302 0.0 0
1670623777151 0.0 0
1670623789014 0.0 0
1670623801260 0.0 0
1670623812014 0.0 0
1670623823417 0.0 0
1670623834484 0.0 0
1670623845897 0.0 0
1670623857051 0.0 0
1670623868600 0.0 0
1670623879891 0.0 0
1670623891276 0.0 0
1670623903146 0.0 0
1670623915381 0.0 0
1670623927224 0.0 0
1670623938879 0.0 0
1670623950568 0.0 0
1670623962713 0.0 0
1670623973773 0.0 0
1670623985368 0.0 0
1670623996660 0.0 0
1670624008472 0.0 0
1670624020464 0.0 0
1670624032195 0.0 0
1670624044466 0.0 0
1670624056066 0.0 0
1670624067795 0.0 0
1670624079583 0.0 0
1670624090823 0.0 0
1670624102368 0.0 0
1670624114811 0.0 0
1670624126599 0.0 0
1670624137635 0.0 0
1670624149517 0.0 0
1670624160944 0.0 0
1670624172714 0.0 0
1670624183833 0.0 0
1670624195490 0.0 0
1670624207428 0.0 0
1670624218687 0.0 0
1670624230260 0.0 0
