1670571018631 0.4166666666666667 0
1670571019448 0.42333333333333334 0
1670571020209 0.4186666666666667 0
1670571020925 0.4206666666666667 0
1670571021958 0.4176666666666667 0
1670571022798 0.4196666666666667 0
1670571023685 0.415 0
1670571024505 0.41133333333333333 0
1670571025401 0.4166666666666667 0
1670571026265 0.4166666666666667 0
1670571027266 0.416 0
1670571028189 0.4266666666666667 0
1670571028890 0.416 0
1670571030067 0.4136666666666667 0
1670571030859 0.419 0
1670571031865 0.42933333333333334 0
1670571032753 0.415 0
1670571033519 0.4116666666666667 0
1670571034140 0.42733333333333334 0
1670571035073 0.415 0
1670571036021 0.419 0
1670571036938 0.426 0
1670571037805 0.41533333333333333 0
1670571038598 0.4256666666666667 0
1670571039461 0.4116666666666667 0
1670571040010 0.4226666666666667 0
1670571040384 0.421 0
1670571041102 0.4166666666666667 0
1670571042020 0.421 0
1670571043075 0.4166666666666667 0
1670571044146 0.42533333333333334 0
1670571045079 0.421 0
1670571045491 0.414 0
1670571045854 0.4246666666666667 0
1670571046243 0.4196666666666667 0
1670571046630 0.4226666666666667 0
1670571047044 0.42033333333333334 0
1670571047447 0.4146666666666667 0
1670571047870 0.4206666666666667 0
1670571048314 0.422 0
1670571048725 0.41233333333333333 0
1670571049126 0.4186666666666667 0
1670571049591 0.4093333333333333 0
1670571050310 0.41533333333333333 0
1670571051390 0.4236666666666667 0
1670571052360 0.41733333333333333 0
1670571053421 0.414 0
1670571054282 0.4236666666666667 0
1670571054996 0.41933333333333334 0
1670571055697 0.427 0
1670571056396 0.4256666666666667 0
1670571057355 0.4176666666666667 0
1670571057998 0.409 0
1670571058461 0.41333333333333333 0
1670571059257 0.42133333333333334 0
1670571060068 0.4206666666666667 0
1670571060932 0.41733333333333333 0
1670571061762 0.41433333333333333 0
1670571062339 0.418 0
1670571063105 0.41933333333333334 0
1670571063785 0.4236666666666667 0
1670571064568 0.43233333333333335 0
1670571065274 0.4266666666666667 0
1670571066069 0.415 0
1670571067084 0.42633333333333334 0
1670571067831 0.4206666666666667 0
1670571068498 0.42 0
1670571069270 0.4146666666666667 0
1670571070092 0.418 0
1670571070560 0.4146666666666667 0
1670571071280 0.42 0
1670571072028 0.4156666666666667 0
1670571072408 0.429 0
1670571073257 0.417 0
1670571074066 0.42 0
1670571074811 0.416 0
1670571075708 0.416 0
1670571076449 0.422 0
1670571077065 0.4226666666666667 0
1670571077561 0.413 0
1670571078179 0.421 0
1670571079047 0.417 0
1670571079643 0.421 0
1670571080158 0.42633333333333334 0
1670571081027 0.412 0
1670571081461 0.43433333333333335 0
1670571082059 0.418 0
1670571082894 0.41733333333333333 0
1670571083514 0.412 0
1670571083948 0.42 0
1670571084782 0.42133333333333334 0
1670571085550 0.42533333333333334 0
1670571086260 0.42133333333333334 0
1670571086647 0.42133333333333334 0
1670571087256 0.42133333333333334 0
1670571087763 0.4126666666666667 0
1670571088358 0.4246666666666667 0
1670571088852 0.41733333333333333 0
1670571089672 0.4236666666666667 0
1670571090256 0.422 0
1670571091108 0.4246666666666667 0
1670571091764 0.4176666666666667 0
