1670642728965 0.14932658113411265 0
1670642755614 0.14082545451114792 0
1670642778284 0.14205077783058379 0
1670642800968 0.13985027212867127 0
1670642826994 0.1436891909504651 0
1670642855491 0.14159662783678464 0
1670642878239 0.1377281695430092 0
1670642902685 0.14088340412857348 0
1670642973698 0.14150124873742873 0
1670643055002 0.1449146898763187 0
1670643077798 0.14287086835873808 0
1670643114503 0.14537254365111169 0
1670643137170 0.14217388213877524 0
1670643176060 0.144816748792924 0
1670643198726 0.1432526756913919 0
1670643221412 0.14138390039457338 0
1670643244771 0.14134703835969714 0
1670643290062 0.1402438550759155 0
1670643312723 0.1442213607805585 0
1670643336477 0.14337895739983056 0
1670643379671 0.14126828950247072 0
1670643403101 0.1421336556071897 0
1670643427410 0.14578842401956796 0
1670643450103 0.14562005283389182 0
1670643480311 0.1422670932655101 0
1670643504756 0.1414678370728566 0
1670643555750 0.1415775227216399 0
1670643578551 0.14578103593346847 0
1670643601285 0.14434800359984645 0
1670643632060 0.14332056589832934 0
