1670622074443 0.0 0
1670622084108 0.0 0
1670622093821 0.0 0
1670622103093 0.0 0
1670622114306 0.0 0
1670622125321 0.0 0
1670622135711 0.0 0
1670622145170 0.0 0
1670622154629 0.0 0
1670622164171 0.0 0
1670622174152 0.0 0
1670622184452 0.0 0
1670622194570 0.0 0
1670622205568 0.0 0
1670622216255 0.0 0
1670622226873 0.0 0
1670622237539 0.0 0
1670622248220 0.0 0
1670622258154 0.0 0
1670622267093 0.0 0
1670622276211 0.0 0
1670622285699 0.0 0
1670622295485 0.0 0
1670622304282 0.0 0
1670622314613 0.0 0
1670622323875 0.0 0
1670622333506 0.0 0
1670622343035 0.0 0
1670622352561 0.0 0
1670622362128 0.0 0
1670622371876 0.0 0
1670622381934 0.0 0
1670622391429 0.0 0
1670622400461 0.0 0
1670622409564 0.0 0
1670622418814 0.0 0
1670622428215 0.0 0
1670622437603 0.0 0
1670622447177 0.0 0
1670622456652 0.0 0
1670622466629 0.0 0
1670622476384 0.0 0
1670622486061 0.0 0
1670622495932 0.0 0
1670622506403 0.0 0
1670622516607 0.0 0
1670622526517 0.0 0
1670622536369 0.0 0
1670622546206 0.0 0
1670622555975 0.0 0
1670622565674 0.0 0
1670622575834 0.0 0
1670622585977 0.0 0
1670622595995 0.0 0
1670622606261 0.0 0
1670622615782 0.0 0
1670622625745 0.0 0
1670622635185 0.0 0
1670622645119 0.0 0
1670622655067 0.0 0
1670622664869 0.0 0
1670622674799 0.0 0
1670622684444 0.0 0
1670622694200 0.0 0
1670622704462 0.0 0
1670622714924 0.0 0
1670622725198 0.0 0
1670622734868 0.0 0
1670622744925 0.0 0
1670622755217 0.0 0
1670622765581 0.0 0
1670622775783 0.0 0
1670622785715 0.0 0
1670622795270 0.0 0
1670622804461 0.0 0
1670622813954 0.0 0
1670622823614 0.0 0
1670622833492 0.0 0
1670622843374 0.0 0
1670622853530 0.0 0
1670622864486 0.0 0
1670622874826 0.0 0
1670622885031 0.0 0
1670622894508 0.0 0
1670622904184 0.0 0
1670622914093 0.0 0
1670622924233 0.0 0
1670622934490 0.0 0
1670622944983 0.0 0
1670622954206 0.0 0
1670622963799 0.0 0
1670622973114 0.0 0
1670622982547 0.0 0
1670622992641 0.0 0
1670623002675 0.0 0
1670623012251 0.0 0
1670623021747 0.0 0
1670623031513 0.0 0
1670623040929 0.0 0
1670623051535 0.0 0
1670623063273 0.0 0
1670623074956 0.0 0
