1670571808122 0.0 0
1670571809619 0.0 0
1670571811215 0.0 0
1670571812735 0.0 0
1670571814038 0.0 0
1670571815674 0.0 0
1670571816815 0.0 0
1670571818044 0.0 0
1670571819375 0.0 0
1670571820564 0.0 0
1670571821453 0.0 0
1670571822912 0.0 0
1670571824128 0.0 0
1670571825521 0.0 0
1670571826794 0.0 0
1670571828068 0.0 0
1670571829018 0.0 0
1670571830525 0.0 0
1670571831643 0.0 0
1670571832900 0.0 0
1670571834609 0.0 0
1670571835940 0.0 0
1670571837475 0.0 0
1670571838800 0.0 0
1670571840516 0.0 0
1670571841750 0.0 0
1670571843309 0.0 0
1670571844357 0.0 0
1670571845877 0.0 0
1670571847050 0.0 0
1670571848487 0.0 0
1670571849847 0.0 0
1670571851138 0.0 0
1670571851916 0.0 0
1670571853058 0.0 0
1670571854100 0.0 0
1670571855692 0.0 0
1670571856945 0.0 0
1670571858113 0.0 0
1670571859311 0.0 0
1670571860590 0.0 0
1670571861983 0.0 0
1670571863579 0.0 0
1670571864714 0.0 0
1670571865986 0.0 0
1670571867090 0.0 0
1670571868185 0.0 0
1670571869454 0.0 0
1670571870675 0.0 0
1670571871855 0.0 0
1670571873070 0.0 0
1670571874151 0.0 0
1670571875335 0.0 0
1670571876564 0.0 0
1670571877624 0.0 0
1670571878708 0.0 0
1670571879969 0.0 0
1670571881139 0.0 0
1670571882869 0.0 0
1670571884109 0.0 0
1670571885310 0.0 0
1670571886634 0.0 0
1670571887849 0.0 0
1670571889050 0.0 0
1670571890471 0.0 0
1670571891787 0.0 0
1670571893083 0.0 0
1670571894073 0.0 0
1670571895681 0.0 0
1670571896919 0.0 0
1670571898292 0.0 0
1670571899777 0.0 0
1670571901439 0.0 0
1670571902820 0.0 0
1670571903935 0.0 0
1670571905337 0.0 0
1670571906884 0.0 0
1670571908094 0.0 0
1670571909347 0.0 0
1670571910508 0.0 0
1670571911759 0.0 0
1670571912870 0.0 0
1670571913762 0.0 0
1670571915091 0.0 0
1670571916448 0.0 0
1670571917765 0.0 0
1670571918992 0.0 0
1670571920327 0.0 0
1670571921582 0.0 0
1670571923072 0.0 0
1670571924195 0.0 0
1670571925408 0.0 0
1670571927056 0.0 0
1670571928428 0.0 0
1670571929663 0.0 0
1670571930955 0.0 0
1670571931958 0.0 0
1670571933501 0.0 0
1670571934843 0.0 0
1670571936246 0.0 0
1670571937541 0.0 0
