1670562848112 0.0 0
1670562848546 0.0 0
1670562848725 0.0 0
1670562848880 0.0 0
1670562849170 0.0 0
1670562849382 0.0 0
1670562849724 0.0 0
1670562849921 0.0 0
1670562850189 0.0 0
1670562850395 0.0 0
1670562850614 0.0 0
1670562850792 0.0 0
1670562851031 0.0 0
1670562851214 0.0 0
1670562851566 0.0 0
1670562851888 0.0 0
1670562852046 0.0 0
1670562852180 0.0 0
1670562852289 0.0 0
1670562852533 0.0 0
1670562852868 0.0 0
1670562853112 0.0 0
1670562853370 0.0 0
1670562853550 0.0 0
1670562853765 0.0 0
1670562853933 0.0 0
1670562854259 0.0 0
1670562854396 0.0 0
1670562854626 0.0 0
1670562854887 0.0 0
1670562855025 0.0 0
1670562855320 0.0 0
1670562855507 0.0 0
1670562855686 0.0 0
1670562855930 0.0 0
1670562856143 0.0 0
1670562856361 0.0 0
1670562856496 0.0 0
1670562856616 0.0 0
1670562856852 0.0 0
1670562857065 0.0 0
1670562857301 0.0 0
1670562857545 0.0 0
1670562857718 0.0 0
1670562857907 0.0 0
1670562858128 0.0 0
1670562858251 0.0 0
1670562858509 0.0 0
1670562858716 0.0 0
1670562858904 0.0 0
1670562859154 0.0 0
1670562859393 0.0 0
1670562859543 0.0 0
1670562859728 0.0 0
1670562859987 0.0 0
1670562860166 0.0 0
1670562860366 0.0 0
1670562860507 0.0 0
1670562860703 0.0 0
1670562860892 0.0 0
1670562861135 0.0 0
1670562861367 0.0 0
1670562861596 0.0 0
1670562861876 0.0 0
1670562862218 0.0 0
1670562862424 0.0 0
1670562862598 0.0 0
1670562862797 0.0 0
1670562862969 0.0 0
1670562863214 0.0 0
1670562863350 0.0 0
1670562863636 0.0 0
1670562863909 0.0 0
1670562864189 0.0 0
1670562864389 0.0 0
1670562864652 0.0 0
1670562864801 0.0 0
1670562864942 0.0 0
1670562865261 0.0 0
1670562865425 0.0 0
1670562865655 0.0 0
1670562865769 0.0 0
1670562865994 0.0 0
1670562866228 0.0 0
1670562866420 0.0 0
1670562866558 0.0 0
1670562866705 0.0 0
1670562867002 0.0 0
1670562867250 0.0 0
1670562867418 0.0 0
1670562867641 0.0 0
1670562867751 0.0 0
1670562868026 0.0 0
1670562868184 0.0 0
1670562868455 0.0 0
1670562868603 0.0 0
1670562868716 0.0 0
1670562869124 0.0 0
1670562869222 0.0 0
1670562869697 0.0 0
1670562869967 0.0 0
1670562870230 0.0 0
