1670587690639 0.008470803157621396 0
1670587691351 0.003577567193243463 0
1670587692099 0.0025984565272506744 0
1670587692845 0.0025107689177979228 0
1670587693677 0.00235528454036818 0
1670587694359 0.0022108041930957827 0
1670587695547 0.0019998595929742445 0
1670587696323 0.0018397351574945702 0
1670587697278 0.0017128777588002243 0
1670587698165 0.0018016412152208681 0
1670587699180 0.0017075047282317504 0
1670587700039 0.0016945298772553029 0
1670587700811 0.0016746787514269421 0
1670587701787 0.0016510575621642184 0
1670587702527 0.0015886886914938938 0
1670587703289 0.0015685605172233593 0
1670587703993 0.001655784836156558 0
1670587704816 0.0016317856784303694 0
1670587705650 0.0015848122360719748 0
1670587706553 0.0015754490248868552 0
1670587707488 0.0015346032260019984 0
1670587708179 0.0015254782162985522 0
1670587708862 0.0014896037296570923 0
1670587709636 0.0014809021503701112 0
1670587710319 0.001474866191284281 0
1670587711078 0.0014674787343943875 0
1670587711839 0.0014384730940973907 0
1670587712665 0.0014111240468994246 0
1670587713670 0.0013275272184649753 0
1670587714589 0.0013275502664127268 0
1670587715363 0.0013834956490735993 0
1670587716314 0.0013624442591274708 0
1670587717211 0.0013423254683261028 0
1670587717848 0.0013230723920722178 0
1670587718882 0.0013241688246781887 0
1670587719651 0.0013061653439582247 0
1670587720571 0.0012888767735348967 0
1670587721371 0.0013359517927710835 0
1670587722095 0.001332519280414507 0
1670587723086 0.0013707518460733697 0
1670587723878 0.00135464877332719 0
1670587724639 0.0013878595827724817 0
1670587725469 0.0013811231829072871 0
1670587726233 0.0013662592851842244 0
1670587726973 0.0013705361280987249 0
1670587727815 0.0013647952279957642 0
1670587728817 0.0013509765183448382 0
1670587729721 0.001378411789115289 0
1670587730376 0.0013651758451927163 0
1670587731272 0.0013523129654806568 0
1670587732234 0.001346622002417674 0
1670587732963 0.0013516848635149303 0
1670587733954 0.0013396097863679897 0
1670587734661 0.0013278519481042502 0
1670587735517 0.0013163977286190765 0
1670587736288 0.0013208424501741063 0
1670587737073 0.0013947560310949279 0
1670587737853 0.0013982134243443758 0
1670587738789 0.0014010489041989785 0
1670587739619 0.0014033204485563735 0
1670587740434 0.0014243876190723117 0
1670587741229 0.0014191620437076532 0
1670587742098 0.001421536985262538 0
1670587743139 0.0014234284445293933 0
1670587743852 0.0014128619671612322 0
1670587744698 0.0014144086424410013 0
1670587745402 0.0014103321526381715 0
1670587746246 0.0014061806650832482 0
1670587746926 0.001396360788696463 0
1670587747629 0.001386743622701852 0
1670587748326 0.001388633970283846 0
1670587749032 0.0014452992246980264 0
1670587749742 0.0014611909983027857 0
1670587750492 0.0014561625556080936 0
1670587751306 0.0014469444574962574 0
1670587752157 0.0014378988253032742 0
1670587752977 0.0014398779221374259 0
1670587753801 0.00144152513296406 0
1670587754623 0.0014327524410408183 0
1670587755417 0.0014341523169497218 0
1670587756250 0.0014255961688247835 0
1670587757024 0.0014171912288193887 0
1670587757891 0.0014136479865541798 0
1670587758981 0.0014604462262391288 0
1670587759794 0.0014618186979254858 0
1670587760622 0.0014536539086497746 0
1670587761465 0.0014668199861783556 0
1670587762342 0.0014588592276881924 0
1670587763237 0.0014602214806572794 0
1670587764140 0.0014613471367560483 0
1670587765186 0.0014575532489094008 0
1670587766125 0.0014537425527535745 0
1670587767128 0.0014499179486098255 0
1670587768225 0.0014618256181709306 0
1670587769221 0.001454516495454133 0
1670587769920 0.0014473156450977044 0
1670587770794 0.0014402204275403908 0
1670587771651 0.001436506189284807 0
1670587772665 0.001438256893627839 0
1670587773490 0.0014346722646821361 0
1670587774281 0.001427923229944124 0
1670587775314 0.0014212683095486591 0
1670587776316 0.0014178817671569482 0
1670587777094 0.0014144864441788256 0
1670587778001 0.0014110841345042367 0
1670587778816 0.0014048133297273994 0
1670587779853 0.0014015001640236115 0
1670587780999 0.0014037208034966644 0
1670587781936 0.0014057422678273336 0
1670587782863 0.0013996770504821798 0
1670587783776 0.0014015289384205435 0
1670587784708 0.0014032039112107297 0
1670587785601 0.001404710882450567 0
1670587786321 0.001402012560137116 0
1670587787339 0.001399297151500581 0
1670587787967 0.001393526643148589 0
1670587788777 0.0013950967686163405 0
1670587789548 0.0013925375114035986 0
1670587790689 0.0013940498725734823 0
1670587791768 0.0013954159732184792 0
1670587792485 0.001389850363091736 0
1670587793214 0.001391100343788007 0
1670587794114 0.001385623378389722 0
1670587794909 0.0013802105406412629 0
1670587795702 0.0013748605899977116 0
1670587796402 0.0013695723192206815 0
1670587797041 0.001370783321485491 0
1670587797911 0.0013718737383647459 0
1670587798982 0.001366690548074539 0
1670587799892 0.0013649226662622261 0
1670587800658 0.0013598526899772682 0
1670587801446 0.0013707035908919658 0
1670587802336 0.001368800808959071 0
1670587803334 0.0013700252612396427 0
1670587804306 0.0013651003299419767 0
1670587805035 0.0013662335409351026 0
1670587805950 0.0013765735457656153 0
1670587806779 0.0013717363793862925 0
1670587807464 0.0013699097809729336 0
1670587808187 0.0013680633000839244 0
1670587808903 0.0013661981369354499 0
1670587809612 0.001367493953240407 0
1670587810304 0.0013656758082992095 0
1670587811166 0.001363840107471911 0
1670587812027 0.0013651598398024306 0
1670587812803 0.0013663795642612202 0
1670587813559 0.0013646502830161153 0
1670587814526 0.00136583444000295 0
1670587815513 0.001394187646303112 0
1670587816104 0.001389704278974355 0
1670587817139 0.0013983251341849927 0
1670587817831 0.0013939028671322957 0
1670587818512 0.0013895222259730187 0
1670587819226 0.0013978478195775669 0
1670587819905 0.001393526643148589 0
1670587820730 0.0014015554767884892 0
1670587821523 0.001402788890734844 0
1670587822361 0.0013985370695447506 0
1670587823327 0.0013943235994688134 0
1670587824137 0.0013923730178513343 0
1670587824915 0.0013935925240861858 0
1670587825705 0.0013916846963533173 0
1670587826702 0.0013928712511130329 0
1670587827371 0.0013887939434317899 0
1670587828320 0.0013899103833861595 0
1670587829280 0.0013881299646030922 0
1670587829883 0.001395798370169938 0
1670587830875 0.0013939221909082043 0
1670587831599 0.00139509141606336 0
1670587832403 0.0013961848336945786 0
1670587833069 0.0013972049859789664 0
1670587833756 0.0013981543169091833 0
1670587834523 0.0014215868812116812 0
1670587835208 0.0014197012349794842 0
1670587835943 0.0014158064070486723 0
1670587836676 0.0014167213051653601 0
