1670591873217 0.08894343315502473 0
1670591874290 0.02569167267813799 0
1670591875326 0.01663823996955438 0
1670591876518 0.01459329410322896 0
1670591877507 0.01233469295575762 0
1670591878716 0.014635160110253453 0
1670591879550 0.013230396111082454 0
1670591880414 0.014883477420386537 0
1670591881248 0.014231427902547056 0
1670591882233 0.015746927417051748 0
1670591883193 0.01612943792344912 0
1670591884094 0.015920427459399478 0
1670591885172 0.015670757907624955 0
1670591886339 0.016550702593760347 0
1670591887298 0.01609968646617721 0
1670591888191 0.016259356506291955 0
1670591889051 0.01579015433262032 0
1670591889903 0.015903996070323334 0
1670591890841 0.020815507430027802 0
1670591891679 0.021231881067183545 0
1670591892548 0.02086448724627643 0
1670591893502 0.020368745553368095 0
1670591894546 0.019958347446023983 0
1670591895526 0.019810674135751882 0
1670591896373 0.019722469281622246 0
1670591897397 0.01934073266594205 0
1670591898569 0.02027986584738095 0
1670591899477 0.019894097235933494 0
1670591900283 0.01939218922282593 0
1670591901346 0.01935128629556837 0
1670591902247 0.01912042107804035 0
1670591903332 0.018957145154232746 0
1670591904602 0.018849409364366077 0
1670591905484 0.018588134671414513 0
1670591906434 0.01844646582287779 0
1670591907674 0.018283245560317796 0
1670591908783 0.018208649148585 0
1670591909723 0.0184205536201395 0
1670591910887 0.01844357467683644 0
1670591911894 0.018393437424503167 0
1670591912751 0.018496752842768527 0
1670591913654 0.018289211036612296 0
1670591914537 0.01808363490049414 0
1670591915617 0.01850721222797924 0
1670591916454 0.018371867928008934 0
1670591917583 0.018292405670804923 0
1670591918436 0.018295893318599044 0
1670591919328 0.01813158833535411 0
1670591920393 0.018212948848291055 0
1670591921270 0.018176039513929543 0
1670591922166 0.018016907419977635 0
1670591923116 0.01830020579405367 0
1670591924091 0.0182215627264396 0
1670591925177 0.01848995418891286 0
1670591926462 0.018415383151171194 0
1670591927514 0.018357460239920576 0
1670591928328 0.01821003412492983 0
1670591929408 0.018081001816110498 0
1670591930281 0.01803003791082536 0
1670591931275 0.018057843176674138 0
1670591932283 0.017912260804467173 0
1670591933404 0.018013620235776795 0
1670591934293 0.0179640975534735 0
1670591935236 0.018059290820035212 0
1670591936171 0.01793790745321966 0
1670591937183 0.017826162262700507 0
1670591938164 0.0180172620506035 0
1670591938983 0.018123920946491512 0
1670591940247 0.01800201196384832 0
1670591941203 0.01787645512380187 0
1670591942385 0.017753488695985364 0
1670591943303 0.01765154791733725 0
1670591944112 0.0178016746190669 0
1670591945022 0.018180270296118017 0
1670591945931 0.018232942418180853 0
1670591946922 0.01811821816417769 0
1670591947783 0.018420165142040368 0
1670591948741 0.018303567033005175 0
1670591949554 0.018305709205171605 0
1670591950384 0.0182012849479245 0
1670591951201 0.01811858474507222 0
1670591952004 0.018023137222729857 0
1670591952971 0.01841544227821268 0
1670591954152 0.01831078936281172 0
1670591955190 0.018250749792550924 0
1670591956044 0.018157821047788625 0
1670591957201 0.018239866599378485 0
1670591958326 0.018174644861321476 0
1670591959130 0.0180844567617785 0
1670591960103 0.018064387763560674 0
1670591961017 0.01889935114056851 0
1670591961995 0.018798132791333466 0
1670591962839 0.01869852339471678 0
1670591963948 0.018622273558221325 0
1670591964974 0.01857039758754897 0
1670591966074 0.018475751869600154 0
1670591966874 0.018382538300148688 0
1670591967833 0.018418276871678074 0
1670591968720 0.01836730622661842 0
1670591969647 0.018278746237597066 0
1670591970445 0.01824046533712642 0
