1670608322861 0.0 0
1670608323091 0.0 0
1670608323299 0.0 0
1670608323557 0.0 0
1670608323796 0.0 0
1670608323954 0.0 0
1670608324159 0.0 0
1670608324484 0.0 0
1670608324736 0.0 0
1670608325224 0.0 0
1670608325466 0.0 0
1670608325687 0.0 0
1670608325955 0.0 0
1670608326199 0.0 0
1670608326441 0.0 0
1670608326674 0.0 0
1670608326817 0.0 0
1670608326958 0.0 0
1670608327309 0.0 0
1670608327515 0.0 0
1670608327704 0.0 0
1670608327968 0.0 0
1670608328290 0.0 0
1670608328486 0.0 0
1670608328683 0.0 0
1670608328921 0.0 0
1670608329211 0.0 0
1670608329384 0.0 0
1670608329675 0.0 0
1670608329885 0.0 0
1670608330004 0.0 0
1670608330281 0.0 0
1670608330601 0.0 0
1670608330775 0.0 0
1670608330958 0.0 0
1670608331156 0.0 0
1670608331412 0.0 0
1670608331672 0.0 0
1670608331752 0.0 0
1670608331892 0.0 0
1670608332125 0.0 0
1670608332297 0.0 0
1670608332453 0.0 0
1670608332618 0.0 0
1670608332803 0.0 0
1670608333112 0.0 0
1670608333412 0.0 0
1670608333602 0.0 0
1670608333729 0.0 0
1670608333855 0.0 0
1670608333963 0.0 0
1670608334069 0.0 0
1670608334219 0.0 0
1670608334358 0.0 0
1670608334647 0.0 0
1670608334787 0.0 0
1670608334934 0.0 0
1670608335200 0.0 0
1670608335319 0.0 0
1670608335570 0.0 0
1670608335804 0.0 0
1670608335967 0.0 0
1670608336203 0.0 0
1670608336457 0.0 0
1670608336669 0.0 0
1670608336799 0.0 0
1670608336936 0.0 0
1670608337136 0.0 0
1670608337439 0.0 0
1670608337680 0.0 0
1670608337891 0.0 0
1670608338207 0.0 0
1670608338437 0.0 0
1670608338688 0.0 0
1670608338946 0.0 0
1670608339038 0.0 0
1670608339267 0.0 0
1670608339542 0.0 0
1670608339762 0.0 0
1670608340006 0.0 0
1670608340213 0.0 0
1670608340368 0.0 0
1670608340498 0.0 0
1670608340721 0.0 0
1670608340930 0.0 0
1670608341073 0.0 0
1670608341217 0.0 0
1670608341537 0.0 0
1670608341714 0.0 0
1670608341925 0.0 0
1670608342121 0.0 0
1670608342284 0.0 0
1670608342566 0.0 0
1670608342800 0.0 0
1670608343016 0.0 0
1670608343261 0.0 0
1670608343499 0.0 0
1670608343798 0.0 0
1670608343966 0.0 0
1670608344180 0.0 0
1670608344459 0.0 0
1670608344618 0.0 0
