1670567006606 nan 0
1670567008261 nan 0
1670567009881 nan 0
1670567011207 nan 0
1670567012384 nan 0
1670567014267 nan 0
1670567016041 nan 0
1670567017224 nan 0
1670567018818 1.1102230246251565e-16 0
1670567020786 1.1102230246251565e-16 0
1670567022291 nan 0
1670567023444 nan 0
1670567025018 nan 0
1670567026536 1.1102230246251565e-16 0
1670567028230 nan 0
1670567029563 nan 0
1670567030924 1.1102230246251565e-16 0
1670567032498 1.1102230246251565e-16 0
1670567033929 1.1102230246251565e-16 0
1670567035142 1.1102230246251565e-16 0
1670567036719 1.1102230246251565e-16 0
1670567038508 2.220446049250313e-16 0
1670567039864 nan 0
1670567041448 1.1102230246251565e-16 0
1670567043166 1.1102230246251565e-16 0
1670567044684 2.220446049250313e-16 0
1670567045864 2.220446049250313e-16 0
1670567047620 2.220446049250313e-16 0
1670567049060 2.220446049250313e-16 0
1670567050489 3.3306690738754696e-16 0
1670567051706 nan 0
1670567053366 nan 0
1670567054469 1.1102230246251565e-16 0
1670567056180 1.1102230246251565e-16 0
1670567057928 1.1102230246251565e-16 0
1670567059297 1.1102230246251565e-16 0
1670567060789 2.220446049250313e-16 0
1670567062348 2.220446049250313e-16 0
1670567063651 nan 0
1670567065499 nan 0
1670567067035 nan 0
1670567068570 1.1102230246251565e-16 0
1670567069638 1.1102230246251565e-16 0
1670567071371 1.1102230246251565e-16 0
1670567072974 1.1102230246251565e-16 0
1670567074282 1.1102230246251565e-16 0
1670567075500 nan 0
1670567077133 nan 0
1670567078378 1.1102230246251565e-16 0
1670567079852 1.1102230246251565e-16 0
1670567081341 1.1102230246251565e-16 0
1670567082633 2.220446049250313e-16 0
1670567083904 2.220446049250313e-16 0
1670567085431 2.220446049250313e-16 0
1670567086995 nan 0
1670567088563 1.1102230246251565e-16 0
1670567089980 1.1102230246251565e-16 0
1670567091611 1.1102230246251565e-16 0
1670567092914 2.220446049250313e-16 0
1670567094646 2.220446049250313e-16 0
1670567095999 2.220446049250313e-16 0
1670567097402 3.3306690738754696e-16 0
1670567098627 nan 0
1670567100096 nan 0
1670567101774 1.1102230246251565e-16 0
1670567103794 1.1102230246251565e-16 0
1670567105542 1.1102230246251565e-16 0
1670567107554 2.220446049250313e-16 0
1670567109430 2.220446049250313e-16 0
1670567111602 2.220446049250313e-16 0
1670567113158 nan 0
1670567115070 nan 0
1670567116808 nan 0
1670567118292 1.1102230246251565e-16 0
1670567119689 1.1102230246251565e-16 0
1670567121084 1.1102230246251565e-16 0
1670567122554 1.1102230246251565e-16 0
1670567124034 2.220446049250313e-16 0
1670567125907 1.1102230246251565e-16 0
1670567127370 nan 0
1670567129136 nan 0
1670567130830 nan 0
1670567132682 nan 0
1670567134193 1.1102230246251565e-16 0
1670567136233 1.1102230246251565e-16 0
1670567137920 1.1102230246251565e-16 0
1670567139674 1.1102230246251565e-16 0
1670567141671 1.1102230246251565e-16 0
1670567143309 nan 0
1670567144778 nan 0
1670567146130 nan 0
1670567147493 nan 0
1670567148885 1.1102230246251565e-16 0
1670567150669 1.1102230246251565e-16 0
1670567152341 nan 0
1670567154050 1.1102230246251565e-16 0
1670567155788 1.1102230246251565e-16 0
1670567157750 2.220446049250313e-16 0
1670567159338 2.220446049250313e-16 0
1670567160838 2.220446049250313e-16 0
1670567162423 3.3306690738754696e-16 0
1670567164240 3.3306690738754696e-16 0
1670567165608 nan 0
1670567167067 nan 0
1670567168441 1.1102230246251565e-16 0
1670567170150 1.1102230246251565e-16 0
1670567171425 2.220446049250313e-16 0
1670567172518 2.220446049250313e-16 0
1670567174291 2.220446049250313e-16 0
1670567175664 3.3306690738754696e-16 0
1670567176880 nan 0
1670567178249 nan 0
1670567179765 nan 0
1670567181262 1.1102230246251565e-16 0
1670567182705 1.1102230246251565e-16 0
1670567184152 1.1102230246251565e-16 0
1670567185982 2.220446049250313e-16 0
1670567187793 2.220446049250313e-16 0
1670567189584 1.1102230246251565e-16 0
1670567191443 nan 0
1670567193168 nan 0
1670567194884 nan 0
1670567196004 1.1102230246251565e-16 0
1670567197429 1.1102230246251565e-16 0
1670567198567 1.1102230246251565e-16 0
1670567200182 2.220446049250313e-16 0
1670567201335 1.1102230246251565e-16 0
1670567202414 nan 0
1670567204147 nan 0
1670567205731 1.1102230246251565e-16 0
1670567207367 1.1102230246251565e-16 0
1670567209105 nan 0
1670567210802 1.1102230246251565e-16 0
1670567212652 2.220446049250313e-16 0
1670567213920 nan 0
1670567215379 nan 0
1670567217113 nan 0
1670567218952 nan 0
1670567220248 1.1102230246251565e-16 0
1670567222098 1.1102230246251565e-16 0
1670567223441 nan 0
1670567225344 1.1102230246251565e-16 0
1670567227218 nan 0
1670567229166 nan 0
1670567230821 nan 0
1670567232415 nan 0
1670567233843 nan 0
1670567235750 1.1102230246251565e-16 0
1670567236827 1.1102230246251565e-16 0
1670567238263 nan 0
1670567239598 1.1102230246251565e-16 0
1670567241241 nan 0
1670567242730 nan 0
1670567244693 nan 0
1670567246537 nan 0
1670567247813 nan 0
1670567249506 1.1102230246251565e-16 0
1670567250640 nan 0
1670567252165 1.1102230246251565e-16 0
1670567253959 1.1102230246251565e-16 0
1670567255652 nan 0
1670567257506 nan 0
1670567259367 nan 0
1670567261384 nan 0
1670567263209 nan 0
1670567265407 1.1102230246251565e-16 0
1670567266876 nan 0
1670567269229 1.1102230246251565e-16 0
1670567271389 1.1102230246251565e-16 0
1670567272926 nan 0
1670567274557 nan 0
1670567276400 nan 0
1670567278315 nan 0
1670567280496 nan 0
1670567282314 1.1102230246251565e-16 0
1670567283808 nan 0
1670567285420 1.1102230246251565e-16 0
1670567287198 1.1102230246251565e-16 0
1670567289319 nan 0
1670567291406 nan 0
1670567292988 nan 0
1670567295144 nan 0
1670567297335 1.1102230246251565e-16 0
1670567299398 1.1102230246251565e-16 0
1670567301207 1.1102230246251565e-16 0
1670567302900 1.1102230246251565e-16 0
1670567304909 1.1102230246251565e-16 0
1670567306906 2.220446049250313e-16 0
1670567309037 2.220446049250313e-16 0
1670567310951 4.714875936340235e-05 0
1670567313042 4.70264603822379e-05 0
1670567315177 4.6905108148254104e-05 0
1670567317339 4.6784690509560356e-05 0
1670567319367 4.666519553159221e-05 0
1670567321048 4.654661149194883e-05 0
1670567323290 4.642892687573008e-05 0
1670567325558 4.631213037081805e-05 0
1670567327508 4.6196210863158615e-05 0
1670567329574 4.608115743259811e-05 0
1670567331602 4.596695934822037e-05 0
1670567333040 4.5853606064516494e-05 0
1670567335019 4.574108721688841e-05 0
1670567337098 4.5629392618096176e-05 0
1670567339274 4.5518512254039134e-05 0
1670567341226 4.540843628009217e-05 0
1670567343065 4.5299155017608506e-05 0
1670567345261 4.5190658950089446e-05 0
1670567346973 4.508293871974267e-05 0
1670567348599 4.497598512437362e-05 0
1670567350309 4.4869789113610725e-05 0
1670567351781 4.476434178624089e-05 0
1670567353858 4.465963438649023e-05 0
1670567355403 4.455565830147057e-05 0
1670567356787 4.4452405057904265e-05 0
1670567358763 4.4349866319404185e-05 0
1670567360468 4.424803388347609e-05 0
1670567362300 4.414689967879859e-05 0
1670567364153 4.4046455762780656e-05 0
1670567365994 4.394669431861953e-05 0
1670567367992 4.384760765280271e-05 0
1670567370158 4.374918819283202e-05 0
1670567372292 4.365142848461456e-05 0
1670567374421 4.355432119002023e-05 0
1670567376342 4.34578590848278e-05 0
1670567378397 4.336203505617142e-05 0
1670567380501 4.3266842100597724e-05 0
1670567382686 4.3172273321734345e-05 0
1670567385145 4.307832192829153e-05 0
1670567386999 4.29849812318972e-05 0
1670567389088 4.289224464526509e-05 0
1670567390831 4.280010568014081e-05 0
1670567392285 4.2708557945414505e-05 0
1670567394331 4.261759514517793e-05 0
1670567396324 4.2527211077059146e-05 0
1670567398105 4.2437399630335104e-05 0
1670567399511 4.2348154784321856e-05 0
1670567401313 4.225947060643165e-05 0
1670567403139 4.2171341250785144e-05 0
1670567404692 4.208376095643507e-05 0
1670567406525 4.1996724045867406e-05 0
1670567408596 4.191022492339158e-05 0
1670567410558 4.182425807364165e-05 0
1670567412251 4.173881806018853e-05 0
1670567413838 4.165389952393017e-05 0
1670567415832 4.1569497181814796e-05 0
1670567417839 4.148560582545313e-05 0
1670567419777 4.14022203196196e-05 0
1670567421101 4.1319335601197604e-05 0
1670567422699 4.123694667762523e-05 0
1670567424755 5.808550723340744e-05 0
1670567426408 5.7971067498441275e-05 0
1670567427686 5.7857301456520904e-05 0
1670567429325 5.774420252413481e-05 0
1670567430588 5.763176420747751e-05 0
1670567432427 5.751998010095072e-05 0
1670567434324 5.740884388544254e-05 0
1670567436312 5.72983493271062e-05 0
1670567437939 5.7188490275639214e-05 0
1670567439611 5.7079260662951103e-05 0
1670567440827 5.697065450177563e-05 0
1670567442340 5.6862665884283015e-05 0
1670567444440 5.6755288980692153e-05 0
1670567446366 5.664851803799387e-05 0
1670567448514 5.654234737861863e-05 0
1670567450323 5.6436771399215324e-05 0
1670567452083 5.633178456937449e-05 0
1670567453576 5.622738143035155e-05 0
1670567455152 5.612355659406765e-05 0
1670567456745 5.6020304741666305e-05 0
1670567458116 5.59176206226808e-05 0
1670567459631 5.5815499053590845e-05 0
1670567460941 5.571393491704546e-05 0
1670567462015 5.561292316047517e-05 0
1670567462978 5.5512458795314856e-05 0
1670567464498 5.5412536895782516e-05 0
1670567465783 5.5313152597880055e-05 0
1670567467311 5.5214301098560625e-05 0
1670567468669 5.5115977654507375e-05 0
1670567470263 5.501817758141181e-05 0
1670567471412 5.492089625280805e-05 0
1670567472752 5.4824129099462215e-05 0
1670567474155 5.472787160815118e-05 0
