1670630460569 0.021177007894053485 0
1670630462505 0.008444444444762016 0
1670630464447 0.006070793806021596 0
1670630466360 0.005313264523131892 0
1670630468254 0.004578840197015953 0
1670630470042 0.004684030425943496 0
1670630471860 0.004312694053134194 0
1670630473683 0.005330964514552764 0
1670630475439 0.006261813748567388 0
1670630477260 0.006200027424799061 0
1670630479015 0.006064739661462683 0
1670630480576 0.006025353251877983 0
1670630482154 0.005757307815206879 0
1670630483762 0.005903925744296908 0
1670630485481 0.005683171581239314 0
1670630487189 0.006032769157176832 0
1670630488870 0.006063383590471167 0
1670630490593 0.005915725460045362 0
1670630492429 0.005778077548391415 0
1670630494308 0.006359291005998122 0
1670630496161 0.0063894770928917596 0
1670630497965 0.006252831233326107 0
1670630499755 0.006243899384208244 0
1670630501493 0.0062838998748252 0
1670630503135 0.006211028290683303 0
1670630504923 0.006441936625244484 0
1670630506613 0.006320769033854369 0
1670630508075 0.006200497313837903 0
1670630509533 0.006280952103463495 0
1670630511092 0.0062284743595134254 0
1670630512615 0.006266305005568726 0
1670630514257 0.006180154915535901 0
1670630516030 0.006169648214215935 0
1670630517813 0.006081441268066265 0
1670630519452 0.00615047618898289 0
1670630521246 0.006151648648197231 0
1670630522825 0.006071811144793911 0
1670630524514 0.0061823100701897515 0
1670630526237 0.006163074813882092 0
1670630527965 0.006087459742228411 0
1670630529669 0.006028384522780806 0
1670630531364 0.006115273538906382 0
1670630533130 0.006099489344501518 0
1670630534785 0.00604280263694164 0
1670630536455 0.006027877808503836 0
1670630538202 0.006011427988382544 0
1670630540040 0.006092802768758536 0
1670630542036 0.006030330485037013 0
1670630544051 0.006108662722128271 0
1670630545858 0.006050874213500555 0
1670630547508 0.005992426817805247 0
1670630549165 0.006003856161255448 0
1670630550844 0.005958234618885441 0
1670630552517 0.005926156350948359 0
1670630554272 0.0059391753329422654 0
1670630556048 0.005889435689739498 0
1670630557736 0.005848345360818104 0
1670630559421 0.005808715436971963 0
1670630561177 0.005820510889887108 0
1670630562868 0.005772621195038094 0
1670630564581 0.005786657453763574 0
1670630566312 0.005777595637242489 0
1670630567799 0.0057342890168025525 0
1670630569508 0.0057691547738142395 0
1670630571104 0.005735742130290157 0
1670630572720 0.00571082817670537 0
1670630574477 0.005700448088477267 0
1670630576230 0.005662276510213379 0
1670630577997 0.0056321900582399845 0
1670630579781 0.005613856915446036 0
1670630581597 0.005646274839943132 0
1670630583089 0.005623316763662845 0
1670630585010 0.00561361585891351 0
1670630587003 0.005579525643120312 0
1670630589017 0.0055794375071590244 0
1670630591029 0.005587696704418304 0
1670630593021 0.005555043880176649 0
1670630594807 0.005525475033126177 0
1670630596521 0.005566569926657824 0
1670630598149 0.005583232598014586 0
1670630599944 0.005592318840194486 0
1670630601728 0.005608108343378274 0
1670630603455 0.005723662900402492 0
1670630605184 0.005717077990148837 0
1670630606897 0.005728359757964459 0
1670630608641 0.005702390487594371 0
1670630610338 0.005671628275594186 0
1670630612062 0.005721482066384358 0
1670630613777 0.0057149009993632555 0
1670630615486 0.005683438087500731 0
1670630617223 0.005665909028616143 0
1670630618902 0.00563540213532472 0
1670630620627 0.005612754693287268 0
1670630622349 0.0055851604409673725 0
1670630624122 0.005569154518294546 0
1670630625949 0.005577292781307784 0
1670630627764 0.005549768889189051 0
1670630629209 0.005580852400369757 0
1670630630825 0.005592964801799396 0
1670630632547 0.005741400739586643 0
1670630634243 0.005761809497437997 0
1670630635932 0.00574454780572003 0
1670630637763 0.005908907870820511 0
1670630639435 0.005955100113814419 0
1670630641007 0.006005728720870118 0
1670630642695 0.005986555974232663 0
1670630644213 0.005975590350631161 0
1670630645832 0.005950872524437847 0
1670630647596 0.005932260413130996 0
