1670597903848 0.05082481894572838 0
1670597904956 0.014052404971567609 0
1670597906026 0.018026060595511713 0
1670597906910 0.014077060408080901 0
1670597907974 0.013688927479270595 0
1670597908937 0.013075141175061401 0
1670597909775 0.0124611061423846 0
1670597910750 0.011998470437333708 0
1670597911710 0.011281591444462932 0
1670597912812 0.011455231876691441 0
1670597913829 0.010914887706005485 0
1670597914831 0.010559896697836274 0
1670597915601 0.0102854120929224 0
1670597916457 0.010176016619894986 0
1670597917194 0.0098639530255079 0
1670597918185 0.009598954488133499 0
1670597919159 0.009351201231750456 0
1670597919932 0.01223472884749141 0
1670597920686 0.011912680325319454 0
1670597921481 0.011872607206743872 0
1670597922530 0.011642590665063953 0
1670597923387 0.011376315224311248 0
1670597924402 0.011563576514554797 0
1670597925517 0.011318965321404962 0
1670597926200 0.011123970311407886 0
1670597927089 0.011420171909795735 0
1670597928015 0.011388852862255737 0
1670597929084 0.01185915754657433 0
1670597929956 0.011156820689188253 0
1670597930996 0.01244367804621557 0
1670597931706 0.012433504764770578 0
1670597932516 0.012483617501580942 0
1670597933461 0.01230285622729484 0
1670597934343 0.012591677133735633 0
1670597935526 0.012416925240199314 0
1670597936448 0.01227488223946321 0
1670597937397 0.012171436528134842 0
1670597938212 0.012337355233682134 0
1670597939282 0.012477582206307208 0
1670597940487 0.012595766793773923 0
1670597941337 0.012491569251354188 0
1670597942450 0.012367114035167322 0
1670597943201 0.012226382382057886 0
1670597944124 0.012224195535826342 0
1670597944955 0.012092676437271393 0
1670597945896 0.012427658713506852 0
1670597946972 0.012300574192297752 0
1670597947647 0.012182736913854304 0
1670597948425 0.01206050282910346 0
1670597949121 0.012118334711266526 0
1670597949934 0.01202104520690388 0
1670597950909 0.012466453729574542 0
1670597951726 0.012353791508677055 0
1670597952542 0.01235499155175114 0
1670597953336 0.012531485934505038 0
1670597954049 0.012535643082435724 0
1670597955091 0.012473449758583378 0
1670597956104 0.012370988059043707 0
1670597956841 0.012319510824522224 0
1670597957584 0.012230750721760601 0
1670597958413 0.012143832466260926 0
1670597959371 0.012058695508631433 0
1670597960130 0.012020723385357451 0
1670597960948 0.011931901474912264 0
1670597961686 0.011992339508149957 0
1670597962965 0.012179044553038719 0
1670597963653 0.012093071891564635 0
1670597964503 0.012068762250206061 0
1670597965352 0.011990174644469064 0
1670597966020 0.011923227640087481 0
1670597966864 0.011857288266761072 0
1670597967615 0.012120213558984572 0
1670597968492 0.01214439491806879 0
1670597969484 0.012074471677842348 0
1670597970145 0.012047472019145383 0
1670597970938 0.012034249586791317 0
1670597971614 0.0119763744537223 0
1670597972454 0.011979460526837439 0
1670597973190 0.011904428479142169 0
1670597974169 0.011832174484005368 0
1670597974969 0.011766313580371744 0
1670597975698 0.011697713632073788 0
1670597976404 0.011765790493287846 0
1670597977266 0.011732433675814481 0
1670597978015 0.01167401247662992 0
1670597978990 0.011654806572284584 0
1670597979856 0.011590244561856498 0
1670597980783 0.011898475808882761 0
1670597981560 0.011981428591596687 0
1670597982394 0.011919857390018128 0
1670597983427 0.011860282401865482 0
1670597984157 0.011818698038415246 0
1670597985024 0.011796695270929792 0
1670597985990 0.01174246990969784 0
1670597986891 0.011891344312097974 0
1670597987915 0.012168680326542024 0
1670597988838 0.012128897272197344 0
1670597989585 0.012176433376598458 0
1670597990285 0.01218067814733334 0
1670597991079 0.012124858459273725 0
1670597991990 0.012079577577047147 0
1670597992716 0.012069798949147177 0
