1670591766006 0.0 0
1670591766320 0.0 0
1670591766730 0.0 0
1670591767087 0.0 0
1670591767398 0.0 0
1670591767685 0.0 0
1670591768190 0.0 0
1670591768615 0.0 0
1670591768923 0.0 0
1670591769202 0.0 0
1670591769487 0.0 0
1670591769902 0.0 0
1670591770216 0.0 0
1670591770483 0.0 0
1670591770764 0.0 0
1670591770997 0.0 0
1670591771302 0.0 0
1670591771580 0.0 0
1670591771886 0.0 0
1670591772177 0.0 0
1670591772464 0.0 0
1670591772754 0.0 0
1670591773038 0.0 0
1670591773331 0.0 0
1670591773657 0.0 0
1670591773960 0.0 0
1670591774365 0.0 0
1670591774644 0.0 0
1670591774934 0.0 0
1670591775268 0.0 0
1670591775579 0.0 0
1670591775944 0.0 0
1670591776220 0.0 0
1670591776498 0.0 0
1670591776851 0.0 0
1670591777146 0.0 0
1670591777411 0.0 0
1670591777689 0.0 0
1670591777971 0.0 0
1670591778261 0.0 0
1670591778709 0.0 0
1670591779138 0.0 0
1670591779427 0.0 0
1670591779789 0.0 0
1670591780117 0.0 0
1670591780416 0.0 0
1670591780679 0.0 0
1670591781036 0.0 0
1670591781327 0.0 0
1670591781637 0.0 0
1670591781909 0.0 0
1670591782479 0.0 0
1670591783176 0.0 0
1670591783445 0.0 0
1670591783706 0.0 0
1670591784260 0.0 0
1670591784550 0.0 0
1670591784836 0.0 0
1670591785123 0.0 0
1670591785399 0.0 0
1670591785691 0.0 0
1670591786004 0.0 0
1670591786286 0.0 0
1670591786574 0.0 0
1670591786929 0.0 0
1670591787222 0.0 0
1670591787572 0.0 0
1670591787853 0.0 0
1670591788137 0.0 0
1670591788613 0.0 0
1670591789071 0.0 0
1670591789398 0.0 0
1670591789687 0.0 0
1670591789967 0.0 0
1670591790237 0.0 0
1670591790782 0.0 0
1670591791130 0.0 0
1670591791613 0.0 0
1670591791875 0.0 0
1670591792190 0.0 0
1670591792472 0.0 0
1670591792727 0.0 0
1670591793001 0.0 0
1670591793301 0.0 0
1670591793571 0.0 0
1670591793883 0.0 0
1670591794178 0.0 0
1670591794487 0.0 0
1670591794792 0.0 0
1670591795238 0.0 0
1670591795533 0.0 0
1670591795804 0.0 0
1670591796068 0.0 0
1670591796445 0.0 0
1670591796744 0.0 0
1670591797110 0.0 0
1670591797398 0.0 0
1670591797665 0.0 0
1670591797976 0.0 0
1670591798236 0.0 0
1670591798612 0.0 0
1670591798979 0.0 0
