1670593209028 0.0 0
1670593211904 0.0 0
1670593214851 0.0 0
1670593218251 0.0 0
1670593221557 0.0 0
1670593224864 0.0 0
1670593228030 0.0 0
1670593231329 0.0 0
1670593234931 0.0 0
1670593237978 0.0 0
1670593240915 0.0 0
1670593244310 0.0 0
1670593247539 0.0 0
1670593250749 0.0 0
1670593253746 0.0 0
1670593256556 0.0 0
1670593259681 0.0 0
1670593263270 0.0 0
1670593266120 0.0 0
1670593268969 0.0 0
1670593271897 0.0 0
1670593274646 0.0 0
1670593277711 0.0 0
1670593280773 0.0 0
1670593283914 0.0 0
1670593286988 0.0 0
1670593290284 0.0 0
1670593293581 0.0 0
1670593297117 0.0 0
1670593300757 0.0 0
1670593304012 0.0 0
1670593307713 0.0 0
1670593311423 0.0 0
1670593315125 0.0 0
1670593318751 0.0 0
1670593322326 0.0 0
1670593326174 0.0 0
1670593329467 0.0 0
1670593332840 0.0 0
1670593336771 0.0 0
1670593340469 0.0 0
1670593344008 0.0 0
1670593347812 0.0 0
1670593351846 0.0 0
1670593355378 0.0 0
1670593358652 0.0 0
1670593361879 0.0 0
1670593364881 0.0 0
1670593367977 0.0 0
1670593371167 0.0 0
1670593374602 0.0 0
1670593378476 0.0 0
1670593381712 0.0 0
1670593385270 0.0 0
1670593388734 0.0 0
1670593391729 0.0 0
1670593394691 0.0 0
1670593398121 0.0 0
1670593401115 0.0 0
1670593404558 0.0 0
1670593407627 0.0 0
1670593410695 0.0 0
1670593413558 0.0 0
1670593416526 0.0 0
1670593419798 0.0 0
1670593422630 0.0 0
1670593425738 0.0 0
1670593428723 0.0 0
1670593431829 0.0 0
1670593434525 0.0 0
1670593437944 0.0 0
1670593440704 0.0 0
1670593443707 0.0 0
1670593446463 0.0 0
1670593449306 0.0 0
1670593452139 0.0 0
1670593454690 0.0 0
1670593457891 0.0 0
1670593461071 0.0 0
1670593463691 0.0 0
1670593466390 0.0 0
1670593469118 0.0 0
1670593472041 0.0 0
1670593475202 0.0 0
1670593478230 0.0 0
1670593481279 0.0 0
1670593484273 0.0 0
1670593487287 0.0 0
1670593490356 0.0 0
1670593493260 0.0 0
1670593496007 0.0 0
1670593498672 0.0 0
1670593501958 0.0 0
1670593505162 0.0 0
1670593507850 0.0 0
1670593510732 0.0 0
1670593513714 0.0 0
1670593516664 0.0 0
1670593519595 0.0 0
1670593522461 0.0 0
1670593525679 0.0 0
