1670608585698 0.0 0
1670608585816 0.0 0
1670608585972 0.0 0
1670608586132 0.0 0
1670608586403 0.0 0
1670608586624 0.0 0
1670608586839 0.0 0
1670608586965 0.0 0
1670608587199 0.0 0
1670608587393 0.0 0
1670608587531 0.0 0
1670608587862 0.0 0
1670608587963 0.0 0
1670608588191 0.0 0
1670608588482 0.0 0
1670608588625 0.0 0
1670608588747 0.0 0
1670608588879 0.0 0
1670608589025 0.0 0
1670608589427 0.0 0
1670608589652 0.0 0
1670608589800 0.0 0
1670608589983 0.0 0
1670608590264 0.0 0
1670608590448 0.0 0
1670608590797 0.0 0
1670608590994 0.0 0
1670608591219 0.0 0
1670608591432 0.0 0
1670608591688 0.0 0
1670608591876 0.0 0
1670608592215 0.0 0
1670608592317 0.0 0
1670608592490 0.0 0
1670608592849 0.0 0
1670608593013 0.0 0
1670608593164 0.0 0
1670608593457 0.0 0
1670608593731 0.0 0
1670608593958 0.0 0
1670608594189 0.0 0
1670608594387 0.0 0
1670608594593 0.0 0
1670608594811 0.0 0
1670608595145 0.0 0
1670608595213 0.0 0
1670608595619 0.0 0
1670608595880 0.0 0
1670608595973 0.0 0
1670608596213 0.0 0
1670608596423 0.0 0
1670608596719 0.0 0
1670608596919 0.0 0
1670608597127 0.0 0
1670608597318 0.0 0
1670608597498 0.0 0
1670608597721 0.0 0
1670608598054 0.0 0
1670608598215 0.0 0
1670608598387 0.0 0
1670608598711 0.0 0
1670608598858 0.0 0
1670608599013 0.0 0
1670608599267 0.0 0
1670608599563 0.0 0
1670608599927 0.0 0
1670608600152 0.0 0
1670608600363 0.0 0
1670608600532 0.0 0
1670608600700 0.0 0
1670608600855 0.0 0
1670608601135 0.0 0
1670608601276 0.0 0
1670608601419 0.0 0
1670608601680 0.0 0
1670608602040 0.0 0
1670608602283 0.0 0
1670608602534 0.0 0
1670608602644 0.0 0
1670608602790 0.0 0
1670608602936 0.0 0
1670608603103 0.0 0
1670608603398 0.0 0
1670608603664 0.0 0
1670608603771 0.0 0
1670608603864 0.0 0
1670608604094 0.0 0
1670608604434 0.0 0
1670608604668 0.0 0
1670608604934 0.0 0
1670608605144 0.0 0
1670608605284 0.0 0
1670608605479 0.0 0
1670608605631 0.0 0
1670608605935 0.0 0
1670608606302 0.0 0
1670608606613 0.0 0
1670608606866 0.0 0
1670608607129 0.0 0
1670608607301 0.0 0
1670608607517 0.0 0
