1670576048263 0.006353102368216048 0
1670576050154 0.0022586080982973196 0
1670576051965 0.0021289114841845378 0
1670576053814 0.0016695648857888508 0
1670576055825 0.0014131707242209081 0
1670576057585 0.0012506197094509452 0
1670576059622 0.0011926124879664572 0
1670576061480 0.0011389667409641932 0
1670576063024 0.0010668175844240377 0
1670576064551 0.0010407622462199836 0
1670576066497 0.0010139406699204868 0
1670576068138 0.000987566682753818 0
1670576070004 0.0009467267304622821 0
1670576071852 0.0009106297187018062 0
1670576073644 0.0008916493166718532 0
1670576075451 0.0009284941031908005 0
1670576077456 0.0009250097096408639 0
1670576079134 0.0008999460976253668 0
1670576080940 0.000880812562644248 0
1670576082595 0.0009224477441302779 0
1670576084397 0.000920956004933231 0
1670576086280 0.000910656143079683 0
1670576088290 0.0009402662639921481 0
1670576089992 0.0009873635497307835 0
1670576091868 0.0009678262367769036 0
1670576093736 0.0010335849279949876 0
1670576095467 0.0010367453580963333 0
1670576097365 0.0010450121105101454 0
1670576099429 0.0009921023715390494 0
1670576101632 0.0009955020960985546 0
1670576103580 0.000987000480146996 0
1670576105491 0.0009721576956240369 0
1670576107261 0.000988557462362456 0
1670576109359 0.0010021156284821797 0
1670576111096 0.001001285836703799 0
1670576112743 0.0010116403811806477 0
1670576114545 0.000998483998946348 0
1670576116223 0.000986442366968849 0
1670576117954 0.0009791976928308467 0
1670576119891 0.000978009549724039 0
1670576121743 0.000969616248888058 0
1670576123468 0.0009679404657048126 0
1670576125333 0.0009702144860997788 0
1670576126805 0.0009686796897159651 0
1670576128172 0.0009632027338455226 0
1670576130159 0.0009557529909393677 0
1670576131907 0.0009633720882196839 0
1670576133649 0.0009558401658895099 0
1670576135348 0.000948460574191077 0
1670576137214 0.0009412297082584315 0
1670576139105 0.0009332918834417333 0
1670576141052 0.0009396237430167309 0
1670576142937 0.0009363146857070115 0
1670576144865 0.0009288828767511329 0
1670576146775 0.0009205828882378806 0
1670576148566 0.0009143654252532197 0
1670576150631 0.0009128975193845724 0
1670576152603 0.000905138547960222 0
1670576154685 0.000909408269821459 0
1670576156875 0.0009066967681197343 0
1670576158674 0.0009011896338106935 0
1670576160612 0.0009251083908371616 0
1670576162761 0.0009179161028136451 0
1670576164708 0.000914872944517555 0
1670576166553 0.0009117914509416486 0
1670576168774 0.0009050542941598792 0
1670576170626 0.0009020816161659365 0
1670576172644 0.0008961312839676643 0
1670576174528 0.0008898199486009583 0
1670576176336 0.0008841228644367248 0
1670576178028 0.0008780767196819095 0
1670576179857 0.000884952803382795 0
1670576181616 0.0008848861147189632 0
1670576183555 0.0008908811900393038 0
1670576185466 0.0008857460901949497 0
1670576187248 0.0008913435070030327 0
1670576189275 0.0008964795678673338 0
1670576190902 0.0009161455912766923 0
1670576192462 0.0009186645164524809 0
1670576194489 0.0009144834093218893 0
1670576196412 0.0009103493264063387 0
1670576197955 0.0009096519246766842 0
1670576199650 0.0009122658438784686 0
1670576201439 0.0009168548657373919 0
1670576203311 0.0009159877782576723 0
1670576204992 0.0009150381963520646 0
1670576207023 0.0009109786471944166 0
1670576208666 0.0009069670154915038 0
1670576210783 0.0009107423250281491 0
1670576212715 0.000913742127860635 0
1670576214577 0.0009098161294234254 0
1670576216412 0.0009049152657407102 0
1670576218369 0.0009084869125631993 0
1670576220245 0.0009252903373229168 0
1670576222317 0.0009277446814794597 0
1670576223984 0.0009240046182660881 0
1670576226029 0.0009192871921922508 0
1670576227761 0.0009183362714882714 0
1670576229639 0.0009144361050688093 0
1670576231628 0.0009105831210853647 0
1670576233608 0.000906776438764336 0
1670576235359 0.0009146806498343328 0
1670576237444 0.0009167976925830172 0
1670576239092 0.0009129645281752588 0
1670576240879 0.0009091777940279681 0
1670576242618 0.0009086769919398336 0
1670576244541 0.0009070712758106701 0
1670576246212 0.0009234629455825952 0
1670576248121 0.0009202296515367751 0
1670576250039 0.0009194572006497534 0
1670576252058 0.0009153519580274367 0
1670576253990 0.0009118820499840622 0
1670576255833 0.0009139774177848302 0
1670576257867 0.0009159270287167579 0
1670576259830 0.0009224976366899475 0
1670576261536 0.0009185747432411406 0
1670576263376 0.000921857941934529 0
1670576265217 0.0009281528372344883 0
1670576267101 0.0009243053833676258 0
1670576269126 0.0009258258696366975 0
1670576271186 0.0009373535930637649 0
1670576273053 0.0009338965353375268 0
1670576275005 0.0009420843333073357 0
1670576277260 0.0009498851761158482 0
1670576279005 0.0009752248541448366 0
