1670630070405 0.0 0
1670630072099 0.0 0
1670630073866 0.0 0
1670630075557 0.0 0
1670630077325 0.0 0
1670630079007 0.0 0
1670630080855 0.0 0
1670630082628 0.0 0
1670630084313 0.0 0
1670630086050 0.0 0
1670630087839 0.0 0
1670630089516 0.0 0
1670630091185 0.0 0
1670630092938 0.0 0
1670630094645 0.0 0
1670630096368 0.0 0
1670630098127 0.0 0
1670630099836 0.0 0
1670630101582 0.0003041093446521798 0
1670630103292 0.0004082140407621257 0
1670630105060 0.0004757800065754757 0
1670630107000 0.00052404655795503 0
1670630108753 0.000513962115452139 0
1670630110459 0.0005044251405531138 0
1670630111936 0.0004953893377332302 0
1670630113597 0.00048681347550324843 0
1670630115308 0.00047866074324266316 0
1670630117080 0.0004708981935161482 0
1670630118814 0.0004441730934715023 0
1670630120552 0.00043803318738432453 0
1670630122166 0.0004744317419556225 0
1670630123874 0.0004684971032137689 0
1670630125717 0.00046276650374246395 0
1670630127358 0.0004572296834624105 0
1670630129075 0.00045187694117032617 0
1670630130642 0.00048162783676947087 0
1670630132011 0.000476457151189967 0
1670630133516 0.00047143825444989716 0
1670630134920 0.0004665647506038153 0
1670630136474 0.00046183051234036646 0
1670630138094 0.0004572296834624104 0
1670630139811 0.0004527566768403921 0
1670630141325 0.00044840616916275655 0
1670630143025 0.0004441730934715023 0
1670630144610 0.0004400526302197077 0
1670630146293 0.000465198161506699 0
1670630148091 0.00046116521635786644 0
1670630149665 0.00045722968346241033 0
1670630151388 0.0004533880565066984 0
1670630152984 0.0004496369716316376 0
1670630154518 0.00047143825444989716 0
1670630156172 0.0004677698357015559 0
1670630157709 0.00046418059563529853 0
1670630159298 0.00048338627266151564 0
1670630160815 0.00047988700382972795 0
1670630162478 0.0004764571511899671 0
1670630164453 0.000493570798266802 0
1670630165855 0.0004902333588849639 0
1670630167385 0.0004869569669869897 0
1670630169075 0.00048374009437917274 0
1670630170716 0.00048058124069934533 0
1670630172441 0.0004774789358737964 0
1670630173820 0.0004744317419556225 0
1670630175426 0.00047143825444989716 0
1670630177113 0.0004869569669869897 0
1670630178936 0.00048403011753309327 0
1670630180757 0.0004811513289626015 0
1670630182324 0.0004783194935624144 0
1670630183911 0.00047553352537264094 0
1670630185419 0.0004727923610746333 0
1670630186947 0.00047009496062675095 0
1670630188672 0.0004842721705659734 0
1670630190341 0.00048162783676947087 0
1670630192088 0.00047902311032224285 0
1670630193624 0.0004920227574258194 0
1670630195281 0.0004894719061002163 0
1670630196989 0.0004869569669869897 0
1670630198643 0.00048447724582663984 0
1670630200175 0.0004964812258899691 0
1670630201845 0.0004940526490550852 0
1670630203365 0.0004916561248261235 0
1670630205080 0.0004892910849018783 0
1670630206739 0.0005004350513084908 0
1670630208257 0.0004981183671381318 0
1670630209977 0.0004958304390532753 0
1670630211632 0.000493570798266802 0
1670630213077 0.0004913389794141042 0
1670630214539 0.0004891345212059206 0
1670630216375 0.0004869569669869897 0
1670630218078 0.00048480586521143434 0
1670630219787 0.00048268076984452134 0
1670630221435 0.00048058124069934533 0
1670630223049 0.00047850684371600273 0
1670630224816 0.0004889976405762393 0
1670630226417 0.0004869569669869897 0
1670630228289 0.00048493954256661125 0
1670630229665 0.0004829449996432271 0
1670630231233 0.0004809729750482738 0
1670630233020 0.0004908178388499211 0
1670630234486 0.0004888769507352745 0
1670630236133 0.0004869569669869897 0
