1670611052100 0.0 0
1670611054261 0.0 0
1670611055994 0.0 0
1670611058009 0.0 0
1670611060016 0.0 0
1670611061106 0.0 0
1670611062514 0.0 0
1670611064069 0.0 0
1670611066150 0.0 0
1670611068173 0.0 0
1670611069704 0.0 0
1670611071018 0.0 0
1670611072745 0.0 0
1670611074309 0.0 0
1670611075930 0.0 0
1670611077432 0.0 0
1670611079046 0.0 0
1670611080246 0.0 0
1670611081593 0.0 0
1670611083393 0.0 0
1670611084660 0.0 0
1670611086368 0.0 0
1670611087649 0.0 0
1670611089484 0.0 0
1670611090847 0.0 0
1670611091946 0.0 0
1670611093233 0.0 0
1670611095422 0.0 0
1670611097124 0.0 0
1670611098755 0.0 0
1670611100406 0.0 0
1670611102105 0.0 0
1670611104137 0.0 0
1670611106060 0.0 0
1670611107657 0.0 0
1670611109342 0.0 0
1670611111455 0.0 0
1670611113031 0.0 0
1670611114416 0.0 0
1670611116304 0.0 0
1670611117998 0.0 0
1670611119484 0.0 0
1670611120470 0.0 0
1670611121580 0.0 0
1670611123169 0.0 0
1670611124587 0.0 0
1670611125784 0.0 0
1670611127431 0.0 0
1670611128943 0.0 0
1670611130307 0.0 0
1670611131947 0.0 0
1670611133694 0.0 0
1670611135476 0.0 0
1670611136931 0.0 0
1670611138433 0.0 0
1670611139806 0.0 0
1670611141595 0.0 0
1670611143784 0.0 0
1670611145340 0.0 0
1670611147002 0.0 0
1670611148826 0.0 0
1670611150602 0.0 0
1670611152048 0.0 0
1670611153673 0.0 0
1670611155254 0.0 0
1670611157047 0.0 0
1670611158540 0.0 0
1670611160015 0.0 0
1670611161682 0.0 0
1670611163061 0.0 0
1670611164472 0.0 0
1670611166217 0.0 0
1670611167530 0.0 0
1670611169181 0.0 0
1670611170698 0.0 0
1670611171930 0.0 0
1670611173553 0.0 0
1670611174758 0.0 0
1670611176318 0.0 0
1670611177742 0.0 0
1670611179591 0.0 0
1670611181390 0.0 0
1670611183295 0.0 0
1670611184551 0.0 0
1670611186027 0.0 0
1670611187635 0.0 0
1670611188895 0.0 0
1670611190288 0.0 0
1670611192065 0.0 0
1670611193729 0.0 0
1670611195820 0.0 0
1670611197072 0.0 0
1670611198318 0.0 0
1670611200075 0.0 0
1670611201600 0.0 0
1670611202835 0.0 0
1670611204190 0.0 0
1670611205665 0.0 0
1670611207652 0.0 0
1670611209797 0.0 0
1670611211958 0.0 0
