1670610281861 0.0 0
1670610282083 0.0 0
1670610282452 0.0 0
1670610282652 0.0 0
1670610282881 0.0 0
1670610283138 0.0 0
1670610283314 0.0 0
1670610283485 0.0 0
1670610283831 0.0 0
1670610284015 0.0 0
1670610284373 0.0 0
1670610284584 0.0 0
1670610284887 0.0 0
1670610285198 0.0 0
1670610285408 0.0 0
1670610285736 0.0 0
1670610285996 0.0 0
1670610286265 0.0 0
1670610286460 0.0 0
1670610286904 0.0 0
1670610287349 0.0 0
1670610287590 0.0 0
1670610287905 0.0 0
1670610288121 0.0 0
1670610288362 0.0 0
1670610288611 0.0 0
1670610289018 0.0 0
1670610289347 0.0 0
1670610289656 0.0 0
1670610289958 0.0 0
1670610290164 0.0 0
1670610290349 0.0 0
1670610290722 0.0 0
1670610290931 0.0 0
1670610291100 0.0 0
1670610291262 0.0 0
1670610291565 0.0 0
1670610291909 0.0 0
1670610292151 0.0 0
1670610292433 0.0 0
1670610292695 0.0 0
1670610292871 0.0 0
1670610293157 0.0 0
1670610293390 0.0 0
1670610293683 0.0 0
1670610293898 0.0 0
1670610294209 0.0 0
1670610294576 0.0 0
1670610294792 0.0 0
1670610295118 0.0 0
1670610295402 0.0 0
1670610295662 0.0 0
1670610295938 0.0 0
1670610296191 0.0 0
1670610296483 0.0 0
1670610296682 0.0 0
1670610296881 0.0 0
1670610297038 0.0 0
1670610297262 0.0 0
1670610297425 0.0 0
1670610297595 0.0 0
1670610297891 0.0 0
1670610298041 0.0 0
1670610298259 0.0 0
1670610298420 0.0 0
1670610298586 0.0 0
1670610298772 0.0 0
1670610298999 0.0 0
1670610299166 0.0 0
1670610299460 0.0 0
1670610299640 0.0 0
1670610299876 0.0 0
1670610300115 0.0 0
1670610300274 0.0 0
1670610300542 0.0 0
1670610300804 0.0 0
1670610301289 0.0 0
1670610301527 0.0 0
1670610301754 0.0 0
1670610302165 0.0 0
1670610302483 0.0 0
1670610302691 0.0 0
1670610302921 0.0 0
1670610303367 0.0 0
1670610303666 0.0 0
1670610303967 0.0 0
1670610304248 0.0 0
1670610304455 0.0 0
1670610304615 0.0 0
1670610304908 0.0 0
1670610305096 0.0 0
1670610305381 0.0 0
1670610305584 0.0 0
1670610305749 0.0 0
1670610305990 0.0 0
1670610306247 0.0 0
1670610306430 0.0 0
1670610306642 0.0 0
1670610306863 0.0 0
1670610307186 0.0 0
1670610307332 0.0 0
