1670571417256 0.0 0
1670571417979 0.0 0
1670571418649 0.0 0
1670571419256 0.0 0
1670571419858 0.0 0
1670571420421 0.0 0
1670571420926 0.0 0
1670571421605 0.0 0
1670571422174 0.0 0
1670571422732 0.0 0
1670571423378 0.0 0
1670571423975 0.0 0
1670571424732 0.0 0
1670571425272 0.0 0
1670571425809 0.0 0
1670571426480 0.0 0
1670571427051 0.0 0
1670571427626 0.0 0
1670571428268 0.0 0
1670571428789 0.0 0
1670571429351 0.0 0
1670571429984 0.0 0
1670571430677 0.0 0
1670571431233 0.0 0
1670571431810 0.0 0
1670571432755 0.0 0
1670571433413 0.0 0
1670571434011 0.0 0
1670571434759 0.0 0
1670571435300 0.0 0
1670571436039 0.0 0
1670571436915 0.0 0
1670571437494 0.0 0
1670571438094 0.0 0
1670571438643 0.0 0
1670571439355 0.0 0
1670571439973 0.0 0
1670571440522 0.0 0
1670571441137 0.0 0
1670571441710 0.0 0
1670571442472 0.0 0
1670571443069 0.0 0
1670571443679 0.0 0
1670571444468 0.0 0
1670571445166 0.0 0
1670571445869 0.0 0
1670571446503 0.0 0
1670571447097 0.0 0
1670571447692 0.0 0
1670571448318 0.0 0
1670571449172 0.0 0
1670571449966 0.0 0
1670571450509 0.0 0
1670571451013 0.0 0
1670571451565 0.0 0
1670571452248 0.0 0
1670571452802 0.0 0
1670571453590 0.0 0
1670571454154 0.0 0
1670571454832 0.0 0
1670571455722 0.0 0
1670571456388 0.0 0
1670571457265 0.0 0
1670571458254 0.0 0
1670571458970 0.0 0
1670571459610 0.0 0
1670571460317 0.0 0
1670571461285 0.0 0
1670571462594 0.0 0
1670571463405 0.0 0
1670571464172 0.0 0
1670571464700 0.0 0
1670571465167 0.0 0
1670571465961 0.0 0
1670571466632 0.0 0
1670571467227 0.0 0
1670571467909 0.0 0
1670571468629 0.0 0
1670571469307 0.0 0
1670571469768 0.0 0
1670571470514 0.0 0
1670571471184 0.0 0
1670571472011 0.0 0
1670571472833 0.0 0
1670571473390 0.0 0
1670571474012 0.0 0
1670571474819 0.0 0
1670571476070 0.0 0
1670571477233 0.0 0
1670571478360 0.0 0
1670571478965 0.0 0
1670571479624 0.0 0
1670571480528 0.0 0
1670571481427 0.0 0
1670571482067 0.0 0
1670571482950 0.0 0
1670571483695 0.0 0
1670571484503 0.0 0
1670571485678 0.0 0
1670571486618 0.0 0
1670571487675 0.0 0
