1670603348454 0.0 0
1670603350144 0.0 0
1670603351978 0.0 0
1670603353928 0.0 0
1670603356080 0.0 0
1670603358274 0.0 0
1670603360390 0.0 0
1670603362408 0.0 0
1670603364251 0.0 0
1670603366116 0.0 0
1670603368104 0.0 0
1670603370280 0.0 0
1670603372297 0.0 0
1670603374014 0.0 0
1670603376295 0.0 0
1670603378054 0.0 0
1670603380025 0.0 0
1670603382299 0.0 0
1670603384383 0.0 0
1670603386137 0.0 0
1670603388268 0.0 0
1670603390105 0.0 0
1670603392080 0.0 0
1670603394394 0.0 0
1670603396487 0.0 0
1670603398756 0.0 0
1670603400840 0.0 0
1670603402973 0.0 0
1670603404838 0.0 0
1670603406950 0.0 0
1670603408742 0.0 0
1670603410474 0.0 0
1670603412640 0.0 0
1670603415022 0.0 0
1670603417249 0.0 0
1670603419608 0.0 0
1670603421730 0.0 0
1670603424023 0.0 0
1670603425889 0.0 0
1670603427853 0.0 0
1670603429699 0.0 0
1670603432018 0.0 0
1670603434035 0.0 0
1670603436363 0.0 0
1670603438281 0.0 0
1670603440178 0.0 0
1670603442226 0.0 0
1670603444377 0.0 0
1670603446232 0.0 0
1670603448298 0.0 0
1670603450163 0.0 0
1670603452077 0.0 0
1670603453738 0.0 0
1670603455843 0.0 0
1670603457833 0.0 0
1670603460406 0.0 0
1670603462558 0.0 0
1670603464699 0.0 0
1670603467606 0.0 0
1670603469660 0.0 0
1670603471794 0.0 0
1670603474283 0.0 0
1670603476107 0.0 0
1670603478203 0.0 0
1670603480371 0.0 0
1670603482032 0.0 0
1670603484107 0.0 0
1670603485940 0.0 0
1670603488014 0.0 0
1670603490684 0.0 0
1670603493434 0.0 0
1670603495608 0.0 0
1670603498496 0.0 0
1670603500963 0.0 0
1670603502922 0.0 0
1670603505146 0.0 0
1670603507647 0.0 0
1670603509844 0.0 0
1670603511700 0.0 0
1670603514029 0.0 0
1670603516627 0.0 0
1670603518389 0.0 0
1670603520295 0.0 0
1670603522802 0.0 0
1670603525075 0.0 0
1670603527252 0.0 0
1670603529137 0.0 0
1670603530861 0.0 0
1670603532645 0.0 0
1670603534297 0.0 0
1670603536898 0.0 0
1670603539020 0.0 0
1670603541486 0.0 0
1670603543891 0.0 0
1670603545970 0.0 0
1670603548051 0.0 0
1670603550356 0.0 0
1670603552253 0.0 0
1670603554276 0.0 0
1670603556385 0.0 0
1670603558476 0.0 0
