1670640926466 0.0 0
1670640927906 0.0 0
1670640929367 0.0 0
1670640930835 0.0 0
1670640932350 0.0 0
1670640933960 0.0 0
1670640935431 0.0 0
1670640936339 0.0 0
1670640937352 0.0 0
1670640938495 0.0003333333333333333 0
1670640939764 0.0 0
1670640941153 0.0 0
1670640942522 0.0 0
1670640944097 0.0006666666666666666 0
1670640945256 0.0 0
1670640946485 0.0 0
1670640947712 0.0 0
1670640948967 0.0 0
1670640950271 0.0003333333333333333 0
1670640951440 0.0 0
1670640952666 0.0006666666666666666 0
1670640953840 0.0 0
1670640955020 0.0003333333333333333 0
1670640956247 0.0003333333333333333 0
1670640957498 0.0003333333333333333 0
1670640958720 0.0 0
1670640959941 0.0003333333333333333 0
1670640961198 0.0003333333333333333 0
1670640962386 0.0003333333333333333 0
1670640963582 0.0 0
1670640964751 0.0003333333333333333 0
1670640965673 0.0 0
1670640966817 0.0003333333333333333 0
1670640968331 0.0003333333333333333 0
1670640969755 0.0 0
1670640971194 0.0 0
1670640972596 0.0 0
1670640974024 0.0 0
1670640975456 0.0 0
1670640976908 0.0 0
1670640978361 0.001 0
1670640979721 0.0003333333333333333 0
1670640981032 0.0 0
1670640982274 0.0 0
1670640983555 0.0 0
1670640984796 0.0 0
1670640985882 0.0 0
1670640986693 0.0 0
1670640987874 0.0003333333333333333 0
1670640988927 0.0 0
1670640990366 0.0 0
1670640991703 0.0003333333333333333 0
1670640993046 0.0 0
1670640994493 0.0003333333333333333 0
1670640995937 0.0 0
1670640997373 0.0003333333333333333 0
1670640998823 0.0 0
1670641000269 0.0 0
1670641001722 0.0 0
1670641003167 0.0 0
1670641004614 0.0 0
1670641006065 0.0 0
1670641007536 0.0 0
1670641009002 0.0 0
1670641010489 0.0003333333333333333 0
1670641011967 0.0003333333333333333 0
1670641013442 0.0 0
1670641014912 0.0 0
1670641016411 0.0 0
1670641017889 0.0 0
1670641019399 0.0003333333333333333 0
1670641020889 0.0 0
1670641022354 0.0 0
1670641023795 0.0 0
1670641025270 0.0 0
1670641026745 0.0 0
1670641028102 0.0 0
1670641029491 0.0 0
1670641030950 0.0 0
1670641032417 0.0 0
1670641033869 0.0 0
1670641035318 0.0 0
1670641036793 0.0 0
1670641038239 0.0 0
1670641039719 0.0 0
1670641041142 0.0 0
1670641042672 0.0 0
1670641044166 0.0 0
1670641045644 0.0 0
1670641047135 0.0 0
1670641048609 0.0 0
1670641050115 0.0003333333333333333 0
1670641051631 0.0003333333333333333 0
1670641053147 0.0 0
1670641054464 0.0 0
1670641055694 0.0003333333333333333 0
1670641056920 0.0 0
1670641058229 0.0003333333333333333 0
1670641059497 0.0 0
1670641060780 0.0 0
1670641062071 0.0 0
1670641063370 0.0 0
