1670633800679 0.0 0
1670633801297 0.0 0
1670633801940 0.0 0
1670633802558 0.0 0
1670633803194 0.0 0
1670633803715 0.0 0
1670633804251 0.0 0
1670633804790 0.0 0
1670633805476 0.0 0
1670633806122 0.0 0
1670633806666 0.0 0
1670633807203 0.0 0
1670633807744 0.0 0
1670633808290 0.0 0
1670633808815 0.0 0
1670633809410 0.0 0
1670633809945 0.0 0
1670633810502 0.0 0
1670633811060 0.0 0
1670633811588 0.0 0
1670633812123 0.0 0
1670633812628 0.0 0
1670633813178 0.0 0
1670633813728 0.0 0
1670633814283 0.0 0
1670633814926 0.0 0
1670633815451 0.0 0
1670633815956 0.0 0
1670633816433 0.0 0
1670633816933 0.0 0
1670633817414 0.0 0
1670633817882 0.0 0
1670633818354 0.0 0
1670633818854 0.0 0
1670633819334 0.0 0
1670633819813 0.0 0
1670633820292 0.0 0
1670633820768 0.0 0
1670633821247 0.0 0
1670633821726 0.0 0
1670633822217 0.0 0
1670633822695 0.0 0
1670633823192 0.0 0
1670633823672 0.0 0
1670633824154 0.0 0
1670633824632 0.0 0
1670633825132 0.0 0
1670633825610 0.0 0
1670633826165 0.0 0
1670633826770 0.0 0
1670633827408 0.0 0
1670633827911 0.0 0
1670633828392 0.0 0
1670633828855 0.0 0
1670633829326 0.0 0
1670633829789 0.0 0
1670633830260 0.0 0
1670633830737 0.0 0
1670633831205 0.0 0
1670633831684 0.0 0
1670633832167 0.0 0
1670633832637 0.0 0
1670633833113 0.0 0
1670633833601 0.0 0
1670633834075 0.0 0
1670633834546 0.0 0
1670633835033 0.0 0
1670633835519 0.0 0
1670633835989 0.0 0
1670633836408 0.0 0
1670633836839 0.0 0
1670633837289 0.0 0
1670633837710 0.0 0
1670633838135 0.0 0
1670633838594 0.0 0
1670633839040 0.0 0
1670633839480 0.0 0
1670633839899 0.0 0
1670633840317 0.0 0
1670633840772 0.0 0
1670633841192 0.0 0
1670633841596 0.0 0
1670633842033 0.0 0
1670633842466 0.0 0
1670633842873 0.0 0
1670633843290 0.0 0
1670633843716 0.0 0
1670633844183 0.0 0
1670633844602 0.0 0
1670633845072 0.0 0
1670633845508 0.0 0
1670633845942 0.0 0
1670633846291 0.0 0
1670633846694 0.0 0
1670633847100 0.0 0
1670633847492 0.0 0
1670633847914 0.0 0
1670633848380 0.0 0
1670633848818 0.0 0
1670633849214 0.0 0
1670633849603 0.0 0
1670633850014 0.0 0
