1670610633591 0.0 0
1670610635199 0.0 0
1670610636867 0.0 0
1670610638387 0.0 0
1670610640388 0.0 0
1670610642098 0.0 0
1670610643410 0.0 0
1670610645230 0.0 0
1670610646922 0.0 0
1670610648261 0.0 0
1670610649934 0.0 0
1670610651624 0.0 0
1670610653675 0.0 0
1670610655260 0.0 0
1670610656742 0.0 0
1670610658689 0.0 0
1670610660134 0.0 0
1670610661841 0.0 0
1670610663495 0.0 0
1670610664994 0.0 0
1670610666515 0.0 0
1670610668259 0.0 0
1670610669813 0.0 0
1670610671333 0.0 0
1670610672865 0.0 0
1670610674440 0.0 0
1670610675890 0.0 0
1670610677162 0.0 0
1670610679010 0.0 0
1670610680842 0.0 0
1670610683162 0.0 0
1670610684823 0.0 0
1670610686445 0.0 0
1670610688160 0.0 0
1670610689400 0.0 0
1670610690970 0.0 0
1670610692839 0.0 0
1670610694457 0.0 0
1670610696024 0.0 0
1670610697534 0.0 0
1670610699026 0.0 0
1670610700633 0.0 0
1670610701946 0.0 0
1670610703546 0.0 0
1670610705321 0.0 0
1670610707081 0.0 0
1670610708412 0.0 0
1670610709740 0.0 0
1670610711247 0.0 0
1670610712573 0.0 0
1670610714500 0.0 0
1670610716303 0.0 0
1670610718188 0.0 0
1670610719867 0.0 0
1670610721448 0.0 0
1670610723053 0.0 0
1670610724468 0.0 0
1670610725787 0.0 0
1670610727446 0.0 0
1670610729382 0.0 0
1670610731467 0.0 0
1670610733046 0.0 0
1670610735119 0.0 0
1670610736943 0.0 0
1670610738728 0.0 0
1670610740254 0.0 0
1670610741911 0.0 0
1670610743938 0.0 0
1670610745398 0.0 0
1670610747477 0.0 0
1670610749549 0.0 0
1670610751486 0.0 0
1670610753513 0.0 0
1670610755061 0.0 0
1670610756644 0.0 0
1670610758165 0.0 0
1670610759681 0.0 0
1670610761570 0.0 0
1670610763552 0.0 0
1670610765884 0.0 0
1670610768035 0.0 0
1670610769978 0.0 0
1670610772085 0.0 0
1670610773728 0.0 0
1670610775517 0.0 0
1670610777344 0.0 0
1670610779298 0.0 0
1670610781204 0.0 0
1670610783043 0.0 0
1670610784953 0.0 0
1670610786667 0.0 0
1670610788202 0.0 0
1670610790169 0.0 0
1670610791810 0.0 0
1670610794195 0.0 0
1670610795728 0.0 0
1670610797411 0.0 0
1670610798783 0.0 0
1670610800281 0.0 0
1670610802504 0.0 0
1670610804347 0.0 0
1670610806314 0.0 0
