1670582141302 0.2878 0
1670582144886 0.2863 0
1670582148341 0.2876 0
1670582151864 0.2893 0
1670582155529 0.2893 0
1670582159097 0.287 0
1670582162625 0.2885 0
1670582166476 0.2878 0
1670582170133 0.2873 0
1670582173118 0.2871 0
1670582176778 0.2876 0
1670582180909 0.2873 0
1670582184891 0.2873 0
1670582188997 0.2865 0
1670582192477 0.2901 0
1670582196171 0.2864 0
1670582199831 0.2884 0
1670582203654 0.2879 0
1670582206932 0.2895 0
1670582210117 0.2889 0
1670582213471 0.289 0
1670582217152 0.2873 0
1670582220883 0.2872 0
1670582224589 0.2896 0
1670582228324 0.288 0
1670582231202 0.2879 0
1670582234346 0.2875 0
1670582237368 0.2876 0
1670582240880 0.2884 0
1670582244020 0.2877 0
1670582247337 0.2882 0
1670582251008 0.2886 0
1670582253963 0.2899 0
1670582257240 0.288 0
1670582260797 0.2882 0
1670582264133 0.2876 0
1670582267644 0.2876 0
1670582270635 0.288 0
1670582274122 0.2871 0
1670582277813 0.2888 0
1670582280955 0.2878 0
1670582284278 0.2869 0
1670582288086 0.2887 0
1670582291273 0.288 0
1670582294596 0.2885 0
1670582298226 0.2896 0
1670582301601 0.2883 0
1670582304905 0.2874 0
1670582308294 0.2889 0
1670582311560 0.2892 0
1670582314595 0.2882 0
1670582317873 0.2875 0
1670582321519 0.2884 0
1670582325035 0.2884 0
1670582328507 0.2884 0
1670582332015 0.288 0
1670582335496 0.2885 0
1670582338846 0.2899 0
1670582342267 0.2904 0
1670582345410 0.2864 0
1670582348595 0.2892 0
1670582351855 0.2882 0
1670582354854 0.2871 0
1670582358033 0.2886 0
1670582361437 0.2894 0
1670582364271 0.2885 0
1670582368015 0.2871 0
1670582371391 0.2875 0
1670582374678 0.289 0
1670582378290 0.2885 0
1670582381965 0.2901 0
1670582385831 0.2898 0
1670582389584 0.2868 0
1670582393100 0.288 0
1670582396463 0.2884 0
1670582400491 0.2897 0
1670582404235 0.2902 0
1670582407556 0.2864 0
1670582410724 0.2888 0
1670582414060 0.2879 0
1670582417687 0.2874 0
1670582421430 0.2881 0
1670582425067 0.2862 0
1670582428862 0.2892 0
1670582432385 0.2887 0
1670582435629 0.288 0
1670582439177 0.2878 0
1670582442763 0.2886 0
1670582445659 0.2887 0
1670582449459 0.2909 0
1670582453019 0.2891 0
1670582456105 0.2886 0
1670582459410 0.2877 0
1670582463049 0.2883 0
1670582466734 0.2879 0
1670582469628 0.29 0
1670582472786 0.2885 0
1670582476072 0.2903 0
1670582479372 0.2877 0
1670582482651 0.2887 0
1670582485746 0.2891 0
1670582488678 0.2894 0
1670582491883 0.2876 0
1670582495064 0.2886 0
