1670638288421 0.0 0
1670638290148 0.0 0
1670638292063 0.0 0
1670638294072 0.0 0
1670638296084 0.0 0
1670638298116 0.0 0
1670638300119 0.0 0
1670638301798 0.0 0
1670638303477 0.0 0
1670638305053 0.0 0
1670638306964 0.0 0
1670638308817 0.0 0
1670638310571 0.0 0
1670638312327 0.0 0
1670638314081 0.0 0
1670638315866 0.0 0
1670638317722 0.0 0
1670638319732 0.0 0
1670638321654 0.0 0
1670638323461 0.0 0
1670638324996 0.0 0
1670638326615 0.0 0
1670638328258 0.0 0
1670638329943 0.0 0
1670638331516 0.0 0
1670638333407 0.0 0
1670638335251 0.0 0
1670638337120 0.0 0
1670638339000 0.0 0
1670638340718 0.0 0
1670638342414 0.0 0
1670638344160 0.0 0
1670638345929 0.0 0
1670638347614 0.0 0
1670638349392 0.0 0
1670638351155 0.0 0
1670638352856 0.0 0
1670638354639 0.0 0
1670638356370 0.0 0
1670638358047 0.0 0
1670638359848 0.0 0
1670638361645 0.0 0
1670638363477 0.0 0
1670638365271 0.0 0
1670638366939 0.0 0
1670638368760 0.0 0
1670638370521 0.0 0
1670638372308 0.0 0
1670638374034 0.0 0
1670638375574 0.0 0
1670638377348 0.0 0
1670638378758 0.0 0
1670638380551 0.0 0
1670638382400 0.0 0
1670638384320 0.0 0
1670638386023 0.0 0
1670638387739 0.0 0
1670638389160 0.0 0
1670638390946 0.0 0
1670638392789 0.0 0
1670638394571 0.0 0
1670638396280 0.0 0
1670638398018 0.0 0
1670638399805 0.0 0
1670638401635 0.0 0
1670638403516 0.0 0
1670638405406 0.0 0
1670638407103 0.0 0
1670638408654 0.0 0
1670638410231 0.0 0
1670638411962 0.0 0
1670638413724 0.0 0
1670638415664 0.0 0
1670638417540 0.0 0
1670638419340 0.0 0
1670638421140 0.0 0
1670638422726 0.0 0
1670638424441 0.0 0
1670638426307 0.0 0
1670638427893 0.0 0
1670638429460 0.0 0
1670638431313 0.0 0
1670638432929 0.0 0
1670638434743 0.0 0
1670638436545 0.0 0
1670638438091 0.0 0
1670638439857 0.0 0
1670638441481 0.0 0
1670638443217 0.0 0
1670638444845 0.0 0
1670638446609 0.0 0
1670638448310 0.0 0
1670638450085 0.0 0
1670638451573 0.0 0
1670638453385 0.0 0
1670638455184 0.0 0
1670638457000 0.0 0
1670638458872 0.0 0
1670638460756 0.0 0
1670638462556 0.0 0
1670638464060 0.0 0
1670638465636 0.0 0
