1670605601170 0.0003 0
1670605603698 0.0002 0
1670605605908 0.0 0
1670605607926 0.0002 0
1670605610607 0.0002 0
1670605612821 0.0002 0
1670605614753 0.0003 0
1670605617066 0.0002 0
1670605619393 0.0003 0
1670605621773 0.0005 0
1670605624236 0.0006 0
1670605626488 0.0005 0
1670605628703 0.0003 0
1670605630517 0.0003 0
1670605632409 0.0005 0
1670605634260 0.0002 0
1670605636137 0.0005 0
1670605637896 0.0001 0
1670605640001 0.0007 0
1670605642384 0.0005 0
1670605644481 0.0002 0
1670605646321 0.0003 0
1670605647769 0.0003 0
1670605649365 0.0004 0
1670605651210 0.0001 0
1670605653515 0.0001 0
1670605655533 0.0004 0
1670605657726 0.0004 0
1670605659937 0.0001 0
1670605661888 0.0 0
1670605663814 0.0005 0
1670605665865 0.0006 0
1670605667455 0.0005 0
1670605669313 0.0002 0
1670605671156 0.0004 0
1670605673033 0.0004 0
1670605675133 0.0004 0
1670605677234 0.0004 0
1670605678888 0.0005 0
1670605680956 0.0001 0
1670605682946 0.0005 0
1670605684970 0.0004 0
1670605686865 0.0006 0
1670605689011 0.0003 0
1670605691280 0.0004 0
1670605693181 0.0003 0
1670605695005 0.0002 0
1670605696913 0.0002 0
1670605699102 0.0003 0
1670605700968 0.0001 0
1670605702919 0.0001 0
1670605705000 0.0004 0
1670605706785 0.0001 0
1670605708484 0.0005 0
1670605710422 0.0001 0
1670605712269 0.0003 0
1670605714411 0.0006 0
1670605716637 0.0005 0
1670605718660 0.0002 0
1670605720495 0.0003 0
1670605722653 0.0002 0
1670605724509 0.0001 0
1670605726344 0.0004 0
1670605728347 0.0006 0
1670605730101 0.0003 0
1670605732021 0.0005 0
1670605734036 0.0001 0
1670605736043 0.0007 0
1670605738096 0.0001 0
1670605740053 0.0001 0
1670605741918 0.0005 0
1670605743649 0.0006 0
1670605745428 0.0001 0
1670605747192 0.0002 0
1670605749165 0.0008 0
1670605750670 0.0004 0
1670605752727 0.0001 0
1670605754691 0.0002 0
1670605756483 0.0001 0
1670605758512 0.0003 0
1670605760901 0.0003 0
1670605762712 0.0005 0
1670605764795 0.0003 0
1670605766482 0.0005 0
1670605768164 0.0001 0
1670605770060 0.0005 0
1670605772145 0.0005 0
1670605773778 0.0004 0
1670605775687 0.0002 0
1670605777647 0.0003 0
1670605779535 0.0003 0
1670605781661 0.0004 0
1670605783729 0.0003 0
1670605785766 0.0003 0
1670605787697 0.0001 0
1670605789603 0.0004 0
1670605791894 0.0007 0
1670605793973 0.0005 0
1670605796383 0.0005 0
1670605798658 0.0003 0
1670605800693 0.0004 0
1670605802036 0.0005 0
