1670605603701 0.0012706204736432092 0
1670605605911 0.0010732701579730388 0
1670605607929 0.0006935980918989246 0
1670605610610 0.0005440699045266056 0
1670605612823 0.0004614335613465624 0
1670605614756 0.00045308003439659036 0
1670605617068 0.00040956493435593405 0
1670605619397 0.00040349988259459006 0
1670605621776 0.000542917719057838 0
1670605624239 0.0006875049127198327 0
1670605626490 0.0007065661358110573 0
1670605628706 0.0006720778676666001 0
1670605630521 0.0006422051380694453 0
1670605632412 0.0006546188179136934 0
1670605634262 0.0006394348636677968 0
1670605636140 0.0006484416209381917 0
1670605637899 0.000659727482439315 0
1670605640004 0.0007414288610698985 0
1670605642387 0.0007382176249088419 0
1670605644484 0.0007272266639864062 0
1670605646323 0.0007086441021894839 0
1670605647772 0.0006914216891177655 0
1670605649367 0.0006782547554076168 0
1670605651212 0.0006875477765319797 0
1670605653518 0.0006941881374735526 0
1670605655536 0.0006836521695848347 0
1670605657729 0.0006735353681142553 0
1670605659940 0.0006798569735497126 0
1670605661891 0.0006750425037624623 0
1670605663816 0.0006788336793763158 0
1670605665868 0.0006981297070570533 0
1670605667458 0.000698920338499429 0
1670605669316 0.0006929998656652373 0
1670605671159 0.0006852956299274608 0
1670605673036 0.0006778154117554893 0
1670605675136 0.0006705510317751922 0
1670605677238 0.0006634943829117513 0
1670605678891 0.0006639813035221203 0
1670605680959 0.0006703392018602935 0
1670605682948 0.0006707567235327144 0
1670605684975 0.0006641644789181193 0
1670605686868 0.0006757000618014762 0
1670605689014 0.0006682883153232904 0
1670605691283 0.0006619176515219273 0
1670605693184 0.0006549987909289247 0
1670605695020 0.0006524630768744215 0
1670605696916 0.0006498412900875833 0
1670605699105 0.0006433791939513503 0
1670605700971 0.000649147646375509 0
1670605702922 0.0006541798025802485 0
1670605705003 0.0006493030285928047 0
1670605706789 0.0006538746377568695 0
1670605708487 0.0006549727086668314 0
1670605710425 0.0006591739258284818 0
1670605712272 0.0006533171615766284 0
1670605714414 0.0006638417831803483 0
1670605716640 0.0006643983630457945 0
1670605718663 0.0006617316562223081 0
1670605720498 0.0006562872081271906 0
1670605722656 0.0006536969545808686 0
1670605724512 0.0006574147073923615 0
1670605726347 0.0006534694568131833 0
1670605728350 0.0006627343326188158 0
1670605730104 0.0006577012952212613 0
1670605732032 0.0006582699879096826 0
1670605734039 0.0006619759254241637 0
1670605736046 0.0006810039867318686 0
1670605738098 0.0006843254665412304 0
1670605740056 0.0006873061028239685 0
1670605741921 0.0006874951326508664 0
1670605743652 0.0006944687577494601 0
1670605745431 0.0006973668108712146 0
1670605747195 0.0006948828058408198 0
1670605749168 0.0007229690539566169 0
1670605750674 0.0007189166498043886 0
1670605752729 0.0007214244265006736 0
1670605754694 0.0007189345556006617 0
1670605756486 0.0007211040792074157 0
1670605758515 0.0007166442877810269 0
1670605760904 0.0007122662127996154 0
1670605762714 0.0007120870690350054 0
1670605764798 0.0007078537538536245 0
1670605766485 0.0007076451061577799 0
1670605768166 0.0007098692322581122 0
1670605770063 0.0007096674747198222 0
1670605772148 0.0007093810418461082 0
1670605773782 0.0007060008632313792 0
1670605775689 0.0007039900707396412 0
1670605777650 0.0007001486169768544 0
1670605779538 0.0006963693338311561 0
1670605781664 0.0006932400364349475 0
1670605783731 0.000689583521558309 0
1670605785769 0.0006859842257852431 0
1670605787700 0.0006883033317813573 0
1670605789606 0.0006853916607427455 0
1670605791897 0.0006979171319257676 0
1670605793976 0.0006976518561488281 0
1670605796386 0.0006973258840477669 0
1670605798661 0.000693937974120838 0
1670605800696 0.0006910132007902033 0
1670605802039 0.0006906836510572932 0
