1670588719606 0.012706204736432084 0
1670588720324 0.005894073941817276 0
1670588721128 0.011363606258434095 0
1670588721931 0.011671348041835903 0
1670588722736 0.010329821028043128 0
1670588723560 0.009726421817757624 0
1670588724601 0.00880361743259955 0
1670588725580 0.008350745798220946 0
1670588726346 0.007813088988692402 0
1670588727100 0.00742098884447759 0
1670588727975 0.00738131591854513 0
1670588728902 0.0074149626483645354 0
1670588729729 0.007085669853891367 0
1670588730765 0.006923950920345561 0
1670588731711 0.0067682613289102925 0
1670588732375 0.006759937840454023 0
1670588733300 0.006547104705987914 0
1670588734405 0.00637637615582363 0
1670588735444 0.006200675753472121 0
1670588736405 0.006474103725804595 0
1670588737453 0.006322308007008117 0
1670588738380 0.0062064273917852 0
1670588739249 0.006141524700816558 0
1670588740233 0.006016459994745412 0
1670588741200 0.0059270539948125525 0
1670588742109 0.005976894558223103 0
1670588742872 0.006072737993863825 0
1670588743621 0.006082429936160035 0
1670588744529 0.005736840834088513 0
1670588745269 0.005677871917459222 0
1670588746110 0.005597341440938822 0
1670588746930 0.005524350836019132 0
1670588748243 0.0057645999545295696 0
1670588749236 0.005965518744213784 0
1670588750157 0.005948055269112543 0
1670588750928 0.005882410103071875 0
1670588751906 0.005820371514843331 0
1670588752844 0.005804357640771095 0
1670588753732 0.0057473713617958375 0
1670588754472 0.00596271730123446 0
1670588755334 0.0059496009052738014 0
1670588756351 0.005880029361103536 0
1670588757222 0.005815648688840024 0
1670588757993 0.0058043963183102565 0
1670588758938 0.005740958388216269 0
1670588759626 0.005729415652457939 0
1670588760476 0.005782037294648358 0
1670588761421 0.005734158122001386 0
1670588762316 0.005701575319527223 0
1670588763378 0.005658697220564975 0
1670588764314 0.005827253176412271 0
1670588765195 0.005780212846186395 0
1670588766028 0.0057310327508640745 0
1670588766928 0.005680093016816957 0
1670588767705 0.005768798185218601 0
1670588768489 0.005755775635601175 0
1670588769222 0.005732295921027463 0
1670588770184 0.005703483318141652 0
1670588770985 0.005674835286241974 0
1670588771789 0.005737941386100186 0
1670588772468 0.005697745359616067 0
1670588773546 0.00578689484756934 0
1670588774308 0.0057464879460757175 0
1670588775188 0.005746907735900465 0
1670588775954 0.00570405014929291 0
1670588776868 0.00567401369844347 0
1670588777739 0.005636188387078836 0
1670588778788 0.00559544667338799 0
1670588779808 0.00556710390267802 0
1670588780607 0.005543370913017645 0
1670588781577 0.005519770527883373 0
1670588782531 0.005505747163829185 0
1670588783306 0.005527196576954851 0
1670588784375 0.005491354795337257 0
1670588785450 0.005458367020624896 0
1670588786176 0.005422933362781596 0
1670588787007 0.005478744490612791 0
1670588787746 0.005499421041086385 0
1670588788573 0.005465077818560607 0
1670588789538 0.005451598694393394 0
1670588790740 0.005424250368063779 0
1670588791526 0.0053915872557352956 0
1670588792267 0.005368799432058426 0
1670588793157 0.005343051354606826 0
1670588793931 0.005321116647991385 0
1670588794968 0.005304706226703444 0
1670588795895 0.005277280982895788 0
1670588796744 0.005261425776467155 0
1670588797647 0.005234952228077476 0
1670588798515 0.005215078912963076 0
1670588799281 0.0051922636369166955 0
1670588800026 0.005165290620653973 0
1670588800841 0.005228788312466426 0
1670588801880 0.0052466925551329854 0
1670588802694 0.005235636669765449 0
1670588803426 0.005291814934116193 0
1670588804377 0.005291019018836654 0
1670588805168 0.005321693455793218 0
1670588806117 0.005301991392281491 0
1670588807036 0.0052770503582079365 0
1670588808207 0.005256938079990472 0
1670588809169 0.005257638678641928 0
1670588810140 0.00524572863966582 0
1670588811291 0.005274351340493701 0
1670588811985 0.005306447967670465 0
1670588813006 0.005287078719244923 0
1670588813783 0.005314043189941947 0
1670588814549 0.005301451290159139 0
1670588815771 0.005277347825803472 0
1670588816879 0.005254493250995194 0
1670588817647 0.00525191236802291 0
1670588818758 0.005261196718984184 0
1670588819667 0.00523883491689422 0
1670588820482 0.005223284460544726 0
1670588821310 0.005232248174552559 0
1670588822359 0.0052248760774426025 0
1670588823129 0.0052565256481748885 0
1670588824191 0.005236388213809064 0
1670588825156 0.00521538641061455 0
1670588826038 0.00522462917628563 0
1670588826955 0.005203927033531865 0
1670588827787 0.005252158914385695 0
1670588828621 0.005340174961999481 0
1670588829394 0.005319755478576002 0
1670588830185 0.005299567746463486 0
1670588831171 0.005377031534879587 0
1670588831974 0.005365630969515522 0
1670588833078 0.005460881400019343 0
1670588833977 0.005529711487867248 0
1670588834864 0.0055719520675914375 0
1670588835688 0.005556988389529298 0
1670588836491 0.005596966253213874 0
1670588837449 0.005635178956196656 0
1670588838419 0.005614308042320151 0
