1670586070260 0.05929562210334977 0
1670586071179 0.020417671061590585 0
1670586071987 0.018343213644649255 0
1670586073118 0.014546264351198601 0
1670586074122 0.01303880476215858 0
1670586074932 0.01291634481904605 0
1670586075826 0.011715898547702228 0
1670586076945 0.01138454269963688 0
1670586077987 0.011560387950055734 0
1670586078745 0.010868729472325436 0
1670586079746 0.010554845752994486 0
1670586080587 0.010088286282708497 0
1670586081440 0.009641724913693443 0
1670586082257 0.00952761789484667 0
1670586083094 0.009397130540746965 0
1670586084131 0.009068036558365626 0
1670586085272 0.008773081330104474 0
1670586086071 0.009478241617629812 0
1670586087094 0.009258592575527512 0
1670586088138 0.009044449253209394 0
1670586089073 0.00891418108593417 0
1670586089969 0.008750000116117936 0
1670586091019 0.008603302105868111 0
1670586092190 0.008539830444001495 0
1670586092973 0.00836313457041282 0
1670586093787 0.00819701582526982 0
1670586094591 0.008186795539856913 0
1670586095595 0.008045885098686032 0
1670586096600 0.007703283679187788 0
1670586097397 0.007753265325540921 0
1670586098296 0.007646494008810846 0
1670586099378 0.00761464800286598 0
1670586100430 0.0075292727564150175 0
1670586101460 0.007425349996174016 0
1670586102297 0.007375339757938 0
1670586103480 0.007278249076770167 0
1670586104473 0.007257586408793398 0
1670586105450 0.007448218063583775 0
1670586106377 0.007561612288542886 0
1670586107514 0.007586374082881471 0
1670586108295 0.007573419776986924 0
1670586109514 0.0075131607083503155 0
1670586110537 0.0074352634733544365 0
1670586111688 0.007359708357027775 0
1670586112611 0.007292580724627115 0
1670586113639 0.007310528687676898 0
1670586114410 0.0072969957188044245 0
1670586115355 0.007281477741920561 0
1670586116249 0.007397259408524115 0
1670586117096 0.0073824233110909975 0
1670586118099 0.00745070430634953 0
1670586118983 0.007452904372484283 0
1670586120004 0.007421684594999395 0
1670586120769 0.00749145138072934 0
1670586121915 0.0076218281942818655 0
1670586122800 0.007564217530695113 0
1670586123751 0.0075078483836079745 0
1670586124524 0.007869640810474247 0
1670586125262 0.007846386431535934 0
1670586126312 0.007829490053177396 0
1670586127173 0.008106162182479539 0
1670586127944 0.008057623041000078 0
1670586128713 0.007995865347926177 0
1670586129486 0.007961179758370204 0
1670586130390 0.007958173766330998 0
1670586131172 0.00799696691880375 0
1670586131940 0.007980357127811338 0
1670586132827 0.007994267020181599 0
1670586133834 0.008094407565811368 0
1670586134576 0.008061957360022215 0
1670586135516 0.008250452428133319 0
1670586136596 0.008200184767568924 0
1670586137375 0.008235967748953743 0
1670586138212 0.008247867751197027 0
1670586139273 0.008199351925812124 0
1670586140082 0.008145941197903288 0
1670586140890 0.008251631938322894 0
1670586141944 0.008200062191396351 0
1670586142882 0.008247842163561316 0
1670586143672 0.00819900056266587 0
1670586144720 0.008184340092314807 0
1670586145783 0.00820968445581717 0
1670586146840 0.0081956492881518 0
1670586147704 0.00814927332120316 0
1670586148620 0.00813517547961968 0
1670586149436 0.00810938918844463 0
1670586150476 0.00809465907844925 0
1670586151210 0.008068749735096943 0
1670586152182 0.008053495529724715 0
1670586152953 0.008019465151966563 0
1670586153723 0.007976813749342143 0
1670586154784 0.008123357678700163 0
1670586155543 0.008218178228056837 0
1670586156365 0.0081928466209812 0
1670586157198 0.00817667306281819 0
1670586158127 0.008135315742997808 0
1670586158905 0.008094579308631611 0
1670586159685 0.008054448388125184 0
1670586160649 0.008014087978082084 0
1670586161427 0.008076308865635297 0
1670586162615 0.008047226148374614 0
1670586163516 0.008031877049140095 0
1670586164347 0.008020868580822118 0
1670586165235 0.008034319547710165 0
1670586166086 0.008011454660574435 0
1670586166838 0.008394096559385103 0
1670586167829 0.008396659129495094 0
1670586168663 0.008370089767344371 0
1670586169632 0.00839730859892207 0
