1670604448483 0.006666666666666667 0
1670604449145 0.007 0
1670604449718 0.005666666666666667 0
1670604450349 0.0033333333333333335 0
1670604451134 0.008 0
1670604451851 0.006666666666666667 0
1670604452479 0.004333333333333333 0
1670604453114 0.005666666666666667 0
1670604453723 0.003 0
1670604454410 0.005 0
1670604454950 0.006 0
1670604455619 0.005666666666666667 0
1670604456161 0.005 0
1670604456873 0.007 0
1670604457654 0.004666666666666667 0
1670604458461 0.007 0
1670604459074 0.006 0
1670604459845 0.006 0
1670604460220 0.004666666666666667 0
1670604461102 0.005666666666666667 0
1670604461682 0.007 0
1670604462412 0.007 0
1670604462949 0.007333333333333333 0
1670604463648 0.004333333333333333 0
1670604464155 0.006666666666666667 0
1670604464811 0.005666666666666667 0
1670604465344 0.005333333333333333 0
1670604465982 0.005333333333333333 0
1670604466592 0.005666666666666667 0
1670604467114 0.006 0
1670604467734 0.006 0
1670604468416 0.004 0
1670604469052 0.008 0
1670604469590 0.006666666666666667 0
1670604470308 0.004 0
1670604470982 0.0036666666666666666 0
1670604471627 0.004333333333333333 0
1670604472263 0.005333333333333333 0
1670604472815 0.004666666666666667 0
1670604473529 0.005333333333333333 0
1670604473977 0.005333333333333333 0
1670604474805 0.0033333333333333335 0
1670604475519 0.004333333333333333 0
1670604476026 0.006333333333333333 0
1670604476830 0.004333333333333333 0
1670604477539 0.004666666666666667 0
1670604478413 0.006333333333333333 0
1670604478991 0.0036666666666666666 0
1670604479440 0.005 0
1670604480137 0.005333333333333333 0
1670604481007 0.006333333333333333 0
1670604481609 0.007666666666666666 0
1670604482458 0.005666666666666667 0
1670604482951 0.007 0
1670604483513 0.005666666666666667 0
1670604484099 0.004333333333333333 0
1670604484654 0.005 0
1670604485383 0.004666666666666667 0
1670604486083 0.007666666666666666 0
1670604486617 0.004 0
1670604487265 0.006666666666666667 0
1670604487886 0.005 0
1670604488516 0.006333333333333333 0
1670604489158 0.007333333333333333 0
1670604489562 0.005333333333333333 0
1670604490111 0.006 0
1670604490638 0.007666666666666666 0
1670604491110 0.004 0
1670604491782 0.005333333333333333 0
1670604492672 0.008333333333333333 0
1670604493198 0.004333333333333333 0
1670604493688 0.007 0
1670604494257 0.004666666666666667 0
1670604494727 0.0033333333333333335 0
1670604495304 0.0036666666666666666 0
1670604495856 0.0036666666666666666 0
1670604496358 0.006 0
1670604496955 0.008 0
1670604497492 0.005666666666666667 0
1670604498269 0.005 0
1670604498729 0.005333333333333333 0
1670604499318 0.005666666666666667 0
1670604499937 0.004333333333333333 0
1670604500667 0.005333333333333333 0
1670604501308 0.005333333333333333 0
1670604501910 0.007666666666666666 0
1670604502746 0.005666666666666667 0
1670604503271 0.007666666666666666 0
1670604503748 0.005333333333333333 0
1670604504477 0.007666666666666666 0
1670604504936 0.004666666666666667 0
1670604505666 0.006666666666666667 0
1670604506258 0.007666666666666666 0
1670604506977 0.008333333333333333 0
1670604507510 0.006666666666666667 0
1670604508052 0.006 0
1670604508741 0.004 0
1670604509503 0.006 0
1670604510214 0.003 0
1670604510881 0.005333333333333333 0
1670604511406 0.008 0
1670604512197 0.006 0
1670604512801 0.005 0
1670604513342 0.005333333333333333 0
1670604513975 0.004333333333333333 0
