1670605625434 0.0695 0
1670605626812 0.07066666666666667 0
1670605628176 0.07266666666666667 0
1670605629263 0.073 0
1670605630465 0.072 0
1670605631732 0.07416666666666667 0
1670605632827 0.07216666666666667 0
1670605634012 0.073 0
1670605635214 0.07083333333333333 0
1670605636322 0.06666666666666667 0
1670605637475 0.07116666666666667 0
1670605638565 0.07516666666666667 0
1670605639908 0.0675 0
1670605641045 0.07516666666666667 0
1670605642317 0.07066666666666667 0
1670605643478 0.0755 0
1670605644735 0.07366666666666667 0
1670605645688 0.07016666666666667 0
1670605646698 0.08733333333333333 0
1670605647653 0.07916666666666666 0
1670605648680 0.07666666666666666 0
1670605649748 0.074 0
1670605650896 0.0745 0
1670605652038 0.077 0
1670605653395 0.07483333333333334 0
1670605654527 0.08133333333333333 0
1670605656005 0.07883333333333334 0
1670605657146 0.07233333333333333 0
1670605658503 0.077 0
1670605659982 0.07283333333333333 0
1670605661247 0.071 0
1670605662406 0.0705 0
1670605663597 0.0725 0
1670605664731 0.07733333333333334 0
1670605665855 0.07516666666666667 0
1670605666946 0.07666666666666666 0
1670605667969 0.072 0
1670605669103 0.073 0
1670605670305 0.0735 0
1670605671490 0.07266666666666667 0
1670605672715 0.07266666666666667 0
1670605674146 0.07 0
1670605675288 0.07766666666666666 0
1670605676661 0.07983333333333334 0
1670605677729 0.0715 0
1670605678696 0.0725 0
1670605680028 0.0735 0
1670605681176 0.07483333333333334 0
1670605682204 0.07216666666666667 0
1670605683482 0.0695 0
1670605684687 0.072 0
1670605685944 0.07483333333333334 0
1670605686883 0.079 0
1670605688079 0.07 0
1670605689273 0.0725 0
1670605690518 0.0725 0
1670605691819 0.07 0
1670605692805 0.07383333333333333 0
1670605693801 0.07116666666666667 0
1670605695170 0.07266666666666667 0
1670605696203 0.07516666666666667 0
1670605697556 0.07683333333333334 0
1670605698696 0.0815 0
1670605699818 0.0735 0
1670605701077 0.07583333333333334 0
1670605702153 0.07733333333333334 0
1670605703476 0.0685 0
1670605704595 0.07416666666666667 0
1670605705552 0.0805 0
1670605706480 0.0685 0
1670605707507 0.07066666666666667 0
1670605708503 0.07083333333333333 0
1670605709530 0.07266666666666667 0
1670605710639 0.07583333333333334 0
1670605711748 0.06716666666666667 0
1670605712952 0.07266666666666667 0
1670605714109 0.07016666666666667 0
1670605715570 0.0675 0
1670605716712 0.07766666666666666 0
1670605717590 0.0785 0
1670605718912 0.0745 0
1670605720359 0.07233333333333333 0
1670605721414 0.0725 0
1670605722599 0.07466666666666667 0
1670605723606 0.07383333333333333 0
1670605724916 0.0715 0
1670605726235 0.07333333333333333 0
1670605727299 0.0735 0
1670605728843 0.07416666666666667 0
1670605729816 0.06983333333333333 0
1670605730968 0.07666666666666666 0
1670605732028 0.074 0
1670605733302 0.07466666666666667 0
1670605734419 0.07183333333333333 0
1670605735834 0.0745 0
1670605736904 0.0775 0
1670605738217 0.07616666666666666 0
1670605739284 0.07366666666666667 0
1670605740484 0.07216666666666667 0
1670605741644 0.06816666666666667 0
1670605742618 0.083 0
1670605743855 0.077 0
1670605745149 0.07583333333333334 0
1670605746207 0.07116666666666667 0
1670605747261 0.07033333333333333 0
1670605748526 0.07083333333333333 0
1670605749415 0.07666666666666666 0
1670605750338 0.06966666666666667 0
1670605751719 0.07283333333333333 0
1670605752840 0.0725 0
1670605754065 0.07316666666666667 0
1670605755279 0.07816666666666666 0
1670605756350 0.073 0
1670605757333 0.073 0
1670605758773 0.074 0
1670605759769 0.07566666666666666 0
1670605761235 0.07133333333333333 0
1670605762409 0.0745 0
1670605763491 0.07333333333333333 0
1670605764705 0.07716666666666666 0
1670605766021 0.07366666666666667 0
1670605766911 0.07566666666666666 0
1670605768050 0.07533333333333334 0
1670605769094 0.07083333333333333 0
1670605770365 0.07766666666666666 0
1670605771476 0.07383333333333333 0
1670605772816 0.07466666666666667 0
1670605773864 0.07016666666666667 0
1670605774933 0.07316666666666667 0
1670605776549 0.07283333333333333 0
1670605777575 0.06883333333333333 0
1670605778499 0.06866666666666667 0
1670605779833 0.07466666666666667 0
1670605781175 0.06883333333333333 0
1670605782300 0.0715 0
1670605783416 0.07533333333333334 0
1670605784645 0.07566666666666666 0
1670605785633 0.07716666666666666 0
1670605786806 0.07616666666666666 0
1670605787893 0.0725 0
1670605789222 0.0695 0
1670605790250 0.07266666666666667 0
1670605791596 0.07866666666666666 0
1670605792963 0.069 0
1670605794017 0.07116666666666667 0
1670605795304 0.072 0
1670605796537 0.07533333333333334 0
1670605798015 0.07533333333333334 0
1670605799497 0.07183333333333333 0
1670605800279 0.074 0
1670605801213 0.07616666666666666 0
1670605801969 0.07316666666666667 0
1670605802857 0.07083333333333333 0
1670605803734 0.07183333333333333 0
1670605805554 0.0725 0
1670605807101 0.06816666666666667 0
1670605808828 0.079 0
1670605810352 0.072 0
1670605812060 0.0765 0
1670605813524 0.07633333333333334 0
1670605814712 0.07683333333333334 0
1670605816067 0.07583333333333334 0
1670605817633 0.0735 0
1670605819301 0.074 0
1670605821076 0.07816666666666666 0
1670605822808 0.07533333333333334 0
1670605823984 0.0775 0
1670605824702 0.06783333333333333 0
1670605826446 0.0755 0
1670605827772 0.075 0
1670605829320 0.07766666666666666 0
1670605831000 0.07766666666666666 0
1670605832546 0.072 0
1670605833728 0.06833333333333333 0
1670605835174 0.06966666666666667 0
1670605836603 0.07833333333333334 0
1670605838110 0.07283333333333333 0
1670605839509 0.06966666666666667 0
1670605840312 0.07383333333333333 0
1670605841637 0.07916666666666666 0
1670605842841 0.07833333333333334 0
1670605844101 0.074 0
1670605845612 0.07483333333333334 0
1670605846907 0.075 0
1670605848442 0.07783333333333334 0
1670605849854 0.07366666666666667 0
1670605850950 0.072 0
1670605852391 0.07683333333333334 0
1670605853798 0.074 0
1670605855033 0.07466666666666667 0
1670605856353 0.07816666666666666 0
1670605858204 0.0715 0
1670605859456 0.07083333333333333 0
1670605860554 0.079 0
1670605861655 0.0675 0
1670605863343 0.06733333333333333 0
1670605864821 0.074 0
1670605866024 0.06983333333333333 0
1670605867530 0.07516666666666667 0
1670605869051 0.071 0
1670605870340 0.07016666666666667 0
1670605871741 0.07733333333333334 0
1670605872741 0.078 0
1670605873951 0.0705 0
1670605875299 0.073 0
1670605876690 0.07166666666666667 0
1670605878000 0.0775 0
1670605879343 0.08116666666666666 0
1670605880548 0.07733333333333334 0
1670605881751 0.06833333333333333 0
