1670620824096 0.028142857142857143 0
1670620827868 0.024 0
1670620831499 0.02242857142857143 0
1670620835258 0.025 0
1670620838894 0.025 0
1670620842801 0.025714285714285714 0
1670620846913 0.02242857142857143 0
1670620850478 0.023142857142857142 0
1670620854564 0.020714285714285713 0
1670620858731 0.02085714285714286 0
1670620863395 0.024142857142857143 0
1670620868820 0.022285714285714287 0
1670620873871 0.020428571428571428 0
1670620878610 0.023285714285714285 0
1670620883677 0.024714285714285713 0
1670620888960 0.024428571428571428 0
1670620894213 0.021142857142857144 0
1670620899684 0.023142857142857142 0
1670620904987 0.026 0
1670620910265 0.02142857142857143 0
1670620915424 0.024714285714285713 0
1670620920750 0.02457142857142857 0
1670620925860 0.019714285714285715 0
1670620931193 0.02 0
1670620936407 0.024 0
1670620941673 0.025714285714285714 0
1670620947258 0.023 0
1670620952329 0.021142857142857144 0
1670620957275 0.025714285714285714 0
1670620962295 0.023 0
1670620967609 0.025 0
1670620972795 0.02242857142857143 0
1670620978069 0.02142857142857143 0
1670620983026 0.024857142857142855 0
1670620988225 0.025142857142857144 0
1670620993195 0.023571428571428573 0
1670620998467 0.021 0
1670621003780 0.027 0
1670621008936 0.024428571428571428 0
1670621014529 0.02457142857142857 0
1670621019967 0.02557142857142857 0
1670621025413 0.026285714285714287 0
1670621031059 0.022714285714285715 0
1670621036790 0.023714285714285716 0
1670621042509 0.02457142857142857 0
1670621048365 0.028 0
1670621054269 0.028142857142857143 0
1670621059936 0.02542857142857143 0
1670621065489 0.025 0
1670621071092 0.02 0
1670621076291 0.02157142857142857 0
1670621081586 0.024428571428571428 0
1670621086885 0.024142857142857143 0
1670621092358 0.022285714285714287 0
1670621097864 0.021714285714285714 0
1670621102899 0.022571428571428572 0
1670621108196 0.022714285714285715 0
1670621113460 0.02214285714285714 0
1670621118559 0.020428571428571428 0
1670621124023 0.015714285714285715 0
1670621129122 0.022857142857142857 0
1670621134515 0.022 0
1670621139842 0.020714285714285713 0
1670621145150 0.02457142857142857 0
1670621150525 0.023 0
1670621155630 0.020142857142857143 0
1670621160919 0.023428571428571427 0
1670621166396 0.025857142857142856 0
1670621171788 0.02157142857142857 0
1670621177198 0.024857142857142855 0
1670621182547 0.024 0
1670621187952 0.024857142857142855 0
1670621193195 0.023857142857142858 0
1670621198500 0.022571428571428572 0
1670621203664 0.021142857142857144 0
1670621208520 0.021857142857142856 0
1670621213965 0.023285714285714285 0
1670621219665 0.02057142857142857 0
1670621225014 0.025857142857142856 0
1670621230751 0.02214285714285714 0
1670621236681 0.020714285714285713 0
1670621242544 0.023142857142857142 0
1670621248480 0.025714285714285714 0
1670621254455 0.025285714285714286 0
1670621260268 0.027 0
1670621266142 0.023857142857142858 0
1670621271987 0.022285714285714287 0
1670621277760 0.021 0
1670621283326 0.022285714285714287 0
1670621288903 0.024714285714285713 0
1670621294463 0.022285714285714287 0
1670621299703 0.021714285714285714 0
1670621304991 0.023285714285714285 0
1670621310167 0.022 0
1670621315583 0.02557142857142857 0
1670621321139 0.024428571428571428 0
1670621326924 0.022714285714285715 0
1670621332573 0.022714285714285715 0
1670621337989 0.02457142857142857 0
1670621343777 0.023857142857142858 0
1670621349686 0.026857142857142857 0
1670621355839 0.024 0
1670621361861 0.019857142857142858 0
1670621367599 0.024857142857142855 0
1670621373375 0.02542857142857143 0
1670621379566 0.027 0
1670621385697 0.027428571428571427 0
1670621391547 0.02214285714285714 0
1670621397711 0.02242857142857143 0
1670621404020 0.023285714285714285 0
