1670603724620 0.0 0
1670603726616 0.0008113159793096195 0
1670603728261 0.0005277490155040367 0
1670603730205 0.00044423121683164786 0
1670603732232 0.00039266286154552167 0
1670603735115 0.00035648146471514795 0
1670603737533 0.0004052761781164658 0
1670603739700 0.00038347899581239395 0
1670603741616 0.00036476188226355243 0
1670603743870 0.000348494093540679 0
1670603745895 0.0003341988184936332 0
1670603748359 0.00032499037130583465 0
1670603750924 0.0003162455894154041 0
1670603753316 0.0003080007944154883 0
1670603756038 0.00030025270606312315 0
1670603758293 0.0002950947972425216 0
1670603760425 0.00028901725981504315 0
1670603762305 0.000283209786038395 0
1670603764749 0.0002776710186264246 0
1670603767236 0.0002723932362574563 0
1670603769424 0.0002706867173592986 0
1670603771577 0.0002662640773650973 0
1670603774106 0.00026200728035532687 0
1670603776636 0.0002610648125715977 0
1670603778867 0.0002574118507445558 0
1670603781270 0.0002538705538323107 0
1670603783382 0.0002534247595984433 0
1670603785499 0.00025033011745773554 0
1670603787625 0.0002370035116484674 0
1670603790111 0.00025914392842110885 0
1670603792621 0.0002581187738646953 0
1670603794282 0.0002558722199465749 0
1670603796400 0.00025494916810131214 0
1670603798742 0.0002529269636325389 0
1670603800906 0.0002520913713375392 0
1670603802411 0.00025026116508726406 0
1670603805041 0.0002484325441143754 0
1670603807194 0.0002466105917422124 0
1670603809219 0.00024616866757662284 0
1670603811373 0.00024450238743100976 0
1670603813367 0.00024409385547398323 0
1670603815491 0.0002584863746520478 0
1670603817666 0.00025697275070261363 0
1670603820062 0.00025545522999981956 0
1670603822358 0.0002539374404887417 0
1670603824196 0.0002524224429788987 0
1670603826053 0.00025091281709709083 0
1670603827815 0.00024941073322495215 0
1670603829734 0.00024903114504271545 0
1670603831681 0.000247631898558849 0
1670603834270 0.00024623906462610344 0
1670603836924 0.00024596866305824416 0
1670603839209 0.00024466592716690383 0
1670603841353 0.0002433686720687778 0
1670603843706 0.00024207818219592372 0
1670603844968 0.00024079555520191488 0
1670603846834 0.0002395217261510049 0
1670603849149 0.00023825748839754888 0
1670603851535 0.00023700351164846742 0
1670603854199 0.0002357603576214456 0
1670603856802 0.0002345284936456271 0
1670603859400 0.00023479699364649333 0
1670603862086 0.00023363053815896745 0
1670603864695 0.00023247386430798217 0
1670603866444 0.00023132732804331645 0
1670603867899 0.0002301912239725505 0
1670603870248 0.00022906579262707194 0
1670603872419 0.0002279512268574448 0
1670603874878 0.00022684767747002248 0
1670603876806 0.00022575525820108823 0
1670603879259 0.0002246740501115665 0
1670603881675 0.0002359032266090508 0
1670603884172 0.00023481597759894538 0
1670603886616 0.00023373934415375512 0
1670603888465 0.00023267338127802686 0
1670603890763 0.00023161812108458513 0
1670603893105 0.00023057357542762257 0
1670603895241 0.00022953973825003463 0
1670603897013 0.00022851658767759236 0
1670603899607 0.00022750408788854584 0
1670603901786 0.00022650219078378277 0
1670603904396 0.0002255108374796494 0
1670603907007 0.0002245299596429172 0
1670603909694 0.00022355948068508876 0
1670603911900 0.00022259931683123917 0
1670603914637 0.00022164937807683672 0
1670603917108 0.0002223665374305497 0
1670603919121 0.00022145047432846977 0
1670603921614 0.0002205436651287975 0
1670603924058 0.0002212453185368608 0
1670603926591 0.00022036983805925173 0
1670603929099 0.00021950275765039698 0
1670603931913 0.00021864401964147184 0
1670603934199 0.00021935147552776236 0
1670603936841 0.00021852109116745973 0
1670603939122 0.00024240240921191727 0
1670603941516 0.00024264755542194622 0
1670603944342 0.000241757994278076 0
1670603946952 0.0002408763044132072 0
1670603949539 0.0002400024387218378 0
1670603952084 0.00023913634616229738 0
1670603954513 0.00023827797219557563 0
1670603956429 0.00023859119842304716 0
1670603958591 0.00023775943540045344 0
1670603961014 0.00023805762405517599 0
1670603963387 0.0002372512569932036 0
1670603965504 0.00023645147026008222 0
1670603967442 0.00023565822857211718 0
1670603969426 0.00023487149373414818 0
1670603971791 0.00023409122493768365 0
1670603973693 0.00023331737903461305 0
1670603975921 0.00024048695666233397 0
1670603978002 0.00024072189113394873 0
1670603980125 0.00023996389089016247 0
1670603982007 0.00023921163465615543 0
1670603984474 0.00023846509439272813 0
1670603987008 0.00023872021458292033 0
1670603988946 0.00023894973167158074 0
1670603991354 0.0002382384395427314 0
1670603993751 0.00023753212082094693 0
1670603995917 0.00023776612271469505 0
