1670602919475 0.0050824818945728045 0
1670602922088 0.004293080631892127 0
1670602924330 0.0037655212494984436 0
1670602926864 0.0034338239758265887 0
1670602928876 0.003033092920207786 0
1670602930907 0.003496986311223582 0
1670602932892 0.0038710567334887813 0
1670602935350 0.00356582446635062 0
1670602937896 0.003439669290340286 0
1670602940251 0.0032530600211408134 0
1670602942550 0.0035006890191378037 0
1670602945009 0.003684173160814458 0
1670602947102 0.003616700429556974 0
1670602949618 0.00349424012033564 0
1670602951785 0.0033918480309746424 0
1670602953966 0.003285847298212685 0
1670602956401 0.003783242380435814 0
1670602958859 0.0038107113877999532 0
1670602961218 0.0038216464252026627 0
1670602963349 0.003950151558820586 0
1670602965952 0.003858406181796281 0
1670602968773 0.0037727904340509877 0
1670602971014 0.0037067858520032915 0
1670602973096 0.0036773645470376815 0
1670602975417 0.003609368064185131 0
1670602977696 0.0035816732665126527 0
1670602980215 0.003773041600733801 0
1670602982390 0.003799754527307575 0
1670602984875 0.0037671212538435417 0
1670602987151 0.003765854303125399 0
1670602989121 0.0037109337968020406 0
1670602990783 0.0036615678759741588 0
1670602992988 0.0036075896354174075 0
1670602995432 0.0036077595104617444 0
1670602997751 0.0035723529508835117 0
1670603000109 0.0035439495002644317 0
1670603002163 0.0035098667659955174 0
1670603004900 0.0035029191859712316 0
1670603007333 0.0035252664340199302 0
1670603009851 0.0035256932424956866 0
1670603012339 0.0036625020465158864 0
1670603014689 0.003629517738239718 0
1670603017085 0.0035881969286890303 0
1670603018998 0.0035675146715256068 0
1670603021050 0.0035719257947452177 0
1670603023035 0.0035392640904640116 0
1670603025093 0.0035349510223136316 0
1670603027195 0.003557317940241722 0
1670603029377 0.0035245275446031954 0
1670603031507 0.003565206104002683 0
1670603033843 0.003540372422030813 0
1670603036116 0.003541345141794855 0
1670603038279 0.003512164347962421 0
1670603040131 0.0035272943911341115 0
1670603042106 0.003495677174131906 0
1670603044166 0.0035709396019480977 0
1670603046149 0.003547431739907708 0
1670603047926 0.003517302600043154 0
1670603049790 0.0034899591262139984 0
1670603051479 0.0035370475457205675 0
1670603053531 0.0035084608058097155 0
1670603055597 0.0034811678839064553 0
1670603057701 0.003455777439094837 0
1670603059621 0.003435443315708331 0
1670603061662 0.0034103340231518287 0
1670603063725 0.003472195142353973 0
1670603065880 0.0034621594161188818 0
1670603067948 0.003438075749335967 0
1670603070059 0.003413866476654537 0
1670603072369 0.003389747681431743 0
1670603074755 0.003390493615593959 0
1670603076979 0.0033676942737622673 0
1670603079045 0.003347159774789138 0
1670603081040 0.0033252820816963014 0
1670603083079 0.0033100540394243316 0
1670603085126 0.003294980956735055 0
1670603087270 0.0032755052049968925 0
1670603089552 0.003258589455282651 0
1670603091452 0.0032707917496763717 0
1670603093646 0.003282459386779235 0
1670603095503 0.0032656990161165356 0
1670603097334 0.0032465014897771483 0
1670603099633 0.003236010581018911 0
1670603101717 0.0032170095727170334 0
1670603103800 0.003240662262286448 0
1670603105683 0.0032563393420888542 0
1670603107595 0.003276971796110223 0
1670603109397 0.003275136766399067 0
1670603111135 0.003293315564735666 0
1670603113183 0.003282175093245965 0
1670603115230 0.003264644852819437 0
1670603117510 0.00327299356428562 0
1670603119725 0.0032578693156866956 0
1670603121905 0.0032762293373775897 0
1670603124680 0.0032594121836626577 0
1670603127099 0.0033206803453228184 0
1670603129594 0.0033039804494394975 0
1670603132107 0.0033025177007548756 0
1670603134424 0.003352113745422075 0
1670603136764 0.0033394207929135777 0
1670603138444 0.0033368531223962328 0
1670603140972 0.0033245663395876646 0
1670603143167 0.00330928087544069 0
1670603145245 0.0033704248127680303 0
1670603147847 0.0033606585200266492 0
1670603150095 0.003354391336136048 0
1670603152535 0.0033415858504781404 0
1670603154943 0.0033323768758611316 0
1670603157331 0.003317223222584792 0
1670603159911 0.0033036903436880483 0
1670603162556 0.003297331371487855 0
1670603165120 0.0032969238573393456 0
1670603167432 0.0033235394431824494 0
1670603169084 0.00331848587287778 0
1670603170921 0.0033232153368964734 0
1670603172909 0.003312578338438149 0
1670603175248 0.003306122450185328 0
1670603177707 0.003293740872210349 0
1670603180536 0.0032834174415051487 0
1670603182807 0.003303080572721412 0
1670603185045 0.0033121368351535785 0
1670603187504 0.0033014198793001603 0
1670603190037 0.0032882043000675987 0
1670603192746 0.0033360797027612854 0
1670603194910 0.00333768534647938 0
1670603196921 0.003326117622314273 0
1670603199024 0.003322014680847113 0
1670603201224 0.003315553152835632 0
1670603203609 0.0033034593223556508 0
1670603206237 0.0032924754943552403 0
1670603208470 0.003280706310144599 0
1670603211049 0.0032711762876929673 0
1670603213720 0.003270145960870413 0
1670603215969 0.0032916049801450242 0
1670603218244 0.003288206591269799 0
1670603221042 0.0033051964798454514 0
1670603223169 0.003313444601778154 0
1670603225148 0.0033016979826168413 0
1670603227400 0.0032981575558386766 0
1670603229397 0.0032905894561240934 0
1670603231278 0.0032804427586184126 0
1670603234030 0.0032747540354629567 0
1670603236465 0.003266061026655137 0
1670603238727 0.003262582126119934 0
1670603241279 0.0032569867276332487 0
1670603243799 0.0032460963684577404 0
1670603245779 0.0032374982838558053 0
1670603247745 0.003232033574305654 0
1670603250014 0.0032228536465975788 0
1670603252488 0.0032137483460812077 0
1670603255136 0.003204716730799584 0
1670603257599 0.00319656293824247 0
1670603259948 0.003186891191913288 0
1670603262300 0.003198316247945976 0
1670603265050 0.0031960385668919067 0
1670603267200 0.0031899255936924387 0
1670603269652 0.003201116733232229 0
1670603271871 0.003200140591295225 0
1670603273960 0.003231748792474287 0
1670603276604 0.0032519458565772597 0
1670603278720 0.00329245085181723 0
1670603281217 0.0032885560408502656 0
1670603283701 0.0032943268870967712 0
1670603286359 0.0033549084710982335 0
1670603288256 0.003345156326028109 0
1670603290018 0.003343091514072777 0
1670603291934 0.003347900248418384 0
