1670591022165 0.0 0
1670591025627 0.0 0
1670591028637 0.0 0
1670591031829 0.0 0
1670591035102 0.0 0
1670591038345 0.0 0
1670591041516 0.0 0
1670591044817 0.0 0
1670591048028 0.0 0
1670591050987 0.0 0
1670591053929 0.0 0
1670591057482 0.0 0
1670591060587 0.0 0
1670591063521 0.0 0
1670591066497 0.0 0
1670591069498 0.0 0
1670591072673 0.0 0
1670591076008 0.0001 0
1670591078995 0.0 0
1670591082192 0.0 0
1670591085330 0.0 0
1670591088777 0.0 0
1670591092037 0.0 0
1670591095182 0.0 0
1670591098374 0.0 0
1670591101522 0.0001 0
1670591104664 0.0 0
1670591107886 0.0 0
1670591110565 0.0 0
1670591113403 0.0 0
1670591116778 0.0 0
1670591119918 0.0 0
1670591123077 0.0 0
1670591126176 0.0 0
1670591128958 0.0001 0
1670591132122 0.0 0
1670591135326 0.0 0
1670591139087 0.0 0
1670591142592 0.0 0
1670591146077 0.0 0
1670591149163 0.0 0
1670591152280 0.0 0
1670591155172 0.0 0
1670591158969 0.0 0
1670591162323 0.0 0
1670591165967 0.0 0
1670591168735 0.0 0
1670591171366 0.0 0
1670591174358 0.0 0
1670591177478 0.0 0
1670591180495 0.0 0
1670591184119 0.0 0
1670591186886 0.0 0
1670591190017 0.0 0
1670591193352 0.0 0
1670591196926 0.0 0
1670591199984 0.0 0
1670591202849 0.0 0
1670591205851 0.0 0
1670591208745 0.0 0
1670591211647 0.0001 0
1670591214491 0.0 0
1670591217218 0.0 0
1670591220402 0.0 0
1670591224242 0.0 0
1670591226923 0.0 0
1670591229945 0.0 0
1670591232589 0.0 0
1670591235723 0.0 0
1670591238633 0.0 0
1670591241403 0.0 0
1670591244130 0.0 0
1670591246903 0.0 0
1670591249686 0.0 0
1670591252177 0.0 0
1670591254956 0.0 0
1670591257769 0.0 0
1670591260323 0.0 0
1670591262876 0.0001 0
1670591265289 0.0 0
1670591267952 0.0 0
1670591270640 0.0 0
1670591273237 0.0001 0
1670591276003 0.0 0
1670591278554 0.0 0
1670591281200 0.0 0
1670591283867 0.0 0
1670591286570 0.0 0
1670591289108 0.0 0
1670591291851 0.0 0
1670591294574 0.0 0
1670591297248 0.0 0
1670591299978 0.0 0
1670591302775 0.0 0
1670591305766 0.0 0
1670591308693 0.0 0
1670591312037 0.0 0
1670591315330 0.0 0
1670591318642 0.0 0
1670591321658 0.0 0
1670591325003 0.0001 0
1670591327986 0.0 0
