1670600908224 0.0 0
1670600910078 0.0 0
1670600912262 0.0 0
1670600913987 0.0 0
1670600915993 0.0 0
1670600917759 0.0 0
1670600919637 0.0 0
1670600921462 0.0 0
1670600923584 0.0 0
1670600925432 0.0 0
1670600927054 0.0 0
1670600929132 0.0 0
1670600930846 0.0 0
1670600932755 0.0 0
1670600934865 0.0 0
1670600936506 0.0 0
1670600938481 0.0 0
1670600940363 0.0 0
1670600942654 0.0 0
1670600944709 0.0 0
1670600947037 0.0 0
1670600948745 0.0 0
1670600950508 0.0 0
1670600952272 0.0 0
1670600954354 0.0 0
1670600956326 0.0 0
1670600958234 0.0 0
1670600960388 0.0 0
1670600962205 0.0 0
1670600964466 0.0 0
1670600966060 0.0 0
1670600967744 0.0 0
1670600969774 0.0 0
1670600971690 0.0 0
1670600973513 0.0 0
1670600975936 0.0 0
1670600978206 0.0 0
1670600980285 0.0 0
1670600982098 0.0 0
1670600984371 0.0 0
1670600986519 0.0 0
1670600988150 0.0 0
1670600989759 0.0 0
1670600991915 0.0 0
1670600993991 0.0 0
1670600995665 0.0 0
1670600997337 0.0 0
1670600999438 0.0 0
1670601001609 0.0 0
1670601003529 0.0 0
1670601005371 0.0 0
1670601007186 0.0 0
1670601009022 0.0 0
1670601010914 0.0 0
1670601012886 0.0 0
1670601014985 0.0 0
1670601016892 0.0 0
1670601018598 0.0 0
1670601020548 0.0 0
1670601022651 0.0 0
1670601024732 0.0 0
1670601026858 0.0 0
1670601028799 0.0 0
1670601030530 0.0 0
1670601032378 0.0 0
1670601034401 0.0 0
1670601036643 0.0 0
1670601038689 0.0 0
1670601040636 0.0 0
1670601042710 0.0 0
1670601044778 0.0 0
1670601046510 0.0 0
1670601048200 0.0 0
1670601050266 0.0 0
1670601052277 0.0 0
1670601054372 0.0 0
1670601056123 0.0 0
1670601058038 0.0 0
1670601060097 0.0 0
1670601062272 0.0 0
1670601064512 0.0 0
1670601066485 0.0 0
1670601068453 0.0 0
1670601070381 0.0 0
1670601072014 0.0 0
1670601074086 0.0 0
1670601075988 0.0 0
1670601078118 0.0 0
1670601080094 0.0 0
1670601082018 0.0 0
1670601084025 0.0 0
1670601085849 0.0 0
1670601087781 0.0 0
1670601089727 0.0 0
1670601091574 0.0 0
1670601093393 0.0 0
1670601095290 0.0 0
1670601097212 0.0 0
1670601099473 0.0 0
1670601101435 0.0 0
1670601103381 0.0 0
1670601105396 0.0 0
