1670607137999 0.0 0
1670607138342 0.0 0
1670607138775 0.0 0
1670607139015 0.0 0
1670607139287 0.0 0
1670607139650 0.0 0
1670607139843 0.0 0
1670607140180 0.0 0
1670607140616 0.0 0
1670607141026 0.0 0
1670607141469 0.0 0
1670607141848 0.0 0
1670607142175 0.0 0
1670607142517 0.0 0
1670607142690 0.0 0
1670607143138 0.0 0
1670607143275 0.0 0
1670607143589 0.0 0
1670607143895 0.0 0
1670607144192 0.0 0
1670607144632 0.0 0
1670607145006 0.0 0
1670607145272 0.0 0
1670607145603 0.0 0
1670607145836 0.0 0
1670607146101 0.0 0
1670607146483 0.0 0
1670607146849 0.0 0
1670607147180 0.0 0
1670607147506 0.0 0
1670607147811 0.0 0
1670607148107 0.0 0
1670607148529 0.0 0
1670607148800 0.0 0
1670607149121 0.0 0
1670607149347 0.0 0
1670607149706 0.0 0
1670607150075 0.0 0
1670607150248 0.0 0
1670607150650 0.0 0
1670607150840 0.0 0
1670607151204 0.0 0
1670607151485 0.0 0
1670607151852 0.0 0
1670607152045 0.0 0
1670607152272 0.0 0
1670607152557 0.0 0
1670607152893 0.0 0
1670607153115 0.0 0
1670607153405 0.0 0
1670607153703 0.0 0
1670607154076 0.0 0
1670607154306 0.0 0
1670607154667 0.0 0
1670607155018 0.0 0
1670607155341 0.0 0
1670607155653 0.0 0
1670607155868 0.0 0
1670607156051 0.0 0
1670607156479 0.0 0
1670607156747 0.0 0
1670607157256 0.0 0
1670607157682 0.0 0
1670607157928 0.0 0
1670607158249 0.0 0
1670607158663 0.0 0
1670607158852 0.0 0
1670607159142 0.0 0
1670607159570 0.0 0
1670607159847 0.0 0
1670607160155 0.0 0
1670607160429 0.0 0
1670607160920 0.0 0
1670607161306 0.0 0
1670607161586 0.0 0
1670607161818 0.0 0
1670607162159 0.0 0
1670607162437 0.0 0
1670607162766 0.0 0
1670607163035 0.0 0
1670607163309 0.0 0
1670607163669 0.0 0
1670607163974 0.0 0
1670607164322 0.0 0
1670607164467 0.0 0
1670607164843 0.0 0
1670607165138 0.0 0
1670607165528 0.0 0
1670607165842 0.0 0
1670607166076 0.0 0
1670607166461 0.0 0
1670607166683 0.0 0
1670607167025 0.0 0
1670607167171 0.0 0
1670607167478 0.0 0
1670607167846 0.0 0
1670607168059 0.0 0
1670607168332 0.0 0
1670607168547 0.0 0
1670607168670 0.0 0
1670607168846 0.0 0
