1670634454965 0.012166666666666666 0
1670634458125 0.008666666666666666 0
1670634461189 0.008666666666666666 0
1670634464477 0.009166666666666667 0
1670634467810 0.010666666666666666 0
1670634470824 0.009833333333333333 0
1670634474323 0.010833333333333334 0
1670634477745 0.010833333333333334 0
1670634481190 0.0115 0
1670634484595 0.009666666666666667 0
1670634488147 0.0115 0
1670634491643 0.01 0
1670634495279 0.0105 0
1670634498530 0.011666666666666667 0
1670634501992 0.011 0
1670634505324 0.010333333333333333 0
1670634508736 0.009666666666666667 0
1670634511572 0.011666666666666667 0
1670634514439 0.011 0
1670634518018 0.009666666666666667 0
1670634522055 0.011833333333333333 0
1670634525987 0.0125 0
1670634529692 0.011833333333333333 0
1670634533120 0.0085 0
1670634536558 0.011833333333333333 0
1670634540012 0.0095 0
1670634543455 0.010333333333333333 0
1670634546854 0.0115 0
1670634550293 0.010833333333333334 0
1670634553729 0.011833333333333333 0
1670634556968 0.008833333333333334 0
1670634560069 0.011833333333333333 0
1670634563518 0.012166666666666666 0
1670634566888 0.012666666666666666 0
1670634570268 0.0135 0
1670634573683 0.0115 0
1670634577186 0.009833333333333333 0
1670634580657 0.01 0
1670634584147 0.010166666666666666 0
1670634587850 0.0115 0
1670634590958 0.0105 0
1670634593985 0.012666666666666666 0
1670634597077 0.011166666666666667 0
1670634600762 0.011 0
1670634604671 0.009666666666666667 0
1670634608322 0.011166666666666667 0
1670634611576 0.012 0
1670634615095 0.009333333333333334 0
1670634618623 0.012833333333333334 0
1670634622133 0.0095 0
1670634625822 0.009666666666666667 0
1670634629585 0.008833333333333334 0
1670634633353 0.009333333333333334 0
1670634637148 0.011166666666666667 0
1670634640952 0.010666666666666666 0
1670634644728 0.009333333333333334 0
1670634648413 0.0085 0
1670634651789 0.0115 0
1670634654916 0.009166666666666667 0
1670634658165 0.0085 0
1670634661592 0.009 0
1670634664580 0.01 0
1670634667551 0.011666666666666667 0
1670634670933 0.009 0
1670634674028 0.010666666666666666 0
1670634677380 0.012 0
1670634680604 0.0105 0
1670634683810 0.012 0
1670634687061 0.009833333333333333 0
1670634690245 0.009666666666666667 0
1670634693531 0.010666666666666666 0
1670634696578 0.010833333333333334 0
1670634699821 0.009666666666666667 0
1670634703347 0.010333333333333333 0
1670634706304 0.010666666666666666 0
1670634709212 0.009333333333333334 0
1670634712049 0.013 0
1670634714980 0.011166666666666667 0
1670634717701 0.012 0
1670634720927 0.012666666666666666 0
1670634724193 0.012333333333333333 0
1670634727481 0.011166666666666667 0
1670634731027 0.012833333333333334 0
1670634734447 0.009 0
1670634737660 0.012666666666666666 0
1670634741105 0.010833333333333334 0
1670634744727 0.009833333333333333 0
1670634748481 0.009833333333333333 0
1670634752096 0.009 0
1670634755533 0.0125 0
1670634758815 0.010666666666666666 0
1670634762461 0.008666666666666666 0
1670634766039 0.009 0
1670634769562 0.011833333333333333 0
1670634773031 0.01 0
1670634776512 0.011333333333333334 0
1670634779914 0.009333333333333334 0
1670634783447 0.013333333333333334 0
1670634787147 0.010833333333333334 0
1670634791012 0.011333333333333334 0
1670634794271 0.010166666666666666 0
1670634797529 0.012166666666666666 0
