1670572077450 0.0 0
1670572077925 0.0 0
1670572078524 0.0 0
1670572079086 0.0 0
1670572079623 0.0 0
1670572080147 0.0 0
1670572080765 0.0 0
1670572081236 0.0 0
1670572081889 0.0004524314325481982 0
1670572082436 0.00042702992214072396 0
1670572083067 0.00040554677472974754 0
1670572083503 0.00038705789960614907 0
1670572084334 0.000503981034726812 0
1670572084788 0.0005719431167778473 0
1670572085345 0.0005546207560710478 0
1670572085906 0.0005994844906250343 0
1670572086409 0.0005847560771503889 0
1670572087016 0.0006167570140119389 0
1670572087701 0.0006042040006164862 0
1670572088413 0.0005922991830687249 0
1670572088891 0.0005810027968323779 0
1670572089437 0.000570274997622411 0
1670572089925 0.0005600772305160646 0
1670572090378 0.0005503729497674723 0
1670572090980 0.0005784901145612938 0
1670572091593 0.0005697101413206957 0
1670572092072 0.0005612794734285461 0
1670572092606 0.0005531801243233029 0
1670572093150 0.0005226570625440143 0
1670572093709 0.0005162270619736892 0
1670572094247 0.0005099987983493994 0
1670572094683 0.0005039650270362465 0
1670572095349 0.0004981183671381318 0
1670572095759 0.0004924514400318044 0
1670572096548 0.0005171331163385581 0
1670572096980 0.0005117581352960816 0
1670572097387 0.0005065275857886306 0
1670572097930 0.0005014368355942001 0
1670572098592 0.000496481225889969 0
1670572099111 0.0004916561248261234 0
1670572099719 0.0004869569669869897 0
1670572100303 0.0004823792820219744 0
1670572100882 0.0004779187149592547 0
1670572101562 0.00047357104013351993 0
1670572102005 0.0004952628951646035 0
1670572102612 0.0004910619352644778 0
1670572103349 0.0004869569669869897 0
1670572104016 0.0004829449996432271 0
1670572104429 0.00047902311032224285 0
1670572105008 0.00047518845117741436 0
1670572105550 0.0004943208976333615 0
1670572106179 0.0004906011425908898 0
1670572106901 0.0004869569669869897 0
1670572107591 0.00048338627266151564 0
1670572108100 0.00047988700382972795 0
1670572108875 0.000476457151189967 0
1670572109510 0.0004730947548889785 0
1670572110096 0.0004697979065592129 0
1670572110489 0.0004665647506038153 0
1670572110939 0.00046339348487356555 0
1670572111556 0.00046028236085431275 0
1670572112020 0.00045722968346241033 0
1670572112781 0.00045423381052837306 0
1670572113241 0.00045129315203478034 0
1670572113930 0.00044840616916275655 0
1670572114380 0.0004455713731917018 0
1670572114890 0.0004427873242889839 0
1670572115600 0.00045997449052524335 0
1670572116474 0.00045722968346241033 0
1670572117089 0.00045453088734133856 0
1670572117861 0.00045187694117032617 0
1670572118411 0.00044926671761948324 0
1670572118911 0.00044669912238166605 0
1670572119458 0.0004441730934715023 0
1670572120009 0.0004416876004776179 0
1670572120555 0.0004392416437806856 0
1670572121121 0.0004368342537478321 0
1670572121646 0.0004344644899121646 0
1670572122108 0.0004321314401446856 0
1670572122569 0.0004298342198246021 0
1670572123137 0.0004275719710129665 0
1670572123820 0.00042534386163368455 0
1670572124396 0.00044079363886298035 0
1670572125047 0.0004385812981614285 0
1670572125702 0.00043640061605227255 0
1670572126356 0.0004342508908558685 0
1670572127151 0.0004321314401446855 0
1670572127930 0.000430041600228141 0
1670572128525 0.00042798072563956445 0
1670572128999 0.00044209907711339737 0
1670572129590 0.0004400526302197078 0
1670572130280 0.0004380331873843246 0
1670572131027 0.00043604019739922046 0
1670572131617 0.0004340731229224506 0
1670572132179 0.0004321314401446856 0
1670572132890 0.00043021463845582163 0
1670572133753 0.0004283222201129742 0
1670572134427 0.00042645369991095816 0
1670572134926 0.00042460860485617907 0
1670572135635 0.0004227864738447138 0
1670572136248 0.0004209868573452133 0
1670572137217 0.0004192093170871578 0
1670572137810 0.00041745342575488217 0
1670572138338 0.0004157187666877121 0
1670572138872 0.00041400493358647 0
1670572139361 0.0004123115302265469 0
1670572140062 0.00041063817017768234 0
1670572140822 0.0004089844765305422 0
1670572141524 0.0004073500816301475 0
1670572141900 0.0004057346268161669 0
1670572142722 0.0004041377621700613 0
1670572143409 0.0004025591462690373 0
1670572144033 0.0004009984459467499 0
1670572144553 0.0003994553360606729 0
1670572145013 0.0003979294992660424 0
1670572145610 0.00041063817017768234 0
1670572146487 0.0004091109939416921 0
1670572146905 0.0004076002853362442 0
1670572147573 0.00040610576146292296 0
1670572148244 0.0004046271457978706 0
1670572149097 0.00040316416802601906 0
1670572149636 0.00040171656387950693 0
1670572150201 0.00040028407498023805 0
1670572150948 0.0003988664486865309 0
1670572151651 0.00039746343794379925 0
1670572152094 0.0003960748011391986 0
1670572152670 0.00039470030196017214 0
1670572153215 0.000393339709256819 0
1670572153764 0.0003919927969080108 0
1670572154426 0.0003906593436911766 0
1670572155097 0.0004023350998772958 0
1670572155699 0.0004009984459467499 0
1670572156302 0.00039967471547534193 0
1670572157056 0.0003983637082776147 0
1670572157532 0.000397065228275189 0
1670572158212 0.00039577908339748154 0
1670572159039 0.00039450508548490644 0
1670572159673 0.0003932430501945118 0
1670572160382 0.0003919927969080108 0
1670572160923 0.0003907541486421555 0
1670572161595 0.0003895269319614067 0
1670572162353 0.0003883109768928525 0
1670572163263 0.00038710611684332247 0
1670572163832 0.00038591218851865314 0
1670572164389 0.00039672105804388025 0
1670572164833 0.00039552331801110036 0
1670572165485 0.0004057346268161669 0
1670572165976 0.0004045352543178265 0
1670572166509 0.00040334619414006265 0
1670572167153 0.0004021673044392032 0
1670572167690 0.0004009984459467499 0
1670572168176 0.00039983948191476523 0
1670572168892 0.00039869027806242264 0
1670572169669 0.00039755070252370993 0
1670572170125 0.0003964206257962661 0
1670572170825 0.00039529992069133746 0
1670572171353 0.0003941884622848367 0
1670572172014 0.00039308612786948297 0
1670572172747 0.00039199279690801085 0
1670572173288 0.00040154725618211684 0
1670572173912 0.00040045182683673424 0
1670572174653 0.00039936510586917345 0
1670572175208 0.0003982869822227692 0
1670572175789 0.0003972173467190213 0
1670572176419 0.000396156092020129 0
1670572176937 0.0004052002900594581 0
1670572177435 0.00040413776217006127 0
1670572178106 0.0004030833446641646 0
1670572178665 0.000402036938427737 0
1670572179128 0.0004009984459467499 0
1670572179813 0.00039996777127697993 0
1670572180413 0.00039894482001438385 0
1670572180971 0.0004075212251333225 0
1670572181575 0.0004064975036950327 0
1670572182255 0.00040548126324162963 0
1670572182988 0.00040447241636124465 0
1670572183736 0.0004034708769876173 0
1670572184269 0.0004024765603760314 0
1670572185133 0.00040148938307967404 0
1670572185827 0.0004005092629264169 0
1670572186418 0.00039953611899601457 0
1670572187084 0.0003985698715977139 0
1670572187474 0.00039761044224827355 0
1670572188059 0.00039665775365038577 0
1670572188728 0.0003957117296714967 0
1670572189379 0.00039477229532301967 0
1670572189869 0.0003938393767399373 0
1670572190806 0.0003929129011607848 0
1670572191206 0.0004009984459467499 0
1670572191950 0.0004000704896449056 0
1670572192417 0.000399148796874718 0
1670572192921 0.0003982332997538368 0
1670572193715 0.0004059642598335241 0
1670572194300 0.00040504800000641666 0
1670572194772 0.0004041377621700613 0
1670572195303 0.0004032334829563199 0
1670572196078 0.0004023350998772958 0
1670572196516 0.0004014425513110736 0
