1670612104699 0.06564872447156582 0
1670612105921 0.02095899613216516 0
1670612106883 0.015160756160667893 0
1670612108109 0.013858760157583971 0
1670612109147 0.012192503938742993 0
1670612110470 0.010747631557338294 0
1670612111614 0.010151048361248582 0
1670612113111 0.010637270802271809 0
1670612114612 0.009903380842149728 0
1670612115894 0.012612572914909331 0
1670612116841 0.012228306703277 0
1670612118152 0.01325284778696699 0
1670612119171 0.01268783307092286 0
1670612120439 0.012585456341759949 0
1670612121891 0.012110088270509259 0
1670612122943 0.011730080791445524 0
1670612124186 0.011398458772104908 0
1670612125306 0.011095138618132896 0
1670612126509 0.011145939928958501 0
1670612127710 0.0112716923317831 0
1670612129188 0.011757825481335138 0
1670612130801 0.011665651560355192 0
1670612132283 0.011521237811117302 0
1670612133583 0.011291501656569197 0
1670612135002 0.011148042607494343 0
1670612136218 0.01098295398471548 0
1670612137825 0.01102833880660696 0
1670612139198 0.010892517516070024 0
1670612140368 0.010590972596866019 0
1670612141783 0.010600518776440276 0
1670612143414 0.010434762394216798 0
1670612144612 0.010669611022648184 0
1670612145731 0.010513579601608841 0
1670612147508 0.010615543354274226 0
1670612148607 0.011694179159751905 0
1670612150028 0.011662397897045068 0
1670612151442 0.011806205483889748 0
1670612152611 0.011996157686157943 0
1670612154051 0.012016984088079441 0
1670612155398 0.011874331321149609 0
1670612156648 0.01179558266915244 0
1670612157955 0.011672460106986568 0
1670612159252 0.011564259942245012 0
1670612160683 0.011448025849253335 0
1670612162164 0.011327723143766025 0
1670612163057 0.01123591831373591 0
1670612164512 0.01118861620205959 0
1670612165981 0.011161889480284334 0
1670612167331 0.011115106115602388 0
1670612168335 0.011014541557883367 0
1670612169360 0.010911887119258848 0
1670612170342 0.010822201648943583 0
1670612171510 0.010727260428030932 0
1670612172959 0.01062958763892223 0
1670612174520 0.01053583347974657 0
1670612175951 0.010443308654778272 0
1670612177247 0.010442897740825172 0
1670612178649 0.010374949007367448 0
1670612179740 0.010361112362890265 0
1670612181052 0.010336089436839599 0
1670612182309 0.01025241003029824 0
1670612183730 0.010196012262596851 0
1670612185111 0.01011663296448348 0
1670612186338 0.010052836046074723 0
1670612187414 0.009999050506458884 0
1670612188583 0.010046067134660552 0
1670612189881 0.010126366643234255 0
1670612190908 0.010060521304974895 0
1670612192074 0.010160225890082059 0
1670612193216 0.01016017840195195 0
1670612194416 0.010097933971101869 0
1670612195394 0.010049966615288494 0
1670612196609 0.00998754785957405 0
1670612197673 0.009945815852796497 0
1670612198999 0.009888021786095005 0
1670612199971 0.009834384593020634 0
1670612201181 0.009918087218117488 0
1670612202143 0.009859783346477358 0
1670612203237 0.009976676070716159 0
1670612204535 0.010278778686993062 0
1670612205953 0.010245705591735932 0
1670612207210 0.010335541722514052 0
1670612208498 0.010595100036840208 0
1670612209593 0.010627407213615034 0
1670612210788 0.010580769976162224 0
1670612211756 0.010621285397447028 0
1670612213018 0.01061033064227862 0
1670612214174 0.010590678523978936 0
1670612215437 0.01053399215660937 0
1670612216573 0.010565811052984875 0
1670612217845 0.010534777097295056 0
1670612218965 0.0105397774882095 0
1670612219973 0.010724578459339787 0
1670612220991 0.010687280139521763 0
1670612222300 0.010687837062071118 0
1670612223250 0.010811090458565875 0
1670612224174 0.010777195999552028 0
1670612225447 0.010736114091793064 0
1670612226777 0.010731862297110609 0
1670612227992 0.010687366876703491 0
1670612229053 0.010638579044808416 0
1670612230412 0.01058941489239458 0
1670612231732 0.010540569836949551 0
1670612232812 0.010654138428240617 0
1670612234022 0.010605392688219945 0
1670612234982 0.010562265754228806 0
1670612235827 0.010531340498193015 0
1670612237461 0.010528834155428643 0
1670612238651 0.010544296522359886 0
1670612240304 0.01050029345657906 0
1670612241640 0.010455634397328828 0
1670612243025 0.010419523185909343 0
1670612244154 0.010572407359953365 0
1670612245413 0.010526453826474477 0
1670612246528 0.010501261250663835 0
1670612247681 0.010496660300640254 0
1670612248868 0.010514899764423463 0
1670612250230 0.01056008928942058 0
1670612251316 0.010595448161439883 0
1670612252636 0.010560587194270957 0
1670612253807 0.010518407078704564 0
1670612255138 0.010564647865323837 0
1670612256273 0.010581273615555456 0
1670612257390 0.010702079469954023 0
1670612258647 0.010667840818473162 0
1670612260164 0.010683480058935602 0
1670612261291 0.010681114907094572 0
1670612262683 0.010654503453153455 0
1670612263913 0.010621522990498955 0
1670612265495 0.010581400198618529 0
1670612266779 0.010619980580404337 0
