1670636152831 0.0 0
1670636156812 0.0 0
1670636160818 0.0 0
1670636164814 0.0 0
1670636168831 0.0 0
1670636172844 0.0 0
1670636176848 0.0 0
1670636180928 0.0 0
1670636184907 0.0 0
1670636188901 0.0 0
1670636192890 0.0 0
1670636196906 0.0 0
1670636200887 0.0 0
1670636204873 0.0 0
1670636208842 0.0 0
1670636212818 0.0 0
1670636216805 0.0 0
1670636221193 0.0 0
1670636225479 0.0 0
1670636229431 0.0 0
1670636233385 0.0 0
1670636237371 0.0 0
1670636241328 0.0 0
1670636245285 0.0 0
1670636249452 0.0 0
1670636253505 0.0 0
1670636257790 0.0 0
1670636261910 0.0 0
1670636266614 0.0 0
1670636272398 0.0 0
