1670566493549 0.151 0
1670566494001 0.13733333333333334 0
1670566494708 0.154 0
1670566495125 0.17166666666666666 0
1670566495660 0.167 0
1670566496351 0.15366666666666667 0
1670566496927 0.13233333333333333 0
1670566497562 0.15266666666666667 0
1670566498049 0.17566666666666667 0
1670566498575 0.13333333333333333 0
1670566499247 0.145 0
1670566499998 0.14266666666666666 0
1670566500591 0.14366666666666666 0
1670566501080 0.15166666666666667 0
1670566501795 0.15333333333333332 0
1670566502386 0.14533333333333334 0
1670566502942 0.151 0
1670566503626 0.15566666666666668 0
1670566504226 0.161 0
1670566504806 0.16566666666666666 0
1670566505459 0.151 0
1670566506219 0.15366666666666667 0
1670566506988 0.14933333333333335 0
1670566507456 0.15133333333333332 0
1670566508123 0.14733333333333334 0
1670566508765 0.15966666666666668 0
1670566509392 0.164 0
1670566509959 0.14766666666666667 0
1670566510591 0.16533333333333333 0
1670566511162 0.16 0
1670566511784 0.153 0
1670566512399 0.15266666666666667 0
1670566513159 0.15933333333333333 0
1670566513935 0.15066666666666667 0
1670566514427 0.174 0
1670566515244 0.14266666666666666 0
1670566516000 0.16066666666666668 0
1670566516535 0.16766666666666666 0
1670566517185 0.141 0
1670566517835 0.157 0
1670566518633 0.16166666666666665 0
1670566519287 0.14933333333333335 0
1670566520034 0.161 0
1670566520574 0.15566666666666668 0
1670566521128 0.15266666666666667 0
1670566521541 0.15766666666666668 0
1670566522153 0.164 0
1670566522646 0.15266666666666667 0
1670566523292 0.148 0
1670566523757 0.141 0
1670566524246 0.162 0
1670566524888 0.15166666666666667 0
1670566525349 0.15 0
1670566526209 0.15033333333333335 0
1670566526806 0.166 0
1670566527431 0.16133333333333333 0
1670566527993 0.15633333333333332 0
1670566528707 0.16933333333333334 0
1670566529278 0.14366666666666666 0
1670566529742 0.147 0
1670566530418 0.14833333333333334 0
1670566531143 0.15833333333333333 0
1670566531578 0.16566666666666666 0
1670566532275 0.16 0
1670566532810 0.15633333333333332 0
1670566533438 0.13366666666666666 0
1670566533975 0.15333333333333332 0
1670566534703 0.167 0
1670566535105 0.162 0
1670566535879 0.153 0
1670566536628 0.15 0
1670566537096 0.158 0
1670566537786 0.16233333333333333 0
1670566538161 0.14533333333333334 0
1670566538864 0.15966666666666668 0
1670566539482 0.14533333333333334 0
1670566540036 0.15433333333333332 0
1670566540619 0.16066666666666668 0
1670566541055 0.15033333333333335 0
1670566541499 0.138 0
1670566542259 0.167 0
1670566542753 0.145 0
1670566543240 0.154 0
1670566543902 0.16033333333333333 0
1670566544542 0.16266666666666665 0
1670566545231 0.147 0
1670566545827 0.151 0
1670566546559 0.164 0
1670566547049 0.155 0
1670566547555 0.163 0
1670566548198 0.174 0
1670566548751 0.15466666666666667 0
1670566549442 0.15066666666666667 0
1670566550036 0.15566666666666668 0
1670566550629 0.15866666666666668 0
1670566551142 0.14966666666666667 0
1670566551851 0.16866666666666666 0
1670566552372 0.16866666666666666 0
1670566553182 0.16033333333333333 0
1670566553620 0.13733333333333334 0
1670566554238 0.15433333333333332 0
1670566554834 0.16066666666666668 0
1670566555689 0.14566666666666667 0
1670566556086 0.155 0
1670566556577 0.16233333333333333 0
1670566557485 0.151 0
1670566557862 0.15033333333333335 0
1670566558491 0.15733333333333333 0
1670566559101 0.14766666666666667 0
1670566559708 0.15866666666666668 0
1670566560160 0.15 0
1670566560596 0.137 0
1670566561126 0.152 0
1670566561773 0.16633333333333333 0
1670566562295 0.14733333333333334 0
1670566562748 0.157 0
1670566563281 0.15266666666666667 0
1670566563938 0.14633333333333334 0
1670566564608 0.15466666666666667 0
1670566565319 0.157 0
1670566565815 0.165 0
1670566566442 0.15666666666666668 0
1670566567062 0.15166666666666667 0
1670566567616 0.16766666666666666 0
1670566568032 0.167 0
1670566568622 0.15433333333333332 0
1670566569252 0.165 0
1670566569965 0.14633333333333334 0
1670566570429 0.14666666666666667 0
1670566570953 0.156 0
1670566571490 0.15533333333333332 0
1670566572159 0.154 0
1670566572710 0.145 0
1670566573187 0.14533333333333334 0
1670566573706 0.16533333333333333 0
1670566574360 0.171 0
1670566574916 0.16366666666666665 0
1670566575509 0.14833333333333334 0
1670566576034 0.14333333333333334 0
1670566576529 0.16866666666666666 0
1670566577096 0.142 0
1670566577697 0.162 0
1670566578355 0.14266666666666666 0
1670566579084 0.159 0
1670566579790 0.153 0
1670566580632 0.17366666666666666 0
1670566581269 0.15266666666666667 0
1670566581726 0.15733333333333333 0
1670566582366 0.16066666666666668 0
1670566582982 0.146 0
1670566583633 0.15533333333333332 0
1670566584427 0.149 0
1670566584925 0.16033333333333333 0
1670566585554 0.15666666666666668 0
1670566586134 0.16733333333333333 0
1670566586646 0.15666666666666668 0
1670566587274 0.16333333333333333 0
1670566588024 0.16733333333333333 0
1670566588781 0.15 0
1670566589334 0.148 0
1670566589895 0.16633333333333333 0
1670566590686 0.162 0
1670566591515 0.155 0
1670566591988 0.16033333333333333 0
1670566592533 0.16033333333333333 0
1670566593124 0.15533333333333332 0
1670566594068 0.163 0
1670566594785 0.151 0
1670566595534 0.15533333333333332 0
1670566596163 0.16 0
1670566596790 0.15033333333333335 0
1670566597240 0.175 0
1670566597879 0.152 0
1670566598302 0.16733333333333333 0
1670566598842 0.164 0
1670566599236 0.149 0
1670566599875 0.15866666666666668 0
1670566600527 0.15166666666666667 0
1670566601026 0.159 0
1670566601509 0.155 0
1670566602172 0.16533333333333333 0
1670566602558 0.16366666666666665 0
1670566603034 0.14533333333333334 0
1670566603739 0.15833333333333333 0
1670566604376 0.15633333333333332 0
1670566605144 0.15333333333333332 0
1670566605628 0.14466666666666667 0
1670566606230 0.15466666666666667 0
1670566607088 0.15733333333333333 0
1670566607739 0.14966666666666667 0
1670566608343 0.162 0
1670566608997 0.15366666666666667 0
1670566609599 0.16266666666666665 0
1670566610207 0.153 0
1670566610675 0.145 0
1670566611324 0.167 0
1670566611937 0.14533333333333334 0
1670566612705 0.154 0
1670566613327 0.15966666666666668 0
1670566613826 0.145 0
1670566614520 0.15766666666666668 0
1670566615046 0.16533333333333333 0
1670566615599 0.153 0
1670566616345 0.15466666666666667 0
1670566617118 0.17666666666666667 0
1670566617654 0.14133333333333334 0
1670566618182 0.16133333333333333 0
1670566618830 0.16366666666666665 0
1670566619536 0.159 0
1670566620049 0.157 0
1670566620705 0.15166666666666667 0
1670566621249 0.158 0
1670566622014 0.15633333333333332 0
1670566622747 0.14666666666666667 0
1670566623277 0.16266666666666665 0
1670566623919 0.16 0
1670566624653 0.14433333333333334 0
1670566625163 0.15466666666666667 0
1670566625858 0.15633333333333332 0
1670566626682 0.147 0
1670566627397 0.15733333333333333 0
1670566628003 0.16533333333333333 0
1670566628560 0.144 0
1670566629095 0.14866666666666667 0
1670566629728 0.15133333333333332 0
1670566630439 0.13466666666666666 0
1670566631111 0.15266666666666667 0
1670566631946 0.14666666666666667 0
1670566632555 0.16033333333333333 0
1670566633423 0.15633333333333332 0
1670566634117 0.16633333333333333 0
1670566634670 0.152 0
1670566635395 0.15866666666666668 0
1670566635928 0.15166666666666667 0
1670566636907 0.16733333333333333 0
1670566637674 0.161 0
1670566638368 0.15033333333333335 0
1670566638942 0.13833333333333334 0
1670566639689 0.15366666666666667 0
1670566640237 0.159 0
1670566640944 0.14866666666666667 0
1670566641556 0.16133333333333333 0
1670566642177 0.15766666666666668 0
1670566642632 0.14233333333333334 0
1670566643239 0.15933333333333333 0
1670566643809 0.15166666666666667 0
1670566644409 0.15233333333333332 0
1670566645008 0.14766666666666667 0
1670566645873 0.155 0
1670566646625 0.16333333333333333 0
1670566647268 0.16066666666666668 0
1670566648061 0.15366666666666667 0
1670566648625 0.14633333333333334 0
1670566649515 0.153 0
1670566649910 0.166 0
1670566650580 0.16133333333333333 0
1670566651573 0.157 0
1670566652327 0.17266666666666666 0
1670566653158 0.15566666666666668 0
1670566653899 0.16666666666666666 0
1670566654450 0.148 0
1670566655170 0.16566666666666666 0
1670566655739 0.15066666666666667 0
1670566656344 0.16133333333333333 0
1670566656897 0.158 0
1670566657580 0.146 0
1670566658160 0.15633333333333332 0
1670566658769 0.149 0
1670566659502 0.15366666666666667 0
1670566660176 0.14633333333333334 0
1670566660772 0.15533333333333332 0
1670566661271 0.14933333333333335 0
1670566661850 0.16466666666666666 0
1670566662621 0.147 0
1670566663480 0.17033333333333334 0
1670566664187 0.156 0
1670566664674 0.15566666666666668 0
1670566665539 0.15866666666666668 0
1670566666218 0.15866666666666668 0
1670566666943 0.14533333333333334 0
1670566667515 0.15 0
1670566668053 0.15066666666666667 0
1670566668595 0.16066666666666668 0
1670566669277 0.15966666666666668 0
1670566669860 0.15466666666666667 0
1670566670358 0.164 0
1670566671045 0.14633333333333334 0
1670566671457 0.14366666666666666 0
1670566671948 0.14566666666666667 0
1670566672568 0.16966666666666666 0
1670566673173 0.15866666666666668 0
1670566673589 0.16366666666666665 0
1670566674350 0.16866666666666666 0
1670566674742 0.162 0
1670566675361 0.15233333333333332 0
1670566675977 0.15 0
1670566676584 0.15566666666666668 0
1670566677237 0.15933333333333333 0
1670566677886 0.16533333333333333 0
1670566678327 0.15133333333333332 0
1670566678877 0.15433333333333332 0
1670566679569 0.14966666666666667 0
1670566680446 0.16666666666666666 0
1670566681305 0.16733333333333333 0
1670566681866 0.16233333333333333 0
1670566682527 0.14633333333333334 0
1670566683233 0.15066666666666667 0
1670566683789 0.15633333333333332 0
1670566684403 0.15133333333333332 0
1670566684935 0.16566666666666666 0
1670566685532 0.159 0
1670566686052 0.15933333333333333 0
1670566686875 0.15766666666666668 0
1670566687524 0.15033333333333335 0
1670566688407 0.16 0
1670566689128 0.147 0
1670566690140 0.14666666666666667 0
1670566690750 0.15733333333333333 0
1670566691498 0.17166666666666666 0
1670566692064 0.16266666666666665 0
1670566692696 0.14533333333333334 0
1670566693590 0.156 0
1670566694161 0.154 0
1670566694978 0.167 0
1670566695776 0.14733333333333334 0
1670566696783 0.17466666666666666 0
1670566697414 0.157 0
1670566697987 0.17333333333333334 0
1670566698670 0.15666666666666668 0
1670566699353 0.17233333333333334 0
1670566700100 0.161 0
1670566700868 0.14366666666666666 0
1670566701520 0.154 0
1670566702134 0.14466666666666667 0
1670566702865 0.16033333333333333 0
1670566703681 0.175 0
1670566704441 0.159 0
