1670583251126 0.0 0
1670583252197 0.0 0
1670583253247 0.0 0
1670583253983 0.0 0
1670583255153 0.0 0
1670583256042 0.0 0
1670583257107 0.0 0
1670583258305 0.0 0
1670583259457 0.0 0
1670583260670 0.0 0
1670583261609 0.0 0
1670583262815 0.0 0
1670583263889 0.0 0
1670583264876 0.0 0
1670583265989 0.0 0
1670583267208 0.0 0
1670583268343 0.0 0
1670583269210 0.0 0
1670583270415 0.0 0
1670583271522 0.0 0
1670583272461 0.0 0
1670583273697 0.0 0
1670583274650 0.0 0
1670583275708 0.0 0
1670583276626 0.0 0
1670583277489 0.0 0
1670583278780 0.0 0
1670583279982 0.0 0
1670583281184 0.0 0
1670583282203 0.0 0
1670583283106 0.0 0
1670583284188 0.0 0
1670583285492 0.0 0
1670583286458 0.0 0
1670583287411 0.0 0
1670583288377 0.0 0
1670583289427 0.0 0
1670583290528 0.0 0
1670583291866 0.0 0
1670583292884 0.0 0
1670583294044 0.0 0
1670583295025 0.0 0
1670583296178 0.0 0
1670583297383 0.0 0
1670583298513 0.0 0
1670583299612 0.0 0
1670583300779 0.0 0
1670583302044 0.0 0
1670583302922 0.0 0
1670583304148 0.0 0
1670583305192 0.0 0
1670583306106 0.0 0
1670583307734 0.0 0
1670583308912 0.0 0
1670583309981 0.0 0
1670583310902 0.0 0
1670583311929 0.0 0
1670583312979 0.0 0
1670583314068 0.0 0
1670583315270 0.0 0
1670583316357 0.0 0
1670583317226 0.0 0
1670583318473 0.0 0
1670583319598 0.0 0
1670583320501 0.0 0
1670583322012 0.0 0
1670583323096 0.0 0
1670583324098 0.0 0
1670583325381 0.0 0
1670583326547 0.0 0
1670583327795 0.0 0
1670583328952 0.0 0
1670583330209 0.0 0
1670583331342 0.0 0
1670583332522 0.0 0
1670583333603 0.0 0
1670583334637 0.0 0
1670583335559 0.0 0
1670583336774 0.0 0
1670583337789 0.0 0
1670583338708 0.0 0
1670583339825 0.0 0
1670583340943 0.0 0
1670583342343 0.0 0
1670583343774 0.0 0
1670583345191 0.0 0
1670583346445 0.0 0
1670583347771 0.0 0
1670583348959 0.0 0
1670583350040 0.0 0
1670583351219 0.0 0
1670583352220 0.0 0
1670583353472 0.0 0
1670583354656 0.0 0
1670583355495 0.0 0
1670583356576 0.0 0
1670583357860 0.0 0
1670583358779 0.0 0
1670583359807 0.0 0
1670583360663 0.0 0
1670583361789 0.0 0
