1670594744627 0.0 0
1670594745483 0.0013521932988493658 0
1670594746249 0.0009186931155186995 0
1670594746943 0.0007403853613860797 0
1670594747964 0.0006386661920440906 0
1670594748954 0.0005708271881056993 0
1670594749926 0.0005213506426904687 0
1670594750844 0.0004831381218744638 0
1670594751571 0.00045243143254819826 0
1670594752711 0.00042702992214072396 0
1670594753631 0.00040554677472974754 0
1670594754366 0.00038705789960614907 0
1670594755140 0.0003709199983226394 0
1670594756101 0.0003566691979510573 0
1670594756905 0.0003439611913846927 0
1670594757958 0.00033253416458368804 0
1670594758900 0.00032218490659184304 0
1670594759641 0.0003127528887155073 0
1670594760529 0.00030410934465217984 0
1670594761265 0.00029614959153436245 0
1670594762375 0.0002887875109012925 0
1670594763095 0.00028195150497305383 0
1670594764176 0.0002755814827496777 0
1670594765107 0.0003732810959109024 0
1670594766143 0.0003658692731810851 0
1670594767081 0.0003588836555538151 0
1670594767948 0.0003522847683681629 0
1670594768703 0.0003460380884738798 0
1670594769505 0.00032593394313623023 0
1670594770390 0.00032100303229939795 0
1670594771166 0.000316287827970415 0
1670594772021 0.00031177316862723126 0
1670594772887 0.0003074453309082438 0
1670594773711 0.0003032918606115566 0
1670594774516 0.0002993014270616705 0
1670594775243 0.0002954636971731737 0
1670594775972 0.0003523448149585252 0
1670594776833 0.00034818022586959133 0
1670594777866 0.00034415836515292705 0
1670594778698 0.00034027136315605276 0
1670594779466 0.0003835564898924946 0
1670594780299 0.0003795339894693205 0
1670594781060 0.0003756333529118555 0
1670594781946 0.00037184867833789273 0
1670594782735 0.00036817444527601054 0
1670594783551 0.000364605484779217 0
1670594784322 0.00036113695218496056 0
1670594785069 0.00035776430227615576 0
1670594786016 0.00035448326661844477 0
1670594786950 0.0003512898328688205 0
1670594787684 0.0003481802258695913 0
1670594788463 0.0003451508903592548 0
1670594789309 0.00034219847514806856 0
1670594790124 0.0003393198186209567 0
1670594790833 0.0003365119354438987 0
1670594791893 0.0003337720043621918 0
1670594792633 0.0003310973569900214 0
1670594793860 0.00032848546750074433 0
1670594794793 0.00032593394313623023 0
1670594795545 0.00032344051546166037 0
1670594796588 0.00032100303229939806 0
1670594797394 0.00031861945028202 0
1670594798167 0.000316287827970415 0
1670594798976 0.00031400631948805475 0
1670594799810 0.00031177316862723126 0
1670594800853 0.00030958670338723744 0
1670594801707 0.0003074453309082437 0
1670594802557 0.00030534753276800287 0
1670594803465 0.00030329186061155654 0
1670594804305 0.00030127693208685644 0
1670594805087 0.00029930142706167045 0
1670594806170 0.0002973640840993682 0
1670594806958 0.0002954636971731737 0
1670594807701 0.00029359911260028464 0
1670594808524 0.00032393465817821614 0
1670594809496 0.000321971445353019 0
1670594810286 0.00032004324228810044 0
1670594811098 0.0003181490294487057 0
1670594812009 0.00031628782797041505 0
1670594812970 0.00031445869762212743 0
1670594814118 0.00031266073489048655 0
1670594814963 0.00033837613644203095 0
1670594815872 0.00033651193544389867 0
1670594816761 0.00033467793223377647 0
1670594817524 0.00033287332906365715 0
1670594818311 0.0003310973569900213 0
1670594819170 0.0003293492745725626 0
1670594819925 0.000327628366642497 0
1670594820674 0.0003259339431362302 0
1670594821469 0.0003242653379904345 0
1670594822586 0.00032262190809485434 0
1670594823793 0.000321003032299398 0
1670594824840 0.00031940811047230175 0
1670594825569 0.00034136860920754995 0
1670594826443 0.00033972665440778425 0
1670594827282 0.00033810794212600284 0
1670594828187 0.0003365119354438987 0
1670594829245 0.000334938114401682 0
1670594830008 0.00033338597532802224 0
1670594830918 0.00033185503020129935 0
1670594831855 0.0003303448060404999 0
1670594832725 0.0003288548443242035 0
1670594833684 0.00032738470043618253 0
1670594834536 0.00032593394313623023 0
1670594835603 0.0003245021540549083 0
1670594836481 0.00034366526959899043 0
1670594837280 0.00034219847514806856 0
1670594838078 0.00034075011761590304 0
1670594839091 0.00033931981862095654 0
