1670594743689 0.0 0
1670594744621 0.0 0
1670594745477 0.0003333333333333333 0
1670594746242 0.0 0
1670594746937 0.0 0
1670594747958 0.0 0
1670594748949 0.0 0
1670594749919 0.0 0
1670594750837 0.0 0
1670594751565 0.0 0
1670594752705 0.0 0
1670594753625 0.0 0
1670594754356 0.0 0
1670594755134 0.0 0
1670594756096 0.0 0
1670594756897 0.0 0
1670594757950 0.0 0
1670594758894 0.0 0
1670594759634 0.0 0
1670594760514 0.0 0
1670594761255 0.0 0
1670594762369 0.0 0
1670594763088 0.0 0
1670594764168 0.0 0
1670594765102 0.0003333333333333333 0
1670594766137 0.0 0
1670594767073 0.0 0
1670594767942 0.0 0
1670594768697 0.0 0
1670594769498 0.0 0
1670594770377 0.0 0
1670594771161 0.0 0
1670594772015 0.0 0
1670594772881 0.0 0
1670594773704 0.0 0
1670594774510 0.0 0
1670594775237 0.0 0
1670594775966 0.0003333333333333333 0
1670594776825 0.0 0
1670594777860 0.0 0
1670594778692 0.0 0
1670594779458 0.0003333333333333333 0
1670594780293 0.0 0
1670594781053 0.0 0
1670594781935 0.0 0
1670594782729 0.0 0
1670594783544 0.0 0
1670594784316 0.0 0
1670594785063 0.0 0
1670594786009 0.0 0
1670594786944 0.0 0
1670594787677 0.0 0
1670594788456 0.0 0
1670594789300 0.0 0
1670594790119 0.0 0
1670594790827 0.0 0
1670594791886 0.0 0
1670594792628 0.0 0
1670594793854 0.0 0
1670594794773 0.0 0
1670594795539 0.0 0
1670594796582 0.0 0
1670594797388 0.0 0
1670594798161 0.0 0
1670594798968 0.0 0
1670594799803 0.0 0
1670594800843 0.0 0
1670594801693 0.0 0
1670594802550 0.0 0
1670594803459 0.0 0
1670594804296 0.0 0
1670594805080 0.0 0
1670594806160 0.0 0
1670594806951 0.0 0
1670594807696 0.0 0
1670594808517 0.0003333333333333333 0
1670594809490 0.0 0
1670594810279 0.0 0
1670594811093 0.0 0
1670594812003 0.0 0
1670594812953 0.0 0
1670594814112 0.0 0
1670594814956 0.0003333333333333333 0
1670594815859 0.0 0
1670594816753 0.0 0
1670594817516 0.0 0
1670594818305 0.0 0
1670594819163 0.0 0
1670594819919 0.0 0
1670594820668 0.0 0
1670594821464 0.0 0
1670594822579 0.0 0
1670594823774 0.0 0
1670594824834 0.0 0
1670594825563 0.0003333333333333333 0
1670594826435 0.0 0
1670594827275 0.0 0
1670594828178 0.0 0
1670594829239 0.0 0
1670594830000 0.0 0
1670594830911 0.0 0
1670594831848 0.0 0
1670594832719 0.0 0
1670594833677 0.0 0
1670594834530 0.0 0
1670594835598 0.0 0
1670594836474 0.0003333333333333333 0
1670594837274 0.0 0
1670594838070 0.0 0
1670594839085 0.0 0
