1670605683436 0.3416666666666667 0
1670605684091 0.33666666666666667 0
1670605684701 0.341 0
1670605685362 0.33866666666666667 0
1670605686052 0.33866666666666667 0
1670605686804 0.34 0
1670605687665 0.3383333333333333 0
1670605688133 0.3383333333333333 0
1670605688901 0.3393333333333333 0
1670605689405 0.3423333333333333 0
1670605690101 0.337 0
1670605690707 0.3413333333333333 0
1670605691310 0.3403333333333333 0
1670605692154 0.3373333333333333 0
1670605692664 0.3403333333333333 0
1670605693106 0.3396666666666667 0
1670605693748 0.3406666666666667 0
1670605694432 0.3373333333333333 0
1670605695315 0.339 0
1670605695805 0.3393333333333333 0
1670605696276 0.3393333333333333 0
1670605697095 0.3393333333333333 0
1670605697828 0.3396666666666667 0
1670605698530 0.3403333333333333 0
1670605699112 0.3396666666666667 0
1670605699865 0.338 0
1670605700382 0.3406666666666667 0
1670605701026 0.341 0
1670605701750 0.341 0
1670605702350 0.3413333333333333 0
1670605703057 0.338 0
1670605703793 0.3396666666666667 0
1670605704561 0.3373333333333333 0
1670605705196 0.3393333333333333 0
1670605705843 0.3416666666666667 0
1670605706450 0.3413333333333333 0
1670605706899 0.3393333333333333 0
1670605707484 0.3413333333333333 0
1670605708011 0.3373333333333333 0
1670605708636 0.338 0
1670605709273 0.3413333333333333 0
1670605709826 0.3396666666666667 0
1670605710281 0.33666666666666667 0
1670605710724 0.3396666666666667 0
1670605711416 0.339 0
1670605712001 0.3383333333333333 0
1670605712696 0.339 0
1670605713284 0.3373333333333333 0
1670605713936 0.3383333333333333 0
1670605714468 0.3393333333333333 0
1670605715039 0.3383333333333333 0
1670605715847 0.3393333333333333 0
1670605716599 0.3396666666666667 0
1670605717217 0.3396666666666667 0
1670605717922 0.3406666666666667 0
1670605718674 0.3416666666666667 0
1670605719266 0.3403333333333333 0
1670605720014 0.3396666666666667 0
1670605720448 0.33866666666666667 0
1670605721204 0.338 0
1670605721960 0.33866666666666667 0
1670605722642 0.34 0
1670605723251 0.338 0
1670605723934 0.3393333333333333 0
1670605724487 0.3383333333333333 0
1670605725096 0.33766666666666667 0
1670605725587 0.339 0
1670605726255 0.3406666666666667 0
1670605726998 0.339 0
1670605727659 0.339 0
1670605728291 0.3396666666666667 0
1670605728937 0.341 0
1670605729341 0.338 0
1670605729805 0.341 0
1670605730463 0.33866666666666667 0
1670605731113 0.3393333333333333 0
1670605731531 0.339 0
1670605732100 0.3426666666666667 0
1670605732774 0.3373333333333333 0
1670605733325 0.339 0
1670605733859 0.337 0
1670605734636 0.3353333333333333 0
1670605735247 0.3373333333333333 0
1670605735848 0.3373333333333333 0
1670605736562 0.338 0
1670605737173 0.33566666666666667 0
1670605738007 0.337 0
1670605738582 0.3406666666666667 0
1670605739222 0.3396666666666667 0
1670605739929 0.34 0
1670605740640 0.3393333333333333 0
1670605741305 0.339 0
1670605741944 0.3396666666666667 0
1670605742601 0.3393333333333333 0
1670605743282 0.33766666666666667 0
1670605743828 0.3413333333333333 0
1670605744443 0.33866666666666667 0
1670605745104 0.341 0
1670605745605 0.338 0
1670605746239 0.3383333333333333 0
1670605746728 0.339 0
1670605747358 0.3403333333333333 0
1670605748007 0.33866666666666667 0
1670605748803 0.3383333333333333 0
1670605749302 0.33866666666666667 0
1670605749841 0.3373333333333333 0
1670605750459 0.337 0
1670605751030 0.3403333333333333 0
1670605751495 0.34 0
1670605752003 0.3403333333333333 0
1670605752744 0.3393333333333333 0
1670605753270 0.33866666666666667 0
1670605754003 0.33566666666666667 0
1670605754740 0.3383333333333333 0
1670605755207 0.3393333333333333 0
1670605755778 0.341 0
1670605756524 0.3383333333333333 0
1670605757073 0.3403333333333333 0
