1670568050737 0.006353102368216068 0
1670568053479 0.0035131012428919473 0
1670568056036 0.0029641203065362554 0
1670568059018 0.003743158766943866 0
1670568062560 0.003340657667731395 0
1670568065815 0.0040609048964520555 0
1670568068823 0.004356543445282801 0
1670568072086 0.004067408975723219 0
1670568075605 0.003925738962941461 0
1670568079159 0.0042884946344622366 0
1670568082593 0.004067689470374947 0
1670568086673 0.0039013247498638215 0
1670568090312 0.0037869069218491314 0
1670568093643 0.0037424052343162373 0
1670568096869 0.0037497765035392483 0
1670568099347 0.0036458583881623374 0
1670568101948 0.0035328864164645424 0
1670568105239 0.0034435499128586677 0
1670568108812 0.0036021302743954875 0
1670568112123 0.0035320727714199807 0
1670568115757 0.0034594629318132064 0
1670568119058 0.0034412682319259202 0
1670568122540 0.0033621873891811482 0
1670568125879 0.003318954243785255 0
1670568129769 0.0032535633550909715 0
1670568133314 0.0031889958174270427 0
1670568135267 0.0032919455450718393 0
1670568137056 0.003230038964366022 0
1670568139998 0.0032379701784366333 0
1670568143834 0.003218277255619628 0
1670568147765 0.0031903785609191937 0
1670568150729 0.0031640728030888354 0
1670568154168 0.0031213272713708218 0
1670568157727 0.003116683591017244 0
1670568161141 0.0030939783397416765 0
1670568164495 0.0031120858153081965 0
1670568167832 0.0030795132637863043 0
1670568172334 0.0030529866977853093 0
1670568174900 0.00302735138659882 0
1670568176853 0.0030021520725170836 0
1670568178765 0.0029929632488101543 0
1670568182240 0.0029825988969336414 0
1670568185907 0.002982402267896256 0
1670568189241 0.0029526140881884766 0
1670568192329 0.0029368815500538936 0
1670568196129 0.002907012639211559 0
1670568199441 0.0028869184853527186 0
1670568203297 0.002857594074240244 0
1670568206926 0.002865185804591941 0
1670568210383 0.0028979270778722865 0
1670568213875 0.002879392709230766 0
1670568217393 0.002958602610435679 0
1670568220810 0.002951314550350248 0
1670568224249 0.002938042629811788 0
1670568227781 0.0029641128694364305 0
1670568230875 0.003007598420590951 0
1670568234381 0.0029815925197534954 0
1670568237738 0.002973223236178435 0
1670568241067 0.002959733098074069 0
1670568244468 0.00307028279290511 0
1670568247794 0.003369796456408336 0
1670568251237 0.0034482156209370007 0
1670568254559 0.003421526816505316 0
1670568258617 0.003396476241638302 0
1670568262258 0.003411326863469122 0
1670568265923 0.0034011791600564445 0
1670568269497 0.0033867797425742863 0
1670568273054 0.0033658800780470566 0
1670568276675 0.003342327094056463 0
1670568280175 0.0033873278817034835 0
1670568283646 0.003370110751673483 0
1670568286549 0.0033470391999879112 0
1670568289967 0.003337475600309503 0
1670568293158 0.0035085980676482498 0
1670568296611 0.0034863523027428567 0
1670568300238 0.0034828769062417164 0
1670568303100 0.0034632302643834434 0
1670568306641 0.0034459051806924323 0
1670568310521 0.003533752421904013 0
1670568314181 0.0035139434842301753 0
1670568318061 0.003501211404559501 0
1670568321947 0.0034808000412518414 0
1670568325336 0.003460740937646034 0
1670568329306 0.0034696080786321692 0
1670568332715 0.003502654563330876 0
1670568335857 0.0034852180073293715 0
1670568339790 0.0034938871414658124 0
1670568343153 0.003487622489723563 0
1670568346925 0.00347905449994379 0
1670568350137 0.0034603515206710345 0
1670568353621 0.0034490835581962864 0
1670568356969 0.0034440973535344588 0
1670568360091 0.0034305396250871034 0
1670568363587 0.0034139393382897065 0
1670568367231 0.0034128980882658366 0
1670568370738 0.003402001531260024 0
1670568373406 0.003393833333058538 0
1670568377179 0.003377025319451943 0
1670568380940 0.003363241088478186 0
1670568384532 0.0033884661414134154 0
1670568388203 0.003372277287237324 0
