1670629666701 0.0 0
1670629667184 0.0 0
1670629667673 0.0 0
1670629668165 0.0 0
1670629668636 0.0 0
1670629669129 0.0 0
1670629669618 0.0 0
1670629670108 0.0 0
1670629670597 0.0 0
1670629671085 0.0 0
1670629671579 0.0 0
1670629672066 0.0 0
1670629672553 0.0 0
1670629673043 0.0 0
1670629673534 0.0 0
1670629674013 0.0 0
1670629674495 0.0 0
1670629674985 0.0 0
1670629675471 0.0 0
1670629675966 0.0 0
1670629676458 0.0 0
1670629676939 0.0 0
1670629677415 0.0 0
1670629677898 0.0 0
1670629678392 0.0 0
1670629678876 0.0 0
1670629679362 0.0 0
1670629679850 0.0 0
1670629680324 0.0 0
1670629680811 0.0 0
1670629681301 0.0 0
1670629681772 0.0 0
1670629682257 0.0 0
1670629682748 0.0 0
1670629683231 0.0 0
1670629683737 0.0 0
1670629684206 0.0 0
1670629684699 0.0 0
1670629685177 0.0 0
1670629685660 0.0 0
1670629686134 0.0 0
1670629686624 0.0 0
1670629687097 0.0 0
1670629687589 0.0 0
1670629688077 0.0 0
1670629688564 0.0 0
1670629689049 0.0 0
1670629689542 0.0 0
1670629690041 0.0 0
1670629690525 0.0 0
1670629691001 0.0 0
1670629691499 0.0 0
1670629691988 0.0 0
1670629692476 0.0 0
1670629692949 0.0 0
1670629693453 0.0 0
1670629693949 0.0 0
1670629694428 0.0 0
1670629694916 0.0 0
1670629695406 0.0 0
1670629695883 0.0 0
1670629696368 0.0 0
1670629696805 0.0 0
1670629697281 0.0 0
1670629697704 0.0 0
1670629698175 0.0 0
1670629698614 0.0 0
1670629699083 0.0 0
1670629699515 0.0 0
1670629699941 0.0 0
1670629700390 0.0 0
1670629700818 0.0 0
1670629701288 0.0 0
1670629701802 0.0 0
1670629702327 0.0 0
1670629702831 0.0 0
1670629703356 0.0 0
1670629703857 0.0 0
1670629704388 0.0 0
1670629704897 0.0 0
1670629705407 0.0 0
1670629705935 0.0 0
1670629706468 0.0 0
1670629706990 0.0 0
1670629707513 0.0 0
1670629708038 0.0 0
1670629708565 0.0 0
1670629709113 0.0 0
1670629709652 0.0 0
1670629710179 0.0 0
1670629710703 0.0 0
1670629711209 0.0 0
1670629711725 0.0 0
1670629712240 0.0 0
1670629712770 0.0 0
1670629713293 0.0 0
1670629713808 0.0 0
1670629714315 0.0 0
1670629714806 0.0 0
1670629715293 0.0 0
1670629715804 0.0 0
