1670567896080 0.0 0
1670567896327 0.0 0
1670567896523 0.0 0
1670567896669 0.0 0
1670567896900 0.0 0
1670567897174 0.0 0
1670567897322 0.0 0
1670567897551 0.0 0
1670567897776 0.0 0
1670567897941 0.0 0
1670567898285 0.0 0
1670567898399 0.0 0
1670567898822 0.0 0
1670567899083 0.0 0
1670567899240 0.0 0
1670567899473 0.0 0
1670567899620 0.0 0
1670567899832 0.0 0
1670567900075 0.0 0
1670567900276 0.0 0
1670567900540 0.0 0
1670567900717 0.0 0
1670567900902 0.0 0
1670567901140 0.0 0
1670567901342 0.0 0
1670567901582 0.0 0
1670567901860 0.0 0
1670567902090 0.0 0
1670567902513 0.0 0
1670567902704 0.0 0
1670567902903 0.0 0
1670567903138 0.0 0
1670567903409 0.0 0
1670567903575 0.0 0
1670567903725 0.0 0
1670567903944 0.0 0
1670567904105 0.0 0
1670567904358 0.0 0
1670567904516 0.0 0
1670567904652 0.0 0
1670567904779 0.0 0
1670567905011 0.0 0
1670567905194 0.0 0
1670567905366 0.0 0
1670567905521 0.0 0
1670567905726 0.0 0
1670567905906 0.0 0
1670567906090 0.0 0
1670567906254 0.0 0
1670567906399 0.0 0
1670567906525 0.0 0
1670567906651 0.0 0
1670567906808 0.0 0
1670567907110 0.0 0
1670567907370 0.0 0
1670567907537 0.0 0
1670567907786 0.0 0
1670567907972 0.0 0
1670567908224 0.0 0
1670567908375 0.0 0
1670567908498 0.0 0
1670567908683 0.0 0
1670567908822 0.0 0
1670567909101 0.0 0
1670567909242 0.0 0
1670567909364 0.0 0
1670567909494 0.0 0
1670567909770 0.0 0
1670567910076 0.0 0
1670567910226 0.0 0
1670567910467 0.0 0
1670567910702 0.0 0
1670567911055 0.0 0
1670567911281 0.0 0
1670567911576 0.0 0
1670567911816 0.0 0
1670567912013 0.0 0
1670567912269 0.0 0
1670567912498 0.0 0
1670567912779 0.0 0
1670567912936 0.0 0
1670567913068 0.0 0
1670567913300 0.0 0
1670567913486 0.0 0
1670567913697 0.0 0
1670567913864 0.0 0
1670567913994 0.0 0
1670567914122 0.0 0
1670567914406 0.0 0
1670567914702 0.0 0
1670567914847 0.0 0
1670567915055 0.0 0
1670567915253 0.0 0
1670567915498 0.0 0
1670567915763 0.0 0
1670567916097 0.0 0
1670567916250 0.0 0
1670567916517 0.0 0
1670567916853 0.0 0
1670567917104 0.0 0
1670567917364 0.0 0
1670567917508 0.0 0
