1670571526214 0.0 0
1670571526553 0.0 0
1670571526848 0.0 0
1670571527143 0.0 0
1670571527647 0.0 0
1670571527955 0.0 0
1670571528263 0.0 0
1670571528564 0.0 0
1670571528776 0.0 0
1670571529164 0.0 0
1670571529577 0.0 0
1670571529820 0.0 0
1670571530118 0.0 0
1670571530567 0.0 0
1670571530814 0.0 0
1670571531181 0.0 0
1670571531514 0.0 0
1670571531897 0.0 0
1670571532164 0.0 0
1670571532403 0.0 0
1670571532711 0.0 0
1670571532959 0.0 0
1670571533300 0.0 0
1670571533570 0.0 0
1670571533980 0.0 0
1670571534276 0.0 0
1670571534666 0.0 0
1670571534966 0.0 0
1670571535374 0.0 0
1670571535757 0.0 0
1670571536112 0.0 0
1670571536341 0.0 0
1670571536676 0.0 0
1670571536995 0.0 0
1670571537213 0.0 0
1670571537529 0.0 0
1670571537765 0.0 0
1670571538034 0.0 0
1670571538349 0.0 0
1670571538668 0.0 0
1670571539065 0.0 0
1670571539385 0.0 0
1670571539642 0.0 0
1670571539866 0.0 0
1670571540104 0.0 0
1670571540314 0.0 0
1670571540599 0.0 0
1670571540897 0.0 0
1670571541315 0.0 0
1670571541573 0.0 0
1670571541827 0.0 0
1670571542150 0.0 0
1670571542343 0.0 0
1670571542618 0.0 0
1670571542888 0.0 0
1670571543393 0.0 0
1670571543872 0.0 0
1670571544274 0.0 0
1670571544624 0.0 0
1670571544989 0.0 0
1670571545317 0.0 0
1670571545779 0.0 0
1670571546058 0.0 0
1670571546383 0.0 0
1670571546753 0.0 0
1670571547137 0.0 0
1670571547379 0.0 0
1670571547568 0.0 0
1670571547769 0.0 0
1670571547907 0.0 0
1670571548040 0.0 0
1670571548213 0.0 0
1670571548399 0.0 0
1670571548552 0.0 0
1670571548727 0.0 0
1670571548896 0.0 0
1670571549069 0.0 0
1670571549243 0.0 0
1670571549403 0.0 0
1670571549766 0.0 0
1670571550058 0.0 0
1670571550300 0.0 0
1670571550793 0.0 0
1670571551075 0.0 0
1670571551374 0.0 0
1670571551661 0.0 0
1670571551933 0.0 0
1670571552160 0.0 0
1670571552446 0.0 0
1670571552649 0.0 0
1670571552877 0.0 0
1670571553070 0.0 0
1670571553269 0.0 0
1670571553802 0.0 0
1670571553931 0.0 0
1670571554290 0.0 0
1670571554537 0.0 0
1670571554812 0.0 0
1670571555251 0.0 0
1670571555590 0.0 0
1670571555978 0.0 0
1670571556255 0.0 0
