1670562858374 0.0018 0
1670562860226 0.0017 0
1670562862023 0.0014 0
1670562864196 0.0015 0
1670562866051 0.0014 0
1670562868187 0.002 0
1670562870380 0.0015 0
1670562872817 0.0019 0
1670562875021 0.002 0
1670562877322 0.0025 0
1670562879451 0.0021 0
1670562882035 0.0016 0
1670562884200 0.002 0
1670562886553 0.0018 0
1670562888931 0.002 0
1670562890990 0.0014 0
1670562893735 0.0023 0
1670562895914 0.0019 0
1670562898806 0.0021 0
1670562901056 0.0025 0
1670562903464 0.0017 0
1670562905772 0.0025 0
1670562908073 0.0014 0
1670562909796 0.0015 0
1670562911966 0.0019 0
1670562914280 0.0013 0
1670562916363 0.002 0
1670562918895 0.0023 0
1670562920717 0.0022 0
1670562922685 0.0017 0
1670562925132 0.0007 0
1670562927541 0.0015 0
1670562929861 0.0017 0
1670562931819 0.0021 0
1670562933761 0.0015 0
1670562936094 0.0015 0
1670562938713 0.002 0
1670562941402 0.0024 0
1670562943677 0.0021 0
1670562946042 0.0023 0
1670562948841 0.0015 0
1670562950806 0.0017 0
1670562953123 0.0013 0
1670562955143 0.0024 0
1670562957557 0.0019 0
1670562960440 0.0019 0
1670562962306 0.0017 0
1670562964917 0.0015 0
1670562967360 0.0015 0
1670562969513 0.0013 0
1670562972368 0.002 0
1670562974802 0.0024 0
1670562977364 0.0018 0
1670562979278 0.0013 0
1670562981524 0.0021 0
1670562984036 0.0012 0
1670562986223 0.0016 0
1670562988799 0.0008 0
1670562991749 0.0018 0
1670562994368 0.0021 0
1670562997160 0.0012 0
1670562999736 0.0019 0
1670563002485 0.0019 0
1670563005410 0.0014 0
1670563007794 0.0016 0
1670563010727 0.002 0
1670563013640 0.0021 0
1670563016599 0.0026 0
1670563019658 0.002 0
1670563021869 0.0013 0
1670563023968 0.002 0
1670563026213 0.0017 0
1670563028425 0.0009 0
1670563031191 0.0008 0
1670563033712 0.0023 0
1670563036765 0.0017 0
1670563039175 0.0014 0
1670563041346 0.0016 0
1670563044054 0.0018 0
1670563046459 0.0019 0
1670563048879 0.0018 0
1670563051612 0.0022 0
1670563054689 0.0014 0
1670563057020 0.0016 0
1670563059889 0.0016 0
1670563062156 0.0024 0
1670563064914 0.002 0
1670563067291 0.0019 0
1670563070230 0.0018 0
1670563072995 0.0013 0
1670563076174 0.0017 0
1670563079564 0.0019 0
1670563082401 0.0019 0
1670563085123 0.0016 0
1670563088148 0.0017 0
1670563090473 0.0023 0
1670563092721 0.0009 0
1670563095072 0.0018 0
1670563097276 0.0018 0
1670563099668 0.0017 0
1670563101847 0.0022 0
1670563104499 0.0019 0
