1670600070062 0.0 0
1670600070400 0.0 0
1670600070660 0.0 0
1670600070989 0.0 0
1670600071270 0.0 0
1670600071525 0.0 0
1670600071767 0.0 0
1670600072085 0.0 0
1670600072302 0.0 0
1670600072595 0.0 0
1670600072811 0.0 0
1670600073088 0.0 0
1670600073301 0.0 0
1670600073533 0.0 0
1670600073761 0.0 0
1670600074002 0.0 0
1670600074267 0.0 0
1670600074540 0.0 0
1670600074785 0.0 0
1670600075119 0.0 0
1670600075342 0.0 0
1670600075625 0.0 0
1670600075982 0.0 0
1670600076318 0.0 0
1670600076553 0.0 0
1670600076835 0.0 0
1670600077101 0.0 0
1670600077341 0.0 0
1670600077632 0.0 0
1670600077915 0.0 0
1670600078168 0.0 0
1670600078720 0.0 0
1670600078958 0.0 0
1670600079258 0.0 0
1670600079540 0.0 0
1670600079788 0.0 0
1670600080036 0.0 0
1670600080359 0.0 0
1670600080615 0.0 0
1670600080880 0.0 0
1670600081127 0.0 0
1670600081479 0.0 0
1670600081768 0.0 0
1670600082004 0.0 0
1670600082459 0.0 0
1670600082712 0.0 0
1670600082956 0.0 0
1670600083222 0.0 0
1670600083636 0.0 0
1670600083886 0.0 0
1670600084194 0.0 0
1670600084681 0.0 0
1670600085003 0.0 0
1670600085275 0.0 0
1670600085592 0.0 0
1670600085810 0.0 0
1670600086085 0.0 0
1670600086340 0.0 0
1670600086632 0.0 0
1670600086891 0.0 0
1670600087215 0.0 0
1670600087468 0.0 0
1670600087757 0.0 0
1670600088068 0.0 0
1670600088391 0.0 0
1670600088626 0.0 0
1670600089020 0.0 0
1670600089302 0.0 0
1670600089591 0.0 0
1670600089885 0.0 0
1670600090339 0.0 0
1670600090670 0.0 0
1670600091120 0.0 0
1670600091460 0.0 0
1670600091767 0.0 0
1670600092024 0.0 0
1670600092376 0.0 0
1670600092652 0.0 0
1670600093028 0.0 0
1670600093276 0.0 0
1670600093521 0.0 0
1670600093777 0.0 0
1670600094043 0.0 0
1670600094388 0.0 0
1670600094662 0.0 0
1670600094927 0.0 0
1670600095179 0.0 0
1670600095460 0.0 0
1670600095897 0.0 0
1670600096129 0.0 0
1670600096415 0.0 0
1670600096852 0.0 0
1670600097092 0.0 0
1670600097458 0.0 0
1670600097803 0.0 0
1670600098156 0.0 0
1670600098434 0.0 0
1670600098742 0.0 0
1670600099024 0.0 0
1670600099244 0.0 0
1670600099656 0.0 0
