1670612315342 0.0 0
1670612315451 0.0 0
1670612315937 0.0 0
1670612316180 0.0 0
1670612316355 0.0 0
1670612316642 0.0 0
1670612316886 0.0 0
1670612317020 0.0 0
1670612317235 0.0 0
1670612317442 0.0 0
1670612317556 0.0 0
1670612317845 0.0 0
1670612318006 0.0 0
1670612318261 0.0 0
1670612318557 0.0 0
1670612318832 0.0 0
1670612319086 0.0 0
1670612319359 0.0 0
1670612319508 0.0 0
1670612319892 0.0 0
1670612320073 0.0 0
1670612320355 0.0 0
1670612320727 0.0 0
1670612320861 0.0 0
1670612321013 0.0 0
1670612321335 0.0 0
1670612321722 0.0 0
1670612321921 0.0 0
1670612322136 0.0 0
1670612322459 0.0 0
1670612322674 0.0 0
1670612322933 0.0 0
1670612323293 0.0 0
1670612323496 0.0 0
1670612323771 0.0 0
1670612323929 0.0 0
1670612324022 0.0 0
1670612324443 0.0 0
1670612324770 0.0 0
1670612325082 0.0 0
1670612325293 0.0 0
1670612325729 0.0 0
1670612326013 0.0 0
1670612326241 0.0 0
1670612326477 0.0 0
1670612326603 0.0 0
1670612326964 0.0 0
1670612327295 0.0 0
1670612327478 0.0 0
1670612327773 0.0 0
1670612327887 0.0 0
1670612328215 0.0 0
1670612328451 0.0 0
1670612328728 0.0 0
1670612328924 0.0 0
1670612329243 0.0 0
1670612329561 0.0 0
1670612329744 0.0 0
1670612329964 0.0 0
1670612330295 0.0 0
1670612330654 0.0 0
1670612330743 0.0 0
1670612330934 0.0 0
1670612331086 0.0 0
1670612331315 0.0 0
1670612331472 0.0 0
1670612331603 0.0 0
1670612331810 0.0 0
1670612332104 0.0 0
1670612332296 0.0 0
1670612332557 0.0 0
1670612332823 0.0 0
1670612333109 0.0 0
1670612333419 0.0 0
1670612333585 0.0 0
1670612333857 0.0 0
1670612334033 0.0 0
1670612334230 0.0 0
1670612334539 0.0 0
1670612334844 0.0 0
1670612335167 0.0 0
1670612335450 0.0 0
1670612335664 0.0 0
1670612335940 0.0 0
1670612336166 0.0 0
1670612336486 0.0 0
1670612336732 0.0 0
1670612336995 0.0 0
1670612337291 0.0 0
1670612337468 0.0 0
1670612337807 0.0 0
1670612338069 0.0 0
1670612338262 0.0 0
1670612338601 0.0 0
1670612338856 0.0 0
1670612339063 0.0 0
1670612339299 0.0 0
1670612339567 0.0 0
1670612339993 0.0 0
1670612340176 0.0 0
1670612340432 0.0 0
1670612340670 0.0 0
