1670644284370 0.0 0
1670644288435 0.0 0
1670644292465 0.0 0
1670644296507 0.0 0
1670644300526 0.0 0
1670644304571 0.0 0
1670644308610 0.0 0
1670644312643 0.0 0
1670644316705 0.0 0
1670644320751 0.0 0
1670644324757 0.0 0
1670644328817 0.0 0
1670644332853 0.0 0
1670644336899 0.0 0
1670644340934 0.0 0
1670644344954 0.0 0
1670644349030 0.0 0
1670644353066 0.0 0
1670644357153 0.0 0
1670644361174 0.0 0
1670644365203 0.0 0
1670644369250 0.0 0
1670644373284 0.0 0
1670644377349 0.0 0
1670644381391 0.0 0
1670644385401 0.0 0
1670644389459 0.0 0
1670644393525 0.0 0
1670644397566 0.0 0
1670644401607 0.0 0
