1670639100547 0.0025412409472864187 0
1670639106443 0.0008113159793096192 0
1670639112918 0.0006364892610568526 0
1670639119014 0.0005440699045266055 0
1670639125046 0.0007663994304529089 0
1670639131103 0.0008153043017846439 0
1670639136631 0.0008505254642838691 0
1670639142449 0.0008544171675114105 0
1670639147648 0.0008042597065985981 0
1670639153979 0.0007707860521874047 0
1670639160078 0.0007290619146828375 0
1670639165975 0.000693471235631696 0
1670639171516 0.0006733382781375865 0
1670639177144 0.0006546188179136933 0
1670639182816 0.0006607278723874813 0
1670639188626 0.0006426604509757949 0
1670639195415 0.0006219970354239581 0
1670639202104 0.0006032159266528093 0
1670639208809 0.0006080586106887949 0
1670639215443 0.0005946636602668687 0
1670639222023 0.0005799423533859558 0
1670639228075 0.0005685615986643501 0
1670639233596 0.0005559350282725892 0
1670639239328 0.0005599216438663536 0
1670639245031 0.0005499460627443786 0
1670639250804 0.0005523544753292293 0
1670639256664 0.0005426654553541765 0
1670639262349 0.0005445749795184923 0
1670639267963 0.0005228203673636671 0
1670639274133 0.0005238115068873546 0
1670639280043 0.0005162375477293906 0
1670639286472 0.0005166836427941827 0
1670639292608 0.000510940009068138 0
1670639298126 0.0005041151656800396 0
1670639304553 0.0005045353591601981 0
1670639310281 0.0004980494897019516 0
1670639315710 0.000498148426797415 0
1670639321465 0.0004938352794062102 0
1670639327255 0.0004879286939835762 0
1670639332743 0.0004880692377991824 0
1670639338119 0.000493511616587283 0
1670639343771 0.0004936187115487275 0
1670639348849 0.0004882059592504098 0
1670639354459 0.0005082300601959426 0
1670639359775 0.0005042156373103874 0
1670639365077 0.0004991637279143016 0
1670639369707 0.0004994277278760749 0
1670639374905 0.000494569520516367 0
1670639380153 0.0004946570135386063 0
1670639385090 0.0004914319113321286 0
1670639390265 0.00048690798068614196 0
1670639395539 0.0004838648804529204 0
1670639400446 0.0004808588753043117 0
1670639405450 0.0004767200160849204 0
1670639410763 0.0004726857185811484 0
1670639416101 0.00046875167622157954 0
1670639421220 0.00046614031877754915 0
1670639426155 0.0004667815164216808 0
1670639431139 0.0004709354760276693 0
1670639436409 0.00047152071524289113 0
1670639441867 0.00046905698729125426 0
1670639447110 0.0004695939872929867 0
1670639452009 0.0004734423107598754 0
1670639456991 0.00047393455395796134 0
1670639462408 0.000470517324252009 0
1670639467405 0.0004671726806793618 0
1670639472588 0.0004638981002646991 0
1670639477906 0.00046069118054305983 0
1670639483185 0.0004586790904150467 0
1670639488196 0.0004592086041518101 0
1670639493449 0.00045962005423198706 0
1670639498354 0.000463482523561161 0
1670639503195 0.00046155606983389334 0
1670639508497 0.0004586297110642703 0
1670639513410 0.0004591021455299363 0
1670639518065 0.000456246148628573 0
1670639523563 0.00045663408530348593 0
1670639528510 0.00045692920951973437 0
1670639533286 0.00045534903079611953 0
1670639538711 0.00045562541527738147 0
1670639543663 0.0004529287063633901 0
1670639548851 0.000494656030540361 0
1670639554022 0.0004946355643866642 0
1670639558779 0.000494547580116626 0
1670639563964 0.0004943967431856872 0
1670639569603 0.0004941873766437004 0
1670639574819 0.0004914466583501798 0
1670639579740 0.0005021417668375015 0
1670639584467 0.0004994384107078722 0
1670639589581 0.0005019062560549869 0
1670639594667 0.0004992767503832954 0
1670639599713 0.0004975100647148672 0
1670639604422 0.0004949654722992267 0
1670639609030 0.000493253977261282 0
1670639613800 0.0004915537530544588 0
1670639618811 0.0004891309735125244 0
1670639624044 0.0004891862684627264 0
1670639629243 0.0004875843750904938 0
1670639634481 0.00048763336739908025 0
1670639639673 0.0004899439209223702 0
1670639644446 0.0004899872284081392 0
1670639649501 0.0004877012692778176 0
1670639654659 0.0004877096917964577 0
1670639659783 0.000496622443508074 0
1670639664856 0.0004943776164408691 0
1670639670095 0.0004943667824503608 0
1670639675221 0.000496428154673795 0
1670639679760 0.000496414740797372 0
1670639685194 0.0004942455704241314 0
1670639690087 0.0004942034901397783 0
1670639694967 0.0004920740301131537 0
1670639699936 0.0004920060653288844 0
1670639704875 0.0004899155838996866 0
1670639709695 0.00048785148343749986 0
1670639714951 0.0004858132146276545 0
1670639720394 0.0004845421271259234 0
1670639725450 0.0004825558646690322 0
1670639730482 0.00048059378937780517 0
1670639735441 0.0004886826066270602 0
1670639740243 0.0004886766558785189 0
1670639745235 0.00048674347573371207 0
1670639750419 0.0004867147318270323 0
1670639755549 0.00048665524902524607 0
1670639760410 0.00048656649689681614 0
1670639765588 0.00048468583018599634 0
1670639771063 0.00048282678017329847 0
1670639775905 0.0004817195750895938 0
1670639781170 0.00048165133542888 0
1670639786478 0.0004805738569285669 0
1670639791643 0.00048050596148557567 0
1670639796875 0.0004804125169073484 0
1670639802320 0.00047938952114758715 0
1670639807773 0.0004792973109901816 0
1670639813311 0.00047756001031943473 0
1670639818180 0.00047745366548109105 0
1670639823811 0.00047574438518155457 0
1670639828615 0.00047405332115711403 0
1670639833410 0.00047394329966234274 0
1670639838225 0.000472279199910929 0
1670639843063 0.00047215730956089706 0
1670639847794 0.0004743585778917385 0
1670639852836 0.00047646585940224763 0
1670639857953 0.00047484546908867605 0
1670639863101 0.0004747525095886054 0
1670639867813 0.00047463978512414274 0
1670639873386 0.00047305226188783586 0
1670639878857 0.0004729290164519911 0
1670639884141 0.0004727877185251645 0
1670639890031 0.0004712326625421463 0
1670639895903 0.0004704526701148436 0
1670639901652 0.0004703223543432271 0
1670639907075 0.0004688051262245736 0
1670639912242 0.00046730248328383944 0
1670639917461 0.00046717151566940285 0
1670639922772 0.00046569105210057837 0
1670639927937 0.0004642245715250895 0
1670639933266 0.0004640933896717464 0
1670639938183 0.00046626014112500613 0
1670639943185 0.00046612928707184245 0
1670639948113 0.0004659836405012602 0
1670639952893 0.0004653207265120511 0
1670639957859 0.0004646555307245439 0
1670639963066 0.0004645296936500681 0
1670639968270 0.000466608600034963 0
1670639973275 0.0004659328769186356 0
1670639978439 0.00046455635054077737 0
1670639983605 0.0004644537590459336 0
1670639988628 0.0004643372939007892 0
1670639993469 0.00046298602640224793 0
1670639997861 0.0004616464853343149 0
1670640002539 0.0004603185021006651 0
1670640007500 0.0004602083435043512 0
1670640012440 0.0004596219329491888 0
1670640017160 0.00045832207192749173 0
1670640021395 0.00045822012869619304 0
1670640025133 0.0004581058248396673 0
1670640029602 0.0004601505548777274 0
1670640034655 0.00045957730280297743 0
1670640039741 0.000458314211893877 0
1670640044479 0.00045706147640769073 0
1670640047894 0.00045581895564326404 0
1670640051820 0.000454586511560873 0
1670640055877 0.00045336400871785846 0
1670640060035 0.0004532917724673303 0
1670640063417 0.00045277655356012537 0
1670640067597 0.00045270547933408265 0
1670640071794 0.0004546787227043833 0
1670640076332 0.0004546067309692957 0
1670640081379 0.0004545236407142096 0
1670640086266 0.0004564551548390133 0
1670640091135 0.0004552787229086015 0
1670640096025 0.0004547649196330344 0
1670640101165 0.0004546981688820925 0
1670640105733 0.0004535440046613142 0
1670640110219 0.0004530479628780717 0
1670640114737 0.00045191060122358684 0
1670640118813 0.0004507817610113465 0
1670640123396 0.0004507300721869915 0
1670640128101 0.0004502588025370881 0
1670640132893 0.0004497852291900838 0
1670640137843 0.00044974508092456673 0
1670640142772 0.000448648824504309 0
1670640147548 0.00044819121041458454 0
1670640152012 0.00044815580385503234 0
1670640156470 0.0004470790701199634 0
1670640161046 0.00044703802916408355 0
1670640165668 0.0004459732040207993 0
1670640169887 0.0004449159508260706 0
1670640174102 0.00044449765008595585 0
1670640178803 0.00044446529576670096 0
1670640183510 0.0004444236566075651 0
1670640187988 0.0004433887115404375 0
1670640192608 0.00044299385178147004 0
1670640197692 0.000441972554829745 0
1670640202871 0.00044095828817664593 0
1670640208018 0.00044057356496160743 0
1670640213019 0.00043957250638652294 0
1670640218069 0.00043857823967275263 0
1670640223113 0.0004441473261667047 0
1670640228096 0.00044315397855066514 0
1670640233104 0.0004427486074326764 0
1670640238101 0.0004427461677577753 0
1670640243148 0.0004423474271335307 0
1670640248173 0.00044234480430340345 0
1670640253195 0.00044405433942034127 0
1670640258169 0.00044571891283791534 0
1670640263136 0.00045086436304869976 0
1670640268125 0.0004508657365475613 0
1670640273162 0.0004508585632224351 0
1670640278215 0.00045584835032906113 0
1670640283245 0.0004548824632621105 0
1670640288353 0.0004544212434512806 0
1670640293114 0.0004558867974552062 0
1670640297630 0.0004554124704480483 0
1670640302464 0.0004554223668560969 0
1670640307326 0.0004544799418202243 0
1670640312139 0.0004544843921827833 0
1670640316735 0.0004544808118181706 0
1670640321429 0.00045446940042866195 0
1670640326365 0.00045445035236219066 0
1670640330913 0.00045352513683844545 0
1670640335337 0.0004530997274743944 0
1670640339752 0.0004530835802329336 0
1670640344754 0.0004521721860126683 0
1670640349900 0.0004521516033170571 0
1670640355065 0.00045174497800824916 0
1670640359896 0.0004517244898426517 0
1670640365106 0.00045169704242999765 0
1670640369967 0.00045080466906359133 0
1670640374814 0.00044991756256325275 0
1670640379858 0.00044953383854965886 0
1670640384833 0.00044865682467221026 0
1670640389839 0.00044863778876518614 0
1670640394785 0.0004532447034049184 0
1670640399745 0.00045463624858617494 0
1670640404613 0.0004537653399889535 0
1670640409649 0.0004533604596772195 0
1670640414591 0.0004529546901991118 0
1670640419524 0.0004520983144091636 0
1670640424459 0.0004534408893880861 0
1670640429269 0.00045344379991245863 0
