1670631096234 0.0 0
1670631102038 0.0001 0
1670631107853 0.0 0
1670631113639 0.0002 0
1670631119234 0.0 0
1670631125204 0.0001 0
1670631130856 0.0002 0
1670631136405 0.0 0
1670631141715 0.0002 0
1670631146955 0.0 0
1670631152270 0.0001 0
1670631157444 0.0001 0
1670631162299 0.0001 0
1670631167174 0.0 0
1670631172612 0.0001 0
1670631177416 0.0002 0
1670631182519 0.0001 0
1670631188138 0.0 0
1670631193539 0.0 0
1670631198943 0.0 0
1670631203741 0.0002 0
1670631208952 0.0001 0
1670631214372 0.0001 0
1670631219615 0.0001 0
1670631225072 0.0001 0
1670631230341 0.0 0
1670631235597 0.0002 0
1670631240905 0.0 0
1670631245900 0.0 0
1670631251203 0.0001 0
1670631256168 0.0001 0
1670631260879 0.0001 0
1670631265711 0.0 0
1670631269845 0.0 0
1670631274670 0.0002 0
1670631279554 0.0 0
1670631284721 0.0001 0
1670631289916 0.0 0
1670631294652 0.0 0
1670631299460 0.0001 0
1670631304595 0.0004 0
1670631309533 0.0002 0
1670631314578 0.0001 0
1670631319546 0.0 0
1670631324475 0.0 0
1670631329454 0.0 0
1670631333941 0.0002 0
1670631337996 0.0 0
1670631342170 0.0002 0
1670631346589 0.0 0
1670631351018 0.0 0
1670631355485 0.0 0
1670631359664 0.0 0
1670631363679 0.0 0
1670631367642 0.0001 0
1670631371742 0.0001 0
1670631376140 0.0 0
1670631380357 0.0001 0
1670631384558 0.0 0
1670631388864 0.0002 0
1670631393260 0.0004 0
1670631397606 0.0002 0
1670631401909 0.0 0
1670631406319 0.0001 0
1670631410688 0.0003 0
1670631415146 0.0001 0
1670631419445 0.0003 0
1670631423746 0.0003 0
1670631427964 0.0003 0
1670631432358 0.0002 0
1670631436692 0.0 0
1670631441105 0.0002 0
1670631445472 0.0001 0
1670631449505 0.0002 0
1670631453479 0.0001 0
1670631457557 0.0001 0
1670631461760 0.0001 0
1670631465978 0.0 0
1670631470343 0.0002 0
1670631474668 0.0001 0
1670631479169 0.0001 0
1670631484025 0.0 0
1670631489050 0.0 0
1670631494266 0.0001 0
1670631499231 0.0 0
1670631504288 0.0001 0
1670631508952 0.0001 0
1670631513421 0.0001 0
1670631517987 0.0 0
1670631522458 0.0 0
1670631526857 0.0002 0
1670631531981 0.0001 0
1670631537267 0.0002 0
1670631542084 0.0 0
1670631547106 0.0001 0
1670631551979 0.0001 0
1670631556725 0.0005 0
1670631561724 0.0001 0
1670631566925 0.0001 0
1670631572021 0.0002 0
1670631577211 0.0001 0
1670631582248 0.0001 0
