1670638468891 0.017333333333333333 0
1670638472570 0.0135 0
1670638475674 0.0175 0
1670638478909 0.018333333333333333 0
1670638482029 0.017333333333333333 0
1670638485500 0.014833333333333334 0
1670638488947 0.015166666666666667 0
1670638491909 0.015166666666666667 0
1670638495075 0.0155 0
1670638498426 0.013666666666666667 0
1670638501676 0.015333333333333332 0
1670638505179 0.015 0
1670638508389 0.015833333333333335 0
1670638511758 0.015666666666666666 0
1670638514940 0.0175 0
1670638518097 0.017166666666666667 0
1670638521550 0.018166666666666668 0
1670638524589 0.012833333333333334 0
1670638528103 0.016833333333333332 0
1670638531511 0.014166666666666666 0
1670638535016 0.0165 0
1670638538365 0.017666666666666667 0
1670638541675 0.015833333333333335 0
1670638545127 0.015166666666666667 0
1670638548729 0.015666666666666666 0
1670638552144 0.014333333333333333 0
1670638555448 0.017 0
1670638558870 0.015 0
1670638561805 0.015666666666666666 0
1670638565190 0.015666666666666666 0
1670638568614 0.015833333333333335 0
1670638572021 0.0165 0
1670638575364 0.017333333333333333 0
1670638578664 0.0145 0
1670638581946 0.019 0
1670638585172 0.0165 0
1670638588688 0.017166666666666667 0
1670638592045 0.016833333333333332 0
1670638595272 0.015833333333333335 0
1670638598216 0.0175 0
1670638601778 0.014166666666666666 0
1670638605045 0.0155 0
1670638608232 0.0185 0
1670638611223 0.017666666666666667 0
1670638614383 0.015333333333333332 0
1670638617669 0.015166666666666667 0
1670638620810 0.015333333333333332 0
1670638623893 0.014166666666666666 0
1670638626848 0.0175 0
1670638630142 0.015333333333333332 0
1670638632958 0.016833333333333332 0
1670638636007 0.016 0
1670638639354 0.015333333333333332 0
1670638642562 0.012333333333333333 0
1670638645917 0.017 0
1670638648945 0.017666666666666667 0
1670638651918 0.016 0
1670638655088 0.018 0
1670638658363 0.016666666666666666 0
1670638661297 0.0145 0
1670638664269 0.015666666666666666 0
1670638667460 0.014333333333333333 0
1670638670454 0.014666666666666666 0
1670638673507 0.017166666666666667 0
1670638676589 0.0195 0
1670638679414 0.014833333333333334 0
1670638682081 0.018166666666666668 0
1670638684867 0.0185 0
1670638688374 0.016 0
1670638691617 0.016166666666666666 0
1670638694898 0.016833333333333332 0
1670638697971 0.018166666666666668 0
1670638701296 0.015833333333333335 0
1670638704390 0.0165 0
1670638708002 0.015666666666666666 0
1670638711304 0.0165 0
1670638714500 0.017 0
1670638717788 0.0165 0
1670638721098 0.014 0
1670638724248 0.0165 0
1670638727424 0.014166666666666666 0
1670638730405 0.017333333333333333 0
1670638733393 0.015333333333333332 0
1670638736506 0.0185 0
1670638739369 0.02 0
1670638742663 0.01633333333333333 0
1670638746053 0.016 0
1670638749115 0.010833333333333334 0
1670638751969 0.019333333333333334 0
1670638755235 0.014 0
1670638758577 0.017333333333333333 0
1670638761704 0.018166666666666668 0
1670638764990 0.0145 0
1670638768247 0.015166666666666667 0
1670638771375 0.017333333333333333 0
1670638774695 0.017833333333333333 0
1670638777968 0.013666666666666667 0
1670638781432 0.015833333333333335 0
1670638785020 0.0145 0
1670638788403 0.014833333333333334 0
1670638791723 0.015666666666666666 0
1670638795270 0.014166666666666666 0
