1670601842461 0.0 0
1670601843255 0.0 0
1670601844231 0.0 0
1670601844967 0.0 0
1670601845814 0.0 0
1670601846463 0.0 0
1670601847361 0.0 0
1670601848346 0.0 0
1670601849310 0.0 0
1670601850201 0.0 0
1670601850884 0.0 0
1670601851590 0.0 0
1670601852303 0.0 0
1670601853006 0.0 0
1670601853755 0.0 0
1670601854478 0.0 0
1670601855408 0.0 0
1670601856246 0.0 0
1670601857117 0.0 0
1670601857780 0.0 0
1670601858586 0.0 0
1670601859427 0.0 0
1670601860122 0.0 0
1670601861033 0.0 0
1670601861668 0.0 0
1670601862329 0.0 0
1670601863093 0.0 0
1670601863762 0.0 0
1670601864549 0.0 0
1670601865272 0.0 0
1670601866104 0.0 0
1670601866941 0.0 0
1670601867707 0.0 0
1670601868850 0.0 0
1670601869647 0.0 0
1670601870488 0.0 0
1670601871464 0.0 0
1670601872269 0.0 0
1670601873299 0.0 0
1670601874208 0.0 0
1670601875146 0.0 0
1670601876011 0.0 0
1670601876753 0.0 0
1670601877623 0.0 0
1670601878371 0.0 0
1670601879252 0.0 0
1670601880126 0.0 0
1670601880897 0.0 0
1670601881788 0.0 0
1670601882802 0.0 0
1670601883809 0.0 0
1670601884865 0.0 0
1670601885885 0.0 0
1670601886616 0.0 0
1670601887457 0.0 0
1670601888279 0.0 0
1670601889099 0.00017008509864794216 0
1670601890030 0.00016866261019120914 0
1670601891061 0.00016727521139806056 0
1670601891835 0.00016592148352546362 0
1670601892689 0.00016460008682841584 0
1670601893456 0.00016330975499521635 0
1670601894269 0.00016204929005425708 0
1670601895046 0.00016081755770585058 0
1670601895847 0.0001596134830378197 0
1670601896738 0.00015843604658812656 0
1670601897727 0.00015728428072181474 0
1670601898513 0.00015615726629304545 0
1670601899339 0.0001550541295660991 0
1670601900181 0.0001539740393719356 0
1670601900929 0.00015291620447931487 0
1670601901873 0.00015187987116160854 0
1670601902726 0.00015086432094232159 0
1670601903492 0.00014986886850402176 0
1670601904296 0.0001488928597468647 0
1670601905265 0.00014793566998423218 0
1670601906017 0.00014699670226418922 0
1670601906913 0.00014607538580652192 0
1670601907782 0.00014517117454607107 0
1670601908619 0.0001442835457739229 0
1670601909364 0.00014341199886878442 0
1670601910105 0.00014255605411155503 0
1670601910871 0.0001417152515767235 0
1670601911702 0.00014088915009477732 0
1670601912455 0.00014007732628030958 0
1670601913153 0.00013927937362096627 0
1670601914199 0.00013849490162278326 0
1670601915043 0.00013772353500783512 0
1670601915757 0.00013696491296045444 0
1670601916590 0.00013621868841858496 0
1670601917329 0.0001354845274071097 0
1670601918239 0.000134762108410248 0
1670601918989 0.00013405112178034383 0
1670601919953 0.00013335126918057923 0
1670601920689 0.00013266226305933503 0
1670601921476 0.00013198382615409784 0
1670601922241 0.00013131569102297066 0
1670601922995 0.00013065759960198986 0
1670601923696 0.00013000930278658584 0
1670601924732 0.0001293705600356471 0
1670601925631 0.00012874113899675853 0
