1670574436527 0.0 0
1670574437243 0.0 0
1670574437758 0.0 0
1670574438395 0.0 0
1670574439030 0.0 0
1670574439529 0.0 0
1670574440123 0.0 0
1670574440810 0.0 0
1670574441559 0.0 0
1670574442055 0.0003333333333333333 0
1670574442633 0.0 0
1670574443076 0.0003333333333333333 0
1670574443694 0.0 0
1670574444396 0.0 0
1670574444891 0.0 0
1670574445509 0.0 0
1670574445989 0.0 0
1670574446478 0.0 0
1670574447092 0.0 0
1670574447683 0.0 0
1670574448269 0.0 0
1670574449050 0.0 0
1670574449545 0.0 0
1670574450272 0.0 0
1670574450892 0.0 0
1670574451776 0.0 0
1670574452452 0.0 0
1670574453078 0.0 0
1670574453578 0.0 0
1670574454406 0.0 0
1670574454888 0.0 0
1670574455648 0.0 0
1670574456467 0.0 0
1670574456876 0.0 0
1670574457569 0.0 0
1670574458227 0.0 0
1670574458883 0.0 0
1670574459737 0.0 0
1670574460487 0.0 0
1670574460988 0.0 0
1670574461974 0.0 0
1670574462677 0.0 0
1670574463650 0.0 0
1670574464585 0.0 0
1670574465420 0.0 0
1670574466076 0.0 0
1670574466794 0.0 0
1670574467573 0.0 0
1670574468442 0.0 0
1670574469195 0.0 0
1670574469981 0.0 0
1670574470771 0.0 0
1670574471438 0.0 0
1670574472479 0.0 0
1670574473211 0.0 0
1670574473895 0.0 0
1670574474791 0.0 0
1670574475804 0.0 0
1670574476514 0.0 0
1670574477177 0.0003333333333333333 0
1670574478145 0.0 0
1670574479030 0.0 0
1670574479779 0.0 0
1670574480672 0.0 0
1670574481433 0.0 0
1670574482611 0.0 0
1670574483518 0.0 0
1670574484474 0.0 0
1670574485357 0.0 0
1670574485693 0.0 0
1670574486336 0.0 0
1670574487390 0.0 0
1670574488086 0.0 0
1670574488606 0.0 0
1670574489376 0.0 0
1670574490324 0.0 0
1670574491134 0.0 0
1670574491482 0.0 0
1670574492112 0.0 0
1670574492791 0.0 0
1670574493316 0.0 0
1670574494213 0.0 0
1670574494610 0.0 0
1670574495127 0.0 0
1670574496118 0.0 0
1670574496902 0.0 0
1670574497385 0.0 0
1670574497951 0.0 0
1670574498740 0.0 0
1670574499706 0.0 0
1670574500554 0.0 0
1670574501429 0.0 0
1670574502127 0.0 0
1670574502857 0.0 0
1670574503947 0.0 0
1670574504675 0.0 0
1670574505352 0.0 0
1670574506023 0.0 0
1670574506372 0.0 0
1670574507232 0.0 0
1670574507791 0.0 0
1670574508660 0.0 0
1670574509455 0.0 0
1670574510215 0.0 0
1670574510800 0.0 0
1670574511479 0.0 0
1670574512567 0.0 0
1670574513280 0.0 0
1670574513973 0.0 0
1670574515086 0.0 0
1670574515631 0.0 0
1670574516401 0.0003333333333333333 0
1670574517129 0.0 0
1670574517854 0.0 0
1670574518421 0.0 0
1670574519111 0.0 0
1670574519841 0.0 0
1670574520385 0.0 0
1670574521056 0.0 0
1670574521547 0.0 0
1670574522235 0.0 0
1670574523061 0.0 0
1670574523848 0.0 0
1670574524772 0.0 0
1670574525595 0.0 0
1670574526587 0.0 0
1670574527531 0.0 0
1670574528117 0.0 0
1670574529099 0.0 0
1670574529778 0.0 0
1670574530635 0.0 0
1670574531157 0.0 0
1670574532120 0.0 0
1670574532868 0.0 0
1670574533530 0.0 0
1670574534176 0.0 0
1670574534892 0.0 0
1670574535508 0.0 0
1670574536095 0.0 0
1670574536925 0.0 0
1670574537655 0.0 0
1670574538527 0.0 0
1670574539310 0.0 0
1670574539900 0.0 0
1670574540694 0.0 0
1670574541340 0.0003333333333333333 0
1670574541973 0.0 0
1670574542620 0.0 0
1670574543002 0.0 0
1670574543392 0.0 0
1670574543859 0.0 0
1670574544804 0.0 0
1670574545517 0.0 0
1670574546399 0.0 0
1670574547078 0.0 0
1670574547780 0.0 0
1670574548489 0.0 0
1670574549153 0.0 0
1670574549956 0.0 0
1670574550530 0.0 0
1670574551075 0.0 0
1670574551543 0.0 0
1670574552204 0.0 0
1670574553081 0.0 0
1670574553686 0.0 0
1670574554133 0.0 0
1670574554849 0.0 0
1670574555544 0.0 0
1670574555916 0.0 0
1670574556336 0.0 0
1670574557074 0.0 0
1670574557827 0.0 0
1670574558550 0.0 0
1670574559101 0.0 0
1670574559625 0.0 0
1670574560399 0.0 0
1670574561052 0.0 0
1670574561544 0.0 0
1670574562200 0.0 0
1670574562938 0.0 0
1670574563603 0.0 0
1670574564300 0.0 0
1670574565161 0.0003333333333333333 0
1670574565617 0.0 0
1670574566176 0.0 0
1670574566919 0.0 0
1670574567510 0.0 0
1670574568057 0.0 0
1670574568701 0.0 0
