1670619400221 0.04719447473531922 0
1670619405007 0.03072503716304248 0
1670619409845 0.01969677759838652 0
1670619414663 0.017995868708098214 0
1670619419011 0.01571223736762631 0
1670619422841 0.01402082331068115 0
1670619426608 0.01306998230028128 0
1670619430275 0.012612777642544773 0
1670619434125 0.011854662065044045 0
1670619437924 0.011160781636770471 0
1670619441690 0.010762569365062133 0
1670619445884 0.010342488375644037 0
1670619450396 0.011058910404733113 0
1670619454922 0.010616771478163988 0
1670619459435 0.010215764377057967 0
1670619463856 0.009936756123686722 0
1670619467901 0.00998858048149966 0
1670619471849 0.009681534828536443 0
1670619475787 0.009776040696838156 0
1670619479778 0.009620597527900614 0
1670619483953 0.00960409712570907 0
1670619488103 0.00937517710971758 0
1670619492206 0.010098220528534239 0
1670619496367 0.01003433019676335 0
1670619500108 0.009944954532446516 0
1670619503944 0.0100038601395546 0
1670619508062 0.009837025513174329 0
1670619512042 0.009959368997269836 0
1670619516110 0.00937006685372601 0
1670619520254 0.009279049381144398 0
1670619524181 0.009271973050220813 0
1670619528035 0.009132619763852951 0
1670619532133 0.00899731467010394 0
1670619536163 0.008892066019941344 0
1670619540317 0.008786070204300729 0
1670619544308 0.008802945999394386 0
1670619548343 0.009053209621277668 0
1670619552559 0.008936425850611641 0
1670619557152 0.008838163000695357 0
1670619561795 0.00909586448282777 0
1670619566473 0.009056740088579734 0
1670619571158 0.009127341641677063 0
1670619575818 0.009027293239347468 0
1670619580514 0.00926909481568709 0
1670619585130 0.00919451283216808 0
1670619589861 0.009096867771354513 0
1670619594562 0.009147741046824923 0
1670619598668 0.009236223249424344 0
1670619602635 0.009173096384585484 0
1670619606658 0.009400607776899154 0
1670619610699 0.009602759362151454 0
1670619614802 0.009555717626230184 0
1670619618827 0.00958896271513875 0
1670619622971 0.009645052197657763 0
1670619627057 0.00957360076386259 0
1670619631229 0.00951829907412734 0
1670619635545 0.009623332627685131 0
1670619639437 0.009544817065891269 0
1670619643324 0.009713534975974516 0
1670619647367 0.009640015171625937 0
1670619651317 0.009578055647693581 0
1670619655244 0.009910709761036779 0
1670619659211 0.009906792693910597 0
1670619663089 0.009870357660867583 0
1670619666890 0.009817709600854 0
1670619670974 0.009744732709949348 0
1670619675055 0.009703947871336271 0
1670619679067 0.009670484038142801 0
1670619683245 0.010310035375009827 0
1670619687439 0.010257281612045616 0
1670619691762 0.010250837178396106 0
1670619695859 0.01018184813129772 0
1670619699409 0.010116788732400947 0
1670619703467 0.01029296766760469 0
1670619707466 0.010248167595710803 0
1670619711261 0.01021655237681925 0
1670619715191 0.010167318150182961 0
1670619719048 0.010130359199953136 0
1670619723032 0.01007327701364627 0
1670619727090 0.010010918966918664 0
1670619731848 0.00996759421696869 0
1670619736421 0.009924006230988474 0
1670619740826 0.009882373181142337 0
1670619745270 0.009832137527654737 0
1670619749331 0.009778568498058866 0
1670619753620 0.010048264386474 0
1670619757597 0.010083475948566636 0
1670619761537 0.01002988913623867 0
1670619765528 0.010025327769115536 0
1670619769396 0.009981207084574367 0
1670619773379 0.009970311029710778 0
1670619777651 0.009927733360404471 0
1670619782106 0.0098881194480973 0
1670619786569 0.009890540272053869 0
1670619790991 0.009918308018915776 0
1670619795450 0.010050592856438906 0
1670619800144 0.009999517473169815 0
1670619804646 0.009986377030017007 0
1670619809337 0.00998287327725031 0
1670619812560 0.009934826689188977 0
1670619816594 0.009920225268379657 0
1670619820225 0.009940510121288233 0
1670619824079 0.009892760621823149 0
1670619828023 0.009946499622359939 0
