1670598743868 0.0 0
1670598744319 0.0 0
1670598744713 0.0 0
1670598745010 0.0 0
1670598745364 0.0 0
1670598745651 0.0 0
1670598745981 0.0 0
1670598746255 0.0 0
1670598746528 0.0 0
1670598746829 0.0 0
1670598747407 0.0 0
1670598747700 0.0 0
1670598747972 0.0 0
1670598748276 0.0 0
1670598748584 0.0 0
1670598748870 0.0 0
1670598749156 0.0 0
1670598749526 0.0 0
1670598749781 0.0 0
1670598750369 0.0 0
1670598750655 0.0 0
1670598751230 0.0 0
1670598751536 0.0 0
1670598751921 0.0 0
1670598752246 0.0 0
1670598752535 0.0 0
1670598752848 0.0 0
1670598753102 0.0 0
1670598753629 0.0 0
1670598753990 0.0 0
1670598754466 0.0 0
1670598754761 0.0 0
1670598755047 0.0 0
1670598755366 0.0 0
1670598755677 0.0 0
1670598755998 0.0 0
1670598756304 0.0 0
1670598756702 0.0 0
1670598757125 0.0 0
1670598757416 0.0 0
1670598757693 0.0 0
1670598758016 0.0 0
1670598758540 0.0 0
1670598758890 0.0 0
1670598759365 0.0 0
1670598759679 0.0 0
1670598760144 0.0 0
1670598760455 0.0 0
1670598760909 0.0 0
1670598761263 0.0 0
1670598761758 0.0 0
1670598762057 0.0 0
1670598762352 0.0 0
1670598762624 0.0 0
1670598762922 0.0 0
1670598763262 0.0 0
1670598763590 0.0 0
1670598763864 0.0 0
1670598764175 0.0 0
1670598764722 0.0 0
1670598765048 0.0 0
1670598765384 0.0 0
1670598765685 0.0 0
1670598766139 0.0 0
1670598766448 0.0 0
1670598766740 0.0 0
1670598767205 0.0 0
1670598767598 0.0 0
1670598767894 0.0 0
1670598768195 0.0 0
1670598768675 0.0 0
1670598769004 0.0 0
1670598769359 0.0 0
1670598769677 0.0 0
1670598769963 0.0 0
1670598770279 0.0 0
1670598770767 0.0 0
1670598771147 0.0 0
1670598771457 0.0 0
1670598771750 0.0 0
1670598772260 0.0 0
1670598772567 0.0 0
1670598772999 0.0 0
1670598773299 0.0 0
1670598773588 0.0 0
1670598773898 0.0 0
1670598774318 0.0 0
1670598774703 0.0 0
1670598775003 0.0 0
1670598775460 0.0 0
1670598775804 0.0 0
1670598776156 0.0 0
1670598776456 0.0 0
1670598776737 0.0 0
1670598777223 0.0 0
1670598777652 0.0 0
1670598777953 0.0 0
1670598778280 0.0 0
1670598778638 0.0 0
1670598778935 0.0 0
1670598779435 0.0 0
