1670592667116 0.3486666666666667 0
1670592667835 0.3476666666666667 0
1670592668564 0.3506666666666667 0
1670592669485 0.344 0
1670592670208 0.347 0
1670592670958 0.3506666666666667 0
1670592671894 0.346 0
1670592672595 0.344 0
1670592673346 0.349 0
1670592674165 0.3496666666666667 0
1670592674920 0.344 0
1670592675638 0.3446666666666667 0
1670592676401 0.3453333333333333 0
1670592677149 0.347 0
1670592677959 0.345 0
1670592679112 0.3476666666666667 0
1670592680210 0.34933333333333333 0
1670592681183 0.34833333333333333 0
1670592681931 0.34933333333333333 0
1670592682694 0.3486666666666667 0
1670592683380 0.3506666666666667 0
1670592684143 0.3466666666666667 0
1670592684854 0.348 0
1670592685727 0.3453333333333333 0
1670592686410 0.3486666666666667 0
1670592687176 0.35033333333333333 0
1670592688093 0.3443333333333333 0
1670592688790 0.348 0
1670592689664 0.3476666666666667 0
1670592690484 0.35 0
1670592691244 0.35133333333333333 0
1670592691969 0.3466666666666667 0
1670592692902 0.3446666666666667 0
1670592693589 0.344 0
1670592694634 0.347 0
1670592695413 0.3453333333333333 0
1670592696417 0.345 0
1670592697286 0.3453333333333333 0
1670592698343 0.3446666666666667 0
1670592699239 0.34833333333333333 0
1670592700359 0.3446666666666667 0
1670592701326 0.35033333333333333 0
1670592702243 0.3456666666666667 0
1670592703249 0.34933333333333333 0
1670592704022 0.3463333333333333 0
1670592704831 0.3463333333333333 0
1670592705885 0.3506666666666667 0
1670592706592 0.348 0
1670592707341 0.348 0
1670592708072 0.347 0
1670592708817 0.3496666666666667 0
1670592709529 0.3433333333333333 0
1670592710253 0.3496666666666667 0
1670592710978 0.3446666666666667 0
1670592711710 0.353 0
1670592712708 0.3496666666666667 0
1670592713668 0.347 0
1670592714422 0.3506666666666667 0
1670592715229 0.3466666666666667 0
1670592716232 0.3476666666666667 0
1670592716951 0.349 0
1670592717700 0.347 0
1670592718614 0.3473333333333333 0
1670592719533 0.35133333333333333 0
1670592720226 0.35 0
1670592720977 0.345 0
1670592721712 0.35 0
1670592722680 0.3486666666666667 0
1670592723388 0.347 0
1670592724330 0.3476666666666667 0
1670592725293 0.3536666666666667 0
1670592726050 0.3506666666666667 0
1670592727166 0.349 0
1670592728076 0.349 0
1670592728983 0.3446666666666667 0
1670592729702 0.3506666666666667 0
1670592730574 0.3466666666666667 0
1670592731475 0.3463333333333333 0
1670592732376 0.3443333333333333 0
1670592733264 0.346 0
1670592734074 0.3496666666666667 0
1670592734796 0.348 0
1670592735500 0.34933333333333333 0
1670592736240 0.3473333333333333 0
1670592737119 0.3486666666666667 0
1670592737954 0.3486666666666667 0
1670592738731 0.3476666666666667 0
1670592739460 0.3473333333333333 0
1670592740193 0.34833333333333333 0
1670592741071 0.3486666666666667 0
1670592741771 0.348 0
1670592742711 0.3473333333333333 0
1670592743457 0.3496666666666667 0
1670592744380 0.3466666666666667 0
1670592745302 0.3463333333333333 0
1670592746172 0.348 0
1670592746987 0.3476666666666667 0
1670592747858 0.3496666666666667 0
1670592748646 0.34833333333333333 0
1670592749470 0.3463333333333333 0
1670592750400 0.35 0
1670592751334 0.34833333333333333 0
1670592752272 0.34933333333333333 0
1670592753199 0.34933333333333333 0
1670592753934 0.34833333333333333 0
1670592754809 0.3476666666666667 0
1670592755609 0.3506666666666667 0
1670592756521 0.3496666666666667 0
1670592757266 0.35033333333333333 0
1670592758178 0.3516666666666667 0
1670592758931 0.3546666666666667 0
1670592759798 0.3516666666666667 0
1670592760645 0.349 0
1670592761452 0.34933333333333333 0
1670592762319 0.348 0
1670592763129 0.348 0
1670592763905 0.3476666666666667 0
1670592764612 0.347 0
1670592765425 0.3463333333333333 0
1670592766309 0.349 0
1670592767031 0.349 0
1670592767797 0.3476666666666667 0
1670592768634 0.34933333333333333 0
1670592769331 0.348 0
1670592770401 0.346 0
1670592771268 0.34833333333333333 0
1670592771969 0.349 0
1670592772926 0.3456666666666667 0
1670592773624 0.347 0
1670592774507 0.3496666666666667 0
1670592775458 0.3486666666666667 0
1670592776185 0.3476666666666667 0
1670592777072 0.34933333333333333 0
1670592778041 0.347 0
1670592778734 0.3446666666666667 0
1670592779570 0.34833333333333333 0
1670592780481 0.3473333333333333 0
1670592781427 0.3456666666666667 0
1670592782338 0.3486666666666667 0
1670592783098 0.3443333333333333 0
1670592784174 0.346 0
1670592785123 0.351 0
1670592786099 0.34933333333333333 0
1670592786866 0.3486666666666667 0
1670592787637 0.34933333333333333 0
1670592788538 0.35233333333333333 0
1670592789270 0.3453333333333333 0
1670592790104 0.348 0
1670592790880 0.3466666666666667 0
1670592791776 0.3486666666666667 0
1670592792492 0.346 0
1670592793211 0.3463333333333333 0
1670592794118 0.3466666666666667 0
1670592794803 0.34933333333333333 0
1670592795510 0.347 0
1670592796474 0.35133333333333333 0
1670592797539 0.3476666666666667 0
1670592798476 0.3476666666666667 0
1670592799356 0.34933333333333333 0
1670592800111 0.348 0
1670592800862 0.3486666666666667 0
1670592801594 0.34933333333333333 0
1670592802573 0.349 0
1670592803289 0.3463333333333333 0
1670592804214 0.351 0
1670592805183 0.352 0
1670592805960 0.3466666666666667 0
1670592806882 0.3466666666666667 0
1670592807754 0.3446666666666667 0
1670592808645 0.34833333333333333 0
1670592809541 0.346 0
1670592810485 0.3436666666666667 0
1670592811195 0.3496666666666667 0
1670592811920 0.3436666666666667 0
1670592812793 0.3466666666666667 0
1670592813616 0.348 0
1670592814364 0.346 0
1670592815410 0.34833333333333333 0
1670592816328 0.35033333333333333 0
1670592817029 0.3463333333333333 0
1670592817984 0.347 0
1670592818718 0.3486666666666667 0
1670592819643 0.3526666666666667 0
1670592820554 0.3456666666666667 0
1670592821249 0.34 0
1670592822180 0.348 0
1670592823189 0.3506666666666667 0
1670592824163 0.3443333333333333 0
