1670602514855 0.0 0
1670602518387 0.0001 0
1670602522678 0.0001 0
1670602526142 0.0 0
1670602529555 0.0 0
1670602532761 0.0 0
1670602536207 0.0002 0
1670602539482 0.0 0
1670602542904 0.0001 0
1670602545750 0.0 0
1670602548608 0.0002 0
1670602551714 0.0001 0
1670602554819 0.0001 0
1670602558322 0.0 0
1670602561346 0.0001 0
1670602564879 0.0 0
1670602568007 0.0001 0
1670602570928 0.0 0
1670602574238 0.0 0
1670602577950 0.0001 0
1670602582138 0.0001 0
1670602585917 0.0001 0
1670602589192 0.0 0
1670602592625 0.0 0
1670602596268 0.0001 0
1670602599666 0.0001 0
1670602602965 0.0 0
1670602607027 0.0001 0
1670602610398 0.0001 0
1670602613662 0.0 0
1670602616807 0.0 0
1670602619803 0.0002 0
1670602623253 0.0 0
1670602626261 0.0 0
1670602629582 0.0 0
1670602633106 0.0 0
1670602636392 0.0 0
1670602639640 0.0 0
1670602642871 0.0 0
1670602646247 0.0 0
1670602649571 0.0002 0
1670602652748 0.0 0
1670602655954 0.0002 0
1670602659216 0.0001 0
1670602662760 0.0 0
1670602665921 0.0004 0
1670602669691 0.0 0
1670602673151 0.0 0
1670602677217 0.0001 0
1670602680634 0.0001 0
1670602683834 0.0001 0
1670602687405 0.0001 0
1670602691106 0.0 0
1670602694376 0.0 0
1670602698160 0.0002 0
1670602702133 0.0 0
1670602705602 0.0 0
1670602709452 0.0 0
1670602713268 0.0 0
1670602716399 0.0 0
1670602720432 0.0 0
1670602723769 0.0001 0
1670602727112 0.0 0
1670602730449 0.0 0
1670602734167 0.0002 0
1670602737540 0.0 0
1670602741135 0.0 0
1670602744840 0.0001 0
1670602749104 0.0001 0
1670602752617 0.0 0
1670602756416 0.0 0
1670602759937 0.0 0
1670602763719 0.0 0
1670602767043 0.0 0
1670602770710 0.0001 0
1670602774829 0.0001 0
1670602778425 0.0001 0
1670602782045 0.0 0
1670602786062 0.0 0
1670602789929 0.0001 0
1670602793278 0.0001 0
1670602797424 0.0001 0
1670602801752 0.0 0
1670602805709 0.0 0
1670602809603 0.0002 0
1670602813417 0.0 0
1670602816699 0.0 0
1670602820426 0.0 0
1670602824237 0.0 0
1670602827666 0.0 0
1670602831414 0.0 0
1670602835091 0.0 0
1670602838759 0.0001 0
1670602842278 0.0 0
1670602846117 0.0 0
1670602849656 0.0 0
1670602853480 0.0 0
1670602857915 0.0 0
1670602861748 0.0 0
1670602865241 0.0 0
1670602869689 0.0 0
1670602873588 0.0 0
1670602877650 0.0 0
1670602881385 0.0002 0
1670602883492 0.0 0
1670602885425 0.0001 0
1670602887355 0.0001 0
1670602889526 0.0001 0
1670602891701 0.0 0
1670602893500 0.0 0
1670602895488 0.0 0
1670602897935 0.0001 0
1670602899684 0.0 0
1670602901592 0.0002 0
1670602903331 0.0 0
1670602905220 0.0 0
1670602907178 0.0 0
1670602909042 0.0 0
1670602911205 0.0 0
1670602913254 0.0002 0
1670602915484 0.0 0
1670602917611 0.0 0
1670602919758 0.0001 0
1670602921907 0.0 0
1670602923848 0.0001 0
1670602926042 0.0 0
1670602927968 0.0 0
1670602929519 0.0 0
1670602931390 0.0 0
1670602933122 0.0001 0
1670602935232 0.0 0
1670602937583 0.0 0
1670602939493 0.0001 0
1670602941418 0.0 0
1670602943313 0.0 0
1670602945286 0.0 0
1670602947722 0.0001 0
1670602950076 0.0001 0
1670602952252 0.0002 0
1670602954012 0.0 0
1670602956031 0.0 0
1670602957885 0.0 0
1670602959752 0.0 0
1670602961992 0.0 0
1670602963868 0.0 0
1670602965927 0.0 0
1670602968076 0.0 0
1670602969963 0.0001 0
1670602971951 0.0001 0
1670602973851 0.0 0
1670602976473 0.0 0
1670602978664 0.0 0
1670602980530 0.0001 0
1670602982402 0.0 0
1670602984688 0.0 0
1670602987085 0.0 0
1670602988917 0.0 0
1670602990740 0.0 0
1670602992805 0.0 0
1670602995257 0.0 0
1670602997191 0.0002 0
1670602999429 0.0001 0
1670603001425 0.0 0
1670603003703 0.0 0
1670603005555 0.0001 0
1670603007561 0.0001 0
1670603009716 0.0 0
1670603011918 0.0 0
1670603014108 0.0 0
1670603016153 0.0 0
1670603017939 0.0004 0
1670603019693 0.0 0
1670603021527 0.0001 0
1670603023420 0.0 0
1670603025145 0.0 0
1670603026990 0.0001 0
1670603029007 0.0001 0
1670603030904 0.0001 0
