1670638663484 0.0 0
1670638667431 0.0 0
1670638671367 0.0 0
1670638675326 0.0 0
1670638679260 0.0 0
1670638683210 0.0 0
1670638687152 0.0 0
1670638691115 0.0 0
1670638695063 0.0 0
1670638698990 0.0 0
1670638702918 0.0 0
1670638706923 0.0 0
1670638710891 0.0 0
1670638714857 0.0 0
1670638718813 0.0 0
1670638722734 0.0 0
1670638726705 0.0 0
1670638730666 0.0 0
1670638734609 0.0 0
1670638738558 0.0 0
1670638742474 0.0 0
1670638746432 0.0 0
1670638750351 0.0 0
1670638754296 0.0 0
1670638758229 0.0 0
1670638762155 0.0 0
1670638766116 0.0 0
1670638770045 0.0 0
1670638773996 0.0 0
1670638777944 0.0 0
