1670599042867 0.015247445683718941 0
1670599045952 0.0046782761577224274 0
1670599049171 0.0033377778438086203 0
1670599052850 0.0034230314169911846 0
1670599055537 0.0035793807282343826 0
1670599058776 0.003176180141609364 0
1670599061503 0.0032075323912904574 0
1670599065169 0.00298100527907208 0
1670599068073 0.0028185425217525095 0
1670599071181 0.0026521961808209094 0
1670599074382 0.0025103133915455045 0
1670599077403 0.00243800394076088 0
1670599080178 0.0027976054876924783 0
1670599083381 0.0027014853881128786 0
1670599086238 0.002690691245077037 0
1670599089275 0.002806615928798606 0
1670599092095 0.0027164871279162783 0
1670599094946 0.002632888975891423 0
1670599097916 0.0025969528588991597 0
1670599100702 0.00256082933794477 0
1670599104143 0.0026013556532478166 0
1670599107233 0.0026079717528967317 0
1670599110228 0.0026819516326027637 0
1670599113339 0.0026280293943723443 0
1670599116789 0.0025715821411498307 0
1670599119565 0.002563514769200803 0
1670599122769 0.0026469684838626995 0
1670599125959 0.0026035006785819492 0
1670599129008 0.002490894127754495 0
1670599132412 0.0025823533183525482 0
1670599135224 0.002605259594323339 0
1670599138403 0.0025654960526827475 0
1670599141066 0.002530547762315871 0
1670599144600 0.0026604167567736425 0
1670599147719 0.0026373114598646774 0
1670599150404 0.002601437587253952 0
1670599153160 0.0025669889019065417 0
1670599156630 0.002642540350319078 0
1670599159988 0.0026093297250057157 0
1670599163123 0.002577340570051878 0
1670599166337 0.0025474745112561425 0
1670599169945 0.0025186217642109154 0
1670599172944 0.002489849914021902 0
1670599176510 0.002555680806399563 0
1670599179755 0.0025842322537105167 0
1670599183524 0.0025566165662853635 0
1670599187339 0.0025584016498010342 0
1670599190374 0.002573939493341615 0
1670599193357 0.002561858120450955 0
1670599196649 0.0025427977913258237 0
1670599199841 0.002616514889883348 0
1670599203404 0.0025968388935773135 0
1670599206877 0.0025991421563390515 0
1670599209850 0.002777720640037673 0
1670599212639 0.002753922343406545 0
1670599215978 0.0027499668772822394 0
1670599219403 0.002739884811155391 0
1670599222711 0.0027658770729236393 0
1670599225890 0.0028325529577843955 0
1670599229362 0.0028098057386760633 0
1670599233117 0.002838413368687287 0
1670599236538 0.0028642654407236012 0
1670599239681 0.0028503570563672698 0
1670599242742 0.0028293108872040618 0
1670599246178 0.002812814180898515 0
1670599249579 0.0028356229983051984 0
1670599252891 0.002814890223207467 0
1670599256291 0.002877924015665667 0
1670599259428 0.0028843819164940943 0
1670599262638 0.002953743380240237 0
1670599266101 0.0029436891012523114 0
1670599269023 0.002923500129599077 0
1670599271746 0.002965807598038883 0
1670599274862 0.0029635162428477413 0
1670599277907 0.002945401848198137 0
1670599281213 0.003022349919143519 0
1670599284168 0.0030039836259936337 0
1670599287305 0.002985946681132945 0
1670599290978 0.003014635507242569 0
1670599293935 0.003004011489565972 0
1670599297024 0.0030544773212728416 0
1670599300162 0.0030390946026921384 0
1670599302993 0.0030459299488645453 0
1670599306296 0.003038729678980445 0
1670599309445 0.0030212896600849692 0
1670599312130 0.003004186959833288 0
1670599315693 0.00298737132698379 0
1670599318870 0.0030433126494016083 0
1670599321623 0.0030291572928557997 0
1670599324770 0.0030512499706568663 0
1670599327607 0.003089505597169695 0
1670599330460 0.0031102298487822866 0
1670599333127 0.0030940414928586346 0
1670599336282 0.003081420091883169 0
1670599339361 0.003067263622032357 0
1670599342399 0.0030518405960364703 0
1670599345944 0.0030514301235076147 0
1670599348799 0.0030432329672157588 0
1670599352037 0.0030413462859412155 0
1670599355228 0.003060535610525439 0
1670599358120 0.0030826018215506235 0
