1670599039909 0.3061 0
1670599042861 0.3073 0
1670599045945 0.3072 0
1670599049165 0.3074 0
1670599052844 0.308 0
1670599055530 0.3083 0
1670599058768 0.3076 0
1670599061498 0.3065 0
1670599065162 0.307 0
1670599068053 0.3069 0
1670599071176 0.3071 0
1670599074377 0.3073 0
1670599077394 0.3068 0
1670599080171 0.3058 0
1670599083374 0.3068 0
1670599086228 0.3064 0
1670599089266 0.3081 0
1670599092089 0.3072 0
1670599094939 0.3071 0
1670599097911 0.3076 0
1670599100696 0.3076 0
1670599104136 0.308 0
1670599107226 0.3079 0
1670599110222 0.3062 0
1670599113327 0.3074 0
1670599116784 0.3072 0
1670599119558 0.3078 0
1670599122762 0.3083 0
1670599125953 0.3075 0
1670599129002 0.3079 0
1670599132406 0.3061 0
1670599135217 0.3064 0
1670599138397 0.3072 0
1670599141060 0.3074 0
1670599144595 0.3058 0
1670599147713 0.3076 0
1670599150397 0.3072 0
1670599153150 0.3072 0
1670599156624 0.3084 0
1670599159978 0.3072 0
1670599163116 0.3072 0
1670599166330 0.3071 0
1670599169939 0.3071 0
1670599172935 0.3072 0
1670599176503 0.3084 0
1670599179749 0.3063 0
1670599183517 0.3072 0
1670599187330 0.3079 0
1670599190367 0.3064 0
1670599193346 0.3077 0
1670599196640 0.3069 0
1670599199836 0.3059 0
1670599203398 0.3075 0
1670599206855 0.3079 0
1670599209843 0.3092 0
1670599212632 0.3074 0
1670599215972 0.3079 0
1670599219394 0.3078 0
1670599222704 0.3083 0
1670599225883 0.3087 0
1670599229355 0.3072 0
1670599233111 0.3084 0
1670599236531 0.3084 0
1670599239670 0.3078 0
1670599242734 0.3072 0
1670599246172 0.307 0
1670599249571 0.3063 0
1670599252885 0.3074 0
1670599256284 0.3088 0
1670599259421 0.3082 0
1670599262631 0.3058 0
1670599266090 0.3068 0
1670599269016 0.3073 0
1670599271735 0.306 0
1670599274856 0.3066 0
1670599277897 0.3071 0
1670599281206 0.3056 0
1670599284161 0.3071 0
1670599287298 0.3071 0
1670599290971 0.3085 0
1670599293928 0.3078 0
1670599297019 0.3058 0
1670599300156 0.3076 0
1670599302986 0.3082 0
1670599306289 0.3079 0
1670599309437 0.3074 0
1670599312124 0.3072 0
1670599315677 0.3072 0
1670599318863 0.3057 0
1670599321618 0.3076 0
1670599324763 0.3061 0
1670599327601 0.3087 0
1670599330453 0.3061 0
1670599333116 0.3074 0
1670599336274 0.3069 0
1670599339348 0.307 0
1670599342392 0.3074 0
1670599345936 0.3065 0
1670599348783 0.3078 0
1670599352030 0.308 0
1670599355222 0.3061 0
1670599358107 0.3085 0
