1670645222464 0.004015073028462902 0
1670645260357 0.0044537443006468285 0
1670645298723 0.0037171279808177493 0
1670645342037 0.0034630782647609502 0
1670645379847 0.003915342190615078 0
1670645417668 0.0036808018550642356 0
1670645456031 0.003424067621619062 0
1670645493850 0.0038871889059003163 0
1670645531731 0.003299110491583498 0
1670645569538 0.003843736251379991 0
1670645607330 0.0037833432608377162 0
1670645651321 0.003955414510966926 0
1670645695281 0.0031989521705012786 0
1670645744353 0.00391499592021665 0
1670645787524 0.003579062060072115 0
1670645825907 0.00398638019374481 0
1670645887346 0.004080542242553608 0
1670645925059 0.0034599023923936184 0
1670646030937 0.0037523060410793816 0
1670646068678 0.0037713265518593353 0
1670646117788 0.0037891841840510102 0
1670646160057 0.0038933789678523307 0
1670646224655 0.003423349184263953 0
1670646262290 0.004155514224550564 0
1670646308894 0.004029508019277731 0
1670646347000 0.003920130316654842 0
1670646384777 0.0041447396539873215 0
1670646428008 0.0034471713851539805 0
1670646465884 0.0034988690470802645 0
1670646503791 0.00444868915020593 0
