1670619731683 0.4684285714285714 0
1670619735163 0.46914285714285714 0
1670619738659 0.4642857142857143 0
1670619742416 0.4642857142857143 0
1670619746224 0.45785714285714285 0
1670619749954 0.4582857142857143 0
1670619753819 0.4642857142857143 0
1670619757513 0.4585714285714286 0
1670619761197 0.4665714285714286 0
1670619764881 0.4654285714285714 0
1670619768500 0.46514285714285714 0
1670619772182 0.4654285714285714 0
1670619775985 0.459 0
1670619779794 0.467 0
1670619783614 0.475 0
1670619787415 0.4642857142857143 0
1670619791130 0.4594285714285714 0
1670619794810 0.4717142857142857 0
1670619798563 0.46214285714285713 0
1670619802274 0.46214285714285713 0
1670619806032 0.4627142857142857 0
1670619809383 0.4692857142857143 0
1670619812476 0.4655714285714286 0
1670619815789 0.4682857142857143 0
1670619819039 0.4647142857142857 0
1670619822175 0.4674285714285714 0
1670619825475 0.46314285714285713 0
1670619828929 0.4647142857142857 0
1670619831981 0.4707142857142857 0
1670619835331 0.4617142857142857 0
1670619838970 0.4684285714285714 0
1670619842315 0.46685714285714286 0
1670619845740 0.4585714285714286 0
1670619849214 0.46585714285714286 0
1670619852600 0.4664285714285714 0
1670619856042 0.4672857142857143 0
1670619859438 0.46785714285714286 0
1670619862906 0.47185714285714286 0
1670619866368 0.46585714285714286 0
1670619870228 0.4637142857142857 0
1670619874013 0.4575714285714286 0
1670619877603 0.46314285714285713 0
1670619881182 0.4645714285714286 0
1670619884750 0.4625714285714286 0
1670619888367 0.45385714285714285 0
1670619891996 0.4602857142857143 0
1670619895560 0.46685714285714286 0
1670619899151 0.46314285714285713 0
1670619902717 0.4664285714285714 0
1670619906046 0.4662857142857143 0
1670619909849 0.4642857142857143 0
1670619913644 0.46885714285714286 0
1670619917417 0.4632857142857143 0
1670619921167 0.46814285714285714 0
1670619924906 0.472 0
1670619928646 0.459 0
1670619932397 0.46314285714285713 0
1670619936115 0.4687142857142857 0
1670619939896 0.464 0
1670619943591 0.46485714285714286 0
1670619947309 0.46214285714285713 0
1670619951056 0.4595714285714286 0
1670619954807 0.48028571428571426 0
1670619958540 0.4605714285714286 0
1670619962283 0.4607142857142857 0
1670619965989 0.4697142857142857 0
1670619969720 0.45871428571428574 0
1670619973419 0.4774285714285714 0
1670619977220 0.467 0
1670619980973 0.4672857142857143 0
1670619984306 0.4687142857142857 0
1670619987798 0.467 0
1670619991483 0.4704285714285714 0
1670619995206 0.46114285714285713 0
1670619998945 0.4727142857142857 0
1670620002311 0.46985714285714286 0
1670620005723 0.4551428571428571 0
1670620009059 0.46585714285714286 0
1670620012440 0.45585714285714285 0
1670620016047 0.4605714285714286 0
1670620020352 0.464 0
1670620024441 0.4624285714285714 0
1670620028392 0.45871428571428574 0
1670620032156 0.46785714285714286 0
1670620036073 0.4595714285714286 0
1670620039960 0.46014285714285713 0
1670620043843 0.4637142857142857 0
1670620047520 0.4692857142857143 0
1670620051373 0.46585714285714286 0
1670620055287 0.4662857142857143 0
1670620059020 0.4685714285714286 0
1670620062774 0.46285714285714286 0
1670620066340 0.4724285714285714 0
1670620070386 0.4684285714285714 0
1670620074395 0.4742857142857143 0
1670620078164 0.46814285714285714 0
1670620081560 0.4677142857142857 0
1670620085290 0.4622857142857143 0
1670620089378 0.45557142857142857 0
1670620093251 0.4665714285714286 0
1670620097398 0.46485714285714286 0
1670620101607 0.465 0
