1670619735185 0.00907586052602305 0
1670619738682 0.018426275993313257 0
1670619742439 0.01441093144982486 0
1670619746251 0.02231670357452631 0
1670619749977 0.022617463504125856 0
1670619753844 0.019956305367694993 0
1670619757537 0.019804043214876277 0
1670619761222 0.018874499071994122 0
1670619764906 0.017754691486554397 0
1670619768525 0.01677400140128138 0
1670619772205 0.01598085306356234 0
1670619776012 0.016260521895412938 0
1670619779820 0.015992152559881845 0
1670619783639 0.01944082989184137 0
1670619787438 0.01870893112196015 0
1670619791153 0.018764503024450763 0
1670619794834 0.019526693697394792 0
1670619798588 0.019074263648266476 0
1670619802300 0.01865021800249478 0
1670619806059 0.018202649534781346 0
1670619809404 0.01824038131618544 0
1670619812502 0.017810557931301596 0
1670619815807 0.01765539219519363 0
1670619819057 0.017258927348858588 0
1670619822193 0.017019799431409965 0
1670619825499 0.01672252288447118 0
1670619828948 0.016391768355739633 0
1670619832003 0.016677319602257046 0
1670619835355 0.015858478390947117 0
1670619838995 0.015791878846246443 0
1670619842342 0.015594442520673657 0
1670619845765 0.015963763621783422 0
1670619849233 0.015740949298362228 0
1670619852619 0.015546742331521757 0
1670619856066 0.015403668181508845 0
1670619859463 0.015301946731214322 0
1670619862923 0.015686476220878376 0
1670619866391 0.015488490176363223 0
1670619870253 0.015323445906784361 0
1670619874040 0.01582905147476299 0
1670619877623 0.015680896617046747 0
1670619881209 0.015499589175093531 0
1670619884777 0.015387632110872573 0
1670619888386 0.016508020296560955 0
1670619892023 0.016520750503661863 0
1670619895576 0.01639401219906178 0
1670619899178 0.01624410943188792 0
1670619902742 0.01610895548199498 0
1670619906069 0.0159722926950836 0
1670619909874 0.015816399229358957 0
1670619913667 0.015824554260131518 0
1670619917443 0.01569414427108695 0
1670619921193 0.015652545494046266 0
1670619924928 0.015962544182423155 0
1670619928668 0.016115336034070116 0
1670619932424 0.015996547970982267 0
1670619936142 0.01598416133451175 0
1670619939923 0.01585402271619074 0
1670619943617 0.01572135303839739 0
1670619947344 0.015649670211296263 0
1670619951083 0.015735897895835516 0
1670619954825 0.017375423706354698 0
1670619958567 0.017370612657933715 0
1670619962289 0.01735384176504029 0
1670619966016 0.017380188081473347 0
1670619969736 0.017498798070998967 0
1670619973442 0.01836210639265856 0
1670619977225 0.018252777279003984 0
1670619980998 0.01815247734965164 0
1670619984327 0.018103270019826256 0
1670619987804 0.017998083985617863 0
1670619991489 0.018036510396743255 0
1670619995231 0.018008343045479602 0
1670619998970 0.018208270721816522 0
1670620002338 0.018204700366694082 0
1670620005729 0.0186406974119685 0
1670620009065 0.01852322769649517 0
1670620012456 0.018854422337178045 0
1670620016071 0.018838390097148827 0
1670620020377 0.01872688967563263 0
1670620024464 0.01864524705015902 0
1670620028417 0.018724722202378752 0
1670620032179 0.018655486191502924 0
1670620036100 0.01868322756840024 0
1670620039987 0.018680087273145407 0
1670620043874 0.018578085968362634 0
1670620047552 0.018566023521113362 0
1670620051400 0.018466108441369755 0
1670620055317 0.018372548675622324 0
1670620059038 0.018333564453442697 0
1670620062801 0.018252890384202525 0
1670620066367 0.01840813935982233 0
1670620070416 0.018362501605480364 0
1670620074422 0.018638433229095197 0
1670620078191 0.018580318772388416 0
1670620081587 0.01851231598999714 0
1670620085317 0.01845262462447317 0
1670620089402 0.01873838159947161 0
1670620093277 0.018653978433385343 0
1670620097425 0.018561566918067318 0
1670620101638 0.018470367660692766 0
