1670590237918 0.008470803157621398 0
1670590239020 0.003577567193243463 0
1670590239669 0.002372055424452887 0
1670590240859 0.0021585757129449416 0
1670590241698 0.0023027437033203 0
1670590242551 0.0020315888519305166 0
1670590243495 0.001837978892274941 0
1670590244225 0.0019173949790619693 0
1670590245378 0.0018836222604506785 0
1670590246082 0.002002947876725024 0
1670590247022 0.0018943064156113172 0
1670590248001 0.0018427641918262912 0
1670590249158 0.0017936816484392937 0
1670590250221 0.001747315083895635 0
1670590250962 0.0016827168334409095 0
1670590252032 0.0016248301214102324 0
1670590253231 0.0020689011425356705 0
1670590253954 0.002095418421158074 0
1670590255061 0.0020649284976812384 0
1670590255864 0.0020085842541538077 0
1670590256828 0.0019818323166968725 0
1670590257589 0.002017122491461287 0
1670590258487 0.0019905667137276686 0
1670590259473 0.0019644536874325737 0
1670590260337 0.001922264998109454 0
1670590261342 0.0018990338044023187 0
1670590262285 0.0018813204218861394 0
1670590263174 0.0018455364718606925 0
1670590263883 0.001796336663708411 0
1670590264714 0.0019065489179590396 0
1670590265878 0.0019308242881963433 0
1670590266860 0.001912904628288321 0
1670590267960 0.0018952203029982083 0
1670590268833 0.0019123646314520202 0
1670590269618 0.0019260637449864566 0
1670590270479 0.0019004409797337995 0
1670590271331 0.0018758136800495187 0
1670590272223 0.0018521190550542079 0
1670590272947 0.001835995674057838 0
1670590273770 0.001848421318753222 0
1670590274752 0.0018585781003407132 0
1670590275517 0.0018418656661653796 0
1670590276707 0.001825545246260405 0
1670590277532 0.0018063412542244155 0
1670590278277 0.0017911097093659713 0
1670590279430 0.0017991290271933001 0
1670590280256 0.0018349944537517787 0
1670590281184 0.0018203450211451877 0
1670590282232 0.0018060051594677201 0
1670590283005 0.001805105303854443 0
1670590284198 0.001791662728513122 0
1670590285037 0.0017784825415977867 0
1670590286051 0.0017855088789522958 0
1670590286992 0.0018176928609741796 0
1670590287959 0.001804947596264188 0
1670590288973 0.0017924402742317685 0
1670590289989 0.001780165112799928 0
1670590290754 0.0019845525027345997 0
1670590291703 0.0019797061664446054 0
1670590292627 0.0019671786182079896 0
1670590293517 0.001962568288045581 0
1670590294289 0.0019676032771573384 0
1670590295019 0.0019555993959350614 0
1670590296098 0.00194108524229605 0
1670590296912 0.001960763725054633 0
1670590297699 0.0019655592216835625 0
1670590298641 0.001954304244209931 0
1670590299422 0.0019432197993495275 0
1670590300164 0.0019398612584162942 0
1670590301042 0.0019914845009044186 0
1670590301789 0.001986667721952623 0
1670590302899 0.0019733021444588625 0
1670590303730 0.0019634605172952333 0
1670590304679 0.0019537402914015655 0
1670590305712 0.001941173111973021 0
1670590306844 0.0019870852932615123 0
1670590307650 0.0019778512046087337 0
1670590308583 0.001965521705966021 0
1670590309576 0.0019534198461218805 0
1670590310489 0.001944752735374233 0
1670590311386 0.0019330924495253765 0
1670590312394 0.0020128483414994704 0
1670590313124 0.0020043977578202586 0
1670590314223 0.0019927106536576536 0
1670590315329 0.001984543497191686 0
1670590316156 0.0019798736504687826 0
1670590317054 0.0019912111099871987 0
1670590317817 0.001996559475715024 0
1670590319015 0.002001413539276009 0
1670590319891 0.001993535154196817 0
1670590320946 0.0019891806734071227 0
1670590321889 0.0019815868368729945 0
1670590322706 0.001974060209661957 0
1670590323719 0.001978397123952456 0
1670590324397 0.0019708507933889805 0
1670590325082 0.0020381959624401476 0
1670590326280 0.0020306604308919563 0
1670590327066 0.002023191944212919 0
1670590327862 0.0020132051939847104 0
1670590328786 0.0020033648406079423 0
1670590329506 0.0019993798097757993 0
