1670572055967 0.10588503947026706 0
1670572056561 0.043206755010294806 0
1670572057099 0.054153562979694314 0
1670572057779 0.0422636193434921 0
1670572058335 0.03610243898727572 0
1670572058864 0.03252546402615253 0
1670572059362 0.04138233188317886 0
1670572059859 0.03809445286880664 0
1670572060518 0.03590461439829884 0
1670572061063 0.03939382856342821 0
1670572061680 0.03730449212275211 0
1670572062392 0.03730175331497154 0
1670572062940 0.035939066275035625 0
1670572063611 0.035026035973652725 0
1670572064231 0.03748935048396962 0
1670572064866 0.037097498583663735 0
1670572065475 0.035883119300858524 0
1670572066105 0.03498827571958185 0
1670572066682 0.03433920495852916 0
1670572067533 0.033640560115356766 0
1670572068226 0.033269822936093596 0
1670572068863 0.03262329665713293 0
1670572069504 0.03239913590894983 0
1670572070037 0.03224518582566338 0
1670572070698 0.03215350541592188 0
1670572071405 0.03193645137229528 0
1670572072217 0.031402783603693085 0
1670572072792 0.03145000678804177 0
1670572073225 0.029669197460206576 0
1670572073862 0.029195702106702637 0
1670572074614 0.028739612606020537 0
1670572075327 0.028308624902424584 0
1670572076109 0.029313026982515256 0
1670572076674 0.028917647878939245 0
1670572077445 0.028529449817891073 0
1670572078177 0.029948877615632252 0
1670572078854 0.02964073550146673 0
1670572079520 0.030328047026045413 0
1670572080125 0.03009564249718588 0
1670572080843 0.030448275048360673 0
1670572081472 0.03034373445404881 0
1670572082194 0.029989035900224614 0
1670572082916 0.02967282081921363 0
1670572083607 0.029488795898254594 0
1670572084375 0.02924111649268213 0
1670572085079 0.029166292406544447 0
1670572085718 0.02894338631411264 0
1670572086290 0.029094912889094382 0
1670572086931 0.028807793368607615 0
1670572087652 0.02893910551278711 0
1670572088421 0.02887083676474389 0
1670572089003 0.029194817525958427 0
1670572089719 0.029384310281247106 0
1670572090344 0.029413122947491877 0
1670572091142 0.029177850818784656 0
1670572091737 0.029097731279573935 0
1670572092373 0.029199738042855028 0
1670572093202 0.02987931100692698 0
1670572093919 0.0296333300180065 0
1670572094653 0.029420269960614198 0
1670572095315 0.029286533817922122 0
1670572095989 0.029133347599645698 0
1670572096678 0.02894174770971647 0
1670572097320 0.02893291782865859 0
1670572097869 0.02871820777794365 0
1670572098524 0.02874710426862881 0
1670572099197 0.028891293425211795 0
1670572099846 0.02887995675013466 0
1670572100530 0.02877151465152883 0
1670572101110 0.029157228767466403 0
1670572101774 0.02919860437635613 0
1670572102455 0.02904024953588813 0
1670572103151 0.028884207600568312 0
1670572103811 0.028862439860039335 0
1670572104431 0.028744184661419148 0
1670572105016 0.028934637894850512 0
1670572105823 0.028845700905836935 0
1670572106646 0.02870661755073911 0
1670572107561 0.028649443873888458 0
1670572108103 0.028589922033678716 0
1670572108723 0.029245353271428853 0
1670572109653 0.029154224108924764 0
1670572110360 0.028980264859731153 0
1670572110951 0.028891683210787056 0
1670572111581 0.02886928586751769 0
1670572112396 0.028733148959574684 0
1670572113189 0.028587586133108522 0
1670572113951 0.028439652295791706 0
1670572114504 0.028283808797116894 0
1670572115087 0.0281503242782285 0
1670572115851 0.028042966716681383 0
1670572116823 0.027893470684545507 0
1670572117526 0.027748119143029104 0
1670572118120 0.027614120901930495 0
1670572118573 0.027862835415257248 0
1670572119097 0.027801372981203998 0
1670572119620 0.027659445947645467 0
1670572120333 0.027520714993241713 0
1670572120897 0.027434551873459778 0
1670572121353 0.027385092187158455 0
1670572121854 0.027363992804435133 0
1670572122650 0.0273411081502426 0
1670572123373 0.027286091476799168 0
1670572124013 0.02717085586186674 0
1670572124751 0.027043624553142354 0
1670572125300 0.02710026428779777 0
1670572126104 0.026981180688554707 0
1670572127050 0.026870289841349315 0
1670572127857 0.026755984294928425 0
1670572128639 0.026635344318750254 0
1670572129188 0.02654620146671982 0
1670572129924 0.02644165936059739 0
1670572130826 0.026414225588608398 0
1670572131667 0.02637616879300886 0
1670572132366 0.026287498681580646 0
1670572133358 0.026367655444556104 0
1670572134327 0.026362247187366905 0
1670572135131 0.026355156093565313 0
1670572135724 0.026275087461950508 0
1670572136884 0.02621515508897132 0
1670572138031 0.026306494530807245 0
1670572138808 0.02621152709348018 0
1670572139376 0.02611033239049798 0
1670572140179 0.02601029744891048 0
1670572141093 0.025966559588174842 0
1670572141665 0.026096003138425194 0
1670572142354 0.026023645008054874 0
1670572142972 0.02606488071205315 0
1670572143925 0.02600979503498424 0
1670572144737 0.025929014973338993 0
1670572145363 0.025832058029893856 0
1670572146355 0.025766877029845703 0
1670572147197 0.02570783993491288 0
1670572148058 0.025780327415843574 0
1670572148959 0.025764041333619314 0
1670572149976 0.025670912857803985 0
1670572150766 0.02558003280796095 0
1670572151554 0.02549667192662841 0
1670572152257 0.025482786232229437 0
1670572153012 0.02575164853224765 0
1670572153648 0.02566622341331426 0
1670572154238 0.025576663977891934 0
1670572154915 0.025488447421258664 0
1670572155626 0.025499649555941195 0
1670572156440 0.02544163675242006 0
1670572157167 0.025605670719836993 0
1670572157777 0.025591214701786602 0
1670572158687 0.025505501970271238 0
1670572159307 0.025443322119239387 0
1670572160103 0.02540937707237445 0
1670572160754 0.025675714928449 0
1670572161693 0.025898277505960854 0
1670572162699 0.025858811073218524 0
1670572163581 0.025787532338138686 0
1670572164135 0.025802834810610298 0
1670572164916 0.025764149410619663 0
1670572165577 0.026037029359379682 0
1670572166260 0.02595502358739865 0
1670572166883 0.02587696321305799 0
1670572167427 0.02584185961290353 0
1670572168112 0.025764943339096957 0
1670572168821 0.025699422555990226 0
1670572169582 0.02562569356947375 0
1670572170460 0.025834177284800086 0
1670572171142 0.025774483240257218 0
1670572171839 0.02573856520399609 0
1670572172826 0.025729976061401483 0
1670572173442 0.025780642428037015 0
1670572174187 0.025704788950325352 0
1670572174809 0.025701898282637803 0
1670572175438 0.025629805287309404 0
1670572175990 0.025572064152422858 0
1670572176572 0.025500437003844745 0
1670572177227 0.025430251816697558 0
1670572177980 0.025391049255895415 0
1670572178832 0.025319364671034572 0
1670572179537 0.025301804873682388 0
1670572180089 0.02523247225244385 0
1670572180584 0.025214841989059544 0
1670572181338 0.025161354073312103 0
1670572182278 0.025210727912620468 0
1670572183079 0.025452271045568797 0
1670572184061 0.02538473354136761 0
1670572184798 0.025404099561257998 0
1670572185687 0.02537130698761736 0
1670572186321 0.02530355203690382 0
1670572187006 0.025239059728487834 0
1670572187565 0.025207159556682512 0
1670572188395 0.025147295298280747 0
1670572189065 0.025090167464514868 0
1670572189800 0.02519396475687352 0
1670572190898 0.02526715128552104 0
1670572191850 0.025236068883706553 0
1670572192500 0.02519200967379609 0
1670572193104 0.02512779946579935 0
1670572193898 0.0250815254996819 0
1670572194585 0.025134289668376275 0
1670572195347 0.025100126741232742 0
1670572196217 0.0252940471307479 0
1670572196850 0.02535456975858852 0
1670572197891 0.025295980791064987 0
1670572198756 0.025287447514837358 0
1670572199718 0.025437733872585855 0
1670572200367 0.025577554009683756 0
1670572200887 0.02552317250238567 0
1670572201725 0.02546157909681035 0
1670572202606 0.02540300446648769 0
1670572203549 0.02544968212999532 0
1670572204209 0.025389790601569096 0
1670572204927 0.025364372659621992 0
1670572205707 0.025328295627675135 0
1670572206574 0.025270393669786007 0
1670572207425 0.025212886595879946 0
1670572208448 0.025222211409330897 0
1670572209150 0.02519559220621237 0
1670572209917 0.025201005200791715 0
1670572210653 0.02523895742506299 0
1670572211353 0.025241426863144567 0
1670572212134 0.025193040374581033 0
1670572213035 0.025250186704547484 0
1670572213976 0.025228475694454744 0
1670572214712 0.025211361778681662 0
1670572215421 0.025241102208492516 0
1670572216389 0.025187118059409985 0
1670572217196 0.02542970644395215 0
1670572217915 0.02557040533463073 0
1670572218723 0.025594329226951817 0
1670572219353 0.025574070640674407 0
1670572220307 0.025578567789449336 0
1670572221111 0.025584814763862984 0
1670572221993 0.02554575340657317 0
1670572222973 0.02549172702242508 0
