1670640726984 0.0 0
1670640730537 0.0 0
1670640734291 0.0 0
1670640737988 0.0 0
1670640741906 0.0 0
1670640745778 0.0 0
1670640749418 0.0 0
1670640753009 0.0 0
1670640756973 0.0 0
1670640760887 0.0 0
1670640764319 0.0 0
1670640768210 0.0 0
1670640772091 0.0 0
1670640775839 0.0 0
1670640779599 0.0 0
1670640783546 0.0 0
1670640787474 0.0 0
1670640791088 0.0 0
1670640795055 0.00014285714285714287 0
1670640798910 0.0 0
1670640802546 0.0 0
1670640806311 0.0 0
1670640810109 0.0 0
1670640813802 0.0 0
1670640817569 0.0 0
1670640821298 0.0 0
1670640824907 0.0 0
1670640828519 0.0 0
1670640832343 0.0 0
1670640835912 0.0 0
1670640839662 0.0 0
1670640843630 0.0 0
1670640847609 0.0 0
1670640851358 0.00014285714285714287 0
1670640855446 0.0 0
1670640859470 0.00014285714285714287 0
1670640863369 0.00014285714285714287 0
1670640867132 0.0 0
1670640871091 0.0 0
1670640874669 0.0 0
1670640878479 0.0 0
1670640881643 0.0 0
1670640885276 0.0 0
1670640888887 0.0 0
1670640892506 0.0 0
1670640895758 0.0 0
1670640899099 0.0 0
1670640902248 0.0 0
1670640905231 0.0 0
1670640908254 0.0 0
1670640911149 0.0 0
1670640914303 0.0 0
1670640917707 0.0 0
1670640921176 0.0 0
1670640924657 0.0 0
1670640927588 0.0 0
1670640930566 0.0 0
1670640933840 0.0 0
1670640937151 0.0 0
1670640940661 0.0 0
1670640944195 0.0 0
1670640947697 0.0 0
1670640951202 0.0 0
1670640954696 0.0 0
1670640958144 0.0 0
1670640961630 0.0 0
1670640965087 0.0 0
1670640968200 0.0 0
1670640971469 0.0 0
1670640974777 0.0 0
1670640978158 0.00014285714285714287 0
1670640981601 0.0 0
1670640985008 0.0 0
1670640988387 0.0 0
1670640991702 0.0 0
1670640994740 0.0 0
1670640997596 0.0 0
1670641000504 0.0 0
1670641003624 0.0 0
1670641006186 0.0 0
1670641008862 0.0 0
1670641012121 0.0 0
1670641015344 0.0 0
1670641018177 0.00014285714285714287 0
1670641021092 0.0 0
1670641023977 0.00028571428571428574 0
1670641026590 0.0 0
1670641029885 0.0 0
1670641033169 0.0 0
1670641036462 0.0 0
1670641039309 0.0 0
1670641042558 0.0 0
1670641045920 0.0 0
1670641049274 0.0 0
1670641052626 0.0 0
1670641055987 0.0 0
1670641059169 0.0 0
1670641061893 0.0 0
1670641064850 0.0 0
1670641068374 0.0 0
1670641071979 0.0 0
1670641075599 0.0 0
