1670640730565 0.0 0
1670640734311 0.0 0
1670640738015 0.0 0
1670640741926 0.0 0
1670640745799 0.0 0
1670640749440 0.0 0
1670640753036 0.0 0
1670640756992 0.0 0
1670640760907 0.0 0
1670640764344 0.0 0
1670640768217 0.0 0
1670640772121 0.0 0
1670640775854 0.0 0
1670640779630 0.0 0
1670640783567 0.0 0
1670640787495 0.0 0
1670640791108 0.0 0
1670640795078 0.00013403695230664598 0
1670640798917 0.00013033257627950565 0
1670640802570 0.00012692125351472676 0
1670640806327 0.00012376607610055395 0
1670640810116 0.00012083635927416593 0
1670640813820 0.00011810634974986187 0
1670640817591 0.00011555424815663525 0
1670640821328 0.00011316145894248869 0
1670640824914 0.0001109120076021632 0
1670640828535 0.00010879208274686147 0
1670640832365 0.00010678967253199682 0
1670640835942 0.00010052122926472585 0
1670640839669 9.89416116341285e-05 0
1670640843637 9.743408594243256e-05 0
1670640847634 9.599333848309458e-05 0
1670640851379 0.0001317622846749616 0
1670640855469 0.0001299822259763814 0
1670640859498 0.00015477297950784025 0
1670640863391 0.00017388626863550015 0
1670640867158 0.00017185647683432142 0
1670640871118 0.00016989455391268546 0
1670640874700 0.00016799691296057607 0
1670640878500 0.00016616021583127865 0
1670640881665 0.00016438135281106913 0
1670640885299 0.00016265742405828021 0
1670640888909 0.0001609857226765095 0
1670640892533 0.0001593637192876683 0
1670640895779 0.00015778904797543306 0
1670640899121 0.0001562594934768073 0
1670640902276 0.00015477297950784025 0
1670640905237 0.00015332755811835248 0
1670640908275 0.0001519213999793335 0
1670640911167 0.00015055278551520882 0
1670640914326 0.0001492200968012534 0
1670640917728 0.00014792181015396634 0
1670640921198 0.0001466564893491722 0
1670640924679 0.00014542277940898145 0
1670640927595 0.00014421940090452804 0
1670640930589 0.0001430451447266536 0
1670640933855 0.00014189886728143772 0
1670640937175 0.00014077948607174758 0
1670640940668 0.00013968597562981296 0
1670640944216 0.0001386173637692831 0
1670640947717 0.00013757272812831345 0
1670640951209 0.00013655119297800866 0
1670640954718 0.000135551926273035 0
1670640958159 0.00013457413692345209 0
1670640961648 0.00013361707226881343 0
1670640965094 0.0001326800157373875 0
1670640968215 0.0001317622846749616 0
1670640971492 0.00013086322832914408 0
1670640974797 0.0001299822259763814 0
1670640978179 0.00014327772197531656 0
1670640981623 0.00014235409141105564 0
1670640985031 0.00014144794591123237 0
1670640988408 0.00014055874617642877 0
1670640991720 0.00013968597562981296 0
1670640994759 0.0001388291392192355 0
1670640997603 0.00013798776229415096 0
1670641000526 0.00013716138955204309 0
1670641003638 0.00013634958404944525 0
1670641006201 0.000135551926273035 0
1670641008883 0.00013476801326662603 0
1670641012141 0.00013399745781020854 0
1670641015358 0.00013323988764747877 0
1670641018197 0.00014421940090452804 0
1670641021124 0.0001434333995287613 0
1670641023991 0.00018371225554525243 0
1670641026608 0.00018273776754373883 0
1670641029905 0.00018177847426122676 0
1670641033188 0.00018083398950772178 0
1670641036480 0.00017990394049743124 0
1670641039329 0.00017898796726749646 0
1670641042575 0.00017808572212648936 0
1670641045943 0.00017719686913095076 0
1670641049296 0.0001763210835883532 0
1670641052647 0.00017545805158497503 0
1670641056009 0.00017460746953726618 0
1670641059183 0.00017376904376537416 0
1670641061922 0.0001729424900875837 0
1670641064864 0.0001721275334344981 0
1670641068397 0.00017132390748186523 0
1670641072000 0.000170531354301016 0
1670641075621 0.0001697496240259497 0
