1670596855454 0.41733333333333333 0
1670596856580 0.435 0
1670596857486 0.42733333333333334 0
1670596858586 0.4256666666666667 0
1670596859489 0.42766666666666664 0
1670596860394 0.42866666666666664 0
1670596861670 0.43566666666666665 0
1670596862556 0.4246666666666667 0
1670596863797 0.418 0
1670596864666 0.44266666666666665 0
1670596865506 0.44 0
1670596866929 0.44133333333333336 0
1670596867847 0.424 0
1670596868717 0.44066666666666665 0
1670596869576 0.422 0
1670596870475 0.434 0
1670596871460 0.42833333333333334 0
1670596872381 0.441 0
1670596873295 0.41833333333333333 0
1670596874326 0.43066666666666664 0
1670596875409 0.42833333333333334 0
1670596876504 0.43666666666666665 0
1670596877344 0.435 0
1670596878331 0.42333333333333334 0
1670596879217 0.42866666666666664 0
1670596880352 0.439 0
1670596881439 0.43733333333333335 0
1670596882336 0.43066666666666664 0
1670596883341 0.435 0
1670596884638 0.436 0
1670596885669 0.41933333333333334 0
1670596886949 0.438 0
1670596887986 0.43266666666666664 0
1670596889144 0.433 0
1670596890220 0.43933333333333335 0
1670596891246 0.43166666666666664 0
1670596892367 0.438 0
1670596893206 0.434 0
1670596894136 0.43266666666666664 0
1670596895274 0.428 0
1670596896412 0.429 0
1670596897669 0.44033333333333335 0
1670596898605 0.43066666666666664 0
1670596899699 0.43566666666666665 0
1670596900548 0.43166666666666664 0
1670596901759 0.43533333333333335 0
1670596902634 0.426 0
1670596903767 0.44233333333333336 0
1670596904631 0.43866666666666665 0
1670596905589 0.43133333333333335 0
1670596906521 0.432 0
1670596907491 0.42966666666666664 0
1670596908320 0.43533333333333335 0
1670596909456 0.43233333333333335 0
1670596910536 0.436 0
1670596911612 0.43266666666666664 0
1670596912626 0.44 0
1670596913658 0.432 0
1670596914828 0.43066666666666664 0
1670596915993 0.44233333333333336 0
1670596917165 0.438 0
1670596917983 0.43833333333333335 0
1670596918864 0.427 0
1670596919672 0.442 0
1670596920525 0.43233333333333335 0
1670596921385 0.42966666666666664 0
1670596922506 0.43766666666666665 0
1670596923495 0.437 0
1670596924337 0.4236666666666667 0
1670596925319 0.4256666666666667 0
1670596926146 0.43133333333333335 0
1670596927002 0.433 0
1670596927872 0.442 0
1670596928820 0.43233333333333335 0
1670596929939 0.4216666666666667 0
1670596930856 0.438 0
1670596931915 0.4216666666666667 0
1670596932963 0.425 0
1670596934169 0.434 0
1670596935292 0.42766666666666664 0
1670596936674 0.44 0
1670596937587 0.44433333333333336 0
1670596938692 0.42966666666666664 0
1670596939751 0.435 0
1670596940990 0.42933333333333334 0
1670596942142 0.438 0
1670596943425 0.43733333333333335 0
1670596944697 0.429 0
1670596945856 0.43 0
1670596946834 0.434 0
1670596947862 0.44266666666666665 0
1670596948761 0.44066666666666665 0
1670596949815 0.43133333333333335 0
1670596950913 0.44233333333333336 0
1670596952127 0.438 0
1670596953248 0.436 0
1670596954299 0.43066666666666664 0
1670596955427 0.433 0
1670596956709 0.43866666666666665 0
1670596957825 0.43266666666666664 0
1670596958881 0.43766666666666665 0
1670596959879 0.447 0
1670596960705 0.436 0
1670596961756 0.433 0
1670596963064 0.443 0
1670596964204 0.43033333333333335 0
1670596965195 0.42533333333333334 0
1670596966107 0.45166666666666666 0
1670596967175 0.42633333333333334 0
1670596968131 0.434 0
1670596968957 0.43166666666666664 0
1670596970040 0.43133333333333335 0
1670596971199 0.42933333333333334 0
1670596972501 0.43433333333333335 0
1670596973531 0.44166666666666665 0
1670596974442 0.424 0
1670596975739 0.42966666666666664 0
1670596977048 0.447 0
1670596978202 0.435 0
1670596979324 0.42766666666666664 0
1670596980381 0.442 0
1670596981279 0.44133333333333336 0
1670596982448 0.43233333333333335 0
1670596983379 0.42433333333333334 0
1670596984295 0.43766666666666665 0
1670596985583 0.4236666666666667 0
1670596986618 0.4266666666666667 0
1670596987689 0.43633333333333335 0
