1670630446954 0.0 0
1670630448672 0.0 0
1670630450157 0.0 0
1670630451907 0.0 0
1670630453632 0.0 0
1670630455388 0.0 0
1670630457061 0.0 0
1670630458805 0.0 0
1670630460584 0.0 0
1670630462356 0.0 0
1670630464147 0.0 0
1670630465873 0.0 0
1670630467657 0.0 0
1670630469236 0.0 0
1670630471128 0.0 0
1670630473026 0.0 0
1670630474771 0.0 0
1670630476436 0.0 0
1670630478086 0.0 0
1670630479740 0.0 0
1670630481382 0.0 0
1670630483040 0.0 0
1670630484741 0.0 0
1670630486463 0.0 0
1670630488246 0.0 0
1670630490009 0.0 0
1670630491734 0.0 0
1670630493438 0.0 0
1670630495180 0.0 0
1670630496905 0.0 0
1670630498648 0.0 0
1670630500429 0.0 0
1670630501979 0.0 0
1670630503728 0.0 0
1670630505437 0.0 0
1670630507149 0.0 0
1670630508849 0.0 0
1670630510624 0.0 0
1670630512325 0.0 0
1670630514137 0.0 0
1670630516001 0.0 0
1670630517829 0.0 0
1670630519666 0.0 0
1670630521549 0.0 0
1670630523397 0.0 0
1670630525268 0.0 0
1670630527026 0.0 0
1670630528811 0.0 0
1670630530569 0.0 0
1670630532366 0.0 0
1670630534174 0.0 0
1670630535994 0.0 0
1670630537809 0.0 0
1670630539616 0.0 0
1670630541429 0.0 0
1670630543279 0.0 0
1670630545115 0.0 0
1670630546947 0.0 0
1670630548759 0.0 0
1670630550602 0.0 0
1670630552381 0.0 0
1670630554112 0.0 0
1670630555845 0.0 0
1670630557620 0.0 0
1670630559498 0.0 0
1670630561293 0.0 0
1670630562919 0.0 0
1670630564681 0.0 0
1670630566498 0.0 0
1670630568171 0.0 0
1670630569850 0.0 0
1670630571633 0.0 0
1670630573449 0.0 0
1670630575227 0.0 0
1670630577119 0.0 0
1670630579166 0.0 0
1670630581250 0.0 0
1670630583297 0.0 0
1670630585355 0.0 0
1670630587423 0.0 0
1670630589483 0.0 0
1670630591556 0.0 0
1670630593259 0.0 0
1670630595047 0.0 0
1670630596831 0.0 0
1670630598740 0.0 0
1670630600539 0.0 0
1670630602251 0.0 0
1670630603882 0.0 0
1670630605390 0.0 0
1670630607211 0.0 0
1670630609024 0.0 0
1670630610738 0.0 0
1670630612435 0.0 0
1670630614269 0.0 0
1670630616022 0.0 0
1670630617806 0.0 0
1670630619645 0.0 0
1670630621603 0.0 0
1670630623409 0.0 0
1670630625204 0.0 0
1670630626997 0.0 0
