1670633343733 0.0 0
1670633347807 0.0 0
1670633369002 0.0 0
1670633372871 0.0 0
1670633376806 0.0 0
1670633380681 0.0 0
1670633384567 0.0 0
1670633388463 0.0 0
1670633392329 0.0 0
1670633396194 0.0 0
1670633400092 0.0 0
1670633403945 0.0 0
1670633408139 0.0 0
1670633412654 0.0 0
1670633417745 0.0 0
1670633421777 0.0 0
1670633425759 0.0 0
1670633429823 0.0 0
1670633436431 0.0 0
1670633443338 0.0 0
1670633451403 0.0 0
1670633457092 0.0 0
1670633462824 0.0 0
1670633467966 0.0 0
1670633472716 0.0 0
1670633477234 0.0 0
1670633481607 0.0 0
1670633485859 0.0 0
1670633490100 0.0 0
1670633494553 0.0 0
