1670611612635 0.01694160631524279 0
1670611613400 0.011788147883634557 0
1670611613920 0.00757573750562273 0
1670611614698 0.008110515273555404 0
1670611615599 0.006972877811873934 0
1670611616343 0.007771080691607972 0
1670611617086 0.0070251187294238775 0
1670611617571 0.006540234170970976 0
1670611618606 0.007830535431678342 0
1670611619226 0.007530754704509533 0
1670611620269 0.007196702515193892 0
1670611621378 0.0069040396132641416 0
1670611622576 0.006680521614949211 0
1670611623430 0.006796797926984675 0
1670611624488 0.006578566893419622 0
1670611625594 0.0063476147030184435 0
1670611626194 0.0064422765710300985 0
1670611626767 0.006327612652047912 0
1670611627549 0.0065130837182355 0
1670611628429 0.006599552614311107 0
1670611629202 0.007052735998375333 0
1670611630019 0.0068806881376706 0
1670611631019 0.006790332403185622 0
1670611631764 0.006651547989983192 0
1670611632821 0.006520321847101784 0
1670611633611 0.006420708436756189 0
1670611634429 0.006356726104486465 0
1670611635272 0.006236512812333327 0
1670611636179 0.005875857721959211 0
1670611637127 0.005879854184893923 0
1670611638007 0.0058154543984678935 0
1670611638632 0.005727501976927297 0
1670611639063 0.005653358716286951 0
1670611639488 0.005599150395955875 0
1670611639888 0.005522067194914092 0
1670611640307 0.005447852467416652 0
1670611640736 0.005376551196843937 0
1670611641861 0.005389821232767954 0
1670611642654 0.005331578396801635 0
1670611643833 0.005313870847229906 0
1670611645224 0.005251418509921736 0
1670611646167 0.005212417957638394 0
1670611646891 0.005301206791223138 0
1670611647824 0.005268665354200034 0
1670611648514 0.005236210266946298 0
1670611649297 0.005203896234670944 0
1670611650283 0.005150015995987611 0
1670611651189 0.005116710535918025 0
1670611651767 0.005088127574111562 0
1670611652588 0.005059632334848702 0
1670611653407 0.005018256341941817 0
1670611654313 0.00497783693184937 0
1670611655171 0.0049324085089079445 0
1670611655785 0.004894201322950424 0
1670611656741 0.004856832503259285 0
1670611657599 0.004873614723595128 0
1670611658565 0.004831786702288876 0
1670611659357 0.004830168332198256 0
1670611660129 0.0048461393671176585 0
1670611660758 0.0050495771327486675 0
1670611661481 0.005017636754945893 0
1670611662261 0.004998469699174297 0
1670611662979 0.004963426794310442 0
1670611663717 0.004925242824906055 0
1670611664308 0.004907732773943617 0
1670611665173 0.004875142241663941 0
1670611665793 0.0049901817023183075 0
1670611666592 0.004958490438418884 0
1670611667462 0.004955407974603192 0
1670611668409 0.004936646046841235 0
1670611669269 0.0049163833383312015 0
1670611670177 0.00488343583151259 0
1670611671005 0.004856248168120742 0
1670611671951 0.004919150487904225 0
1670611673029 0.0048991558389968656 0
1670611673883 0.00491632111134941 0
1670611674725 0.004948230531354016 0
1670611675455 0.0049775671702553 0
1670611676218 0.004949636716868905 0
1670611677165 0.0049764229507620675 0
1670611678087 0.0049667105664368254 0
1670611679058 0.00495371969563403 0
1670611680056 0.00494060442130791 0
1670611681058 0.005014847090008446 0
1670611681822 0.00498717867690655 0
1670611682567 0.005004871713166185 0
1670611683447 0.004977673454331585 0
1670611683999 0.00499391345731592 0
1670611684690 0.004985830608581637 0
1670611685757 0.00495843510330481 0
1670611686846 0.004937454570598696 0
1670611687480 0.004929940913665991 0
1670611688573 0.004930273650091093 0
1670611689424 0.004909975129487643 0
1670611690237 0.004924950454859835 0
1670611691108 0.004957086558446084 0
1670611692051 0.004934918042578895 0
1670611693131 0.004910695679211386 0
1670611693904 0.005078706709111265 0
1670611694812 0.005073173767615508 0
1670611695884 0.005048804162312796 0
1670611696725 0.005024525937376014 0
1670611697618 0.005000862860623633 0
1670611698414 0.005024351155924022 0
1670611699357 0.00501160557852188 0
1670611700380 0.004988709460368853 0
1670611701346 0.004976194172697243 0
1670611702211 0.004971668146518627 0
1670611703063 0.004952038758715282 0
1670611704003 0.004938444610403447 0
1670611704638 0.004920477527141944 0
1670611705094 0.004942619409645218 0
1670611705740 0.00492355065954252 0
1670611707016 0.004981789680773164 0
1670611708006 0.00498679297349061 0
1670611709157 0.00496633263929209 0
1670611710115 0.004945315711833646 0
1670611710942 0.004957382682437447 0
1670611711896 0.004937465101848363 0
1670611712736 0.00491712121106809 0
1670611713790 0.004897026727020809 0
1670611715147 0.004879327999941736 0
1670611715980 0.0048744519935544645 0
1670611716991 0.004879769967739625 0
1670611718009 0.004924044864933516 0
1670611719199 0.004904702852942505 0
1670611720237 0.0048862801436786885 0
1670611721275 0.004869411649901878 0
1670611722418 0.004854804879992037 0
1670611723498 0.0048369839815903225 0
1670611724442 0.004842733210290412 0
1670611725464 0.004824561297265486 0
1670611726476 0.004820192980165764 0
1670611727245 0.004812532195209119 0
1670611727991 0.004817916705811607 0
1670611728536 0.004806483704903251 0
1670611729364 0.004789909561924561 0
1670611729887 0.00477872253492167 0
1670611730919 0.0047625104699716946 0
1670611731823 0.004767583217072442 0
1670611733541 0.0048483576014101675 0
1670611734761 0.004837333189953216 0
1670611735958 0.004832909903792029 0
1670611736864 0.004848513545484942 0
1670611737844 0.0048498366691932145 0
1670611738698 0.00489406480857626 0
1670611739601 0.004882723574094274 0
1670611740811 0.004871438966138271 0
1670611742020 0.004856157936199807 0
1670611743193 0.004840059947157839 0
1670611744174 0.0048283469743513295 0
1670611745173 0.004817612514910228 0
1670611746157 0.0048210453260558225 0
1670611747111 0.0048097589462731925 0
1670611748222 0.004821792150769192 0
1670611749357 0.0048158389517018434 0
1670611750212 0.004827122955308726 0
1670611751052 0.004812716801557062 0
1670611751957 0.004806576077707628 0
1670611752853 0.004802698308424199 0
1670611753670 0.004792930488585432 0
1670611754301 0.004779626018658643 0
1670611755135 0.0047699779526914465 0
1670611756139 0.004822146584449688 0
1670611757363 0.004818270412882979 0
1670611758113 0.004807439130556094 0
1670611759010 0.0048421383443352315 0
1670611759940 0.004862625483721537 0
1670611761075 0.004848902426514347 0
1670611762100 0.00484547546066153 0
1670611762943 0.004865343504046818 0
1670611764109 0.004856404735617641 0
1670611765060 0.004850081345508159 0
1670611766031 0.004875329290081082 0
1670611767020 0.0048691043220209 0
1670611767508 0.00485684544121899 0
1670611768316 0.004850723789695201 0
1670611769090 0.004844579110626817 0
1670611769800 0.0048326591202345025 0
1670611770293 0.004820824719285291 0
1670611770778 0.004851587095017958 0
1670611771491 0.0048388024277576085 0
1670611772539 0.00483597202276656 0
1670611773506 0.004840217405019274 0
1670611774516 0.004840478175493821 0
1670611775676 0.004828021198527549 0
1670611776650 0.004822135339126362 0
1670611777611 0.004812101147256104 0
1670611778389 0.004841088560265118 0
1670611779352 0.004897100799057448 0
1670611780360 0.004890557747337808 0
1670611781388 0.004884009636171421 0
1670611782147 0.004899464394786069 0
1670611783214 0.0049236289821450365 0
1670611783997 0.004961754359713482 0
1670611784760 0.0049594354817378145 0
