1670630243523 0.003 0
1670630244989 0.0023333333333333335 0
1670630246446 0.0016666666666666668 0
1670630247942 0.002 0
1670630249461 0.0026666666666666666 0
1670630250940 0.002 0
1670630252662 0.0026666666666666666 0
1670630254204 0.0016666666666666668 0
1670630255857 0.0033333333333333335 0
1670630257363 0.0023333333333333335 0
1670630258918 0.0033333333333333335 0
1670630260188 0.0023333333333333335 0
1670630261546 0.002 0
1670630263078 0.0006666666666666666 0
1670630264733 0.0026666666666666666 0
1670630266271 0.0013333333333333333 0
1670630267720 0.003 0
1670630269257 0.0026666666666666666 0
1670630270777 0.0026666666666666666 0
1670630272289 0.002 0
1670630273804 0.0023333333333333335 0
1670630275345 0.0013333333333333333 0
1670630276898 0.0023333333333333335 0
1670630278312 0.0016666666666666668 0
1670630279914 0.0013333333333333333 0
1670630281612 0.0006666666666666666 0
1670630283137 0.0026666666666666666 0
1670630284691 0.0023333333333333335 0
1670630286316 0.003 0
1670630287917 0.0013333333333333333 0
1670630289445 0.003 0
1670630291013 0.0023333333333333335 0
1670630292628 0.0013333333333333333 0
1670630294188 0.0026666666666666666 0
1670630295837 0.003 0
1670630297273 0.005 0
1670630298941 0.005 0
1670630300640 0.0033333333333333335 0
1670630302296 0.0026666666666666666 0
1670630303889 0.002 0
1670630305431 0.0026666666666666666 0
1670630307089 0.0026666666666666666 0
1670630308684 0.0026666666666666666 0
1670630310461 0.002 0
1670630312043 0.004 0
1670630313544 0.0026666666666666666 0
1670630315148 0.0026666666666666666 0
1670630316748 0.0006666666666666666 0
1670630318316 0.0033333333333333335 0
1670630319996 0.002 0
1670630321477 0.0006666666666666666 0
1670630323173 0.003 0
1670630324905 0.0023333333333333335 0
1670630326660 0.0026666666666666666 0
1670630328164 0.002 0
1670630329905 0.003 0
1670630331543 0.0026666666666666666 0
1670630333196 0.0036666666666666666 0
1670630334813 0.0026666666666666666 0
1670630336495 0.0013333333333333333 0
1670630338110 0.0026666666666666666 0
1670630339756 0.002 0
1670630341452 0.0036666666666666666 0
1670630343063 0.0026666666666666666 0
1670630344817 0.0023333333333333335 0
1670630346616 0.0033333333333333335 0
1670630348347 0.001 0
1670630350040 0.002 0
1670630351695 0.0016666666666666668 0
1670630353207 0.001 0
1670630354742 0.0016666666666666668 0
1670630356378 0.0016666666666666668 0
1670630357863 0.004333333333333333 0
1670630359394 0.0033333333333333335 0
1670630361069 0.0026666666666666666 0
1670630362580 0.0026666666666666666 0
1670630364293 0.0026666666666666666 0
1670630365912 0.0016666666666666668 0
1670630367529 0.0016666666666666668 0
1670630369288 0.001 0
1670630371043 0.002 0
1670630372594 0.001 0
1670630374141 0.0033333333333333335 0
1670630375766 0.0023333333333333335 0
1670630377362 0.004 0
1670630379091 0.0003333333333333333 0
1670630380747 0.0013333333333333333 0
1670630382277 0.001 0
1670630383833 0.0036666666666666666 0
1670630385434 0.004 0
1670630387192 0.001 0
1670630388726 0.002 0
1670630390367 0.004 0
1670630391843 0.002 0
1670630393220 0.0016666666666666668 0
1670630394939 0.003 0
1670630396737 0.0033333333333333335 0
1670630398177 0.0026666666666666666 0
1670630399668 0.001 0
1670630401323 0.003 0
1670630403009 0.002 0
1670630404745 0.0023333333333333335 0
