1670629674727 0.008894343315502469 0
1670629679166 0.0026600773290533517 0
1670629683592 0.0017063967269454138 0
1670629687988 0.001514626512655784 0
1670629692464 0.0019102419324468958 0
1670629696886 0.0018284299667374647 0
1670629700931 0.0018581493606348682 0
1670629705493 0.0017271765528315717 0
1670629710122 0.001619300070039228 0
1670629714846 0.00209958067197965 0
1670629719664 0.002197007564967349 0
1670629724511 0.002092261874541675 0
1670629729283 0.0020096145017123312 0
1670629734120 0.002168486707804523 0
1670629738998 0.002120598155663945 0
1670629744043 0.002295840773680732 0
1670629748404 0.0025915247283110495 0
1670629753133 0.002526919475255418 0
1670629757767 0.0025306556413743 0
1670629762377 0.002465185204400799 0
1670629766975 0.0024016040891736987 0
1670629771604 0.0024763334046230675 0
1670629776225 0.002419275691776294 0
1670629780844 0.0023763495369360805 0
1670629785458 0.002405155701276711 0
1670629790073 0.0024674810782654467 0
1670629794673 0.0024785430442496675 0
1670629799287 0.0024893105594548633 0
1670629803898 0.0023418084064292994 0
1670629808530 0.002330649416731204 0
1670629813153 0.0023185105952364463 0
1670629818004 0.002334070918974524 0
1670629822717 0.0023335738586656397 0
1670629827197 0.0023214663682008035 0
1670629831214 0.0022894228850210713 0
1670629835558 0.002264625778744635 0
1670629840334 0.0022349408455078126 0
1670629844943 0.002206393302288047 0
1670629849439 0.0021788021420366017 0
1670629854520 0.002157692714503695 0
1670629859399 0.002142016557153719 0
1670629864140 0.002204403200074088 0
1670629868360 0.002197455114534355 0
1670629873080 0.0022029235677406295 0
1670629877829 0.0021861970122137205 0
1670629882550 0.0021887137393339024 0
1670629887364 0.002182462409684771 0
1670629892322 0.0021975583080874194 0
1670629897409 0.0021822982207302974 0
1670629902366 0.0021947914724820923 0
1670629907283 0.002174332544143541 0
1670629912197 0.002164061199821289 0
1670629916203 0.0021537472912632133 0
1670629921074 0.002134099993361431 0
1670629925845 0.0021153861449663197 0
1670629929961 0.0021494986510709625 0
1670629933619 0.0021404703650092427 0
1670629937534 0.0021829583239925993 0
1670629942268 0.0021701580198905356 0
1670629947205 0.0021804507223964755 0
1670629952116 0.0021836587779961577 0
1670629957075 0.0021751051065364117 0
1670629961958 0.0021851946980209164 0
1670629966913 0.002194115646615865 0
1670629971816 0.0022278889845082483 0
1670629976804 0.0022277185808957795 0
1670629981888 0.002217835720324104 0
1670629986741 0.002211514399704313 0
1670629990880 0.002198442861330722 0
1670629995138 0.0022113756833800763 0
1670629999318 0.0022019933445021353 0
1670630003571 0.0021879269379797184 0
1670630008054 0.002173201703458927 0
