1670570799569 0.0 0
1670570799758 0.0 0
1670570799910 0.0 0
1670570800094 0.0 0
1670570800269 0.0 0
1670570800402 0.0 0
1670570800545 0.0 0
1670570800879 0.0 0
1670570801083 0.0 0
1670570801319 0.0 0
1670570801542 0.0 0
1670570801709 0.0 0
1670570801875 0.0 0
1670570802092 0.0 0
1670570802284 0.0 0
1670570802419 0.0 0
1670570802566 0.0 0
1670570802691 0.0 0
1670570802825 0.0 0
1670570803008 0.0 0
1670570803168 0.0 0
1670570803314 0.0 0
1670570803525 0.0 0
1670570803766 0.0 0
1670570804036 0.0 0
1670570804270 0.0 0
1670570804499 0.0 0
1670570804880 0.0 0
1670570805098 0.0 0
1670570805254 0.0 0
1670570805417 0.0 0
1670570805621 0.0 0
1670570805846 0.0 0
1670570806036 0.0 0
1670570806167 0.0 0
1670570806342 0.0 0
1670570806520 0.0 0
1670570806696 0.0 0
1670570806923 0.0 0
1670570807149 0.0 0
1670570807322 0.0 0
1670570807543 0.0 0
1670570807748 0.0 0
1670570808035 0.0 0
1670570808169 0.0 0
1670570808405 0.0 0
1670570808596 0.0 0
1670570808824 0.0 0
1670570809046 0.0 0
1670570809290 0.0 0
1670570809550 0.0 0
1670570809839 0.0 0
1670570809999 0.0 0
1670570810312 0.0 0
1670570810525 0.0 0
1670570810787 0.0 0
1670570810926 0.0 0
1670570811062 0.0 0
1670570811228 0.0 0
1670570811551 0.0 0
1670570811699 0.0 0
1670570812037 0.0 0
1670570812536 0.0 0
1670570812809 0.0 0
1670570812982 0.0 0
1670570813321 0.0 0
1670570813559 0.0 0
1670570813814 0.0 0
1670570813923 0.0 0
1670570814154 0.0 0
1670570814358 0.0 0
1670570814487 0.0 0
1670570814702 0.0 0
1670570814948 0.0 0
1670570815144 0.0 0
1670570815379 0.0 0
1670570815619 0.0 0
1670570815831 0.0 0
1670570816050 0.0 0
1670570816347 0.0 0
1670570816625 0.0 0
1670570816854 0.0 0
1670570817024 0.0 0
1670570817229 0.0 0
1670570817517 0.0 0
1670570817837 0.0 0
1670570817969 0.0 0
1670570818179 0.0 0
1670570818419 0.0 0
1670570818707 0.0 0
1670570818901 0.0 0
1670570819219 0.0 0
1670570819513 0.0 0
1670570819656 0.0 0
1670570819901 0.0 0
1670570820101 0.0 0
1670570820340 0.0 0
1670570820576 0.0 0
1670570820786 0.0 0
1670570820947 0.0 0
1670570821185 0.0 0
