1670647195005 0.08308945644401056 0
1670647228780 0.08186453577592186 0
1670647251557 0.08206725198527362 0
1670647298056 0.08114808979695487 0
1670647320542 0.08013069834802955 0
1670647387771 0.08249792244529565 0
1670647410511 0.08269173162294406 0
1670647434405 0.08219714661105802 0
1670647457093 0.08507892915649018 0
1670647479770 0.08223790536748318 0
1670647517144 0.08136900347391268 0
1670647547320 0.08510161742331279 0
1670647578758 0.08271935843438122 0
1670647601434 0.08192278141290427 0
1670647624607 0.0841240404220569 0
1670647647451 0.08684702636506819 0
1670647676554 0.0825403795348586 0
1670647709051 0.08306942936361972 0
1670647731701 0.08018738617607418 0
1670647754756 0.08276346599000536 0
1670647777395 0.07930888188904593 0
1670647799978 0.08255447057151115 0
1670647822540 0.08260308141135926 0
1670647845284 0.08259737984195344 0
1670647872934 0.08324803688663347 0
1670647895525 0.08065527242707331 0
1670647932363 0.0822487016106959 0
1670647959172 0.08249496262589132 0
1670647991734 0.08445567559144111 0
1670648030108 0.08115048635739447 0
