1670606501547 0.36966666666666664 0
1670606502474 0.37533333333333335 0
1670606503384 0.36966666666666664 0
1670606504191 0.384 0
1670606505134 0.37466666666666665 0
1670606505469 0.37433333333333335 0
1670606506311 0.373 0
1670606507434 0.37666666666666665 0
1670606508604 0.369 0
1670606509543 0.376 0
1670606510455 0.373 0
1670606510769 0.377 0
1670606511160 0.37766666666666665 0
1670606511558 0.37366666666666665 0
1670606511933 0.36533333333333334 0
1670606512896 0.372 0
1670606513571 0.37366666666666665 0
1670606514346 0.38033333333333336 0
1670606515311 0.37933333333333336 0
1670606515928 0.37333333333333335 0
1670606516547 0.37133333333333335 0
1670606517162 0.36833333333333335 0
1670606517992 0.365 0
1670606518721 0.374 0
1670606519705 0.37433333333333335 0
1670606520550 0.38066666666666665 0
1670606521217 0.369 0
1670606521919 0.37333333333333335 0
1670606522494 0.37666666666666665 0
1670606523033 0.378 0
1670606523788 0.37966666666666665 0
1670606524574 0.374 0
1670606525430 0.37166666666666665 0
1670606526323 0.37366666666666665 0
1670606526738 0.375 0
1670606527110 0.36866666666666664 0
1670606527436 0.37333333333333335 0
1670606527790 0.37733333333333335 0
1670606528560 0.375 0
1670606529402 0.37466666666666665 0
1670606530286 0.372 0
1670606531045 0.371 0
1670606531835 0.37 0
1670606532594 0.37833333333333335 0
1670606533496 0.37366666666666665 0
1670606534290 0.373 0
1670606535141 0.37533333333333335 0
1670606535716 0.371 0
1670606536416 0.37 0
1670606537246 0.37866666666666665 0
1670606537576 0.37333333333333335 0
1670606538250 0.374 0
1670606539234 0.374 0
1670606540072 0.37333333333333335 0
1670606540904 0.38066666666666665 0
1670606541293 0.375 0
1670606541973 0.37633333333333335 0
1670606542982 0.36966666666666664 0
1670606543931 0.37933333333333336 0
1670606544800 0.37633333333333335 0
1670606545638 0.37733333333333335 0
1670606546429 0.37366666666666665 0
1670606547218 0.37733333333333335 0
1670606548081 0.37666666666666665 0
1670606548974 0.375 0
1670606549576 0.37433333333333335 0
1670606550445 0.38133333333333336 0
1670606551061 0.38 0
1670606551922 0.373 0
1670606552443 0.37733333333333335 0
1670606552893 0.38266666666666665 0
1670606553307 0.371 0
1670606553739 0.37666666666666665 0
1670606554182 0.37533333333333335 0
1670606554548 0.38266666666666665 0
1670606554913 0.37733333333333335 0
1670606555854 0.37733333333333335 0
1670606556805 0.378 0
1670606557442 0.37966666666666665 0
1670606558148 0.37233333333333335 0
1670606558995 0.372 0
1670606559766 0.37333333333333335 0
1670606560662 0.37566666666666665 0
1670606561140 0.37233333333333335 0
1670606562030 0.37266666666666665 0
1670606562929 0.37633333333333335 0
1670606563722 0.37866666666666665 0
1670606564548 0.36766666666666664 0
1670606565557 0.38 0
1670606566446 0.372 0
1670606567209 0.37433333333333335 0
1670606568034 0.379 0
1670606568850 0.36633333333333334 0
1670606569768 0.37066666666666664 0
1670606570636 0.37266666666666665 0
1670606571198 0.376 0
1670606571850 0.37433333333333335 0
1670606572512 0.37866666666666665 0
1670606573287 0.37666666666666665 0
1670606574036 0.371 0
1670606574894 0.37766666666666665 0
1670606575161 0.37233333333333335 0
1670606576037 0.37566666666666665 0
1670606577209 0.37666666666666665 0
1670606577850 0.37 0
1670606578748 0.37566666666666665 0
1670606579757 0.37133333333333335 0
1670606580464 0.37033333333333335 0
1670606581158 0.372 0
1670606581999 0.37466666666666665 0
1670606582710 0.374 0
1670606583431 0.373 0
1670606584007 0.37333333333333335 0
1670606584925 0.37433333333333335 0
1670606585474 0.37733333333333335 0
1670606586420 0.37066666666666664 0
1670606587064 0.37633333333333335 0
1670606587781 0.376 0
1670606588461 0.372 0
1670606589342 0.379 0
1670606590106 0.373 0
1670606590746 0.373 0
1670606591470 0.37933333333333336 0
1670606592294 0.38233333333333336 0
1670606593002 0.378 0
1670606593791 0.37533333333333335 0
1670606594710 0.36933333333333335 0
1670606595459 0.377 0
1670606596244 0.374 0
1670606597061 0.38266666666666665 0
1670606597880 0.37433333333333335 0
1670606598563 0.37133333333333335 0
1670606599566 0.376 0
1670606600513 0.37666666666666665 0
1670606601303 0.377 0
1670606602293 0.37533333333333335 0
1670606602978 0.37933333333333336 0
1670606603714 0.37466666666666665 0
1670606604386 0.373 0
1670606605180 0.37233333333333335 0
1670606605800 0.38266666666666665 0
1670606606696 0.36933333333333335 0
1670606607403 0.375 0
1670606607995 0.36733333333333335 0
1670606608603 0.37633333333333335 0
1670606609430 0.373 0
1670606609985 0.37466666666666665 0
1670606610702 0.374 0
1670606611458 0.374 0
1670606612144 0.37766666666666665 0
1670606612920 0.37433333333333335 0
1670606613711 0.373 0
1670606614448 0.37166666666666665 0
1670606615138 0.37966666666666665 0
1670606615888 0.36966666666666664 0
1670606616611 0.379 0
1670606617328 0.376 0
1670606618032 0.374 0
1670606618597 0.38033333333333336 0
1670606619323 0.37366666666666665 0
1670606620166 0.37333333333333335 0
1670606620767 0.381 0
1670606621516 0.377 0
1670606622179 0.37266666666666665 0
1670606622985 0.373 0
1670606623538 0.372 0
1670606624221 0.374 0
1670606624944 0.37533333333333335 0
1670606625670 0.37433333333333335 0
1670606626277 0.37366666666666665 0
1670606626858 0.37133333333333335 0
1670606627356 0.38133333333333336 0
1670606627984 0.377 0
1670606628794 0.37233333333333335 0
1670606629478 0.37266666666666665 0
1670606630063 0.37533333333333335 0
1670606630722 0.37466666666666665 0
1670606631294 0.377 0
1670606631837 0.374 0
1670606632468 0.37433333333333335 0
1670606633039 0.37766666666666665 0
1670606633691 0.38 0
1670606634512 0.38033333333333336 0
1670606635042 0.381 0
1670606635697 0.37366666666666665 0
1670606636314 0.374 0
1670606637080 0.374 0
1670606637721 0.374 0
1670606638398 0.37066666666666664 0
1670606639001 0.37166666666666665 0
1670606639571 0.372 0
1670606640231 0.37866666666666665 0
1670606640658 0.37466666666666665 0
1670606641350 0.374 0
1670606641957 0.377 0
1670606642527 0.375 0
1670606643231 0.37266666666666665 0
1670606643793 0.37233333333333335 0
1670606644492 0.37566666666666665 0
1670606645051 0.375 0
1670606645682 0.367 0
1670606646205 0.37533333333333335 0
1670606646733 0.37233333333333335 0
1670606647269 0.37033333333333335 0
1670606647727 0.379 0
1670606648338 0.37866666666666665 0
1670606649111 0.37966666666666665 0
1670606649803 0.371 0
1670606650632 0.37133333333333335 0
1670606651497 0.37133333333333335 0
1670606652159 0.37266666666666665 0
1670606652852 0.37533333333333335 0
1670606653656 0.375 0
1670606654226 0.37666666666666665 0
1670606655012 0.37766666666666665 0
1670606655459 0.37233333333333335 0
1670606656078 0.37266666666666665 0
1670606656687 0.376 0
1670606657327 0.375 0
1670606658099 0.37433333333333335 0
1670606658645 0.376 0
1670606659284 0.37033333333333335 0
1670606659881 0.372 0
1670606660398 0.37533333333333335 0
1670606661159 0.37033333333333335 0
1670606661718 0.37866666666666665 0
1670606662339 0.37 0
1670606663130 0.376 0
1670606663802 0.377 0
1670606664322 0.37266666666666665 0
1670606664942 0.37266666666666665 0
1670606665609 0.36666666666666664 0
1670606666249 0.37666666666666665 0
1670606666726 0.37766666666666665 0
1670606667442 0.377 0
1670606668085 0.37366666666666665 0
1670606668723 0.377 0
1670606669288 0.37466666666666665 0
1670606669994 0.37233333333333335 0
1670606670740 0.376 0
1670606671192 0.376 0
1670606671714 0.37066666666666664 0
1670606672320 0.371 0
1670606673155 0.37433333333333335 0
1670606673939 0.37466666666666665 0
1670606674631 0.37733333333333335 0
1670606675107 0.37466666666666665 0
1670606675909 0.37133333333333335 0
1670606676547 0.37366666666666665 0
1670606677192 0.37266666666666665 0
1670606677902 0.37733333333333335 0
1670606678412 0.37666666666666665 0
1670606679180 0.37166666666666665 0
1670606679835 0.37733333333333335 0
1670606680769 0.37466666666666665 0
1670606681586 0.38233333333333336 0
1670606682229 0.38233333333333336 0
1670606682973 0.37366666666666665 0
1670606683746 0.37333333333333335 0
1670606684241 0.37666666666666665 0
1670606684980 0.372 0
1670606685610 0.37333333333333335 0
1670606686278 0.37466666666666665 0
1670606686802 0.37333333333333335 0
1670606687458 0.37533333333333335 0
1670606688039 0.36933333333333335 0
1670606688575 0.38266666666666665 0
1670606689358 0.37133333333333335 0
1670606690195 0.38166666666666665 0
1670606691008 0.37566666666666665 0
1670606691943 0.37366666666666665 0
1670606692592 0.37866666666666665 0
1670606693526 0.37466666666666665 0
1670606694503 0.37533333333333335 0
1670606695277 0.381 0
1670606696282 0.37233333333333335 0
1670606697136 0.37466666666666665 0
1670606697815 0.36866666666666664 0
1670606698405 0.373 0
1670606699100 0.37433333333333335 0
1670606700045 0.37633333333333335 0
1670606700804 0.37033333333333335 0
1670606701675 0.368 0
1670606702254 0.37533333333333335 0
1670606702909 0.37433333333333335 0
1670606703403 0.37333333333333335 0
1670606703996 0.37433333333333335 0
1670606704671 0.375 0
1670606705260 0.37266666666666665 0
1670606705751 0.37533333333333335 0
1670606706302 0.37366666666666665 0
1670606706778 0.36933333333333335 0
1670606707661 0.382 0
1670606708270 0.36666666666666664 0
1670606708714 0.367 0
1670606709313 0.37433333333333335 0
1670606709953 0.37766666666666665 0
1670606710635 0.37833333333333335 0
