1670606870055 0.0 0
1670606870333 0.0 0
1670606870558 0.0 0
1670606870685 0.0 0
1670606870859 0.0 0
1670606871105 0.0 0
1670606871354 0.0 0
1670606871601 0.0 0
1670606871859 0.0 0
1670606872018 0.0 0
1670606872279 0.0 0
1670606872430 0.0 0
1670606872909 0.0 0
1670606873058 0.0 0
1670606873329 0.0 0
1670606873497 0.0 0
1670606873619 0.0 0
1670606873794 0.0 0
1670606874011 0.0 0
1670606874184 0.0 0
1670606874419 0.0 0
1670606874700 0.0 0
1670606874782 0.0 0
1670606875073 0.0 0
1670606875309 0.0 0
1670606875598 0.0 0
1670606875860 0.0 0
1670606876031 0.0 0
1670606876365 0.0 0
1670606876491 0.0 0
1670606876614 0.0 0
1670606876970 0.0 0
1670606877210 0.0 0
1670606877408 0.0 0
1670606877654 0.0 0
1670606877849 0.0 0
1670606878076 0.0 0
1670606878252 0.0 0
1670606878489 0.0 0
1670606878617 0.0 0
1670606878836 0.0 0
1670606879208 0.0 0
1670606879426 0.0 0
1670606879653 0.0 0
1670606879794 0.0 0
1670606879926 0.0 0
1670606880220 0.0 0
1670606880298 0.0 0
1670606880534 0.0 0
1670606880822 0.0 0
1670606881111 0.0 0
1670606881270 0.0 0
1670606881449 0.0 0
1670606881719 0.0 0
1670606881940 0.0 0
1670606882203 0.0 0
1670606882308 0.0 0
1670606882463 0.0 0
1670606882701 0.0 0
1670606882961 0.0 0
1670606883234 0.0 0
1670606883484 0.0 0
1670606883662 0.0 0
1670606883838 0.0 0
1670606883967 0.0 0
1670606884185 0.0 0
1670606884352 0.0 0
1670606884509 0.0 0
1670606884835 0.0 0
1670606884992 0.0 0
1670606885213 0.0 0
1670606885353 0.0 0
1670606885587 0.0 0
1670606885801 0.0 0
1670606885946 0.0 0
1670606886085 0.0 0
1670606886547 0.0 0
1670606886639 0.0 0
1670606886812 0.0 0
1670606887095 0.0 0
1670606887296 0.0 0
1670606887524 0.0 0
1670606887664 0.0 0
1670606887922 0.0 0
1670606888082 0.0 0
1670606888315 0.0 0
1670606888550 0.0 0
1670606888760 0.0 0
1670606888912 0.0 0
1670606889052 0.0 0
1670606889329 0.0 0
1670606889522 0.0 0
1670606889704 0.0 0
1670606890067 0.0 0
1670606890151 0.0 0
1670606890327 0.0 0
1670606890539 0.0 0
1670606890719 0.0 0
1670606890932 0.0 0
1670606891220 0.0 0
1670606891303 0.0 0
