1670606869933 0.0 0
1670606870052 0.0 0
1670606870330 0.0 0
1670606870556 0.0 0
1670606870682 0.0 0
1670606870856 0.0 0
1670606871102 0.0 0
1670606871351 0.0 0
1670606871599 0.0 0
1670606871857 0.0 0
1670606872016 0.0 0
1670606872276 0.0 0
1670606872427 0.0 0
1670606872906 0.0 0
1670606873033 0.0 0
1670606873326 0.0 0
1670606873495 0.0 0
1670606873616 0.0 0
1670606873791 0.0 0
1670606874008 0.0 0
1670606874181 0.0 0
1670606874404 0.0 0
1670606874697 0.0 0
1670606874779 0.0 0
1670606875070 0.0 0
1670606875306 0.0 0
1670606875595 0.0 0
1670606875857 0.0 0
1670606876025 0.0 0
1670606876362 0.0 0
1670606876488 0.0 0
1670606876611 0.0 0
1670606876967 0.0 0
1670606877208 0.0 0
1670606877405 0.0 0
1670606877651 0.0 0
1670606877846 0.0 0
1670606878073 0.0 0
1670606878250 0.0 0
1670606878487 0.0 0
1670606878614 0.0 0
1670606878833 0.0 0
1670606879205 0.0 0
1670606879423 0.0 0
1670606879651 0.0 0
1670606879792 0.0 0
1670606879923 0.0 0
1670606880218 0.0 0
1670606880294 0.0 0
1670606880532 0.0 0
1670606880819 0.0 0
1670606881109 0.0 0
1670606881267 0.0 0
1670606881446 0.0 0
1670606881716 0.0 0
1670606881937 0.0 0
1670606882201 0.0 0
1670606882306 0.0 0
1670606882460 0.0 0
1670606882698 0.0 0
1670606882958 0.0 0
1670606883230 0.0 0
1670606883481 0.0 0
1670606883659 0.0 0
1670606883836 0.0 0
1670606883964 0.0 0
1670606884182 0.0 0
1670606884350 0.0 0
1670606884506 0.0 0
1670606884833 0.0 0
1670606884989 0.0 0
1670606885210 0.0 0
1670606885351 0.0 0
1670606885584 0.0 0
1670606885798 0.0 0
1670606885944 0.0 0
1670606886082 0.0 0
1670606886545 0.0 0
1670606886637 0.0 0
1670606886810 0.0 0
1670606887092 0.0 0
1670606887294 0.0 0
1670606887521 0.0 0
1670606887662 0.0 0
1670606887916 0.0 0
1670606888079 0.0 0
1670606888282 0.0 0
1670606888548 0.0 0
1670606888757 0.0 0
1670606888909 0.0 0
1670606889049 0.0 0
1670606889288 0.0 0
1670606889520 0.0 0
1670606889702 0.0 0
1670606890064 0.0 0
1670606890148 0.0 0
1670606890324 0.0 0
1670606890537 0.0 0
1670606890716 0.0 0
1670606890929 0.0 0
1670606891217 0.0 0
1670606891292 0.0 0
