1670600163476 0.0 0
1670600165644 0.0 0
1670600167722 0.0 0
1670600169583 0.0 0
1670600171640 0.0 0
1670600173536 0.0 0
1670600175435 0.0 0
1670600177346 0.0 0
1670600179555 0.0 0
1670600181453 0.0 0
1670600183354 0.0 0
1670600185424 0.0 0
1670600187834 0.0 0
1670600189786 0.0 0
1670600192044 0.0 0
1670600193997 0.0 0
1670600196095 0.0 0
1670600198209 0.0 0
1670600200244 0.0 0
1670600202441 0.0 0
1670600204688 0.0 0
1670600206828 0.0 0
1670600209246 0.0 0
1670600211243 0.0 0
1670600213242 0.0 0
1670600215376 0.0 0
1670600217541 0.0 0
1670600219562 0.0 0
1670600221252 0.0 0
1670600223051 0.0 0
1670600224842 0.0 0
1670600226844 0.0 0
1670600228754 0.0 0
1670600230504 0.0 0
1670600232405 0.0 0
1670600234226 0.0 0
1670600236204 0.0 0
1670600238186 0.0 0
1670600239880 0.0 0
1670600241979 0.0 0
1670600244051 0.0 0
1670600246064 0.0 0
1670600248340 0.0 0
1670600250170 0.0 0
1670600252050 0.0 0
1670600254256 0.0 0
1670600256225 0.0 0
1670600258226 0.0 0
1670600260126 0.0 0
1670600262014 0.0 0
1670600263774 0.0 0
1670600265878 0.0 0
1670600267703 0.0 0
1670600269738 0.0 0
1670600271590 0.0 0
1670600273663 0.0 0
1670600275491 0.0 0
1670600277265 0.0 0
1670600279268 0.0 0
1670600280988 0.0 0
1670600283181 0.0 0
1670600284955 0.0 0
1670600287195 0.0 0
1670600289024 0.0 0
1670600291070 0.0 0
1670600292914 0.0 0
1670600294768 0.0 0
1670600296710 0.0 0
1670600298536 0.0 0
1670600300657 0.0 0
1670600302598 0.0 0
1670600304596 0.0 0
1670600306330 0.0 0
1670600308048 0.0 0
1670600309716 0.0 0
1670600311847 0.0 0
1670600313847 0.0 0
1670600315760 0.0 0
1670600317684 0.0 0
1670600319429 0.0 0
1670600321198 0.0 0
1670600323186 0.0 0
1670600324988 0.0 0
1670600326782 0.0 0
1670600328884 0.0 0
1670600330577 0.0 0
1670600332613 0.0 0
1670600334535 0.0 0
1670600336421 0.0 0
1670600338481 0.0 0
1670600340375 0.0 0
1670600342350 0.0 0
1670600344081 0.0 0
1670600346101 0.0 0
1670600348288 0.0 0
1670600350143 0.0 0
1670600352426 0.0 0
1670600354147 0.0 0
1670600355964 0.0 0
1670600357706 0.0 0
1670600360021 0.0 0
1670600362194 0.0 0
