1670603031414 0.0 0
1670603031517 0.0 0
1670603031624 0.0 0
1670603031874 0.0 0
1670603032145 0.0 0
1670603032344 0.0 0
1670603032490 0.0 0
1670603032695 0.0 0
1670603032923 0.0 0
1670603033040 0.0 0
1670603033119 0.0 0
1670603033259 0.0 0
1670603033638 0.0 0
1670603033871 0.0 0
1670603034099 0.0 0
1670603034313 0.0 0
1670603034421 0.0 0
1670603034608 0.0 0
1670603034772 0.0 0
1670603035005 0.0 0
1670603035102 0.0 0
1670603035207 0.0 0
1670603035371 0.0 0
1670603035686 0.0 0
1670603035756 0.0 0
1670603035940 0.0 0
1670603036177 0.0 0
1670603036386 0.0 0
1670603036618 0.0 0
1670603036826 0.0 0
1670603037048 0.0 0
1670603037258 0.0 0
1670603037479 0.0 0
1670603037697 0.0 0
1670603037834 0.0 0
1670603037939 0.0 0
1670603038010 0.0 0
1670603038193 0.0 0
1670603038345 0.0 0
1670603038453 0.0 0
1670603038576 0.0 0
1670603038701 0.0 0
1670603038762 0.0 0
1670603038890 0.0 0
1670603039002 0.0 0
1670603039106 0.0 0
1670603039461 0.0 0
1670603039681 0.0 0
1670603039808 0.0 0
1670603039892 0.0 0
1670603040046 0.0 0
1670603040162 0.0 0
1670603040298 0.0 0
1670603040408 0.0 0
1670603040677 0.0 0
1670603040788 0.0 0
1670603040874 0.0 0
1670603041005 0.0 0
1670603041163 0.0 0
1670603041397 0.0 0
1670603041538 0.0 0
1670603041634 0.0 0
1670603041845 0.0 0
1670603041930 0.0 0
1670603042105 0.0 0
1670603042249 0.0 0
1670603042597 0.0 0
1670603042834 0.0 0
1670603042907 0.0 0
1670603043189 0.0 0
1670603043255 0.0 0
1670603043381 0.0 0
1670603043496 0.0 0
1670603043621 0.0 0
1670603043737 0.0 0
1670603043859 0.0 0
1670603044176 0.0 0
1670603044288 0.0 0
1670603044430 0.0 0
1670603044533 0.0 0
1670603044750 0.0 0
1670603044959 0.0 0
1670603045190 0.0 0
1670603045337 0.0 0
1670603045446 0.0 0
1670603045592 0.0 0
1670603045700 0.0 0
1670603045884 0.0 0
1670603045972 0.0 0
1670603046089 0.0 0
1670603046258 0.0 0
1670603046376 0.0 0
1670603046519 0.0 0
1670603046651 0.0 0
1670603046804 0.0 0
1670603046886 0.0 0
1670603047025 0.0 0
1670603047219 0.0 0
1670603047348 0.0 0
1670603047503 0.0 0
1670603047618 0.0 0
