1670594685341 0.0 0
1670594685845 0.0 0
1670594686103 0.0 0
1670594686554 0.0 0
1670594686829 0.0 0
1670594687134 0.0 0
1670594687380 0.0 0
1670594687630 0.0 0
1670594687902 0.0 0
1670594688176 0.0 0
1670594688381 0.0 0
1670594688733 0.0 0
1670594688968 0.0 0
1670594689195 0.0 0
1670594689461 0.0 0
1670594689803 0.0 0
1670594690055 0.0 0
1670594690346 0.0 0
1670594690563 0.0 0
1670594690856 0.0 0
1670594691236 0.0 0
1670594691492 0.0 0
1670594691906 0.0 0
1670594692199 0.0 0
1670594692427 0.0 0
1670594692655 0.0 0
1670594692913 0.0 0
1670594693165 0.0 0
1670594693711 0.0 0
1670594693963 0.0 0
1670594694188 0.0 0
1670594694518 0.0 0
1670594694749 0.0 0
1670594695022 0.0 0
1670594695286 0.0 0
1670594695551 0.0 0
1670594695832 0.0 0
1670594696166 0.0 0
1670594696414 0.0 0
1670594696841 0.0 0
1670594697085 0.0 0
1670594697511 0.0 0
1670594697760 0.0 0
1670594697996 0.0 0
1670594698247 0.0 0
1670594698676 0.0 0
1670594698905 0.0 0
1670594699148 0.0 0
1670594699687 0.0 0
1670594699927 0.0 0
1670594700198 0.0 0
1670594700436 0.0 0
1670594700927 0.0 0
1670594701201 0.0 0
1670594701460 0.0 0
1670594701947 0.0 0
1670594702275 0.0 0
1670594702580 0.0 0
1670594702959 0.0 0
1670594703335 0.0 0
1670594703551 0.0 0
1670594703819 0.0 0
1670594704306 0.0 0
1670594704524 0.0 0
1670594704763 0.0 0
1670594705207 0.0 0
1670594705574 0.0 0
1670594705967 0.0 0
1670594706253 0.0 0
1670594706650 0.0 0
1670594706925 0.0 0
1670594707270 0.0 0
1670594707516 0.0 0
1670594707795 0.0 0
1670594708049 0.0 0
1670594708265 0.0 0
1670594708600 0.0 0
1670594708908 0.0 0
1670594709175 0.0 0
1670594709433 0.0 0
1670594709695 0.0 0
1670594709997 0.0 0
1670594710257 0.0 0
1670594710519 0.0 0
1670594710761 0.0 0
1670594711019 0.0 0
1670594711242 0.0 0
1670594711644 0.0 0
1670594711861 0.0 0
1670594712120 0.0 0
1670594712371 0.0 0
1670594712593 0.0 0
1670594712861 0.0 0
1670594713206 0.0 0
1670594713492 0.0 0
1670594713869 0.0 0
1670594714160 0.0 0
1670594714412 0.0 0
1670594714652 0.0 0
1670594714904 0.0 0
1670594715127 0.0 0
