1670615399057 0.4 0
1670615408546 0.4 0
1670615415068 0.4 0
1670615417574 0.4 0
1670615419973 0.4 0
1670615422167 0.4 0
1670615429900 0.4 0
1670615438009 0.4 0
1670615447979 0.4 0
1670615457125 0.4 0
1670615466186 0.4 0
1670615475046 0.4 0
1670615484201 0.4 0
1670615494103 0.4 0
1670615505234 0.4 0
1670615516635 0.4 0
1670615524476 0.4 0
1670615528060 0.4 0
1670615538622 0.4 0
1670615549021 0.4 0
1670615558203 0.4 0
1670615567607 0.4 0
1670615577153 0.4 0
1670615586397 0.4 0
1670615595732 0.4 0
1670615605117 0.4 0
1670615614737 0.4 0
1670615624086 0.4 0
1670615633010 0.4 0
1670615641067 0.4 0
1670615651889 0.4 0
1670615661979 0.4 0
1670615672013 0.4 0
1670615681284 0.4 0
1670615690859 0.4 0
1670615700741 0.4 0
1670615710534 0.4 0
1670615720240 0.4 0
1670615729478 0.4 0
1670615737967 0.4 0
1670615746874 0.4 0
1670615755802 0.4 0
1670615764890 0.4 0
1670615773980 0.4 0
1670615782768 0.4 0
1670615791897 0.4 0
1670615800853 0.4 0
1670615809642 0.4 0
1670615818606 0.3999 0
1670615827363 0.4 0
1670615836540 0.4 0
1670615845875 0.4 0
1670615854800 0.4 0
1670615864035 0.4 0
1670615873160 0.4 0
1670615882363 0.4 0
1670615891306 0.4 0
1670615900322 0.4 0
1670615909226 0.4 0
1670615918228 0.4 0
1670615927168 0.4 0
1670615936103 0.4 0
1670615945359 0.4 0
1670615954567 0.4 0
1670615963496 0.4 0
1670615972594 0.4 0
1670615981897 0.4 0
1670615990530 0.4 0
1670615998625 0.4 0
1670616007176 0.4 0
1670616015532 0.4 0
1670616024188 0.4 0
1670616033386 0.4 0
1670616041689 0.4 0
1670616050124 0.4 0
1670616058790 0.4 0
1670616067676 0.4 0
1670616076474 0.4 0
1670616085514 0.3999 0
1670616094119 0.4 0
1670616102886 0.4 0
1670616112121 0.4 0
1670616121094 0.4 0
1670616130441 0.4 0
1670616139917 0.4 0
1670616149145 0.4 0
1670616158425 0.4 0
1670616167409 0.4 0
1670616176222 0.4 0
1670616185224 0.4 0
1670616194212 0.4 0
1670616203176 0.4 0
1670616212160 0.4 0
1670616221201 0.4 0
1670616229676 0.4 0
1670616238743 0.4 0
1670616248021 0.4 0
1670616257073 0.4 0
1670616266053 0.4 0
1670616275131 0.4 0
1670616283803 0.4 0
1670616292090 0.4 0
1670616300841 0.4 0
1670616309030 0.4 0
1670616317028 0.4 0
1670616325246 0.4 0
1670616333591 0.4 0
1670616342055 0.4 0
1670616350486 0.4 0
1670616358740 0.4 0
1670616367690 0.4 0
1670616375889 0.4 0
1670616383707 0.4 0
1670616392148 0.4 0
1670616400409 0.4 0
1670616409191 0.4 0
1670616417135 0.4 0
1670616424267 0.4 0
1670616433187 0.4 0
1670616441921 0.4 0
1670616450604 0.4 0
1670616458982 0.4 0
1670616467679 0.4 0
1670616475541 0.4 0
1670616484083 0.4 0
1670616492732 0.4 0
1670616501410 0.4 0
1670616510343 0.4 0
1670616518992 0.4 0
1670616527573 0.4 0
1670616535990 0.4 0
1670616544127 0.4 0
1670616552256 0.4 0
1670616560382 0.4 0
1670616568605 0.4 0
1670616576552 0.3999 0
1670616584476 0.4 0
1670616592483 0.4 0
1670616600014 0.4 0
1670616607737 0.4 0
