1670599374009 0.0 0
1670599375963 0.0 0
1670599378277 0.0 0
1670599380128 0.0 0
1670599382269 0.0 0
1670599384432 0.0 0
1670599386764 0.0 0
1670599388683 0.0 0
1670599390462 0.0 0
1670599392305 0.0 0
1670599394267 0.0 0
1670599396491 0.0 0
1670599398787 0.0 0
1670599400787 0.0 0
1670599403113 0.0 0
1670599405060 0.0 0
1670599407336 0.0 0
1670599409635 0.0 0
1670599411838 0.0 0
1670599413919 0.0 0
1670599415674 0.0 0
1670599417618 0.0 0
1670599419663 0.0 0
1670599421682 0.0 0
1670599424029 0.0 0
1670599426242 0.0 0
1670599428621 0.0 0
1670599430729 0.0 0
1670599432933 0.0 0
1670599434885 0.0 0
1670599436751 0.0 0
1670599438806 0.0 0
1670599441111 0.0 0
1670599443219 0.0 0
1670599445272 0.0 0
1670599447522 0.0 0
1670599449291 0.0 0
1670599451146 0.0 0
1670599453279 0.0 0
1670599455304 0.0 0
1670599457401 0.0 0
1670599459435 0.0 0
1670599461491 0.0 0
1670599463689 0.0 0
1670599465885 0.0 0
1670599467843 0.0 0
1670599469869 0.0 0
1670599471884 0.0 0
1670599473988 0.0 0
1670599476077 0.0 0
1670599478282 0.0 0
1670599480082 0.0 0
1670599482347 0.0 0
1670599485055 0.0 0
1670599487469 0.0 0
1670599489627 0.0 0
1670599491671 0.0 0
1670599493913 0.0 0
1670599495772 0.0 0
1670599497708 0.0 0
1670599499867 0.0 0
1670599502019 0.0 0
1670599503990 0.0 0
1670599506083 0.0 0
1670599508199 0.0 0
1670599510061 0.0 0
1670599511861 0.0 0
1670599514113 0.0 0
1670599516002 0.0 0
1670599517950 0.0 0
1670599520232 0.0 0
1670599522356 0.0 0
1670599524545 0.0 0
1670599526673 0.0 0
1670599528837 0.0 0
1670599530718 0.0 0
1670599532978 0.0 0
1670599534828 0.0 0
1670599536894 0.0 0
1670599539104 0.0 0
1670599541099 0.0 0
1670599543250 0.0 0
1670599545625 0.0 0
1670599547634 0.0 0
1670599549662 0.0 0
1670599551738 0.0 0
1670599553567 0.0 0
1670599555690 0.0 0
1670599557711 0.0 0
1670599559990 0.0 0
1670599562435 0.0 0
1670599564631 0.0 0
1670599566720 0.0 0
1670599569127 0.0 0
1670599571030 0.0 0
1670599573021 0.0 0
1670599575643 0.0 0
1670599578363 0.0 0
1670599580647 0.0 0
1670599583027 0.0 0
1670599585229 0.0 0
