1670596106513 0.0 0
1670596108387 0.0 0
1670596110545 0.0 0
1670596112906 0.0 0
1670596114925 0.0 0
1670596116910 0.0 0
1670596119144 0.0 0
1670596121082 0.0 0
1670596123236 0.0 0
1670596125372 0.0 0
1670596127273 0.0 0
1670596129381 0.0 0
1670596131416 0.0 0
1670596133464 0.0 0
1670596135609 0.0 0
1670596137510 0.0 0
1670596139345 0.0 0
1670596141104 0.0 0
1670596142968 0.0 0
1670596144955 0.0 0
1670596147019 0.0 0
1670596148830 0.0 0
1670596150492 0.0 0
1670596152463 0.0 0
1670596154153 0.0 0
1670596156186 0.0 0
1670596158123 0.0 0
1670596160164 0.0 0
1670596162139 0.0 0
1670596164076 0.0 0
1670596166437 0.0 0
1670596168699 0.0 0
1670596170636 0.0 0
1670596172979 0.0 0
1670596175047 0.0 0
1670596177004 0.0 0
1670596178826 0.0 0
1670596180767 0.0 0
1670596182483 0.0 0
1670596184572 0.0 0
1670596186432 0.0 0
1670596188480 0.0 0
1670596190502 0.0 0
1670596192291 0.0 0
1670596194283 0.0 0
1670596196356 0.0 0
1670596198507 0.0 0
1670596200881 0.0 0
1670596202718 0.0 0
1670596204574 0.0 0
1670596206617 0.0 0
1670596208269 0.0 0
1670596209817 0.0 0
1670596211402 0.0 0
1670596213174 0.0 0
1670596214731 0.0 0
1670596216786 0.0 0
1670596218680 0.0 0
1670596220722 0.0 0
1670596222817 0.0 0
1670596225266 0.0 0
1670596227274 0.0 0
1670596229308 0.0 0
1670596231315 0.0 0
1670596233123 0.0 0
1670596234990 0.0 0
1670596236726 0.0 0
1670596238637 0.0 0
1670596240475 0.0 0
1670596242416 0.0 0
1670596244465 0.0 0
1670596246236 0.0 0
1670596248356 0.0 0
1670596250213 0.0 0
1670596252333 0.0 0
1670596254225 0.0 0
1670596256273 0.0 0
1670596258288 0.0 0
1670596260383 0.0 0
1670596262487 0.0 0
1670596264682 0.0 0
1670596266925 0.0 0
1670596268507 0.0 0
1670596270165 0.0 0
1670596271796 0.0 0
1670596273334 0.0 0
1670596275350 0.0 0
1670596277120 0.0 0
1670596279233 0.0 0
1670596281409 0.0 0
1670596283432 0.0 0
1670596285392 0.0 0
1670596287292 0.0 0
1670596289068 0.0 0
1670596290993 0.0 0
1670596293127 0.0 0
1670596294850 0.0 0
1670596296822 0.0 0
1670596298634 0.0 0
1670596300226 0.0 0
1670596302099 0.0 0
1670596303978 0.0 0
