1670596108392 0.0 0
1670596110550 0.0 0
1670596112911 0.0 0
1670596114930 0.0 0
1670596116915 0.0 0
1670596119156 0.0 0
1670596121087 0.0 0
1670596123242 0.0 0
1670596125377 0.0 0
1670596127279 0.0 0
1670596129388 0.0 0
1670596131424 0.0 0
1670596133469 0.0 0
1670596135616 0.0 0
1670596137517 0.0 0
1670596139350 0.0 0
1670596141109 0.0 0
1670596142975 0.0 0
1670596144961 0.0 0
1670596147025 0.0 0
1670596148835 0.0 0
1670596150501 0.0 0
1670596152469 0.0 0
1670596154162 0.0 0
1670596156200 0.0 0
1670596158130 0.0 0
1670596160169 0.0 0
1670596162144 0.0 0
1670596164081 0.0 0
1670596166443 0.0 0
1670596168704 0.0 0
1670596170641 0.0 0
1670596172985 0.0 0
1670596175053 0.0 0
1670596177009 0.0 0
1670596178845 0.0 0
1670596180772 0.0 0
1670596182489 0.0 0
1670596184578 0.0 0
1670596186438 0.0 0
1670596188486 0.0 0
1670596190507 0.0 0
1670596192296 0.0 0
1670596194289 0.0 0
1670596196361 0.0 0
1670596198514 0.0 0
1670596200887 0.0 0
1670596202726 0.0 0
1670596204579 0.0 0
1670596206623 0.0 0
1670596208275 0.0 0
1670596209823 0.0 0
1670596211408 0.0 0
1670596213179 0.0 0
1670596214737 0.0 0
1670596216792 0.0 0
1670596218696 0.0 0
1670596220727 0.0 0
1670596222822 0.0 0
1670596225276 0.0 0
1670596227279 0.0 0
1670596229313 0.0 0
1670596231320 0.0 0
1670596233128 0.0 0
1670596234995 0.0 0
1670596236731 0.0 0
1670596238642 0.0 0
1670596240480 0.0 0
1670596242421 0.0 0
1670596244470 0.0 0
1670596246364 0.0 0
1670596248373 0.0 0
1670596250219 0.0 0
1670596252340 0.0 0
1670596254230 0.0 0
1670596256278 0.0 0
1670596258293 0.0 0
1670596260389 0.0 0
1670596262492 0.0 0
1670596264687 0.0 0
1670596266931 0.0 0
1670596268517 0.0 0
1670596270171 0.0 0
1670596271802 0.0 0
1670596273342 0.0 0
1670596275355 0.0 0
1670596277125 0.0 0
1670596279238 0.0 0
1670596281414 0.0 0
1670596283440 0.0 0
1670596285397 0.0 0
1670596287298 0.0 0
1670596289073 0.0 0
1670596290998 0.0 0
1670596293133 0.0 0
1670596294855 0.0 0
1670596296827 0.0 0
1670596298640 0.0 0
1670596300231 0.0 0
1670596302105 0.0 0
1670596303997 0.0 0
