1670632292903 nan 0
1670632298808 nan 0
1670632304824 0.00027560793465560983 0
1670632310665 0.00044423121683164786 0
1670632316506 0.00038319971522645437 0
1670632321987 0.0005679658809240684 0
1670632327593 0.0007264247316129736 0
1670632333440 0.0006681470090451913 0
1670632338905 0.0006725876779709311 0
1670632345100 0.0006328116635066978 0
1670632350774 0.000599406564213429 0
1670632356377 0.0005767032817467773 0
1670632361972 0.0005520835625493389 0
1670632367345 0.0005303982266122503 0
1670632372870 0.0005111036460471985 0
1670632378490 0.00050867945824455 0
1670632384084 0.0005350826223792883 0
1670632390003 0.0005261317947070879 0
1670632395599 0.000545793897985814 0
1670632401272 0.0005308434961063954 0
1670632406813 0.0005170598475439955 0
1670632412534 0.0005319171067323551 0
1670632418301 0.0005248645443361407 0
1670632423846 0.0005350236562291263 0
1670632429486 0.0005237652180756685 0
1670632435237 0.0005131910789089764 0
1670632440757 0.0005032344355793473 0
1670632446150 0.0005014568308606225 0
1670632451650 0.0004895988464154234 0
1670632457146 0.00048183650612275696 0
1670632462668 0.0004744317419556226 0
1670632468240 0.00046735793958063287 0
1670632472937 0.00046361147799435547 0
1670632478586 0.000459873969307929 0
1670632484192 0.00045615679262098587 0
1670632489738 0.0004502308353703613 0
1670632495241 0.00044452935147426726 0
1670632500032 0.00044543487970042793 0
1670632504745 0.00045334098304381843 0
1670632509879 0.00045006900777399883 0
1670632515235 0.00045656240326024647 0
1670632521088 0.0004530624902334777 0
1670632527197 0.0004482881520086761 0
1670632532751 0.00044366029003694413 0
1670632538174 0.0004405748828145117 0
1670632543906 0.0004460291526561888 0
1670632549619 0.0004607392050166768 0
1670632554733 0.00045634235675047323 0
1670632560307 0.00045335793005352675 0
1670632566120 0.00044922802477883304 0
1670632571655 0.0004540549161563759 0
1670632577160 0.00045831896581373344 0
1670632582816 0.0004552461692835262 0
1670632588652 0.0004569159389285734 0
1670632594189 0.00045402139180616193 0
1670632599868 0.00045043473874946947 0
1670632605643 0.00044769619424884187 0
1670632611239 0.00044933904213543115 0
1670632616817 0.0004459366751957045 0
1670632622264 0.00044734228994816486 0
1670632627484 0.0004485386404916355 0
1670632632749 0.0004452177983881049 0
1670632637513 0.0004419690944652628 0
1670632642571 0.0004387899768183607 0
1670632647819 0.0004430642769500836 0
