1670610881559 0.04658941736691824 0
1670610882183 0.02234189996094127 0
1670610883056 0.022571948965830257 0
1670610884016 0.03493567776914386 0
1670610884656 0.029529593164991597 0
1670610885484 0.03480953930252184 0
1670610886447 0.03344083685695087 0
1670610887278 0.03237746437932487 0
1670610887979 0.030177549618055965 0
1670610889232 0.02834076340407421 0
1670610889990 0.027858758414732954 0
1670610890751 0.026669103833492747 0
1670610891645 0.02591789132762934 0
1670610892388 0.025661421959971786 0
1670610893267 0.02501601471514825 0
1670610894032 0.026387534094599818 0
1670610894743 0.026091244393023794 0
1670610895729 0.025899808437152783 0
1670610896579 0.02781229180908984 0
1670610897250 0.027976184631086864 0
1670610898061 0.028339598857895387 0
1670610898916 0.02847481787508055 0
1670610899703 0.028143297871911166 0
1670610900275 0.02751226242140259 0
1670610900962 0.026981515275925627 0
1670610901752 0.027440968069402882 0
1670610902553 0.027667037802459937 0
1670610903082 0.027140898679915648 0
1670610903616 0.025902046247934907 0
1670610904454 0.025897179419873906 0
1670610904971 0.025496245427771957 0
1670610905683 0.025127472407324603 0
1670610906659 0.025051253238766003 0
1670610907744 0.025277924200566848 0
1670610908602 0.025262044840242526 0
1670610909667 0.02515832299718601 0
1670610910594 0.024975400313950735 0
1670610911444 0.024793069012046143 0
1670610911997 0.024637664621131372 0
1670610912581 0.025588990768536823 0
1670610913339 0.02629589705853197 0
1670610914165 0.026088046834538248 0
1670610915195 0.025853427717793975 0
1670610915837 0.025565153165942656 0
1670610916586 0.025887041174004866 0
1670610917802 0.02573595349334512 0
1670610918628 0.025519460604858102 0
1670610919547 0.025266592876863614 0
1670610920262 0.025014259991831822 0
1670610921103 0.024787697050966173 0
1670610921794 0.02455188846739631 0
1670610922623 0.02494872343425658 0
1670610923286 0.024802945840162627 0
1670610924069 0.024602464830795423 0
1670610925071 0.024513001422214686 0
1670610925830 0.024365291617138407 0
1670610926687 0.024509374845962384 0
1670610927485 0.024967567278453506 0
1670610928325 0.025629151664098515 0
1670610929188 0.02593560313748755 0
1670610929976 0.025820574708225075 0
1670610930664 0.025654877521996133 0
1670610931551 0.025453867635909067 0
1670610932502 0.025302267634547793 0
1670610932895 0.02511144004978383 0
1670610933499 0.025004969637051122 0
1670610934008 0.024971676569026102 0
1670610934921 0.024806652021698183 0
1670610935824 0.024637744171074005 0
1670610936965 0.024992464607605847 0
1670610937847 0.024974769097603877 0
1670610938481 0.02509206856563495 0
1670610938935 0.024927051828909086 0
1670610939424 0.024778293732540813 0
1670610939973 0.025216777694251236 0
1670610940761 0.025052537266475827 0
1670610941337 0.024903609417211592 0
1670610942081 0.024997348923104235 0
1670610942613 0.024924529763016512 0
1670610943515 0.024797751970651927 0
1670610944493 0.024716496474115668 0
1670610945428 0.024607177645209366 0
1670610946337 0.02452663063810734 0
1670610947212 0.024393922310400717 0
1670610947939 0.02455274592801393 0
1670610948940 0.02442575263560609 0
1670610949789 0.024387165544451306 0
1670610950824 0.024352251158669125 0
1670610951580 0.02421698789100335 0
1670610952545 0.024083559992639225 0
1670610953618 0.02395268825801511 0
1670610954513 0.024024724089642402 0
1670610955702 0.02390194650108446 0
1670610956630 0.02386821281015894 0
1670610957825 0.02385592191622876 0
1670610958838 0.02374091365503761 0
1670610959959 0.023878306769248514 0
1670610960495 0.02375952213340904 0
1670610960978 0.023655082764251767 0
1670610961495 0.023564335242962864 0
1670610961919 0.023479917594482758 0
1670610962976 0.023390039894688686 0
1670610964107 0.02404445063299776 0
1670610965213 0.02396467772675326 0
1670610965925 0.0239379591594322 0
1670610966960 0.02385241067621946 0
1670610967775 0.02374954490939596 0
1670610968851 0.02380122612106228 0
1670610969877 0.023725048364308443 0
1670610970337 0.023620616755942625 0
1670610971322 0.02353132102753397 0
1670610972498 0.023453307224540754 0
1670610973283 0.023365786133107802 0
1670610974201 0.023265162645671245 0
1670610974831 0.023463871587024343 0
1670610975252 0.02349119084096618 0
1670610975672 0.02384929996798968 0
1670610976549 0.023811772624561245 0
1670610977640 0.02390685708807061 0
1670610978434 0.02390724305821712 0
1670610979289 0.023824403071402434 0
1670610980263 0.02446470410926238 0
1670610981166 0.024373997982888085 0
1670610982212 0.024373210880088925 0
1670610983189 0.024301252443383214 0
1670610984124 0.024331475970106764 0
1670610985112 0.024685413537645196 0
1670610985747 0.02459478667517001 0
1670610986899 0.02450181300316534 0
1670610987691 0.02446310927077988 0
1670610988493 0.024390170785516974 0
1670610989719 0.024483500400224956 0
1670610990598 0.02458824280815275 0
1670610991337 0.024785161293875757 0
1670610991917 0.024698722840294507 0
