1670574986197 nan 0
1670574987883 nan 0
1670574989742 nan 0
1670574991366 nan 0
1670574993231 nan 0
1670574995195 nan 0
1670574996652 nan 0
1670574998525 nan 0
1670575000456 1.1102230246251565e-16 0
1670575001944 1.1102230246251565e-16 0
1670575003626 nan 0
1670575005456 nan 0
1670575007538 nan 0
1670575009510 1.1102230246251565e-16 0
1670575011525 nan 0
1670575013392 nan 0
1670575015332 1.1102230246251565e-16 0
1670575017512 1.1102230246251565e-16 0
1670575019674 1.1102230246251565e-16 0
1670575021538 1.1102230246251565e-16 0
1670575023759 1.1102230246251565e-16 0
1670575025422 2.220446049250313e-16 0
1670575027341 nan 0
1670575029071 1.1102230246251565e-16 0
1670575030994 1.1102230246251565e-16 0
1670575032381 2.220446049250313e-16 0
1670575034491 2.220446049250313e-16 0
1670575036440 2.220446049250313e-16 0
1670575038628 2.220446049250313e-16 0
1670575041018 3.3306690738754696e-16 0
1670575043604 nan 0
1670575045881 nan 0
1670575048349 0.00011038368523674791 0
1670575050750 0.00010884243532838234 0
1670575052535 0.0001073639194864584 0
1670575054491 0.00010594399916430408 0
1670575057145 0.00010457890777099133 0
1670575059480 0.0001032652088172048 0
1670575061288 0.00010199975966984631 0
1670575063664 0.00010077968004951199 0
1670575065853 9.960232455480389e-05 0
1670575067699 9.846525862033939e-05 0
1670575069845 9.736623741263273e-05 0
1670575071953 9.630318724929143e-05 0
1670575074268 9.527418919308417e-05 0
1670575076512 9.427746452617125e-05 0
1670575078560 9.33113618557524e-05 0
1670575080978 9.237434563885705e-05 0
1670575083400 9.146498594519992e-05 0
1670575085652 9.058194930389174e-05 0
1670575087822 8.9723990500723e-05 0
1670575089766 8.888994521161209e-05 0
1670575091969 8.807872337335265e-05 0
1670575094652 8.728930320645034e-05 0
1670575096813 8.652072581494252e-05 0
1670575099385 8.577209029897448e-05 0
1670575101572 8.504254932395483e-05 0
1670575103885 8.433130509560849e-05 0
1670575105686 8.363760569901624e-05 0
1670575107622 8.296074176272761e-05 0
1670575109267 8.230004341419628e-05 0
1670575111026 8.165487749761668e-05 0
1670575112947 8.102464502712792e-05 0
1670575115005 8.040877885290287e-05 0
1670575116726 7.980674151891742e-05 0
1670575118293 7.92180232940809e-05 0
1670575120050 7.864214036090722e-05 0
1670575121344 7.807863314651664e-05 0
1670575123490 7.752706478303395e-05 0
1670575125381 7.69870196859479e-05 0
1670575127570 7.645810223966265e-05 0
1670575129441 7.593993558080436e-05 0
1670575131217 7.543216047117829e-05 0
1670575132445 7.49344342519942e-05 0
1670575133865 7.444642987342043e-05 0
1670575135339 7.396783499208359e-05 0
1670575136951 7.349835113207304e-05 0
1670575138697 7.303769290323281e-05 0
1670575140583 7.258558727302189e-05 0
1670575142556 7.214177288694668e-05 0
1670575144134 0.00010077968004951199 0
1670575145780 0.00010018581862769604 0
1670575147744 9.960232455480389e-05 0
1670575149126 9.902889991231234e-05 0
1670575150582 9.846525862033939e-05 0
1670575152562 9.791112584001116e-05 0
1670575154368 9.736623741263273e-05 0
1670575156029 9.683033933211016e-05 0
1670575157502 9.630318724929143e-05 0
1670575159200 9.578454600556174e-05 0
1670575160605 9.527418919308417e-05 0
1670575162412 9.477189874124159e-05 0
1670575164259 9.427746452617125e-05 0
1670575166244 9.379068400244828e-05 0
1670575167871 9.33113618557524e-05 0
1670575169289 9.283930967435294e-05 0
1670575170817 9.237434563885705e-05 0
1670575172810 9.191629422883318e-05 0
1670575174568 9.146498594519992e-05 0
1670575176366 9.102025704726957e-05 0
1670575177950 9.058194930389174e-05 0
1670575179368 9.014990975758641e-05 0
1670575180846 8.9723990500723e-05 0
1670575182912 8.93040484633012e-05 0
1670575184603 8.888994521161209e-05 0
1670575186240 8.84815467567801e-05 0
1670575187613 8.807872337335265e-05 0
1670575189163 8.768134942616079e-05 0
1670575191376 8.728930320645034e-05 0
1670575192589 8.69024667752849e-05 0
1670575194110 8.652072581494252e-05 0
1670575195339 8.614396948730674e-05 0
1670575197082 8.577209029897448e-05 0
1670575199068 8.540498397252572e-05 0
1670575200856 8.504254932395483e-05 0
1670575202146 8.468468814581964e-05 0
1670575203615 8.433130509560849e-05 0
1670575205244 8.398230758915881e-05 0
1670575206955 8.363760569901624e-05 0
1670575208326 8.329711205729007e-05 0
1670575209992 8.296074176272761e-05 0
1670575211798 8.262841229184081e-05 0
1670575213416 8.230004341419628e-05 0
1670575214668 8.197555711103588e-05 0
1670575216764 8.165487749761668e-05 0
1670575218361 8.133793074860396e-05 0
1670575220179 8.102464502712792e-05 0
1670575222351 8.071495041606092e-05 0
1670575224014 8.040877885290287e-05 0
1670575225535 8.010606406694265e-05 0
1670575226965 7.980674151891742e-05 0
1670575228824 7.951074834355865e-05 0
1670575230663 7.92180232940809e-05 0
1670575232612 7.892850668889118e-05 0
1670575234352 7.864214036090722e-05 0
1670575236322 7.835886760804156e-05 0
1670575237955 7.807863314651664e-05 0
1670575239382 7.780138306534568e-05 0
1670575240626 7.752706478303395e-05 0
1670575241802 9.427746452617125e-05 0
1670575243532 9.395210596840897e-05 0
1670575245270 9.36300906882459e-05 0
1670575246766 9.33113618557524e-05 0
1670575247960 9.299586398336945e-05 0
1670575249428 9.26835428853301e-05 0
