1670610598152 0.0 0
1670610599687 0.0 0
1670610601164 0.0 0
1670610602965 0.0 0
1670610604286 0.0 0
1670610605551 0.0 0
1670610607089 0.0 0
1670610608583 0.0 0
1670610610151 0.0 0
1670610611501 0.0 0
1670610613074 0.0 0
1670610614698 0.0 0
1670610616173 0.0 0
1670610617448 0.0 0
1670610619113 0.0 0
1670610620609 0.0 0
1670610622272 0.0 0
1670610623820 0.0 0
1670610625172 0.0 0
1670610626408 0.0 0
1670610627847 0.0 0
1670610629061 0.0 0
1670610630410 0.0 0
1670610632055 0.0 0
1670610634124 0.0 0
1670610635942 0.0 0
1670610637341 0.0 0
1670610639511 0.0 0
1670610641624 0.0 0
1670610643236 0.0 0
1670610644867 0.0 0
1670610646767 0.0 0
1670610648143 0.0 0
1670610650229 0.0 0
1670610651871 0.0 0
1670610653453 0.0 0
1670610655265 0.0 0
1670610656982 0.0 0
1670610658853 0.0 0
1670610660718 0.0 0
1670610662373 0.0 0
1670610663903 0.0 0
1670610665429 0.0 0
1670610666900 0.0 0
1670610668472 0.0 0
1670610669818 0.0 0
1670610671532 0.0 0
1670610672865 0.0 0
1670610674499 0.0 0
1670610675898 0.0 0
1670610677272 0.0 0
1670610679266 0.0 0
1670610680690 0.0 0
1670610682219 0.0 0
1670610683902 0.0 0
1670610685994 0.0 0
1670610687663 0.0 0
1670610689266 0.0 0
1670610691030 0.0 0
1670610692720 0.0 0
1670610694887 0.0 0
1670610696821 0.0 0
1670610698217 0.0 0
1670610699382 0.0 0
1670610701209 0.0 0
1670610702951 0.0 0
1670610704793 0.0 0
1670610706559 0.0 0
1670610708014 0.0 0
1670610709841 0.0 0
1670610711196 0.0 0
1670610712916 0.0 0
1670610714998 0.0 0
1670610716284 0.0 0
1670610717896 0.0 0
1670610719290 0.0 0
1670610720799 0.0 0
1670610722629 0.0 0
1670610724178 0.0 0
1670610725340 0.0 0
1670610727369 0.0 0
1670610728954 0.0 0
1670610730565 0.0 0
1670610732529 0.0 0
1670610734235 0.0 0
1670610736093 0.0 0
1670610737553 0.0 0
1670610738878 0.0 0
1670610740394 0.0 0
1670610742323 0.0 0
1670610744413 0.0 0
1670610746707 0.0 0
1670610748647 0.0 0
1670610750190 0.0 0
1670610752071 0.0 0
1670610754101 0.0 0
1670610755595 0.0 0
1670610757682 0.0 0
1670610759431 0.0 0
1670610761196 0.0 0
1670610763703 0.0 0
