1670566197571 0.0 0
1670566197763 0.0 0
1670566198022 0.0 0
1670566198225 0.0 0
1670566198415 0.0 0
1670566198788 0.0 0
1670566199010 0.0 0
1670566199192 0.0 0
1670566199349 0.0 0
1670566199580 0.0 0
1670566199732 0.0 0
1670566199859 0.0 0
1670566200148 0.0 0
1670566200325 0.0 0
1670566200506 0.0 0
1670566200759 0.0 0
1670566201012 0.0 0
1670566201323 0.0 0
1670566201732 0.0 0
1670566202082 0.0 0
1670566202529 0.0 0
1670566202898 0.0 0
1670566203243 0.0 0
1670566203530 0.0 0
1670566204086 0.0 0
1670566204246 0.0 0
1670566204388 0.0 0
1670566204659 0.0 0
1670566204954 0.0 0
1670566205313 0.0 0
1670566205447 0.0 0
1670566205766 0.0 0
1670566205946 0.0 0
1670566206406 0.0 0
1670566206753 0.0 0
1670566207066 0.0 0
1670566207486 0.0 0
1670566207706 0.0 0
1670566208024 0.0 0
1670566208371 0.0 0
1670566208631 0.0 0
1670566208861 0.0 0
1670566209102 0.0 0
1670566209314 0.0 0
1670566209529 0.0 0
1670566209667 0.0 0
1670566209884 0.0 0
1670566210236 0.0 0
1670566210479 0.0 0
1670566210703 0.0 0
1670566210949 0.0 0
1670566211149 0.0 0
1670566211351 0.0 0
1670566211635 0.0 0
1670566212008 0.0 0
1670566212312 0.0 0
1670566212629 0.0 0
1670566212936 0.0 0
1670566213091 0.0 0
1670566213267 0.0 0
1670566213527 0.0 0
1670566213748 0.0 0
1670566214009 0.0 0
1670566214204 0.0 0
1670566214561 0.0 0
1670566214764 0.0 0
1670566214942 0.0 0
1670566215346 0.0 0
1670566215655 0.0 0
1670566215951 0.0 0
1670566216316 0.0 0
1670566216555 0.0 0
1670566216978 0.0 0
1670566217141 0.0 0
1670566217525 0.0 0
1670566217835 0.0 0
1670566218049 0.0 0
1670566218525 0.0 0
1670566218863 0.0 0
1670566219107 0.0 0
1670566219483 0.0 0
1670566219675 0.0 0
1670566220090 0.0 0
1670566220525 0.0 0
1670566220854 0.0 0
1670566221306 0.0 0
1670566221580 0.0 0
1670566221855 0.0 0
1670566222195 0.0 0
1670566222527 0.0 0
1670566222809 0.0 0
1670566222997 0.0 0
1670566223566 0.0 0
1670566223813 0.0 0
1670566224167 0.0 0
1670566224361 0.0 0
1670566224603 0.0 0
1670566224754 0.0 0
1670566225053 0.0 0
1670566225294 0.0 0
1670566225451 0.0 0
1670566225915 0.0 0
