1670639430480 0.0029802798444674644 0
1670639468431 0.0024742193101355008 0
1670639506175 0.0031987456559960177 0
1670639544110 0.0028786761572765856 0
1670639581625 0.0028797795088506455 0
1670639619263 0.0029442428938387414 0
1670639666355 0.0029911344708573387 0
1670639704433 0.0029883022835603826 0
1670639744933 0.0033879817966973934 0
1670639782700 0.0027132868489128156 0
1670639820372 0.0027929632750040997 0
1670639882999 0.003242297212931844 0
1670639920886 0.002767121834376531 0
1670639976716 0.0027436243662846277 0
1670640021490 0.0028345709294980044 0
1670640059552 0.002909664676725563 0
1670640111461 0.0028498947112336006 0
1670640150117 0.003362143914403357 0
1670640207278 0.0028079588156975552 0
1670640315797 0.0028708960467196494 0
1670640353368 0.0027586152606400606 0
1670640390923 0.003215216680032391 0
1670640429899 0.003014380790402225 0
1670640525082 0.003258861767018565 0
1670640564370 0.0028946755390992576 0
1670640602287 0.002921026342515517 0
1670640712335 0.0030056529241236727 0
1670640760030 0.003020787151293771 0
1670640798015 0.003027165420038306 0
1670640836053 0.002812293780494108 0
