1670616739960 0.0 0
1670616748224 0.0 0
1670616756060 0.0004 0
1670616764597 0.0 0
1670616773223 0.0001 0
1670616781161 0.0 0
1670616789478 0.0 0
1670616797636 0.0002 0
1670616805707 0.0 0
1670616813878 0.0002 0
1670616822047 0.0001 0
1670616830142 0.0002 0
1670616837880 0.0001 0
1670616845780 0.0001 0
1670616853894 0.0002 0
1670616861887 0.0001 0
1670616869871 0.0002 0
1670616878051 0.0002 0
1670616886534 0.0001 0
1670616895212 0.0 0
1670616903987 0.0001 0
1670616912183 0.0 0
1670616920511 0.0 0
1670616929278 0.0 0
1670616938427 0.0002 0
1670616946671 0.0 0
1670616954436 0.0 0
1670616962750 0.0002 0
1670616970691 0.0 0
1670616978540 0.0001 0
1670616986107 0.0 0
1670616993797 0.0 0
1670617001815 0.0002 0
1670617009826 0.0002 0
1670617017898 0.0003 0
1670617026198 0.0 0
1670617034018 0.0 0
1670617041691 0.0002 0
1670617049787 0.0 0
1670617058372 0.0001 0
1670617066949 0.0005 0
1670617075560 0.0001 0
1670617082239 0.0001 0
1670617090776 0.0 0
1670617098632 0.0002 0
1670617106845 0.0 0
1670617115551 0.0 0
1670617124079 0.0002 0
1670617131619 0.0 0
1670617139921 0.0003 0
1670617148238 0.0001 0
1670617156719 0.0 0
1670617165216 0.0001 0
1670617173117 0.0 0
1670617180207 0.0001 0
1670617187400 0.0001 0
1670617194190 0.0001 0
1670617200224 0.0 0
1670617206023 0.0001 0
1670617211662 0.0001 0
1670617217427 0.0003 0
1670617223159 0.0002 0
1670617228819 0.0 0
1670617234571 0.0 0
1670617241072 0.0001 0
1670617247646 0.0003 0
1670617254149 0.0002 0
1670617260630 0.0001 0
1670617267142 0.0 0
1670617273361 0.0 0
1670617279556 0.0002 0
