1670697196203 0.0 0
1670697197726 0.0 0
1670697199281 0.0 0
1670697200815 0.0 0
1670697202322 0.0 0
1670697203853 0.0 0
1670697205388 0.0 0
1670697206909 0.0 0
1670697208462 0.0 0
1670697209984 0.0 0
1670697211544 0.0 0
1670697213064 0.0 0
1670697214578 0.0 0
1670697216105 0.0 0
1670697217625 0.0 0
1670697219145 0.0 0
1670697220645 0.0 0
1670697222144 0.0 0
1670697223790 0.0 0
1670697225218 0.0 0
1670697226625 0.0 0
1670697228104 0.0 0
1670697229664 0.0 0
1670697231110 0.0 0
1670697232537 0.0 0
1670697233976 0.0 0
1670697235437 0.0 0
1670697236876 0.0 0
1670697238295 0.0 0
1670697239689 0.0 0
1670697241126 0.0 0
1670697242667 0.0 0
1670697244198 0.0 0
1670697245773 0.0 0
1670697247292 0.0 0
1670697248875 0.0 0
1670697250429 0.0 0
1670697252120 0.0 0
1670697253716 0.0 0
1670697255237 0.0 0
1670697256765 0.0 0
1670697258288 0.0 0
1670697259821 0.0 0
1670697261341 0.0 0
1670697262839 0.0 0
1670697264333 0.0 0
1670697265835 0.0 0
1670697267362 0.0 0
1670697269103 0.0 0
1670697270607 0.0 0
1670697272020 0.0 0
1670697273489 0.0 0
1670697274914 0.0 0
1670697276335 0.0 0
1670697277753 0.0 0
1670697279165 0.0 0
1670697280570 0.0 0
1670697281990 0.0 0
1670697283406 0.0 0
1670697284829 0.0 0
1670697286283 0.0 0
1670697287717 0.0 0
1670697289129 0.0 0
1670697290522 0.0 0
1670697291938 0.0 0
1670697293386 0.0 0
1670697294829 0.0 0
1670697296249 0.0 0
1670697297655 0.0 0
1670697299041 0.0 0
1670697300432 0.0 0
1670697301827 0.0 0
1670697303217 0.0 0
1670697304623 0.0 0
1670697306036 0.0 0
1670697307443 0.0 0
1670697308854 0.0 0
1670697310249 0.0 0
1670697311667 0.0 0
1670697313064 0.0 0
1670697314497 0.0 0
1670697316048 0.0 0
1670697317588 0.0 0
1670697319133 0.0 0
1670697320682 0.0 0
1670697322205 0.0 0
1670697323763 0.0 0
1670697325301 0.0 0
1670697326852 0.0 0
1670697328409 0.0 0
1670697329966 0.0 0
1670697331523 0.0 0
1670697333077 0.0 0
1670697334670 0.0 0
1670697336214 0.0 0
1670697337775 0.0 0
1670697339166 0.0 0
1670697340504 0.0 0
1670697341860 0.0 0
1670697343200 0.0 0
1670697344542 0.0 0
1670697345892 0.0 0
