1670619088379 0.041748958419705474 0
1670619093517 0.024096806524926864 0
1670619098231 0.01544923681506409 0
1670619103408 0.012068137706588863 0
1670619108032 0.0113754466152729 0
1670619112859 0.012328669891680827 0
1670619117694 0.011147514326191404 0
1670619122801 0.012796275008854746 0
1670619127997 0.01198834408117759 0
1670619132977 0.011323155891943798 0
1670619138235 0.010731522137262611 0
1670619143194 0.01022475355786985 0
1670619148043 0.009796924019942227 0
1670619152409 0.00946222944130777 0
1670619157116 0.009166446890277305 0
1670619161848 0.009074753416093526 0
1670619166742 0.00941086437508655 0
1670619171670 0.009462139683329027 0
1670619176723 0.009696935447321711 0
1670619181763 0.009658282088499254 0
1670619186608 0.00953148028369008 0
1670619191732 0.01078087884878487 0
1670619196796 0.011062594590430977 0
1670619201792 0.010814359019512707 0
1670619206828 0.01096655399542433 0
1670619211710 0.010752394088494516 0
1670619216473 0.010562402553005432 0
1670619221326 0.010498842420408133 0
1670619225792 0.010001823120502684 0
1670619230161 0.009952955675331221 0
1670619234192 0.010110635147299762 0
1670619238326 0.010103042357823735 0
1670619242347 0.010155957921165817 0
1670619246956 0.011766410489843365 0
1670619251556 0.011604304190313067 0
1670619256361 0.01164410629223707 0
1670619261392 0.01169133108441206 0
1670619265678 0.011622008052737332 0
1670619270108 0.012472183734602307 0
1670619274744 0.012319803901518711 0
1670619279668 0.012205603102917004 0
1670619284331 0.012066863148078463 0
1670619288828 0.011960457803578045 0
1670619293467 0.012139420190756256 0
1670619298115 0.012008590215313517 0
1670619302598 0.012343936480845155 0
1670619307351 0.012256150904607355 0
1670619312044 0.012130902849364467 0
1670619316922 0.012751544853047858 0
1670619321483 0.01262752448005336 0
1670619326465 0.012508332521439625 0
1670619331181 0.012519735525660158 0
1670619336202 0.01242545320946084 0
1670619341086 0.012322020102784256 0
1670619345631 0.012558415655803526 0
1670619350025 0.012458949656268078 0
1670619354843 0.012361455661478726 0
1670619359588 0.012331577309095787 0
1670619364258 0.012243525424032384 0
1670619369230 0.012181486646117998 0
1670619373809 0.012105214045401366 0
1670619378613 0.012238764816276865 0
1670619383353 0.01232265364302794 0
1670619388148 0.01223103044474061 0
1670619392548 0.012138025166740785 0
1670619397150 0.012059952757841483 0
1670619401953 0.012039801293323965 0
1670619406872 0.012011417356107043 0
1670619411733 0.012018378075431754 0
1670619416259 0.011991479801271035 0
1670619420413 0.011936536169033618 0
1670619424626 0.01190264281482245 0
1670619428370 0.01189391061787877 0
1670619432527 0.011822739564998463 0
1670619437029 0.012021032308038387 0
1670619441605 0.01196444879487954 0
1670619446188 0.012269526532143027 0
1670619450684 0.012320560747387244 0
1670619454575 0.012306623943145911 0
1670619458709 0.012239897455219542 0
1670619462795 0.012244719699744042 0
1670619466937 0.01217270387417528 0
1670619471354 0.0121000623159115 0
1670619475781 0.012070101330150365 0
1670619480064 0.01200635428327404 0
1670619483806 0.012050056089425443 0
1670619487472 0.012047617936086233 0
1670619491043 0.012021636696148238 0
1670619494470 0.012045848208906335 0
1670619498151 0.011986293665910641 0
1670619501811 0.011927598859555522 0
1670619505624 0.011867140962103437 0
1670619509763 0.011878681184165699 0
1670619513744 0.011829604527870713 0
1670619517830 0.011767835111956781 0
1670619521776 0.012068431222149026 0
1670619525589 0.012007669275424598 0
1670619529699 0.011949748968491478 0
1670619533748 0.012003969515319304 0
1670619537727 0.011945100696948416 0
1670619541723 0.011924740791026067 0
