1670638537170 0.0 0
1670638537630 0.0 0
1670638538237 0.0 0
1670638538856 0.0 0
1670638539454 0.0 0
1670638540060 0.0 0
1670638540668 0.0 0
1670638541199 0.0 0
1670638541711 0.0 0
1670638542231 0.0 0
1670638542831 0.0 0
1670638543465 0.0 0
1670638544100 0.0 0
1670638544734 0.0 0
1670638545341 0.0 0
1670638545980 0.0 0
1670638546623 0.0 0
1670638547235 0.0 0
1670638547810 0.0 0
1670638548335 0.0 0
1670638548986 0.0 0
1670638549634 0.0 0
1670638550285 0.0 0
1670638550962 0.0 0
1670638551510 0.0 0
1670638552027 0.0 0
1670638552526 0.0 0
1670638553059 0.0 0
1670638553612 0.0 0
1670638554235 0.0 0
1670638554763 0.0 0
1670638555411 0.0 0
1670638556021 0.0 0
1670638556602 0.0 0
1670638557151 0.0 0
1670638557785 0.0 0
1670638558410 0.0 0
1670638558923 0.0 0
1670638559455 0.0 0
1670638560088 0.0 0
1670638560704 0.0 0
1670638561319 0.0 0
1670638561894 0.0 0
1670638562422 0.0 0
1670638563005 0.0 0
1670638563624 0.0 0
1670638564255 0.0 0
1670638564889 0.0 0
1670638565373 0.0 0
1670638565842 0.0 0
1670638566325 0.0 0
1670638566968 0.0 0
1670638567553 0.0 0
1670638568134 0.0 0
1670638568720 0.0 0
1670638569347 0.0 0
1670638569830 0.0 0
1670638570313 0.0 0
1670638570782 0.0 0
1670638571367 0.0 0
1670638572060 0.0 0
1670638572750 0.0 0
1670638573438 0.0 0
1670638574133 0.0 0
1670638574739 0.0 0
1670638575264 0.0 0
1670638575789 0.0 0
1670638576412 0.0 0
1670638577014 0.0 0
1670638577532 0.0 0
1670638578173 0.0 0
1670638578852 0.0 0
1670638579533 0.0 0
1670638580156 0.0 0
1670638580707 0.0 0
1670638581200 0.0 0
1670638581822 0.0 0
1670638582307 0.0 0
1670638582902 0.0 0
1670638583557 0.0 0
1670638584211 0.0 0
1670638584880 0.0 0
1670638585414 0.0 0
1670638586058 0.0 0
1670638586657 0.0 0
1670638587304 0.0 0
1670638587915 0.0 0
1670638588579 0.0 0
1670638589248 0.0 0
1670638589883 0.0 0
1670638590517 0.0 0
1670638591151 0.0 0
1670638591805 0.0 0
1670638592461 0.0 0
1670638593084 0.0 0
1670638593732 0.0 0
1670638594366 0.0 0
1670638594993 0.0 0
1670638595583 0.0 0
1670638596230 0.0 0
1670638596857 0.0 0
1670638597513 0.0 0
