1670568137373 0.1043 0
1670568140281 0.1054 0
1670568144240 0.1054 0
1670568147738 0.1055 0
1670568150444 0.1049 0
1670568153791 0.1053 0
1670568157421 0.1047 0
1670568160812 0.105 0
1670568164387 0.1049 0
1670568168276 0.106 0
1670568171951 0.1051 0
1670568174939 0.1044 0
1670568177068 0.1048 0
1670568179220 0.1056 0
1670568182864 0.1054 0
1670568186648 0.1051 0
1670568190039 0.1037 0
1670568193482 0.1062 0
1670568197549 0.1053 0
1670568201415 0.1058 0
1670568205540 0.1061 0
1670568209715 0.104 0
1670568213097 0.105 0
1670568216536 0.106 0
1670568220144 0.1044 0
1670568223870 0.1046 0
1670568227631 0.1045 0
1670568231259 0.1051 0
1670568234525 0.1048 0
1670568237521 0.1058 0
1670568240364 0.1055 0
1670568244052 0.1041 0
1670568247579 0.1045 0
1670568250475 0.1048 0
1670568254139 0.1049 0
1670568258098 0.1052 0
1670568262048 0.1041 0
1670568265509 0.1053 0
1670568269126 0.105 0
1670568272926 0.1054 0
1670568275948 0.1042 0
1670568279172 0.1045 0
1670568282692 0.1063 0
1670568286273 0.1056 0
1670568289968 0.1053 0
1670568293157 0.1046 0
1670568296835 0.1053 0
1670568300401 0.1063 0
1670568303821 0.1047 0
1670568306933 0.1051 0
1670568311027 0.1047 0
1670568314918 0.1056 0
1670568318846 0.1054 0
1670568322272 0.1066 0
1670568326303 0.1059 0
1670568330305 0.1041 0
1670568333160 0.1053 0
1670568337184 0.1037 0
1670568340859 0.1058 0
1670568344688 0.1058 0
1670568347920 0.1058 0
1670568351433 0.1047 0
1670568354780 0.1042 0
1670568357841 0.1049 0
1670568361154 0.1055 0
1670568364556 0.1049 0
1670568368574 0.1052 0
1670568371642 0.105 0
1670568374376 0.1049 0
1670568377997 0.1054 0
1670568382063 0.1052 0
1670568385583 0.1049 0
1670568389570 0.1045 0
1670568393683 0.1062 0
1670568396306 0.1045 0
1670568399989 0.1048 0
1670568402825 0.1057 0
1670568406473 0.1055 0
1670568410074 0.1054 0
1670568414273 0.1049 0
1670568416962 0.1053 0
1670568420385 0.1062 0
1670568423636 0.1047 0
1670568427678 0.1054 0
1670568431930 0.1053 0
1670568435819 0.1052 0
1670568439660 0.1043 0
1670568443369 0.105 0
1670568447101 0.105 0
1670568451061 0.1037 0
1670568455185 0.1039 0
1670568458685 0.1053 0
1670568462534 0.1043 0
1670568466036 0.1052 0
1670568469250 0.1047 0
1670568472345 0.1056 0
1670568475880 0.1059 0
1670568478974 0.1046 0
1670568482519 0.1053 0
1670568485833 0.1043 0
1670568489445 0.1047 0
1670568492790 0.1053 0
