1670587493679 nan 0
1670587497029 0.00040565798965480973 0
1670587500092 0.00045006587264571516 0
1670587503401 0.0004155402534734279 0
1670587506432 0.0003532926810552271 0
1670587509659 0.0003424963128634197 0
1670587512234 0.0003291417659064694 0
1670587515138 0.00036235359140584784 0
1670587518347 0.00035336024494295485 0
1670587521460 0.0003437524563599165 0
1670587524341 0.0003281034956942487 0
1670587527772 0.0003144473241218085 0
1670587530696 0.0003101633756171604 0
1670587534287 0.0003053340706773879 0
1670587537164 0.00030025270606312315 0
1670587540272 0.00029297939507784844 0
1670587543122 0.00028901725981504315 0
1670587545975 0.0002849314419328138 0
1670587548883 0.0002800275334547225 0
1670587551717 0.0002767057983384005 0
1670587555057 0.0002983250268704192 0
1670587557807 0.00035522227730019613 0
1670587560992 0.00036324433860964573 0
1670587564142 0.0003602316038817731 0
1670587567278 0.0003531870473466934 0
1670587570154 0.00035053215861797994 0
1670587573153 0.00035749661327595536 0
1670587576082 0.0003629278089952909 0
1670587579339 0.0003417313976635764 0
1670587582264 0.00033645967547024376 0
1670587585195 0.00034101930079851394 0
1670587588379 0.000335976684690831 0
1670587591205 0.00033967143988178756 0
1670587594095 0.0003426478149637304 0
1670587597099 0.0003429504854899544 0
1670587599938 0.00034297068744952044 0
1670587602914 0.00033853403818631894 0
1670587605858 0.00033426510620735746 0
1670587608798 0.00033434480956371824 0
1670587611916 0.0003342179976181757 0
1670587615103 0.0003339133487910787 0
1670587617986 0.0003334553485672834 0
1670587621295 0.00033286498993210443 0
1670587624408 0.00033216033984167706 0
1670587627513 0.00033614375820692494 0
1670587630472 0.0003354822038994595 0
1670587633489 0.0003347275742105988 0
1670587636398 0.0003338920526177868 0
1670587639541 0.00033298628710581353 0
1670587643095 0.00033696485141050995 0
1670587645852 0.0003339910990076085 0
1670587648885 0.00033109382086551025 0
1670587651857 0.0003304297961102353 0
1670587655078 0.0003276935465576071 0
1670587658227 0.00032705208904494745 0
1670587661859 0.0003263528608295951 0
1670587665122 0.0003256024494489727 0
1670587668318 0.0003248067346862534 0
1670587671194 0.00032397097332403186 0
1670587674066 0.00032169090685873873 0
1670587677228 0.0003585456164528405 0
1670587680144 0.00036098951925283765 0
1670587683209 0.0003600683757266482 0
1670587685808 0.0003591154547671329 0
1670587688817 0.00035813444120916455 0
1670587691578 0.00035568804242863445 0
1670587694412 0.0003581018488662224 0
1670587697883 0.0003556903063209317 0
1670587701326 0.0003533264382418618 0
1670587704029 0.00035256837071255347 0
1670587706962 0.0003503045359159435 0
1670587709931 0.00034957124618794657 0
1670587712641 0.00034740101919238136 0
1670587716117 0.0003466914740975622 0
1670587719223 0.00034595729359419077 0
1670587722733 0.00034392217558848183 0
1670587725516 0.00035610542893936174 0
1670587728609 0.0003580165286316945 0
1670587731832 0.0003687650230872934 0
1670587734750 0.0003681139557076684 0
1670587737779 0.00036743834613086024 0
1670587740744 0.00036674031221688565 0
1670587743841 0.0003646806839355613 0
1670587746792 0.0003626551936279345 0
1670587749376 0.0003620140930607164 0
1670587752129 0.00036135315583972185 0
1670587755031 0.0003606740420516414 0
1670587757944 0.00036234164783548005 0
1670587761269 0.00036168808625772263 0
1670587764676 0.0003598339837171 0
1670587768304 0.00035919759240660956 0
1670587771223 0.00035854561645284053 0
1670587774552 0.0003578793242823765 0
1670587777974 0.00035719989764824853 0
1670587781451 0.00036667568602825895 0
1670587784996 0.00036491499190728573 0
1670587788184 0.0003631792291839257 0
1670587791769 0.000361467820212446 0
1670587794579 0.0003608676405852024 0
1670587797496 0.00036954265122586777 0
1670587800806 0.00036893439708989256 0
