1670571349008 0.0033333333333333335 0
1670571349573 0.005 0
1670571350326 0.003 0
1670571351052 0.0026666666666666666 0
1670571351639 0.0036666666666666666 0
1670571352363 0.004 0
1670571353082 0.0026666666666666666 0
1670571353648 0.0036666666666666666 0
1670571354164 0.004333333333333333 0
1670571355081 0.004 0
1670571355806 0.004 0
1670571356406 0.004 0
1670571356988 0.0023333333333333335 0
1670571357578 0.0023333333333333335 0
1670571358316 0.0033333333333333335 0
1670571358916 0.0033333333333333335 0
1670571359598 0.001 0
1670571360233 0.003 0
1670571360886 0.0033333333333333335 0
1670571361447 0.0036666666666666666 0
1670571362078 0.0033333333333333335 0
1670571362886 0.0026666666666666666 0
1670571363348 0.003 0
1670571364014 0.0023333333333333335 0
1670571364679 0.005333333333333333 0
1670571365270 0.003 0
1670571365926 0.005 0
1670571366546 0.005 0
1670571367272 0.0013333333333333333 0
1670571367849 0.0026666666666666666 0
1670571368670 0.003 0
1670571369249 0.0026666666666666666 0
1670571369831 0.004333333333333333 0
1670571370675 0.003 0
1670571371213 0.005 0
1670571371819 0.003 0
1670571372322 0.004 0
1670571372721 0.003 0
1670571373321 0.003 0
1670571373962 0.0036666666666666666 0
1670571374631 0.0026666666666666666 0
1670571375129 0.0026666666666666666 0
1670571375783 0.003 0
1670571376284 0.0033333333333333335 0
1670571376902 0.005666666666666667 0
1670571377501 0.0026666666666666666 0
1670571378038 0.003 0
1670571378590 0.0026666666666666666 0
1670571379121 0.0033333333333333335 0
1670571379957 0.003 0
1670571380539 0.003 0
1670571381353 0.004333333333333333 0
1670571381885 0.0023333333333333335 0
1670571382546 0.0023333333333333335 0
1670571383139 0.0023333333333333335 0
1670571383668 0.004333333333333333 0
1670571384262 0.0033333333333333335 0
1670571384833 0.0026666666666666666 0
1670571385346 0.002 0
1670571385960 0.0013333333333333333 0
1670571386405 0.004666666666666667 0
1670571387007 0.003 0
1670571387661 0.0033333333333333335 0
1670571388392 0.0013333333333333333 0
1670571389063 0.004 0
1670571389523 0.0036666666666666666 0
1670571390165 0.0033333333333333335 0
1670571390832 0.004333333333333333 0
1670571391284 0.0026666666666666666 0
1670571391795 0.004 0
1670571392538 0.0023333333333333335 0
1670571393190 0.0026666666666666666 0
1670571393882 0.004 0
1670571394362 0.003 0
1670571394943 0.0023333333333333335 0
1670571395535 0.003 0
1670571396079 0.0036666666666666666 0
1670571396831 0.004333333333333333 0
1670571397505 0.0023333333333333335 0
1670571398219 0.002 0
1670571398808 0.003 0
1670571399374 0.002 0
1670571399972 0.004 0
1670571400623 0.0036666666666666666 0
1670571401082 0.0023333333333333335 0
1670571401701 0.0023333333333333335 0
1670571402229 0.005 0
1670571402893 0.003 0
1670571403454 0.0026666666666666666 0
1670571404115 0.005 0
1670571404637 0.0036666666666666666 0
1670571405344 0.0026666666666666666 0
1670571406055 0.0023333333333333335 0
1670571406799 0.003 0
1670571407437 0.002 0
1670571408068 0.002 0
1670571408730 0.004 0
1670571409404 0.0036666666666666666 0
1670571410107 0.0036666666666666666 0
1670571410620 0.0026666666666666666 0
1670571411199 0.001 0
1670571411753 0.002 0
1670571412280 0.003 0
1670571412800 0.003 0
