1670636241500 0.0832750915146673 0
1670636272078 0.08773549477113346 0
1670636323397 0.08628016193318575 0
1670636366449 0.08520751731847397 0
1670636420680 0.08496165097099442 0
1670636448124 0.08730190936983995 0
1670636475965 0.08350467649272561 0
1670636526725 0.08446191131236555 0
1670636581231 0.08476746077897518 0
1670636605505 0.08562302187238466 0
1670636629551 0.08256689892667547 0
1670636653561 0.08779055599962926 0
1670636691999 0.08373511644433439 0
1670636715621 0.08396488843521575 0
1670636758530 0.08778425136942533 0
1670636783305 0.08724635076713345 0
1670636822386 0.08533404406637334 0
1670636862457 0.08517809509133478 0
1670636893830 0.0830918373788933 0
1670636931245 0.08604286063572639 0
1670636956073 0.08493587318436474 0
1670636980233 0.08538538994136699 0
1670637006940 0.08821934533511601 0
1670637043356 0.08263775681295173 0
1670637069303 0.08538571382966886 0
1670637095102 0.08689898636857457 0
1670637119360 0.08413286749835579 0
1670637183502 0.0870035109585507 0
1670637226644 0.08706499739641846 0
1670637290656 0.08687387375697236 0
