1670611919255 0.0 0
1670611922540 0.0 0
1670611925359 0.0 0
1670611928041 0.0 0
1670611930930 0.0 0
1670611933789 0.0 0
1670611936471 0.0 0
1670611939437 0.0 0
1670611942708 0.0 0
1670611945558 0.0 0
1670611948393 0.0 0
1670611950964 0.0 0
1670611954039 0.0 0
1670611956059 0.0 0
1670611959261 0.0 0
1670611961997 0.0 0
1670611964757 0.0 0
1670611967916 0.0 0
1670611970381 0.0 0
1670611974102 0.0 0
1670611976734 0.0 0
1670611979348 0.0 0
1670611982845 0.0 0
1670611985995 0.0 0
1670611988210 0.0 0
1670611990352 0.0 0
1670611992838 0.0 0
1670611995012 0.0 0
1670611997356 0.0 0
1670611999675 0.0 0
1670612002617 0.0 0
1670612004744 0.0 0
1670612007262 0.0 0
1670612009575 0.0 0
1670612011710 0.0 0
1670612013810 0.0 0
1670612016199 0.0 0
1670612018326 0.0 0
1670612020514 0.0 0
1670612022920 0.0 0
1670612025261 0.0 0
1670612027671 0.0 0
1670612029687 0.0 0
1670612032279 0.0 0
1670612034525 0.0 0
1670612036405 0.0 0
1670612038503 0.0 0
1670612040385 0.0 0
1670612042633 0.0 0
1670612044353 0.0 0
1670612046573 0.0 0
1670612048632 0.0 0
1670612050807 0.0 0
1670612052641 0.0 0
1670612055224 0.0 0
1670612057464 0.0 0
1670612060079 0.0 0
1670612062674 0.0 0
1670612065440 0.0 0
1670612067847 0.0 0
1670612070503 0.0 0
1670612072915 0.0 0
1670612075032 0.0 0
1670612077472 0.0 0
1670612080134 0.0 0
1670612082340 0.0 0
1670612084667 0.0 0
1670612086856 0.0 0
1670612089081 0.0 0
1670612091299 0.0 0
1670612093562 0.0 0
1670612095462 0.0 0
1670612097712 0.0 0
1670612099811 0.0 0
1670612101930 0.0 0
1670612104358 0.0 0
1670612106296 0.0 0
1670612108308 0.0 0
1670612110350 0.0 0
1670612112768 0.0 0
1670612115725 0.0 0
1670612117908 0.0 0
1670612120114 0.0 0
1670612122460 0.0 0
1670612124729 0.0 0
1670612126820 0.0 0
1670612129749 0.0 0
1670612132822 0.0 0
1670612135613 0.0 0
1670612137951 0.0 0
1670612140358 0.0 0
1670612143300 0.0 0
1670612145915 0.0 0
1670612148659 0.0 0
1670612151541 0.0 0
1670612154520 0.0 0
1670612156805 0.0 0
1670612159312 0.0 0
1670612161383 0.0 0
1670612163474 0.0 0
1670612165826 0.0 0
1670612168139 0.0 0
