1670643974574 0.21973864653697486 0
1670643986061 0.22724681777120875 0
1670643997498 0.23243627459088986 0
1670644008953 0.22058170089390028 0
1670644029791 0.22946354709375402 0
1670644050356 0.22702365239018807 0
1670644061850 0.2344409890442378 0
1670644073311 0.22866112396951194 0
1670644084751 0.22994902184986474 0
1670644096200 0.22224666043416882 0
1670644128078 0.2254667562057005 0
1670644139554 0.21905712454116816 0
1670644159345 0.22371102004355678 0
1670644180733 0.23206492433042794 0
1670644192224 0.23165758123685937 0
1670644203701 0.22335741984309943 0
1670644215243 0.2296134450679268 0
1670644226739 0.22733951866683494 0
1670644241248 0.22755385580678164 0
1670644252745 0.22807505836817013 0
1670644266441 0.2257025456302091 0
1670644278159 0.22420795410141026 0
1670644307333 0.22610806717478665 0
1670644330686 0.22789589935085772 0
1670644345493 0.22469350163756646 0
1670644357054 0.2262388385189667 0
1670644376901 0.22275414143614863 0
1670644389078 0.22502739474158168 0
1670644409913 0.23320049072429683 0
1670644421323 0.22233151825994552 0
