1670583769198 0.008470803157621389 0
1670583770074 0.003577567193243463 0
1670583770885 0.0031379343745820496 0
1670583771695 0.005235315097273496 0
1670583772600 0.00675900765973313 0
1670583773424 0.006005000730557241 0
1670583774444 0.00658283531812939 0
1670583775277 0.006082553534670196 0
1670583776272 0.005660919923584067 0
1670583777129 0.005330181945868949 0
1670583778165 0.0067805850744348094 0
1670583778924 0.006449674671392019 0
1670583779591 0.006197293393520922 0
1670583780389 0.006063376365167974 0
1670583781058 0.005880294643228683 0
1670583782002 0.005712671765720611 0
1670583782884 0.005953630019609029 0
1670583783879 0.005772529356838651 0
1670583784647 0.005655469941010991 0
1670583785641 0.005589308686912759 0
1670583786517 0.005469201393956251 0
1670583787216 0.00599798700669578 0
1670583788086 0.005875544678724471 0
1670583788977 0.00574606228978564 0
1670583789713 0.0057023595083105115 0
1670583790420 0.006215218392690874 0
1670583791111 0.0060923566338242415 0
1670583791802 0.006112251296085008 0
1670583792474 0.005793928507594197 0
1670583793255 0.0057050292156402066 0
1670583793931 0.005634156686286158 0
1670583794624 0.005621128574338767 0
1670583795379 0.005541483547541999 0
1670583796257 0.00549766806010276 0
1670583797032 0.005581861871338136 0
1670583798019 0.005521750464038097 0
1670583798698 0.005482708739649697 0
1670583799447 0.00546982487111031 0
1670583800706 0.0054870241030261745 0
1670583801703 0.005440796162572412 0
1670583802684 0.005382033407020917 0
1670583803442 0.005358295660827046 0
1670583804285 0.00529929337351087 0
1670583805259 0.005474439826209248 0
1670583805916 0.005414614709173779 0
1670583806730 0.005359738119172728 0
1670583807450 0.005307328323161038 0
1670583808414 0.0052558756847050055 0
1670583809156 0.005460703380770865 0
1670583810280 0.005406945739834343 0
1670583811199 0.005379626276074937 0
1670583811845 0.005358409582309328 0
1670583812524 0.005336815340429979 0
1670583813496 0.005288085174127943 0
1670583814165 0.0052653841247216945 0
1670583815196 0.005246139663143849 0
1670583815840 0.005224822446049831 0
1670583816647 0.005180384446195719 0
1670583817454 0.005159859993494265 0
1670583818180 0.0051298100095622644 0
1670583819101 0.005097725900664575 0
1670583819881 0.0051188787427267485 0
1670583820821 0.0050986392506375 0
1670583821897 0.005116235637138948 0
1670583822566 0.005095069468775394 0
1670583823378 0.005134729518519119 0
1670583824225 0.00512711036940248 0
1670583824923 0.005090456374190683 0
1670583825884 0.005054542660104739 0
1670583826638 0.0050337300443329056 0
1670583827307 0.0050040603973993915 0
1670583828187 0.0050667741155131785 0
1670583829001 0.005155124878718047 0
1670583829717 0.00518213005917462 0
1670583830615 0.0052310930547931804 0
1670583831383 0.005198506815414585 0
1670583832523 0.005166520418313058 0
1670583833479 0.005150223119517411 0
1670583834139 0.005128026228820101 0
1670583834898 0.005097621595273888 0
1670583835488 0.005273291341620474 0
1670583836333 0.005273493209378342 0
1670583837123 0.005259498700291765 0
1670583838094 0.005245660670337964 0
1670583839167 0.005262334123030177 0
1670583840052 0.005381204530361712 0
1670583840947 0.0054359667138111165 0
1670583841782 0.00543544196739924 0
1670583842568 0.005431475700534462 0
1670583843452 0.005403799165816208 0
1670583844166 0.005414670589568935 0
1670583845056 0.0053866012031227005 0
1670583845714 0.0053964741225183445 0
1670583846496 0.00543220357986305 0
1670583847251 0.005406099662295912 0
1670583847936 0.00542121992777006 0
1670583848625 0.00539474614478349 0
1670583849412 0.005367454643088071 0
1670583850221 0.005346132859551553 0
1670583850928 0.005325040603967465 0
1670583851621 0.005371578331691584 0
1670583852370 0.005357245555231094 0
1670583853344 0.005352799163029584 0
1670583854091 0.005369358258562015 0
1670583855091 0.005377714536705819 0
1670583855975 0.005353285050365649 0
1670583856612 0.005453799939764243 0
1670583857404 0.005428784177990044 0
1670583858070 0.0054516811339824275 0
1670583858935 0.005427848778610146 0
1670583859735 0.005414038385194752 0
1670583860440 0.005444638760789421 0
1670583861559 0.0054401320767771474 0
