1670575504565 0.0 0
1670575505518 0.0006666666666666666 0
1670575506305 0.0 0
1670575507351 0.0 0
1670575508467 0.0 0
1670575509369 0.0003333333333333333 0
1670575509964 0.0 0
1670575510848 0.0 0
1670575511558 0.001 0
1670575512094 0.0 0
1670575512722 0.0 0
1670575513626 0.0003333333333333333 0
1670575514198 0.0003333333333333333 0
1670575514779 0.0003333333333333333 0
1670575515430 0.0003333333333333333 0
1670575516251 0.0003333333333333333 0
1670575517044 0.0006666666666666666 0
1670575517618 0.0 0
1670575518300 0.0003333333333333333 0
1670575518880 0.0006666666666666666 0
1670575519747 0.001 0
1670575520208 0.0003333333333333333 0
1670575521162 0.0006666666666666666 0
1670575521699 0.0 0
1670575522498 0.0003333333333333333 0
1670575523136 0.0 0
1670575524031 0.0 0
1670575524858 0.001 0
1670575525562 0.0003333333333333333 0
1670575526271 0.0003333333333333333 0
1670575526812 0.0006666666666666666 0
1670575527363 0.0006666666666666666 0
1670575528276 0.0003333333333333333 0
1670575529262 0.0003333333333333333 0
1670575529925 0.0006666666666666666 0
1670575530516 0.0003333333333333333 0
1670575531413 0.0 0
1670575532194 0.0003333333333333333 0
1670575533104 0.0003333333333333333 0
1670575533853 0.0003333333333333333 0
1670575534457 0.0003333333333333333 0
1670575535166 0.0 0
1670575535939 0.0 0
1670575536440 0.0003333333333333333 0
1670575537298 0.0003333333333333333 0
1670575538019 0.0003333333333333333 0
1670575538713 0.0003333333333333333 0
1670575539557 0.0003333333333333333 0
1670575540155 0.0006666666666666666 0
1670575540953 0.0003333333333333333 0
1670575541702 0.0 0
1670575542211 0.0006666666666666666 0
1670575542806 0.0006666666666666666 0
1670575543894 0.0003333333333333333 0
1670575544689 0.0 0
1670575545320 0.0003333333333333333 0
1670575546327 0.0003333333333333333 0
1670575547153 0.0006666666666666666 0
1670575547797 0.0006666666666666666 0
1670575548590 0.0003333333333333333 0
1670575549544 0.0003333333333333333 0
1670575550261 0.0006666666666666666 0
1670575550824 0.0003333333333333333 0
1670575551442 0.0 0
1670575551998 0.0003333333333333333 0
1670575552681 0.0 0
1670575553273 0.0 0
1670575553996 0.0003333333333333333 0
1670575554845 0.0003333333333333333 0
1670575555690 0.0013333333333333333 0
1670575556766 0.0003333333333333333 0
1670575557619 0.0 0
1670575558285 0.0 0
1670575558921 0.0003333333333333333 0
1670575559453 0.0003333333333333333 0
1670575560029 0.0006666666666666666 0
1670575560895 0.0003333333333333333 0
1670575561626 0.0 0
1670575562371 0.0003333333333333333 0
1670575563441 0.0006666666666666666 0
1670575564177 0.0006666666666666666 0
1670575564836 0.0003333333333333333 0
1670575565433 0.0003333333333333333 0
1670575566116 0.0003333333333333333 0
1670575566795 0.0006666666666666666 0
1670575567341 0.0 0
1670575568033 0.0003333333333333333 0
1670575568701 0.0 0
1670575569702 0.0 0
1670575570298 0.0003333333333333333 0
1670575570848 0.0006666666666666666 0
1670575571515 0.0003333333333333333 0
1670575572287 0.0003333333333333333 0
1670575573274 0.0003333333333333333 0
1670575574037 0.0 0
1670575575104 0.0003333333333333333 0
1670575575928 0.0003333333333333333 0
1670575576452 0.0 0
1670575577282 0.0 0
1670575578099 0.0 0
1670575579015 0.0 0
1670575579857 0.0 0
1670575580687 0.0006666666666666666 0
1670575581533 0.0 0
1670575582361 0.0 0
1670575583072 0.0 0
1670575584077 0.0003333333333333333 0
1670575584851 0.0003333333333333333 0
1670575585679 0.0006666666666666666 0
1670575586680 0.0003333333333333333 0
1670575587585 0.0 0
1670575588599 0.0003333333333333333 0
1670575589313 0.0003333333333333333 0
1670575589902 0.0003333333333333333 0
1670575590737 0.0 0
1670575591300 0.0003333333333333333 0
1670575592176 0.0006666666666666666 0
1670575593042 0.0003333333333333333 0
1670575593605 0.0 0
1670575594298 0.0003333333333333333 0
1670575595100 0.0006666666666666666 0
1670575595743 0.0003333333333333333 0
1670575596655 0.0003333333333333333 0
1670575597420 0.0006666666666666666 0
1670575598077 0.0 0
1670575598605 0.0 0
1670575599246 0.0003333333333333333 0
1670575599898 0.0 0
1670575600617 0.001 0
1670575601370 0.0003333333333333333 0
1670575602184 0.0003333333333333333 0
1670575602753 0.0003333333333333333 0
1670575603866 0.0 0
1670575604797 0.0 0
1670575605947 0.0003333333333333333 0
1670575606969 0.0003333333333333333 0
1670575607888 0.0006666666666666666 0
1670575609010 0.0003333333333333333 0
1670575610193 0.0 0
1670575611007 0.0006666666666666666 0
1670575612507 0.0006666666666666666 0
1670575613638 0.0 0
1670575614654 0.0003333333333333333 0
1670575615864 0.0 0
1670575617199 0.0 0
1670575618202 0.0006666666666666666 0
1670575619193 0.0 0
1670575620088 0.0 0
1670575621142 0.0003333333333333333 0
1670575622402 0.0006666666666666666 0
1670575623571 0.0006666666666666666 0
1670575624685 0.0003333333333333333 0
1670575626023 0.0006666666666666666 0
1670575627074 0.001 0
1670575628054 0.0003333333333333333 0
1670575628823 0.0 0
1670575629996 0.0 0
1670575630968 0.0 0
1670575632086 0.0003333333333333333 0
1670575632965 0.0003333333333333333 0
