1670575505519 0.008470803157621396 0
1670575506307 0.0027043865976987317 0
1670575507352 0.001837386231037399 0
1670575508469 0.0014807707227721594 0
1670575509371 0.0013088762051517387 0
1670575509966 0.001188271549050493 0
1670575510850 0.0010971392196882314 0
1670575511560 0.0016204945245493186 0
1670575512095 0.0015379711354173338 0
1670575512724 0.0014668959547157563 0
1670575513628 0.0013995236991944076 0
1670575514199 0.001340807895177488 0
1670575514781 0.0012890162703944107 0
1670575515431 0.001242870980845747 0
1670575516253 0.001201404792058481 0
1670575517079 0.0012386618655986295 0
1670575517619 0.0012231050875615161 0
1670575518302 0.0011886438594739563 0
1670575518882 0.0012164373786087191 0
1670575519748 0.0013506499456825112 0
1670575520252 0.0013158670278261033 0
1670575521163 0.0013197345782988254 0
1670575521701 0.001315381586303476 0
1670575522500 0.0012860368174135556 0
1670575523138 0.0012816308902071699 0
1670575524032 0.0012759310815036921 0
1670575524859 0.0013643930410124324 0
1670575525564 0.0013385441636146022 0
1670575526273 0.0012593275834820185 0
1670575526813 0.0012630871197283806 0
1670575527365 0.00126515131188166 0
1670575528278 0.0012458348903517788 0
1670575529263 0.0012273770567710204 0
1670575529927 0.001229145877016566 0
1670575530523 0.0012119697071350482 0
1670575531414 0.001215152987870447 0
1670575532195 0.0011990575356616718 0
1670575533171 0.0011835851773041263 0
1670575533855 0.0011686967207687753 0
1670575534458 0.0011543563406106406 0
1670575535202 0.0011577970222526282 0
1670575535941 0.001160291573874149 0
1670575536441 0.0011470664224532332 0
1670575537300 0.0011342834226666886 0
1670575538021 0.0011219184742490603 0
1670575538720 0.0011099492767913915 0
1670575539558 0.0010983551605283888 0
1670575540156 0.0011039925958767158 0
1670575540954 0.0010929032875699296 0
1670575541704 0.0010966029012079127 0
1670575542212 0.0011019024037226934 0
1670575542808 0.0011063962509140668 0
1670575543896 0.001096103969064516 0
1670575544691 0.0011000350749274437 0
1670575545322 0.0010901736301498247 0
1670575546328 0.0010805727309364476 0
1670575547155 0.0010851076639478464 0
1670575547799 0.001089012760390436 0
1670575548592 0.0010799032444134397 0
1670575549545 0.0010710185707869149 0
1670575550263 0.0010746123229149248 0
1670575550826 0.0010660625548610878 0
1670575551444 0.0010708340029043759 0
1670575551999 0.0010625678618396716 0
1670575552682 0.001066869261412291 0
1670575553274 0.0010706651168955797 0
1670575554002 0.0010627660140344313 0
1670575554847 0.0010550392033225418 0
1670575555691 0.0011470300210152725 0
1670575556768 0.0011389321965643005 0
1670575557641 0.0011418711131984502 0
1670575558287 0.0011444304784446833 0
1670575558923 0.0011366715382814707 0
1670575559454 0.0011290682988464322 0
1670575560031 0.001131455118766211 0
1670575560896 0.00112408568252956 0
1670575561627 0.0011267395202264913 0
1670575562373 0.001119585546181917 0
1670575563442 0.0011219973563686787 0
1670575564178 0.0011241160589425404 0
1670575564838 0.0011172462784219293 0
1670575565434 0.0011105009270361622 0
1670575566118 0.0011038762933699698 0
1670575566797 0.0011059488467261027 0
1670575567342 0.0011090228358971383 0
1670575568041 0.001102635477667666 0
1670575568702 0.001105469078101835 0
1670575569704 0.0011080307565340137 0
1670575570299 0.0011018578352081096 0
1670575570850 0.001104221247830705 0
1670575571516 0.0010982046577611099 0
1670575572288 0.0010922853560760468 0
1670575573276 0.0010864607488009852 0
1670575574274 0.0010890980917287979 0
1670575575106 0.0010834108565548819 0
1670575575929 0.0010778117965586445 0
1670575576454 0.0010803093166422701 0
1670575577283 0.0010825915395593442 0
1670575578100 0.0010846708201805995 0
1670575579017 0.001086558680812829 0
1670575579859 0.001088265879350947 0
1670575580689 0.0010912781687186053 0
1670575581534 0.0010929124156726282 0
1670575582363 0.0010943837020656296 0
1670575583073 0.0010957008475800025 0
1670575584079 0.0010906003354466637 0
1670575584852 0.0010855703919860423 0
1670575585681 0.0010886910688263328 0
1670575586681 0.0010837526753295866 0
1670575587645 0.0010851561012415088 0
1670575588600 0.0010803286003617139 0
1670575589315 0.001075564956600365 0
1670575589903 0.0010708637745065713 0
1670575590738 0.0010722605723229148 0
1670575591302 0.0010676618246754615 0
1670575592178 0.0010708366331786579 0
1670575593044 0.0010663136152698632 0
1670575593607 0.0010677353032727459 0
1670575594299 0.00106330708364992 0
1670575595101 0.00106639551028653 0
1670575595744 0.001062037913617795 0
1670575596657 0.001057733301464896 0
1670575597422 0.0010606759883119582 0
1670575598079 0.0010622160989761406 0
1670575598606 0.0010636387641810424 0
1670575599247 0.0010594683089752879 0
1670575599900 0.0010608125105953084 0
1670575600618 0.0010829994337591153 0
1670575601372 0.001078843794786543 0
1670575602186 0.0010747356279816565 0
1670575602755 0.0010706740363602832 0
1670575603868 0.0010719835724945716 0
1670575604798 0.0010731931505578091 0
1670575605949 0.001069237453585785 0
1670575606971 0.0010653251751313328 0
1670575607890 0.0010680338886668954 0
1670575609012 0.0010641768425801192 0
1670575610196 0.0010654326230561755 0
1670575611009 0.0010680660964095586 0
1670575612509 0.0010705655883720504 0
1670575613643 0.0010718312252757706 0
1670575614656 0.0010680946043692531 0
1670575615866 0.0010692975151891933 0
1670575617200 0.0010704153703498132 0
1670575618211 0.0010729455650322314 0
1670575619194 0.0010740287950923844 0
1670575620094 0.0010750329120545485 0
1670575621144 0.001071448686448018 0
1670575622403 0.0010739581716989847 0
1670575623573 0.00107634900341237 0
1670575624686 0.0010728210139193187 0
1670575626024 0.0010751093340785885 0
1670575627076 0.0010930444519559838 0
1670575628056 0.0010895204204176736 0
1670575628824 0.0010906392691246052 0
1670575629997 0.0010916844866918944 0
1670575630969 0.0010926587576599938 0
1670575632091 0.0010892331969775963 0
1670575632967 0.0010858396527944419 0
