1670569164393 0.08894343315502468 0
1670569165435 0.024822969278104193 0
1670569166475 0.015903388940839064 0
1670569167513 0.02033028638385391 0
1670569168807 0.01866173433123386 0
1670569169843 0.01714700010875124 0
1670569171037 0.01552589866858603 0
1670569172276 0.01499480476570722 0
1670569173272 0.015243052913180524 0
1670569174386 0.014557900368108126 0
1670569175499 0.013809718971293544 0
1670569176435 0.013648022321021011 0
1670569177565 0.013475014730791934 0
1670569178532 0.01451115859596043 0
1670569179315 0.014282468172288981 0
1670569180235 0.013888527346957572 0
1670569181013 0.013524770058204766 0
1670569182023 0.013761127103482318 0
1670569182837 0.014053599756964089 0
1670569183538 0.013736361768300481 0
1670569184512 0.01346962716542277 0
1670569185364 0.013139446160596313 0
1670569186033 0.012881904465357905 0
1670569186864 0.012618552704930133 0
1670569187764 0.01245266318140184 0
1670569188594 0.012592674663826658 0
1670569189191 0.01267434537187799 0
1670569189843 0.01314067543976341 0
1670569190596 0.012428683477856445 0
1670569191179 0.012455665078305658 0
1670569192099 0.012278052855191596 0
1670569193077 0.012144962065335135 0
1670569193982 0.011967188560698602 0
1670569194828 0.012361898801874383 0
1670569195629 0.012529669714534744 0
1670569196212 0.012470928306195644 0
1670569196809 0.012329383699367313 0
1670569197969 0.012360080165877127 0
1670569198662 0.01221025053169765 0
1670569199434 0.012332237774288088 0
1670569200200 0.012300628902556593 0
1670569200998 0.012179024961332191 0
1670569201933 0.012124581156553876 0
1670569202668 0.012216537323790286 0
1670569203341 0.01220650393504262 0
1670569204434 0.012365498676454464 0
1670569205399 0.012519358440770303 0
1670569206333 0.012456273203919316 0
1670569206995 0.01282377739795687 0
1670569207581 0.012909399251320258 0
1670569208462 0.012836022646203454 0
1670569209275 0.012755105550073878 0
1670569210165 0.012722329997734275 0
1670569211565 0.012606201597740466 0
1670569212243 0.012493196257134048 0
1670569213110 0.012383176458128739 0
1670569214033 0.012285125728344018 0
1670569214644 0.012449477089477065 0
1670569215508 0.012436751284356118 0
1670569216360 0.012335195722170303 0
1670569216857 0.012622024379401839 0
1670569217603 0.0125282759921687 0
1670569218577 0.012650392883163247 0
1670569219139 0.012649632470105074 0
1670569219663 0.012646012949058927 0
1670569220354 0.012594450274259303 0
1670569221330 0.012632178155837323 0
1670569221976 0.012694866576516362 0
1670569222927 0.012644543399673289 0
1670569223951 0.012639088909432356 0
1670569224850 0.012552608720348607 0
1670569225866 0.01262872985193736 0
1670569226823 0.01255683469110501 0
1670569227625 0.01249389695099111 0
1670569228529 0.012427372664275224 0
1670569229333 0.012400615492824257 0
1670569230148 0.012325396487628607 0
1670569230795 0.012281051513997845 0
1670569231382 0.012271272089694502 0
1670569231931 0.012223230751192804 0
1670569233281 0.012157941726683469 0
1670569234064 0.01231661449407842 0
1670569234921 0.012616311491490215 0
1670569238401 0.012543091294492034 0
1670569239281 0.012568668344484626 0
1670569240003 0.012503649236312572 0
1670569240852 0.012480971059803891 0
1670569241801 0.012423794770891644 0
1670569242620 0.012521973186585933 0
1670569243455 0.012460928767829449 0
1670569244575 0.012532642704477792 0
1670569245682 0.012469207954944078 0
1670569246759 0.01242576951354775 0
1670569248139 0.012375311464541724 0
1670569249331 0.012361779304689263 0
1670569250168 0.012301887982515539 0
1670569251230 0.012254181739457234 0
1670569251988 0.012196159902887208 0
1670569253016 0.012183761405670512 0
1670569254039 0.012150575012183931 0
1670569255078 0.012113682274354554 0
1670569256009 0.012076956833974 0
1670569256622 0.01217687437302653 0
1670569257414 0.012130423408683089 0
1670569258320 0.012550764618555255 0
1670569259327 0.012553788248499398 0
1670569260071 0.012496430509417386 0
1670569260612 0.012557469340263028 0
1670569261227 0.012500319471470678 0
1670569261980 0.012452224899979963 0
1670569262531 0.012438845617579075 0
1670569263382 0.012383727548982496 0
1670569264477 0.012337686650923413 0
1670569265143 0.012315793562500663 0
1670569266055 0.012359161279455758 0
1670569267151 0.012400015127379899 0
1670569268010 0.012379588367984903 0
1670569268973 0.012344215037083967 0
1670569269922 0.01230905467281225 0
1670569270760 0.012259049869829355 0
1670569271693 0.012273741980555641 0
1670569272553 0.012263202684480667 0
1670569273669 0.01221370755309141 0
1670569274788 0.01218042612653887 0
1670569275973 0.012133664330437277 0
1670569277025 0.012174781459266634 0
1670569277938 0.012167625868474655 0
1670569278934 0.012131606250940064 0
1670569279773 0.012101270772148565 0
1670569280778 0.012058408652289812 0
1670569281577 0.012175240094695838 0
1670569282343 0.012150682104920638 0
1670569283526 0.01210672719252219 0
1670569283991 0.012092331579697385 0
1670569285053 0.012076022862592933 0
1670569285990 0.012046510365229093 0
1670569287077 0.012112850730128355 0
1670569287842 0.01206928386560363 0
1670569288558 0.012055121675502045 0
1670569289616 0.0120400934542131 0
1670569290305 0.012004055058560323 0
1670569291163 0.011972356351741417 0
1670569291937 0.012081538760935706 0
1670569292807 0.012129074313968022 0
1670569293932 0.012307740528303815 0
1670569294965 0.012459260372309808 0
1670569295798 0.01242367190455941 0
1670569296436 0.012534054152431098 0
1670569297166 0.012492779391958295 0
1670569298185 0.012451693129175198 0
1670569298811 0.012411009553453298 0
1670569299463 0.012416294528418859 0
