1670570999847 0.0 0
1670571002775 0.0 0
1670571005524 0.0 0
1670571008024 0.0 0
1670571009919 0.0 0
1670571012273 0.0 0
1670571014709 0.0 0
1670571016919 0.0 0
1670571019254 0.0 0
1670571022297 0.0 0
1670571025313 0.0 0
1670571028430 0.0 0
1670571031836 0.0 0
1670571034900 0.0 0
1670571037638 0.0 0
1670571040090 0.0 0
1670571042675 0.0 0
1670571045481 0.0 0
1670571047116 0.0 0
1670571048734 0.0 0
1670571051150 0.0 0
1670571054565 0.0 0
1670571057043 0.0 0
1670571059433 0.0 0
1670571061897 0.0 0
1670571064076 0.0 0
1670571066788 0.0 0
1670571069766 0.0 0
1670571071947 0.0 0
1670571074289 0.0 0
1670571076639 0.0 0
1670571078858 0.0 0
1670571081203 0.0 0
1670571083609 0.0 0
1670571085788 0.0 0
1670571087944 0.0 0
1670571090369 0.0 0
1670571092382 0.0 0
1670571095146 0.0 0
1670571097471 0.0 0
1670571099668 0.0 0
1670571102256 0.0 0
1670571104834 0.0 0
1670571107723 0.0 0
1670571110138 0.0 0
1670571112102 0.0 0
1670571114263 0.0 0
1670571117162 0.0 0
1670571119609 0.0 0
1670571122583 0.0 0
1670571124997 0.0 0
1670571126879 0.0 0
1670571129804 0.0 0
1670571132605 0.0 0
1670571135160 0.0 0
1670571137946 0.0 0
1670571140552 0.0 0
1670571143250 0.0 0
1670571145926 0.0 0
1670571148174 0.0 0
1670571150905 0.0 0
1670571153750 0.0 0
1670571156740 0.0 0
1670571158381 0.0 0
1670571160261 0.0 0
1670571162372 0.0 0
1670571164948 0.0 0
1670571167151 0.0 0
1670571169517 0.0 0
1670571171633 0.0 0
1670571173835 0.0 0
1670571176260 0.0 0
1670571178881 0.0 0
1670571181078 0.0 0
1670571183483 0.0 0
1670571185709 0.0 0
1670571187922 0.0 0
1670571190034 0.0 0
1670571192446 0.0 0
1670571194795 0.0 0
1670571197164 0.0 0
1670571199438 0.0 0
1670571201647 0.0 0
1670571204039 0.0 0
1670571206506 0.0 0
1670571208829 0.0 0
1670571211072 0.0 0
1670571212931 0.0 0
1670571215053 0.0 0
1670571216812 0.0 0
1670571219546 0.0 0
1670571221312 0.0 0
1670571223055 0.0 0
1670571225100 0.0 0
1670571227056 0.0 0
1670571229304 0.0 0
1670571231732 0.0 0
1670571234036 0.0 0
1670571236369 0.0 0
1670571238640 0.0 0
1670571240911 0.0 0
1670571242894 0.0 0
