1670571002776 0.0 0
1670571005525 0.0 0
1670571008025 0.0 0
1670571009920 0.0 0
1670571012274 0.0 0
1670571014711 0.0 0
1670571016920 0.0 0
1670571019255 0.0 0
1670571022298 0.0 0
1670571025314 0.0 0
1670571028431 0.0 0
1670571031837 0.0 0
1670571034902 0.0 0
1670571037639 0.0 0
1670571040092 0.0 0
1670571042676 0.0 0
1670571045484 0.0 0
1670571047117 0.0 0
1670571048735 0.0 0
1670571051151 0.0 0
1670571054567 0.0 0
1670571057044 0.0 0
1670571059434 0.0 0
1670571061898 0.0 0
1670571064077 0.0 0
1670571066789 0.0 0
1670571069767 0.0 0
1670571071948 0.0 0
1670571074290 0.0 0
1670571076641 0.0 0
1670571078879 0.0 0
1670571081204 0.0 0
1670571083610 0.0 0
1670571085789 0.0 0
1670571087945 0.0 0
1670571090370 0.0 0
1670571092383 0.0 0
1670571095147 0.0 0
1670571097473 0.0 0
1670571099669 0.0 0
1670571102257 0.0 0
1670571104835 0.0 0
1670571107724 0.0 0
1670571110139 0.0 0
1670571112103 0.0 0
1670571114264 0.0 0
1670571117163 0.0 0
1670571119611 0.0 0
1670571122584 0.0 0
1670571124998 0.0 0
1670571126880 0.0 0
1670571129807 0.0 0
1670571132606 0.0 0
1670571135162 0.0 0
1670571137963 0.0 0
1670571140554 0.0 0
1670571143251 0.0 0
1670571145927 0.0 0
1670571148176 0.0 0
1670571150906 0.0 0
1670571153751 0.0 0
1670571156742 0.0 0
1670571158382 0.0 0
1670571160304 0.0 0
1670571162374 0.0 0
1670571164949 0.0 0
1670571167152 0.0 0
1670571169518 0.0 0
1670571171637 0.0 0
1670571173836 0.0 0
1670571176262 0.0 0
1670571178882 0.0 0
1670571181080 0.0 0
1670571183485 0.0 0
1670571185711 0.0 0
1670571187923 0.0 0
1670571190035 0.0 0
1670571192448 0.0 0
1670571194796 0.0 0
1670571197165 0.0 0
1670571199439 0.0 0
1670571201648 0.0 0
1670571204040 0.0 0
1670571206508 0.0 0
1670571208831 0.0 0
1670571211073 0.0 0
1670571212932 0.0 0
1670571215054 0.0 0
1670571216813 0.0 0
1670571219547 0.0 0
1670571221313 0.0 0
1670571223056 0.0 0
1670571225101 0.0 0
1670571227057 0.0 0
1670571229305 0.0 0
1670571231733 0.0 0
1670571234037 0.0 0
1670571236370 0.0 0
1670571238642 0.0 0
1670571240912 0.0 0
1670571242895 0.0 0
