1670595409148 0.001 0
1670595410291 0.0 0
1670595411290 0.0003333333333333333 0
1670595412429 0.001 0
1670595413746 0.0006666666666666666 0
1670595414818 0.0003333333333333333 0
1670595415879 0.001 0
1670595416946 0.0013333333333333333 0
1670595417928 0.0006666666666666666 0
1670595419293 0.002 0
1670595420356 0.001 0
1670595421408 0.0003333333333333333 0
1670595422786 0.0006666666666666666 0
1670595423758 0.0006666666666666666 0
1670595424866 0.001 0
1670595425923 0.001 0
1670595427035 0.0003333333333333333 0
1670595428101 0.0006666666666666666 0
1670595429111 0.0003333333333333333 0
1670595430113 0.0013333333333333333 0
1670595431228 0.001 0
1670595432237 0.0003333333333333333 0
1670595433338 0.0006666666666666666 0
1670595434476 0.001 0
1670595435337 0.001 0
1670595436434 0.0006666666666666666 0
1670595437518 0.0006666666666666666 0
1670595438635 0.0003333333333333333 0
1670595439730 0.0003333333333333333 0
1670595440794 0.001 0
1670595441623 0.0016666666666666668 0
1670595442723 0.0003333333333333333 0
1670595443707 0.001 0
1670595444851 0.001 0
1670595445705 0.0016666666666666668 0
1670595446615 0.0006666666666666666 0
1670595447435 0.0016666666666666668 0
1670595448255 0.001 0
1670595449099 0.0013333333333333333 0
1670595450114 0.0006666666666666666 0
1670595450876 0.0003333333333333333 0
1670595451821 0.0003333333333333333 0
1670595452882 0.0 0
1670595453854 0.0006666666666666666 0
1670595454634 0.0013333333333333333 0
1670595455671 0.0006666666666666666 0
1670595456665 0.0003333333333333333 0
1670595457515 0.0003333333333333333 0
1670595458695 0.0003333333333333333 0
1670595459812 0.0013333333333333333 0
1670595460913 0.0006666666666666666 0
1670595461656 0.0006666666666666666 0
1670595462783 0.0006666666666666666 0
1670595463790 0.0006666666666666666 0
1670595464810 0.001 0
1670595465846 0.0013333333333333333 0
1670595466708 0.0 0
1670595467697 0.0003333333333333333 0
1670595468826 0.0003333333333333333 0
1670595469624 0.0006666666666666666 0
1670595470591 0.0 0
1670595471656 0.0006666666666666666 0
1670595472772 0.0003333333333333333 0
1670595473757 0.001 0
1670595474587 0.0003333333333333333 0
1670595475449 0.001 0
1670595476757 0.0013333333333333333 0
1670595477596 0.001 0
1670595478518 0.0006666666666666666 0
1670595479318 0.0003333333333333333 0
1670595480283 0.0013333333333333333 0
1670595481267 0.0016666666666666668 0
1670595482320 0.0003333333333333333 0
1670595483453 0.0 0
1670595484422 0.0 0
1670595485170 0.0006666666666666666 0
1670595485948 0.0003333333333333333 0
1670595487071 0.0013333333333333333 0
1670595488042 0.0003333333333333333 0
1670595489222 0.0006666666666666666 0
1670595490063 0.0006666666666666666 0
1670595490843 0.0006666666666666666 0
1670595491626 0.0013333333333333333 0
1670595492389 0.001 0
1670595493148 0.0016666666666666668 0
1670595494148 0.001 0
1670595495199 0.0 0
1670595495960 0.001 0
1670595496938 0.0006666666666666666 0
1670595497969 0.0006666666666666666 0
1670595498735 0.0006666666666666666 0
1670595499657 0.0013333333333333333 0
1670595500369 0.0006666666666666666 0
1670595501188 0.0003333333333333333 0
1670595502272 0.001 0
1670595502982 0.0006666666666666666 0
1670595503672 0.0003333333333333333 0
1670595504393 0.0 0
1670595505364 0.0003333333333333333 0
1670595506228 0.0006666666666666666 0
1670595507222 0.001 0
1670595508079 0.0006666666666666666 0
1670595508949 0.0003333333333333333 0
1670595509654 0.0006666666666666666 0
1670595510398 0.001 0
1670595511184 0.0006666666666666666 0
1670595512024 0.001 0
1670595512834 0.0016666666666666668 0
1670595513600 0.0006666666666666666 0
1670595514341 0.0003333333333333333 0
1670595515322 0.001 0
1670595516211 0.002 0
1670595517009 0.001 0
1670595517894 0.0 0
1670595518761 0.0006666666666666666 0
1670595519827 0.001 0
1670595520654 0.0 0
