1670612154776 0.004235401578810763 0
1670612156009 0.01964174221861724 0
1670612157251 0.014418897472074338 0
1670612158584 0.011289359476072597 0
1670612159509 0.010823460712536467 0
1670612160723 0.010658838083955971 0
1670612161894 0.010001239387657193 0
1670612163175 0.010743714392971643 0
1670612164520 0.010143616306914141 0
1670612165491 0.011224065391366306 0
1670612166768 0.010878354567467774 0
1670612167964 0.010707533151812776 0
1670612169269 0.01056208065744145 0
1670612170193 0.01018404996613792 0
1670612171358 0.010153945653485236 0
1670612172756 0.010373387141145524 0
1670612173850 0.01007515557756461 0
1670612175237 0.010322029929661844 0
1670612176542 0.010874049490435092 0
1670612177806 0.011434308499607887 0
1670612178942 0.011196447705704854 0
1670612180160 0.010925393435093758 0
1670612181546 0.010789494387657847 0
1670612182957 0.01112325381269122 0
1670612184484 0.010961459096464538 0
1670612185621 0.010737460716199049 0
1670612186680 0.010557471897307422 0
1670612187709 0.010517540405388215 0
1670612188747 0.010326450362212622 0
1670612189808 0.010232413865189166 0
1670612191028 0.01015884385079413 0
1670612192242 0.010037488935671718 0
1670612193398 0.00992694686619533 0
1670612194485 0.00979215484359372 0
1670612196058 0.009680715254198516 0
1670612197056 0.009628283282433953 0
1670612198083 0.00961812532388999 0
1670612199205 0.009785276561668763 0
1670612200443 0.009693569206946542 0
1670612201661 0.009581307093508296 0
1670612202833 0.00964352706734363 0
1670612203827 0.009819904254385711 0
1670612205557 0.009708721166364953 0
1670612206738 0.00982236717742152 0
1670612207822 0.009835200896824325 0
1670612209308 0.009835806302616643 0
1670612210286 0.009833788204527363 0
1670612211559 0.009742811613110788 0
1670612212814 0.009878460449980642 0
1670612213910 0.0097956243047682 0
1670612215349 0.009701611509822766 0
1670612216548 0.0100021319529469 0
1670612217780 0.009917448177816465 0
1670612219078 0.009932331162567518 0
1670612219999 0.009879432571669566 0
1670612221184 0.010278332764884338 0
1670612222366 0.010203097772215106 0
1670612223328 0.010667068127593979 0
1670612224649 0.010578488663714136 0
1670612225747 0.010534086986754496 0
1670612227301 0.010510071111103164 0
1670612228292 0.010587643798909932 0
1670612229384 0.010567339161247274 0
1670612230849 0.010546259685637369 0
1670612232184 0.01049169518868251 0
1670612233270 0.010979845956836903 0
1670612234423 0.011084649374818886 0
1670612235574 0.011100233304514553 0
1670612236936 0.011253985980753986 0
1670612238111 0.01118111754700013 0
1670612239450 0.011354264766228098 0
1670612240692 0.011315319387674466 0
1670612242003 0.011251739856885032 0
1670612243018 0.01117678498926404 0
1670612244322 0.011213507348978469 0
1670612245554 0.011165894111018357 0
1670612246922 0.011123230175888094 0
1670612248025 0.011059109957293062 0
1670612249452 0.011050006153463368 0
1670612250513 0.01106972545794968 0
1670612251739 0.011061037617226613 0
1670612252867 0.011014085244048316 0
1670612253993 0.010975196345896915 0
1670612255413 0.011367502681793845 0
1670612256397 0.011309654052876622 0
1670612257605 0.011245196044093575 0
1670612258819 0.011194212674948065 0
1670612260193 0.01139307580648756 0
1670612261291 0.01132986543189729 0
1670612262806 0.011348578328660708 0
1670612263966 0.01130985511802314 0
1670612265467 0.011920739107665362 0
1670612266792 0.011932130830805077 0
1670612267840 0.011888966468461007 0
1670612268958 0.011867671790950954 0
1670612270202 0.01202177839983963 0
1670612271495 0.012100547134368492 0
1670612272820 0.01241352447610114 0
1670612274158 0.012413949366645194 0
1670612275154 0.012355091681565844 0
1670612276268 0.012294550199984905 0
