1670563704960 0.016 0
1670563705499 0.014333333333333333 0
1670563706202 0.017333333333333333 0
1670563706957 0.015333333333333332 0
1670563707668 0.013 0
1670563708260 0.014666666666666666 0
1670563708985 0.018666666666666668 0
1670563709476 0.014666666666666666 0
1670563710255 0.014666666666666666 0
1670563710879 0.019666666666666666 0
1670563711444 0.014333333333333333 0
1670563712085 0.024666666666666667 0
1670563712511 0.01633333333333333 0
1670563712914 0.017 0
1670563713389 0.019 0
1670563714018 0.015333333333333332 0
1670563714663 0.015666666666666666 0
1670563715338 0.015333333333333332 0
1670563715949 0.014 0
1670563716728 0.015333333333333332 0
1670563717723 0.018 0
1670563718245 0.012666666666666666 0
1670563718954 0.016 0
1670563719764 0.014666666666666666 0
1670563720459 0.016666666666666666 0
1670563720914 0.014 0
1670563721649 0.013666666666666667 0
1670563722218 0.017333333333333333 0
1670563722618 0.014666666666666666 0
1670563723157 0.015333333333333332 0
1670563724049 0.013 0
1670563724550 0.015333333333333332 0
1670563725468 0.019333333333333334 0
1670563726069 0.021666666666666667 0
1670563726931 0.019 0
1670563727743 0.014 0
1670563728217 0.021 0
1670563728808 0.018333333333333333 0
1670563729236 0.014333333333333333 0
1670563729910 0.014 0
1670563730364 0.014333333333333333 0
1670563730837 0.015666666666666666 0
1670563731810 0.017 0
1670563732499 0.017 0
1670563733480 0.015 0
1670563734038 0.015 0
1670563734607 0.015666666666666666 0
1670563735153 0.018 0
1670563736167 0.013666666666666667 0
1670563736709 0.012333333333333333 0
1670563737363 0.012666666666666666 0
1670563738001 0.018 0
1670563738678 0.014 0
1670563739257 0.015666666666666666 0
1670563740002 0.019 0
1670563740538 0.013 0
1670563741080 0.015 0
1670563741703 0.012666666666666666 0
1670563742499 0.018 0
1670563743177 0.015333333333333332 0
1670563744212 0.016666666666666666 0
1670563744816 0.014666666666666666 0
1670563745395 0.01633333333333333 0
1670563745815 0.021 0
1670563746339 0.015 0
1670563746964 0.018666666666666668 0
1670563747406 0.013666666666666667 0
1670563748123 0.01633333333333333 0
1670563748976 0.014 0
1670563749486 0.018666666666666668 0
1670563750170 0.017 0
1670563750732 0.013 0
1670563751236 0.013666666666666667 0
1670563752093 0.013 0
1670563753109 0.018 0
1670563753503 0.012333333333333333 0
1670563754144 0.012666666666666666 0
1670563754921 0.013 0
1670563755612 0.01633333333333333 0
1670563756321 0.015333333333333332 0
1670563756942 0.013666666666666667 0
1670563757447 0.014333333333333333 0
1670563757979 0.018666666666666668 0
1670563758494 0.018 0
1670563759144 0.013 0
1670563759747 0.019333333333333334 0
1670563760234 0.01633333333333333 0
1670563760890 0.012666666666666666 0
1670563761374 0.013333333333333334 0
1670563762001 0.018666666666666668 0
1670563762920 0.015666666666666666 0
1670563763428 0.012333333333333333 0
1670563764175 0.019666666666666666 0
1670563764883 0.012666666666666666 0
1670563765360 0.017 0
1670563766051 0.017666666666666667 0
1670563766442 0.018333333333333333 0
1670563767240 0.018666666666666668 0
1670563767970 0.019333333333333334 0
1670563768538 0.019333333333333334 0
1670563769156 0.02033333333333333 0
1670563770164 0.016 0
1670563770705 0.018 0
1670563771386 0.014 0
1670563772237 0.016 0
1670563772856 0.014 0
1670563773533 0.012666666666666666 0
1670563774295 0.016666666666666666 0
1670563774947 0.017333333333333333 0
1670563775445 0.015666666666666666 0
1670563775941 0.016 0
1670563776491 0.012333333333333333 0
1670563777201 0.018666666666666668 0
1670563777978 0.023 0
1670563778424 0.016 0
1670563778992 0.017 0
1670563779609 0.014333333333333333 0
1670563780242 0.014666666666666666 0
