1670581852581 0.0 0
1670581853329 0.0 0
1670581854275 0.0 0
1670581855086 0.0 0
1670581856477 0.0 0
1670581857371 0.0 0
1670581858386 0.0 0
1670581859370 0.0 0
1670581860284 0.0 0
1670581861382 0.0 0
1670581862449 0.0 0
1670581863483 0.0 0
1670581864466 0.0 0
1670581865653 0.0 0
1670581866690 0.0 0
1670581867533 0.0 0
1670581868371 0.0 0
1670581869189 0.0 0
1670581870101 0.0 0
1670581871069 0.0 0
1670581871972 0.0 0
1670581872920 0.0 0
1670581873825 0.0 0
1670581874831 0.0 0
1670581875651 0.0 0
1670581876597 0.0 0
1670581877468 0.0 0
1670581878348 0.0 0
1670581879280 0.0 0
1670581880290 0.0 0
1670581881150 0.0 0
1670581882040 0.0 0
1670581882855 0.0 0
1670581883642 0.0 0
1670581884610 0.0 0
1670581885472 0.0 0
1670581886328 0.0 0
1670581887523 0.0 0
1670581888476 0.0 0
1670581889450 0.0 0
1670581890278 0.0 0
1670581891252 0.0 0
1670581891988 0.0 0
1670581892859 0.0 0
1670581893706 0.0 0
1670581894830 0.0 0
1670581895751 0.0 0
1670581896844 0.0 0
1670581897619 0.0 0
1670581898714 0.0 0
1670581899530 0.0 0
1670581900277 0.0 0
1670581901525 0.0 0
1670581902376 0.0 0
1670581903118 0.0 0
1670581903908 0.0 0
1670581905131 0.0 0
1670581905929 0.0 0
1670581906801 0.0 0
1670581907837 0.0 0
1670581908889 0.0 0
1670581909927 0.0 0
1670581910802 0.0 0
1670581911707 0.0 0
1670581912556 0.0 0
1670581913687 0.0 0
1670581914537 0.0 0
1670581915456 0.0 0
1670581916472 0.0 0
1670581917543 0.0 0
1670581918669 0.0 0
1670581919485 0.0 0
1670581920469 0.0 0
1670581921617 0.0 0
1670581922538 0.0 0
1670581923694 0.0 0
1670581924691 0.0 0
1670581925654 0.0 0
1670581926536 0.0 0
1670581927467 0.0 0
1670581928431 0.0 0
1670581929199 0.0 0
1670581930082 0.0 0
1670581930927 0.0 0
1670581931778 0.0 0
1670581932595 0.0 0
1670581933624 0.0 0
1670581934374 0.0 0
1670581935200 0.0 0
1670581936237 0.0 0
1670581936990 0.0 0
1670581938348 0.0 0
1670581939380 0.0 0
1670581940564 0.0 0
1670581941310 0.0 0
1670581942153 0.0 0
1670581943304 0.0 0
1670581944204 0.0 0
1670581945270 0.0 0
1670581946336 0.0 0
1670581947356 0.0 0
