1670632305248 0.0012706204736432096 0
1670632311523 0.0004056579896548098 0
1670632318043 0.0003182446305284263 0
1670632323702 0.0002720349522633028 0
1670632329411 0.00025705818366147395 0
1670632335196 0.00024218146535711342 0
1670632340483 0.00022895375860502691 0
1670632346411 0.0002174121548435087 0
1670632352187 0.00020733012864294258 0
1670632357809 0.00019846557321399284 0
1670632364044 0.00020751087093141493 0
1670632370332 0.00020112118427662316 0
1670632376370 0.00019519101543013254 0
1670632382594 0.0001896920719778542 0
1670632388221 0.0001845889453339171 0
1670632393743 0.00019318489222164303 0
1670632399454 0.0001889986332207394 0
1670632405291 0.000195314116402166 0
1670632411076 0.0001918288232137847 0
1670632416789 0.00019666651984919206 0
1670632422543 0.00019372455162847553 0
1670632428077 0.00019085051785699446 0
1670632433487 0.0001880532527984296 0
1670632439002 0.00019255189165909436 0
1670632444288 0.000190111251023381 0
1670632449807 0.00018772051044570477 0
1670632455682 0.00018538450870620997 0
1670632461428 0.00018310614525161048 0
1670632467505 0.00017334573704878113 0
1670632473365 0.00017152416126698945 0
1670632479258 0.00016973786011142576 0
1670632484780 0.00016798834234541546 0
1670632491035 0.00016627648574874998 0
1670632496393 0.0001713239074818652 0
1670632502072 0.00016973786011142576 0
1670632507367 0.00017408375452383147 0
1670632512842 0.00017261300203274882 0
1670632518394 0.00017116402028734964 0
1670632524024 0.00016973786011142576 0
1670632529643 0.00017368055566276174 0
1670632535209 0.00017234789592655486 0
1670632540779 0.000175825192288637 0
1670632546472 0.00017457860641292036 0
1670632552166 0.0001733457370487811 0
1670632557649 0.00017212752992064429 0
1670632562884 0.00017092471874583773 0
1670632568094 0.00016973786011142576 0
1670632573092 0.00017306328108543368 0
1670632578773 0.00017194146412096762 0
1670632584071 0.0001749334214701246 0
1670632589768 0.00017387236411545046 0
1670632595362 0.00017282180568361035 0
1670632600616 0.00017178227117838199 0
1670632606026 0.00017075417981708092 0
1670632611648 0.00016973786011142579 0
1670632617184 0.00017261300203274887 0
1670632622705 0.00017164452313663474 0
1670632628328 0.00017068605577779135 0
1670632633962 0.00016973786011142576 0
1670632639529 0.00016880013788390656 0
1670632645024 0.00016787304022267588 0
