1670594897378 0.4246666666666667 0
1670594898251 0.439 0
1670594899250 0.42833333333333334 0
1670594900358 0.43866666666666665 0
1670594901207 0.436 0
1670594902164 0.44033333333333335 0
1670594903260 0.43166666666666664 0
1670594904313 0.44033333333333335 0
1670594905372 0.435 0
1670594906358 0.44333333333333336 0
1670594907426 0.443 0
1670594908337 0.42933333333333334 0
1670594909268 0.429 0
1670594910363 0.4256666666666667 0
1670594911217 0.42933333333333334 0
1670594912239 0.42733333333333334 0
1670594913000 0.43666666666666665 0
1670594913983 0.44166666666666665 0
1670594914988 0.43566666666666665 0
1670594916125 0.437 0
1670594917228 0.42533333333333334 0
1670594918094 0.43433333333333335 0
1670594919150 0.4246666666666667 0
1670594920049 0.42766666666666664 0
1670594920865 0.43533333333333335 0
1670594921727 0.43933333333333335 0
1670594922820 0.43366666666666664 0
1670594923666 0.443 0
1670594924767 0.428 0
1670594925582 0.43966666666666665 0
1670594926622 0.43933333333333335 0
1670594927604 0.43866666666666665 0
1670594928603 0.43233333333333335 0
1670594929768 0.42933333333333334 0
1670594930557 0.43766666666666665 0
1670594931639 0.43166666666666664 0
1670594932641 0.43666666666666665 0
1670594933444 0.43566666666666665 0
1670594934668 0.43633333333333335 0
1670594935833 0.429 0
1670594936627 0.42833333333333334 0
1670594937727 0.431 0
1670594938633 0.423 0
1670594939639 0.43433333333333335 0
1670594940584 0.43133333333333335 0
1670594942059 0.433 0
1670594943193 0.444 0
1670594944023 0.44133333333333336 0
1670594944875 0.43466666666666665 0
1670594945729 0.422 0
1670594946908 0.43966666666666665 0
1670594947982 0.44533333333333336 0
1670594948782 0.43833333333333335 0
1670594949655 0.43733333333333335 0
1670594950525 0.43033333333333335 0
1670594951369 0.432 0
1670594952163 0.432 0
1670594953086 0.427 0
1670594954056 0.43333333333333335 0
1670594954963 0.43 0
1670594956112 0.44966666666666666 0
1670594957023 0.43266666666666664 0
1670594958066 0.42966666666666664 0
1670594959196 0.43366666666666664 0
1670594960014 0.44266666666666665 0
1670594960853 0.43133333333333335 0
1670594961691 0.43433333333333335 0
1670594962609 0.43166666666666664 0
1670594963513 0.44366666666666665 0
1670594964526 0.44066666666666665 0
1670594965404 0.439 0
1670594966457 0.438 0
1670594967498 0.44033333333333335 0
1670594968599 0.42233333333333334 0
1670594969581 0.44066666666666665 0
1670594970416 0.437 0
1670594971424 0.424 0
1670594972443 0.4236666666666667 0
1670594973302 0.44 0
1670594974365 0.42133333333333334 0
1670594975218 0.43466666666666665 0
1670594976187 0.43933333333333335 0
1670594977095 0.44066666666666665 0
1670594978319 0.42966666666666664 0
1670594979384 0.438 0
1670594980240 0.44733333333333336 0
1670594981318 0.44366666666666665 0
1670594982461 0.44066666666666665 0
1670594983479 0.443 0
1670594984348 0.43033333333333335 0
1670594985551 0.434 0
1670594986413 0.431 0
1670594987480 0.436 0
1670594988402 0.4246666666666667 0
1670594989425 0.43633333333333335 0
1670594990515 0.42966666666666664 0
1670594991753 0.43366666666666664 0
1670594992732 0.43366666666666664 0
1670594993846 0.42233333333333334 0
1670594994955 0.441 0
1670594995834 0.43733333333333335 0
1670594996992 0.43433333333333335 0
