1670599948735 0.0 0
1670599949005 0.0 0
1670599949261 0.0 0
1670599949590 0.0 0
1670599950037 0.0 0
1670599950268 0.0 0
1670599950533 0.0 0
1670599950963 0.0 0
1670599951301 0.0 0
1670599951553 0.0 0
1670599951785 0.0 0
1670599952349 0.0 0
1670599952584 0.0 0
1670599952906 0.0 0
1670599953274 0.0 0
1670599953510 0.0 0
1670599953797 0.0 0
1670599954090 0.0 0
1670599954368 0.0 0
1670599954620 0.0 0
1670599954875 0.0 0
1670599955188 0.0 0
1670599955422 0.0 0
1670599955683 0.0 0
1670599956011 0.0 0
1670599956275 0.0 0
1670599956507 0.0 0
1670599956762 0.0 0
1670599957021 0.0 0
1670599957266 0.0 0
1670599957542 0.0 0
1670599957809 0.0 0
1670599958064 0.0 0
1670599958317 0.0 0
1670599958761 0.0 0
1670599959009 0.0 0
1670599959240 0.0 0
1670599959475 0.0 0
1670599959722 0.0 0
1670599959962 0.0 0
1670599960207 0.0 0
1670599960454 0.0 0
1670599960740 0.0 0
1670599961014 0.0 0
1670599961270 0.0 0
1670599961535 0.0 0
1670599961793 0.0 0
1670599962093 0.0 0
1670599962441 0.0 0
1670599962774 0.0 0
1670599963036 0.0 0
1670599963331 0.0 0
1670599963873 0.0 0
1670599964129 0.0 0
1670599964412 0.0 0
1670599964686 0.0 0
1670599964930 0.0 0
1670599965407 0.0 0
1670599965633 0.0 0
1670599965874 0.0 0
1670599966374 0.0 0
1670599966608 0.0 0
1670599966951 0.0 0
1670599967192 0.0 0
1670599967480 0.0 0
1670599967707 0.0 0
1670599967979 0.0 0
1670599968270 0.0 0
1670599968653 0.0 0
1670599968895 0.0 0
1670599969133 0.0 0
1670599969362 0.0 0
1670599969597 0.0 0
1670599969932 0.0 0
1670599970160 0.0 0
1670599970395 0.0 0
1670599970751 0.0 0
1670599971025 0.0 0
1670599971496 0.0 0
1670599971705 0.0 0
1670599972164 0.0 0
1670599972476 0.0 0
1670599972722 0.0 0
1670599972980 0.0 0
1670599973243 0.0 0
1670599973728 0.0 0
1670599974189 0.0 0
1670599974469 0.0 0
1670599974697 0.0 0
1670599974959 0.0 0
1670599975251 0.0 0
1670599975639 0.0 0
1670599975915 0.0 0
1670599976162 0.0 0
1670599976410 0.0 0
1670599976681 0.0 0
1670599977150 0.0 0
1670599977377 0.0 0
1670599977653 0.0 0
1670599977928 0.0 0
1670599978276 0.0 0
1670599978508 0.0 0
