1670629674616 0.0012706204736432096 0
1670629678704 0.001073270157973039 0
1670629682739 0.0006935980918989247 0
1670629686800 0.0005662859107929099 0
1670629690806 0.0010029296331174012 0
1670629694769 0.0009061600687931806 0
1670629698990 0.0011324920972094654 0
1670629703162 0.0010601552111612574 0
1670629707078 0.0010157060469616094 0
1670629711171 0.0009705893199744919 0
1670629715146 0.0009760734344290162 0
1670629719571 0.0009445323097125923 0
1670629724173 0.0009880792075696965 0
1670629728881 0.0009484603598892709 0
1670629733543 0.0009132801176585305 0
1670629738192 0.0008971491973839324 0
1670629743083 0.0008695833228746107 0
1670629747482 0.0008444327995318697 0
1670629752218 0.0010105210305988179 0
1670629756973 0.000982931157057666 0
1670629761704 0.0009574887933342549 0
1670629766428 0.0009647596828628855 0
1670629771166 0.0009604355470156093 0
1670629775882 0.0009505053975798893 0
1670629780621 0.0009404690839262615 0
1670629785327 0.0009445119656036256 0
1670629790031 0.0009269225435310498 0
1670629794734 0.0009102840886386096 0
1670629799454 0.0008572213188687043 0
1670629804191 0.0008439009955043182 0
1670629808934 0.0008486008908167404 0
1670629813671 0.00083623780158693 0
1670629818344 0.0008246400772326315 0
1670629822785 0.0008184283615191938 0
1670629827259 0.000813305607463302 0
1670629832255 0.0008076796960014955 0
1670629837119 0.000803028210082649 0
1670629841597 0.0007979077421424062 0
1670629846307 0.0007886267704499886 0
1670629851530 0.000783868990023629 0
1670629856522 0.0007752706478304955 0
1670629861552 0.0007669462181420558 0
1670629866810 0.0007628455872224868 0
1670629870960 0.000782338461662799 0
1670629874975 0.0007742925794276503 0
1670629879165 0.0007705617229181118 0
1670629883557 0.0007629030256403554 0
1670629887889 0.0007557215166162671 0
1670629892175 0.0007487370262360597 0
1670629896498 0.0007813437439328826 0
1670629900962 0.0007957841681482327 0
1670629905451 0.0007885078892660544 0
1670629909936 0.0007818654820896621 0
1670629914397 0.000774992692865684 0
1670629919082 0.0007726221983506165 0
1670629924120 0.0007856728822110345 0
1670629929160 0.0007974166690936611 0
1670629934037 0.0008024060225205456 0
1670629938654 0.0007985233129717875 0
1670629942864 0.000792681096520735 0
1670629947283 0.0007972575046356015 0
1670629952022 0.0008013244013323508 0
1670629957118 0.0007955519148723952 0
1670629960888 0.0008177270381351875 0
1670629964996 0.0008116853556438069 0
1670629969039 0.0008094205954917368 0
1670629973184 0.0008060551707261886 0
1670629977397 0.0008026991009339034 0
1670629981878 0.000799354662827068 0
1670629986475 0.0007960238720520426 0
1670629991422 0.0007905930446720194 0
1670629996422 0.0007852718109971006 0
1670630001387 0.000780056536163274 0
1670630005783 0.0007755075523215404 0
