1670619011479 0.005714285714285714 0
1670619016303 0.004571428571428572 0
1670619021302 0.006 0
1670619026341 0.005285714285714286 0
1670619031560 0.004428571428571428 0
1670619036651 0.005857142857142857 0
1670619041703 0.005285714285714286 0
1670619046423 0.0064285714285714285 0
1670619051387 0.006571428571428572 0
1670619056407 0.0037142857142857142 0
1670619061445 0.004428571428571428 0
1670619066282 0.004428571428571428 0
1670619071130 0.004 0
1670619076138 0.005857142857142857 0
1670619081273 0.006285714285714286 0
1670619086216 0.004428571428571428 0
1670619091345 0.008142857142857143 0
1670619096467 0.004714285714285714 0
1670619101138 0.006571428571428572 0
1670619106226 0.005285714285714286 0
1670619111581 0.0064285714285714285 0
1670619116473 0.004428571428571428 0
1670619121543 0.005571428571428572 0
1670619126679 0.003285714285714286 0
1670619131560 0.004714285714285714 0
1670619136590 0.006285714285714286 0
1670619141508 0.005571428571428572 0
1670619146419 0.004571428571428572 0
1670619151059 0.006857142857142857 0
1670619156043 0.005571428571428572 0
1670619161121 0.006857142857142857 0
1670619165996 0.0054285714285714284 0
1670619170921 0.0037142857142857142 0
1670619175874 0.005571428571428572 0
1670619180637 0.005714285714285714 0
1670619185666 0.005 0
1670619190782 0.004857142857142857 0
1670619195564 0.005857142857142857 0
1670619200689 0.005142857142857143 0
1670619205514 0.005857142857142857 0
1670619210518 0.004714285714285714 0
1670619215756 0.005285714285714286 0
1670619220795 0.005714285714285714 0
1670619225307 0.004428571428571428 0
1670619229828 0.004714285714285714 0
1670619234408 0.0064285714285714285 0
1670619239000 0.006 0
1670619243577 0.006 0
1670619248264 0.006714285714285714 0
1670619253341 0.004428571428571428 0
1670619257891 0.004571428571428572 0
1670619262186 0.004857142857142857 0
1670619266789 0.0054285714285714284 0
1670619270624 0.004571428571428572 0
1670619275593 0.005 0
1670619280633 0.004428571428571428 0
1670619285356 0.005571428571428572 0
1670619289818 0.004142857142857143 0
1670619294629 0.005571428571428572 0
1670619299330 0.004571428571428572 0
1670619304053 0.004714285714285714 0
1670619308691 0.0064285714285714285 0
1670619313169 0.006142857142857143 0
1670619318198 0.005571428571428572 0
1670619323116 0.007142857142857143 0
1670619327692 0.004 0
1670619332252 0.004714285714285714 0
1670619337055 0.004428571428571428 0
1670619341570 0.004142857142857143 0
1670619345947 0.006285714285714286 0
1670619350821 0.004571428571428572 0
1670619355582 0.006714285714285714 0
1670619360334 0.004857142857142857 0
1670619365447 0.005 0
1670619370248 0.004714285714285714 0
1670619374833 0.004285714285714286 0
1670619379413 0.005 0
1670619384326 0.004142857142857143 0
1670619389020 0.0054285714285714284 0
1670619393602 0.004714285714285714 0
1670619398410 0.005714285714285714 0
1670619402985 0.005285714285714286 0
1670619407852 0.006142857142857143 0
1670619412671 0.004857142857142857 0
1670619417264 0.005142857142857143 0
1670619421136 0.006 0
1670619424966 0.004857142857142857 0
1670619428952 0.005 0
1670619433071 0.004857142857142857 0
1670619437091 0.005571428571428572 0
1670619441133 0.004714285714285714 0
1670619445122 0.0064285714285714285 0
1670619449210 0.004142857142857143 0
1670619453237 0.005571428571428572 0
1670619457474 0.004571428571428572 0
1670619461402 0.005285714285714286 0
1670619465436 0.006 0
1670619469335 0.006142857142857143 0
1670619473320 0.004714285714285714 0
1670619477130 0.0054285714285714284 0
1670619480921 0.007142857142857143 0
1670619484454 0.006857142857142857 0
1670619488166 0.004142857142857143 0
1670619492020 0.005142857142857143 0
1670619496118 0.005571428571428572 0
1670619500194 0.007714285714285714 0
1670619504182 0.006142857142857143 0
1670619508292 0.004142857142857143 0
1670619512294 0.004285714285714286 0
1670619516375 0.0054285714285714284 0
1670619520708 0.004428571428571428 0
1670619525011 0.006 0
1670619529323 0.0054285714285714284 0
1670619533610 0.004 0
1670619537924 0.006571428571428572 0
1670619542244 0.003285714285714286 0
1670619546548 0.005571428571428572 0
1670619550920 0.004285714285714286 0
1670619554998 0.006142857142857143 0
1670619558867 0.004285714285714286 0
1670619562769 0.004142857142857143 0
1670619566719 0.004285714285714286 0
1670619570617 0.005 0
1670619574523 0.007571428571428572 0
1670619578952 0.005714285714285714 0
1670619583363 0.005571428571428572 0
1670619587646 0.006285714285714286 0
1670619592027 0.005571428571428572 0
1670619596181 0.005 0
1670619600318 0.005857142857142857 0
