1670623088233 0.0 0
1670623099296 0.0 0
1670623110674 0.0 0
1670623121662 0.0 0
1670623133047 0.0 0
1670623144822 0.0 0
1670623156435 0.0 0
1670623167709 0.0 0
1670623178997 0.0 0
1670623190685 0.0 0
1670623202020 0.0 0
1670623213460 0.0 0
1670623224537 0.0 0
1670623235769 0.0 0
1670623247027 0.0 0
1670623258252 0.0 0
1670623269408 0.0 0
1670623280737 0.0 0
1670623291357 0.0 0
1670623302148 0.0 0
1670623313669 0.0 0
1670623324955 0.0 0
1670623336289 0.0 0
1670623347819 0.0 0
1670623359236 0.0 0
1670623370471 0.0 0
1670623381809 0.0 0
1670623393858 0.0 0
1670623405572 0.0 0
1670623416397 0.0 0
1670623427700 0.0 0
1670623438925 0.0 0
1670623450688 0.0 0
1670623462161 0.0 0
1670623473384 0.0 0
1670623485266 0.0 0
1670623497084 0.0 0
1670623508460 0.0 0
1670623520224 0.0 0
1670623531861 0.0 0
1670623543855 0.0 0
1670623555067 0.0 0
1670623567089 0.0 0
1670623578715 0.0 0
1670623590288 0.0 0
1670623602193 0.0 0
1670623613544 0.0 0
1670623624730 0.0 0
1670623636123 0.0 0
1670623647715 0.0 0
1670623659142 0.0 0
1670623670129 0.0 0
1670623681311 0.0 0
1670623693112 0.0 0
1670623704821 0.0 0
1670623716326 0.0 0
1670623728072 0.0 0
1670623739945 0.0 0
1670623751760 0.0 0
1670623763271 0.0 0
1670623775363 0.0 0
1670623787277 0.0 0
1670623799527 0.0 0
1670623811188 0.0 0
1670623822547 0.0 0
1670623833906 0.0 0
1670623845397 0.0 0
1670623856673 0.0 0
1670623867701 0.0 0
1670623879577 0.0 0
1670623891721 0.0 0
1670623903486 0.0 0
1670623914563 0.0 0
1670623925432 0.0 0
1670623936620 0.0 0
1670623948164 0.0 0
1670623959991 0.0 0
1670623971596 0.0 0
1670623983274 0.0 0
1670623994591 0.0 0
1670624005859 0.0 0
1670624017436 0.0 0
1670624029571 0.0 0
1670624041597 0.0 0
1670624053453 0.0 0
1670624065032 0.0 0
1670624076574 0.0 0
1670624087768 0.0 0
1670624099047 0.0 0
1670624110367 0.0 0
1670624121630 0.0 0
1670624132991 0.0 0
1670624144835 0.0 0
1670624156352 0.0 0
1670624168051 0.0 0
1670624179941 0.0 0
1670624191287 0.0 0
1670624203129 0.0 0
1670624215482 0.0 0
1670624227235 0.0 0
1670624238356 0.0 0
1670624249118 0.0 0
