1670563171225 0.04083333333333333 0
1670563172366 0.03766666666666667 0
1670563173480 0.041833333333333333 0
1670563174673 0.042 0
1670563175913 0.03933333333333333 0
1670563177117 0.041833333333333333 0
1670563178208 0.041 0
1670563179115 0.04516666666666667 0
1670563180488 0.0415 0
1670563181540 0.038 0
1670563182635 0.03383333333333333 0
1670563184188 0.03966666666666667 0
1670563185631 0.0405 0
1670563186808 0.036 0
1670563187864 0.03783333333333333 0
1670563188983 0.044 0
1670563190099 0.037333333333333336 0
1670563191108 0.04633333333333333 0
1670563192271 0.042833333333333334 0
1670563193579 0.041166666666666664 0
1670563195265 0.041 0
1670563196098 0.03816666666666667 0
1670563197152 0.03716666666666667 0
1670563198223 0.04 0
1670563199606 0.043166666666666666 0
1670563200778 0.0395 0
1670563202062 0.03716666666666667 0
1670563203236 0.036833333333333336 0
1670563204497 0.03783333333333333 0
1670563205277 0.041666666666666664 0
1670563206529 0.03783333333333333 0
1670563207570 0.039 0
1670563208686 0.03666666666666667 0
1670563209554 0.04083333333333333 0
1670563211188 0.041666666666666664 0
1670563212562 0.036 0
1670563213751 0.0375 0
1670563214956 0.0465 0
1670563216531 0.039 0
1670563217921 0.0415 0
1670563218957 0.04083333333333333 0
1670563220243 0.041 0
1670563221532 0.04133333333333333 0
1670563222794 0.03883333333333333 0
1670563223953 0.041833333333333333 0
1670563224954 0.03816666666666667 0
1670563226296 0.03816666666666667 0
1670563227487 0.04633333333333333 0
1670563228357 0.04033333333333333 0
1670563229500 0.03966666666666667 0
1670563230715 0.0405 0
1670563232003 0.037333333333333336 0
1670563233452 0.04 0
1670563234780 0.04133333333333333 0
1670563235782 0.0435 0
1670563237038 0.03983333333333333 0
1670563238477 0.04133333333333333 0
1670563239669 0.0375 0
1670563241268 0.04133333333333333 0
1670563242472 0.04466666666666667 0
1670563243559 0.04533333333333334 0
1670563244785 0.036833333333333336 0
1670563246110 0.0405 0
1670563247192 0.03983333333333333 0
1670563248316 0.03933333333333333 0
1670563249500 0.03766666666666667 0
1670563250658 0.044 0
1670563251700 0.03916666666666667 0
1670563253130 0.0355 0
1670563254996 0.03916666666666667 0
1670563256708 0.04083333333333333 0
1670563258327 0.04033333333333333 0
1670563259745 0.04416666666666667 0
1670563261218 0.04416666666666667 0
1670563262474 0.043166666666666666 0
1670563264134 0.03866666666666667 0
1670563265149 0.03966666666666667 0
1670563266262 0.037333333333333336 0
1670563267705 0.03933333333333333 0
1670563269026 0.03933333333333333 0
1670563270158 0.041833333333333333 0
1670563271639 0.042166666666666665 0
1670563273201 0.0415 0
1670563274277 0.03866666666666667 0
1670563275484 0.04566666666666667 0
1670563276668 0.03783333333333333 0
1670563277988 0.04133333333333333 0
1670563279420 0.041666666666666664 0
1670563280792 0.0465 0
1670563282456 0.0365 0
1670563283941 0.0395 0
1670563285333 0.0425 0
1670563286951 0.04 0
1670563288185 0.03916666666666667 0
1670563289757 0.0395 0
1670563290914 0.04 0
1670563292116 0.04016666666666667 0
1670563293272 0.03883333333333333 0
1670563294650 0.03983333333333333 0
1670563295730 0.03866666666666667 0
1670563297276 0.03766666666666667 0
1670563298807 0.0385 0
1670563300200 0.03983333333333333 0
1670563301525 0.0385 0
1670563303025 0.03666666666666667 0
1670563303999 0.036333333333333336 0
1670563305291 0.0375 0
1670563306109 0.03666666666666667 0
1670563307324 0.04033333333333333 0
1670563308687 0.039 0
1670563309755 0.0405 0
1670563310877 0.03933333333333333 0
1670563311991 0.03983333333333333 0
1670563313103 0.037333333333333336 0
1670563314207 0.042333333333333334 0
1670563315261 0.037 0
1670563316615 0.043 0
1670563317999 0.043 0
1670563319229 0.04016666666666667 0
1670563320241 0.042166666666666665 0
1670563321541 0.03983333333333333 0
1670563322700 0.04466666666666667 0
1670563323929 0.044 0
1670563325105 0.04 0
1670563326021 0.0345 0
1670563327160 0.038 0
1670563328406 0.03716666666666667 0
1670563329556 0.042166666666666665 0
1670563330583 0.035166666666666666 0
1670563331906 0.03966666666666667 0
1670563332907 0.0405 0
1670563333871 0.03966666666666667 0
1670563334960 0.03883333333333333 0
1670563336163 0.04033333333333333 0
1670563337278 0.0355 0
1670563338762 0.03883333333333333 0
1670563339626 0.04033333333333333 0
1670563340756 0.034666666666666665 0
1670563341915 0.03916666666666667 0
1670563343201 0.041 0
1670563344301 0.04033333333333333 0
1670563345316 0.03983333333333333 0
1670563346583 0.036 0
1670563347990 0.03783333333333333 0
1670563349212 0.038 0
1670563350707 0.041166666666666664 0
1670563351952 0.03883333333333333 0
1670563353049 0.03833333333333333 0
1670563354183 0.03716666666666667 0
1670563355262 0.037 0
1670563356646 0.0395 0
1670563358008 0.03833333333333333 0
1670563358905 0.0415 0
1670563360071 0.042833333333333334 0
1670563361128 0.03283333333333333 0
1670563362533 0.04016666666666667 0
1670563363630 0.03916666666666667 0
1670563364868 0.043166666666666666 0
1670563366052 0.04 0
1670563367115 0.041833333333333333 0
1670563368509 0.03816666666666667 0
1670563369452 0.041833333333333333 0
1670563370614 0.04033333333333333 0
1670563371820 0.042 0
1670563372812 0.0355 0
1670563373764 0.041 0
1670563374810 0.035166666666666666 0
1670563375959 0.044333333333333336 0
1670563376914 0.04466666666666667 0
1670563378071 0.03883333333333333 0
1670563379360 0.0395 0
1670563380599 0.0375 0
1670563381733 0.03933333333333333 0
1670563382819 0.04016666666666667 0
1670563384373 0.04133333333333333 0
