1670609882450 0.0 0
1670609883874 0.0 0
1670609885237 0.0 0
1670609886661 0.0 0
1670609887911 0.0 0
1670609889481 0.0 0
1670609890967 0.0 0
1670609892201 0.0 0
1670609893488 0.0 0
1670609894732 0.0 0
1670609896290 0.0 0
1670609897442 0.0 0
1670609898856 0.0 0
1670609900218 0.0 0
1670609901490 0.0 0
1670609902800 0.0 0
1670609903936 0.0 0
1670609905551 0.0 0
1670609906639 0.0 0
1670609908032 0.0 0
1670609909099 0.0 0
1670609910886 0.0 0
1670609912607 0.0 0
1670609913990 0.0 0
1670609915292 0.0 0
1670609916915 0.0 0
1670609918292 0.0 0
1670609919631 0.0 0
1670609921408 0.0 0
1670609922870 0.0 0
1670609924284 0.0 0
1670609926024 0.0 0
1670609927388 0.0 0
1670609929107 0.0 0
1670609930898 0.0 0
1670609932239 0.0 0
1670609933377 0.0 0
1670609934763 0.0 0
1670609936520 0.0 0
1670609938106 0.0 0
1670609939726 0.0 0
1670609941182 0.0 0
1670609942454 0.0 0
1670609943839 0.0 0
1670609945508 0.0 0
1670609946872 0.0 0
1670609947960 0.0 0
1670609949562 0.0 0
1670609950975 0.0 0
1670609952512 0.0 0
1670609953961 0.0 0
1670609955880 0.0 0
1670609957528 0.0 0
1670609958968 0.0 0
1670609960387 0.0 0
1670609961872 0.0 0
1670609962989 0.0 0
1670609964125 0.0 0
1670609965566 0.0 0
1670609966843 0.0 0
1670609968135 0.0 0
1670609969148 0.0 0
1670609970396 0.0 0
1670609971910 0.0 0
1670609973507 0.0 0
1670609975143 0.0 0
1670609977241 0.0 0
1670609978708 0.0 0
1670609980335 0.0 0
1670609981535 0.0 0
1670609982791 0.0 0
1670609984267 0.0 0
1670609985633 0.0 0
1670609987060 0.0 0
1670609988420 0.0 0
1670609989587 0.0 0
1670609990663 0.0 0
1670609991817 0.0 0
1670609993404 0.0 0
1670609994657 0.0 0
1670609995674 0.0 0
1670609997028 0.0 0
1670609998649 0.0 0
1670610000407 0.0 0
1670610001806 0.0 0
1670610003223 0.0 0
1670610004840 0.0 0
1670610006703 0.0 0
1670610008091 0.0 0
1670610009221 0.0 0
1670610010643 0.0 0
1670610011975 0.0 0
1670610013274 0.0 0
1670610014811 0.0 0
1670610015968 0.0 0
1670610016963 0.0 0
1670610018394 0.0 0
1670610020117 0.0 0
1670610021409 0.0 0
1670610022876 0.0 0
1670610024162 0.0 0
