1670625146105 0.0 0
1670625154478 0.0 0
1670625162758 0.0 0
1670625170714 0.0 0
1670625178702 0.0 0
1670625186780 0.0 0
1670625194834 0.0 0
1670625202852 0.0 0
1670625210538 0.0 0
1670625218426 0.0 0
1670625226832 0.0 0
1670625234985 0.0 0
1670625242977 0.0 0
1670625250819 0.0 0
1670625258801 0.0 0
1670625266502 0.0 0
1670625274346 0.0 0
1670625282008 0.0 0
1670625289748 0.0 0
1670625297711 0.0 0
1670625305648 0.0 0
1670625313389 0.0 0
1670625321447 0.0 0
1670625329031 0.0 0
1670625337210 0.0 0
1670625345544 0.0 0
1670625353439 0.0 0
1670625360991 0.0 0
1670625368634 0.0 0
1670625376564 0.0 0
1670625384543 0.0 0
1670625392478 0.0 0
1670625400316 0.0 0
1670625407973 0.0 0
1670625415584 0.0 0
1670625423174 0.0 0
1670625431130 0.0 0
1670625439355 0.0 0
1670625447398 0.0 0
1670625455018 0.0 0
1670625462644 0.0 0
1670625470359 0.0 0
1670625478216 0.0 0
1670625486126 0.0 0
1670625494205 0.0 0
1670625502451 0.0 0
1670625510459 0.0 0
1670625518633 0.0 0
1670625526891 0.0 0
1670625535058 0.0 0
1670625543551 0.0 0
1670625551726 0.0 0
1670625560190 0.0 0
1670625568633 0.0 0
1670625576984 0.0 0
1670625584872 0.0 0
1670625592942 0.0 0
1670625600966 0.0 0
1670625609187 0.0 0
1670625617287 0.0 0
1670625625473 0.0 0
1670625633641 0.0 0
1670625641663 0.0 0
1670625649788 0.0 0
1670625657734 0.0 0
1670625666158 0.0 0
