1670582299722 0.0 0
1670582300125 0.0 0
1670582300430 0.0 0
1670582300702 0.0 0
1670582301239 0.0 0
1670582301556 0.0 0
1670582301811 0.0 0
1670582302074 0.0 0
1670582302538 0.0 0
1670582302815 0.0 0
1670582303109 0.0 0
1670582303392 0.0 0
1670582303747 0.0 0
1670582304046 0.0 0
1670582304495 0.0 0
1670582304784 0.0 0
1670582305053 0.0 0
1670582305354 0.0 0
1670582305614 0.0 0
1670582306088 0.0 0
1670582306538 0.0 0
1670582306829 0.0 0
1670582307124 0.0 0
1670582307364 0.0 0
1670582307644 0.0 0
1670582308001 0.0 0
1670582308457 0.0 0
1670582308714 0.0 0
1670582309042 0.0 0
1670582309386 0.0 0
1670582309656 0.0 0
1670582310044 0.0 0
1670582310357 0.0 0
1670582310585 0.0 0
1670582311135 0.0 0
1670582311430 0.0 0
1670582311725 0.0 0
1670582312013 0.0 0
1670582312335 0.0 0
1670582312621 0.0 0
1670582312878 0.0 0
1670582313149 0.0 0
1670582313395 0.0 0
1670582313679 0.0 0
1670582314214 0.0 0
1670582314511 0.0 0
1670582314967 0.0 0
1670582315300 0.0 0
1670582315692 0.0 0
1670582315974 0.0 0
1670582316443 0.0 0
1670582316742 0.0 0
1670582317031 0.0 0
1670582317324 0.0 0
1670582317602 0.0 0
1670582317877 0.0 0
1670582318187 0.0 0
1670582318633 0.0 0
1670582318942 0.0 0
1670582319237 0.0 0
1670582319600 0.0 0
1670582319877 0.0 0
1670582320414 0.0 0
1670582320791 0.0 0
1670582321060 0.0 0
1670582321544 0.0 0
1670582321813 0.0 0
1670582322105 0.0 0
1670582322574 0.0 0
1670582322873 0.0 0
1670582323163 0.0 0
1670582323634 0.0 0
1670582323885 0.0 0
1670582324233 0.0 0
1670582324495 0.0 0
1670582324954 0.0 0
1670582325262 0.0 0
1670582325571 0.0 0
1670582326049 0.0 0
1670582326515 0.0 0
1670582326852 0.0 0
1670582327167 0.0 0
1670582327657 0.0 0
1670582327964 0.0 0
1670582328217 0.0 0
1670582328526 0.0 0
1670582328936 0.0 0
1670582329289 0.0 0
1670582329788 0.0 0
1670582330161 0.0 0
1670582330474 0.0 0
1670582330765 0.0 0
1670582331211 0.0 0
1670582331484 0.0 0
1670582331930 0.0 0
1670582332202 0.0 0
1670582332771 0.0 0
1670582333087 0.0 0
1670582333357 0.0 0
1670582333619 0.0 0
1670582334176 0.0 0
1670582334438 0.0 0
