1670601564944 0.011833333333333333 0
1670601566493 0.012666666666666666 0
1670601567966 0.017 0
1670601569878 0.012166666666666666 0
1670601571428 0.013166666666666667 0
1670601573237 0.010666666666666666 0
1670601574812 0.0115 0
1670601576407 0.011166666666666667 0
1670601578292 0.0135 0
1670601580000 0.0105 0
1670601581876 0.013 0
1670601583404 0.011666666666666667 0
1670601585059 0.012666666666666666 0
1670601586951 0.011333333333333334 0
1670601588676 0.013166666666666667 0
1670601590311 0.012333333333333333 0
1670601591986 0.012666666666666666 0
1670601593665 0.013666666666666667 0
1670601595293 0.0155 0
1670601596940 0.012833333333333334 0
1670601598505 0.0135 0
1670601599915 0.013333333333333334 0
1670601601525 0.011166666666666667 0
1670601603099 0.012 0
1670601604695 0.011833333333333333 0
1670601606216 0.0135 0
1670601607724 0.0135 0
1670601609327 0.012833333333333334 0
1670601610902 0.012666666666666666 0
1670601612423 0.013166666666666667 0
1670601613925 0.011666666666666667 0
1670601615346 0.015666666666666666 0
1670601616989 0.012 0
1670601618477 0.012833333333333334 0
1670601619966 0.010333333333333333 0
1670601621495 0.012833333333333334 0
1670601622872 0.0095 0
1670601624326 0.0115 0
1670601625748 0.014833333333333334 0
1670601627153 0.011666666666666667 0
1670601628598 0.01 0
1670601630110 0.013833333333333333 0
1670601631619 0.008833333333333334 0
1670601633100 0.0115 0
1670601634676 0.011333333333333334 0
1670601636095 0.010833333333333334 0
1670601637896 0.0135 0
1670601639279 0.012333333333333333 0
1670601640846 0.013666666666666667 0
1670601642401 0.011666666666666667 0
1670601643987 0.012666666666666666 0
1670601645253 0.012333333333333333 0
1670601646969 0.014 0
1670601648506 0.012666666666666666 0
1670601649863 0.011666666666666667 0
1670601651366 0.012666666666666666 0
1670601652855 0.011666666666666667 0
1670601654301 0.012333333333333333 0
1670601655693 0.013 0
1670601657419 0.012833333333333334 0
1670601658771 0.0105 0
1670601660395 0.011333333333333334 0
1670601661905 0.0155 0
1670601663444 0.012666666666666666 0
1670601665021 0.012166666666666666 0
1670601666818 0.0125 0
1670601668532 0.010166666666666666 0
1670601669917 0.013333333333333334 0
1670601671351 0.010666666666666666 0
1670601672983 0.012833333333333334 0
1670601674501 0.011833333333333333 0
1670601676189 0.014666666666666666 0
1670601677853 0.0125 0
1670601679437 0.012333333333333333 0
1670601680901 0.011333333333333334 0
1670601682409 0.015166666666666667 0
1670601683886 0.014666666666666666 0
1670601685507 0.0135 0
1670601686890 0.012666666666666666 0
1670601688361 0.013166666666666667 0
1670601689951 0.01633333333333333 0
1670601691455 0.012333333333333333 0
1670601693133 0.0095 0
1670601694705 0.014833333333333334 0
1670601696227 0.01 0
1670601697921 0.0095 0
1670601699526 0.011666666666666667 0
1670601701041 0.0115 0
1670601702741 0.011666666666666667 0
1670601704437 0.012166666666666666 0
1670601706014 0.013166666666666667 0
1670601707636 0.013 0
1670601709135 0.011 0
1670601710790 0.013666666666666667 0
1670601712439 0.015666666666666666 0
1670601713939 0.012 0
1670601715520 0.012 0
1670601717126 0.011666666666666667 0
1670601718702 0.015 0
1670601720277 0.012833333333333334 0
1670601721957 0.010833333333333334 0
1670601723556 0.013666666666666667 0
1670601725159 0.014 0
1670601726677 0.010333333333333333 0
1670601728263 0.012333333333333333 0
1670601729786 0.014 0
1670601731303 0.014 0
