1670633984882 0.0001 0
1670633990171 0.0004 0
1670633995398 0.0006 0
1670634000691 0.0002 0
1670634005588 0.0005 0
1670634010432 0.0005 0
1670634015083 0.0003 0
1670634020048 0.0007 0
1670634025069 0.0005 0
1670634030034 0.0005 0
1670634035041 0.0008 0
1670634040397 0.0006 0
1670634045185 0.0005 0
1670634049850 0.0007 0
1670634054766 0.0006 0
1670634059678 0.0007 0
1670634064582 0.0006 0
1670634069487 0.0003 0
1670634074255 0.0006 0
1670634079151 0.0005 0
1670634083970 0.0003 0
1670634088549 0.0004 0
1670634093253 0.0007 0
1670634098280 0.0005 0
1670634103469 0.0008 0
1670634108411 0.0003 0
1670634113347 0.0006 0
1670634118323 0.0008 0
1670634122669 0.0001 0
1670634127029 0.0009 0
1670634132195 0.0007 0
1670634137535 0.0005 0
1670634142594 0.0006 0
1670634147332 0.0004 0
1670634152026 0.0008 0
1670634156662 0.0004 0
1670634161610 0.0006 0
1670634166610 0.0004 0
1670634171502 0.0005 0
1670634176513 0.0001 0
1670634181594 0.0003 0
1670634186186 0.0003 0
1670634191297 0.0005 0
1670634196491 0.0004 0
1670634201590 0.0004 0
1670634206376 0.0004 0
1670634211027 0.0004 0
1670634215316 0.0003 0
1670634219607 0.0005 0
1670634223904 0.0006 0
1670634228172 0.0008 0
1670634232396 0.0002 0
1670634236884 0.0004 0
1670634241155 0.0002 0
1670634245884 0.0004 0
1670634250603 0.0002 0
1670634255268 0.0004 0
1670634260017 0.0011 0
1670634264727 0.0005 0
1670634269368 0.0005 0
1670634274083 0.0005 0
1670634278790 0.0005 0
1670634283693 0.0005 0
1670634288588 0.0007 0
1670634293330 0.0004 0
1670634298526 0.001 0
1670634303203 0.0002 0
1670634307995 0.0012 0
1670634312654 0.0003 0
1670634317216 0.0002 0
1670634321794 0.0004 0
1670634326332 0.0009 0
1670634331184 0.0006 0
1670634335566 0.0004 0
1670634340563 0.0001 0
1670634345644 0.0007 0
1670634350734 0.0006 0
1670634355840 0.0004 0
1670634360613 0.0005 0
1670634365306 0.0002 0
1670634370026 0.0006 0
1670634374798 0.0005 0
1670634379563 0.0006 0
1670634384259 0.0002 0
1670634388971 0.0005 0
1670634393642 0.0005 0
1670634398373 0.0005 0
1670634402582 0.0004 0
1670634406989 0.001 0
1670634411264 0.0003 0
1670634415900 0.0004 0
1670634420980 0.0005 0
1670634425605 0.0005 0
1670634430537 0.0001 0
1670634435565 0.001 0
1670634440417 0.0005 0
1670634445210 0.0006 0
1670634450008 0.0004 0
1670634454807 0.0002 0
1670634459843 0.0005 0
1670634464864 0.0006 0
1670634469845 0.0003 0
